174262831
1.2964554248021425 103.86183891743025 286.09669594698937
1.2964577540891975 103.86183088408 286.09669594699193
1.2964594950947816 103.86182487962138 286.09669594699193
1.2964618768538712 103.861816665303 286.09669594699193
1.296463945065416 103.86180953236145 286.09669594699193
1.2964662207598372 103.86180168384345 286.09669594699193
1.2964683174841134 103.86179445256569 286.09669594699193
1.2964698370848957 103.86178921169754 286.09669594699193
1.2964722221886509 103.86178098584334 286.09669594698937
1.296474325561671 103.8617737316348 286.09669594699193
1.2964767476486327 103.86176537823098 286.09669594698937
1.2964781346577359 103.86176059465078 286.09669594699193
1.2964796307095228 103.86175543499913 286.09669594699193
1.2964812501813567 103.86174984969072 286.09669594698937
1.2964829448399846 103.86174400507461 286.09669594699193
1.2964844564183193 103.86173879187413 286.09669594699193
1.2964868344667386 103.86173059035188 286.09669594698937
1.2964889428257926 103.86172331894655 286.09669594699193
1.2964907378579082 103.86171712815744 286.09669594698937
1.2964929124073947 103.8617096284713 286.09669594699193
1.2964950697677926 103.86170218806758 286.0966959469894
1.2964967258373759 103.8616964765386 286.09669594699193
1.296498675057139 103.86168975397969 286.09669594698937
1.2965004862510585 103.86168350745059 286.09669594699193
1.2965017181271565 103.8616750162879 284.5480703372407
1.2965018064331935 103.86166937100772 282.58622122789154
1.2965019394215707 103.86166086924705 279.6149901620352
1.2965020145310118 103.86165606760488 277.933225475487
1.2965020955327557 103.86165088927528 276.12071759845304
1.2965022193029192 103.86164297681844 273.36162973625557
1.2965023266515099 103.86163611416886 270.98736824238944
1.2965024488912407 103.86162829954746 270.9161657180206
1.2965025498418774 103.861621845908 270.9161657180206
1.2965026358643266 103.86161634660684 270.9161657180206
1.2965027316131374 103.86161022551127 270.9161657180206
1.2965028448773006 103.8616029846811 270.9161657180206
1.2965029598895037 103.8615956320996 270.9161657180206
1.296502006954079 103.86158735035575 269.50084056785374
1.2965010303179991 103.86157936231615 268.05741318901335
1.296500336554502 103.86157368793009 267.0311421587521
1.2964994483108647 103.86156642286463 265.7172484733449
1.2964985691132103 103.86155923178764 264.4180664557139
1.296497718812489 103.86155227706274 263.16410085229893
1.2964969785572233 103.86154622241467 263.09967183072314
1.2964963114066033 103.86154076569947 263.09967183072314
1.2964955701311331 103.86153470270722 263.0996718307232
1.2964947572659682 103.86152805417332 263.09967183072314
1.2964941583566236 103.861523155613 263.0996718307232
1.2964933403712853 103.86151646520072 263.0996718307232
1.2964923504857766 103.86150836879398 263.0996718307232
1.2964916309195462 103.8615024833651 263.09967183072314
1.296491038083735 103.86149763448141 263.0996718307232
1.2964902902284803 103.86149151767302 263.09967183072314
1.2964897409280918 103.86148702487152 263.0996718307232
1.2964889652765004 103.86148068071336 263.0996718307232
1.2964879922666532 103.86147272233576 263.09967183072314
1.2964872884419982 103.86146696565996 263.09967183072314
1.2964864332927029 103.86145997127987 263.0996718307232
1.296484173570639 103.86145213054017 261.3999134010808
1.296478921253396 103.86144539946433 255.44229736270003
1.296473994514034 103.86143908563092 249.69389619545677
1.2964708099431277 103.8614350044631 245.94907265538552
1.2964678627673356 103.86143122752758 242.49574265405505
1.2964651715051163 103.86142777855657 239.37421015562964
1.2964613931933477 103.86142293648373 235.0778418022671
1.2964574594010585 103.86141789515577 232.23983739662185
1.2964546064663387 103.86141423899436 232.23983739662398
1.2964517487821408 103.86141057674631 232.23983739662194
1.2964487965762286 103.86140703942283 232.04163561528927
1.296442701338615 103.86140202656651 229.77826571448782
1.2964381637088709 103.86139829472086 228.08507219381673
1.2964347116938515 103.86139545570843 226.7942978584097
1.2964311476584587 103.86139252456803 225.46074249822567
1.2964267541974404 103.86138891128991 223.81771041786584
1.2964216860658162 103.86138474314797 221.9268692884798
1.2964153081929986 103.86137949784633 219.64201309699715
1.2964089758247659 103.86137428996867 219.64201309699715
1.2964040963096244 103.86137027694907 219.64201309699715
1.2964006300843602 103.86136742624986 219.64201309699715
1.2963947862665322 103.86136262016674 219.64201309699715
1.2963894716530406 103.86135824931279 219.64201309699715
1.2963847898312053 103.8613543988805 219.64201309699715
1.2963808465716395 103.8613511558579 219.642013096997
1.2963754487122117 103.86134671654072 219.64201309699715
1.2963720377263728 103.86134391127165 219.64201309699715
