634999249
1.3060289274821117 103.76304715621349 29.92268158976649
1.306034598159639 103.76305039529993 29.92268158976649
1.3060404541489878 103.76305374023633 29.922681589766526
1.3060477761718114 103.76305792256986 29.92268158976659
1.306053167889878 103.76306100231488 29.92268158976659
1.3060586358925368 103.76306412563359 29.92268158976659
1.306064356115322 103.76306739302024 29.92268158976659
1.3060718969550027 103.76307170034181 29.92268158976659
1.3060758649258792 103.76307396684358 29.922681589766526
1.3060822696781544 103.76307762523292 29.922681589766526
1.3060876857543435 103.76308071889129 29.92268158976659
1.306094350913236 103.7630845260247 29.92268158976659
1.306100888511433 103.76308826029553 29.92268158976659
1.3061069917782349 103.76309174647663 29.92268158976659
1.30611452821936 103.76309605128574 29.92268158976659
1.3061194772770366 103.76309887818353 29.92268158976659
1.3061257422781136 103.76310245674709 29.922681589766555
1.3061297119719684 103.76310472423306 29.92268158976659
1.3061369686410937 103.76310886923663 29.922681589766555
1.3061410489080232 103.76311119988182 29.92268158976659
1.3061452447163646 103.76311359652419 29.92268158976659
1.3061525407009518 103.76311776398474 29.92268158976659
1.3061592873369436 103.7631216176578 29.92268158976663
1.3061663498136573 103.76312565173885 29.922681589766526
1.3061732418392584 103.76312958845834 29.92268158976659
1.306180846997258 103.7631339325185 29.92268158976659
1.3061857598697417 103.76313673874733 29.92268158976663
1.306193346701337 103.76314107233947 29.92268158976649
1.3062009253937223 103.7631454012825 29.922681589766555
1.3062073778891365 103.7631490869427 29.92268158976659
1.3062141237602778 103.76315294017893 29.922681589766555
1.3062218846228149 103.76315737317739 29.922681589766526
1.3062287734790097 103.76316130808654 29.92268158976659
1.3062354536956198 103.76316512382094 29.922681589766526
1.3062418165358096 103.76316875827017 29.922681589766526
