-646441840
1.3071124010134527 103.7636776809707 245.67985110059084
1.3071100367464998 103.76367328532746 245.17636476634746
1.3071072919013107 103.76366818211348 244.59164348017154
1.3071031250440255 103.76366043509577 243.70387317153555
1.3070999089445774 103.7636544557263 243.0188001000293
1.3070969028584842 103.76364886681353 242.37875841642867
1.3070927320196764 103.76364111239349 241.9078824312366
1.3070900527605283 103.76363613111712 241.9078824312366
1.3070863165935482 103.76362918483862 241.90788243123663
1.3070832152547471 103.7636234188322 241.9078824312366
1.3070805399653715 103.76361844493648 241.9078824312366
1.3070762890164163 103.76361054157589 241.9078824312366
1.3070734599833445 103.7636052818401 241.9078824312366
1.3070701899886106 103.76359920226878 241.90788243123663
1.3070668900335933 103.76359306699538 241.9078824312366
1.3070638334657012 103.76358738422711 241.9078824312363
1.3070601335731067 103.76358050539017 241.9078824312366
1.3070559982206846 103.76357281694673 241.9078824312366
1.307053601069338 103.76356836016518 241.9078824312366
1.3070500236517026 103.76356170903365 241.9078824312366
1.307047217222834 103.76355649132374 241.90788243123663
1.3070430518961098 103.76354874715227 241.90788243123663
1.3070398816777948 103.7635428530854 241.9078824312366
1.3070362724941451 103.76353614289464 241.9078824312366
1.307033359192642 103.76353072648733 241.9078824312366
1.307031097322065 103.76352652121979 241.90788243123663
1.3070285908546537 103.76352186119804 241.9078824312366
1.30702621937424 103.76351745214401 241.90788243123663
1.3070228010263778 103.76351109675508 241.9078824312366
