1.3058727476133543 103.7629148867967 27.1406462900894 14.723400000000002 1.0
1.3059556101523127 103.76295595168126 25.94323070370033 10.223400000000002 2.0
1.3060402975311436 103.76298724463905 27.28932496042358 10.0 3.0
1.3061186998118288 103.76303204393068 29.931511840507813 10.0 4.0
1.3061971020943257 103.76307684322353 29.931511840507696 10.0 5.0
1.3062756432397375 103.76312138962824 29.564200309666166 10.0 6.0
1.3063611705501852 103.76314820973367 11.151563331794426 10.0 7.0
1.3064513554894681 103.76315318124145 0.5609598362317462 10.0 8.0
1.3065415243232674 103.76314860118225 354.813915225933 10.0 9.0
1.3066060761217426 103.7631386173276 350.90978063083327 7.2278 10.0
1.3066903654005524 103.76311270060829 341.07288235689606 9.8278 11.0
1.3067511508175715 103.76304627714892 311.05551629532596 10.0 12.0
1.3068105054456103 103.7629785019217 311.0555162953259 10.0 13.0
1.3068693916311314 103.762910325228 310.5614228494135 10.0 14.0
1.306928155802154 103.76284204396615 310.5614228494135 10.0 15.0
1.3069869236464158 103.76277376582769 310.5675569501698 10.0 16.0
1.3070457135655247 103.76270550645225 310.5829011369644 10.0 17.0
