636736693
1.3087795016239165 103.84294129946453 49.35635814946697
1.308782935908458 103.84294527070242 49.35635814946697
1.308787881251841 103.8429509892545 49.35635814946697
1.308793438244248 103.8429574150875 49.35635814946697
1.3087979058031116 103.84296258115307 49.35635814946672
1.3088018292523838 103.84296711803707 49.35635814946697
1.3088050964858786 103.8429708961054 49.35635814946697
1.3088096184667788 103.84297612510198 49.35635814946697
1.3088146781036651 103.84298197581755 49.35635814946697
1.3088187995846399 103.84298674169571 49.35635814946697
1.3088238763340194 103.84299261219938 49.35635814946697
1.3088280374107284 103.84299742386415 49.35635814946697
1.3088337212129886 103.84300399633398 49.35635814946697
1.3088386782311694 103.84300972838642 49.35635814946697
1.308843832572941 103.84301568861419 49.35635814946697
1.3088491237052153 103.84302180701978 49.35635814946697
1.3088526704477605 103.84302590829874 49.35635814946672
1.3088560000986287 103.84302975854357 49.35635814946697
1.3088604977383458 103.84303495939338 49.35635814946697
1.30886631423681 103.84304168530673 49.35635814946697
1.3088717740905733 103.84304799881367 49.35635814946697
1.3088764450850274 103.84305340012246 49.35635814946697
1.3088798048765677 103.84305728522051 49.35635814946697
1.3088844051677773 103.84306260477155 49.35635814946697
1.3088874683505642 103.84306614688583 49.35635814946672
1.3088913406291363 103.84307062459878 49.35635814946675
1.3088954784061404 103.84307540932113 49.356358149467184
1.3089007430642432 103.84308129182232 49.185782530340965
1.3089045539513766 103.84308551409586 49.032517576934204
1.3089076548182608 103.84308894970225 48.90780488149388
1.3089125543484412 103.84309437813823 48.71074976834703
1.3089165241116252 103.84309877643857 48.551089575982445
1.3089225292933624 103.84310542988153 48.30957338810075
1.3089284758196826 103.84311201833725 48.14186519512282
1.3089330579576968 103.84311709511853 48.141865195122605
1.30893639543489 103.84312079287747 48.141865195122605
1.3089406925890128 103.84312555391075 48.141865195122605
1.3089459873204388 103.84313142021017 48.141865195122605
1.3089496762046582 103.84313550731068 48.14186519512236
1.3089548525859909 103.8431412424841 48.14186519512282
1.308958812607131 103.84314562999086 48.14186519512282
1.3089639047119395 103.8431512717901 48.141865195122605
1.3089691616209007 103.84315709618417 48.14186519512258
1.3089737602106655 103.84316219119329 48.141865195122605
1.3089788616481655 103.84316784333276 48.14186519512282
1.3089831893352053 103.84317263819514 48.14186519512282
1.3089886385734355 103.84317867568056 48.14186519512282
1.3089923505280134 103.84318278834198 48.141865195122605
1.3089960425706377 103.84318687894192 48.141865195122385
1.3089998711830548 103.84319112085446 48.14186519512282
1.309005853087323 103.84319774850745 48.14186519512236
1.3090108107118927 103.84320324130944 48.141865195122385
1.3090160319194442 103.8432090261483 48.14186519512282
