-464207641
1.3116603690752096 103.84361031602087 27.663192774825788
1.3116672979368427 103.8436139206682 27.663192774825788
1.3116749289225063 103.84361789058615 27.663192774825788
1.3116790453315406 103.84362003209273 27.663192774825788
1.3116834302918838 103.84362231330954 27.663192774825788
1.3116881467109984 103.84362476696333 27.663192774825788
1.3116923547945034 103.84362695616232 27.663192774825788
1.3116992404331043 103.84363053832347 27.663192774825788
1.3117048629649388 103.84363346337024 27.663192774825788
1.3117111654562514 103.84363674215683 27.663192774825788
1.311717392252285 103.84363998156397 27.663192774825788
1.3117223965765925 103.84364258499656 27.663192774825205
1.3117281045779663 103.84364555450773 27.663192774825788
1.3117328183122152 103.84364800676477 27.663192774825205
1.3117401819679302 103.8436518376079 27.663192774825788
1.311747452038169 103.84365561976443 27.663192774825205
1.3117525353139396 103.84365826427049 27.663192774825788
1.311759781526855 103.8436620340156 27.663192774825788
1.3117650549958493 103.84366477746714 27.663192774825788
1.311769513404551 103.84366709689446 27.663192774825205
1.311776396083567 103.84367067751593 27.663192774825788
1.3117840964548584 103.84367468353082 27.663192774825788
1.311788161573511 103.84367679835431 27.663192774825205
1.3117959709759317 103.84368086109122 27.663192774825205
1.3118021398925792 103.84368407038737 27.663192774825788
1.3118067032392065 103.84368644440727 27.663192774825788
1.3118117282270187 103.84368905858979 27.663192774825788
1.3118172015673089 103.8436919060217 27.663192774825788
1.3118226727860614 103.8436947523499 27.663192774825788
1.3118283050955004 103.84369768248337 27.663192774825788
1.3118338515701806 103.84370056796244 27.663192774825788
1.3118410106023606 103.84370429235295 27.663192774825788
1.3118453583484253 103.84370655420956 27.663192774825205
1.3118502102460885 103.84370907834428 27.663192774825205
1.3118568518646274 103.84371253355725 27.663192774825788
1.3118641774205744 103.84371634457953 27.663192774825205
1.3118706452759132 103.84371970939456 27.663192774825205
1.311878069823304 103.8437235719158 27.663192774825205
1.3118849267524835 103.84372713914127 27.663192774825788
1.3118892188740243 103.84372937205997 27.663192774825205
1.311893774936464 103.84373174229037 27.663192774825788
1.3118992584448215 103.84373459501208 27.663192774825205
1.3119063695716795 103.8437382944805 27.663192774825788
1.3119123924132892 103.84374142778312 27.663192774825788
1.3119167394319133 103.84374368926126 27.663192774825205
1.3119229945447899 103.84374694339989 27.663192774825482
1.3119277648775018 103.84374942510155 27.663192774824896
1.3119327657251174 103.84375202672547 27.663192774825788
1.3119386975186969 103.84375511266157 27.663192774825205
1.3119459979894363 103.84375891063361 27.663192774825205
1.3119537274730686 103.84376293179388 27.663192774825788
1.3119589433168186 103.84376564526666 27.663192774825205
1.3119642560821672 103.84376840916163 27.663192774825788
1.3119707826527125 103.84377180452248 27.663192774825788
1.3119761702841681 103.84377460736552 27.663192774825788
1.3119821312644864 103.84377770848562 27.663192774825788
1.3119886812375938 103.84378111602135 27.663192774826083
1.3119958179687623 103.84378482881009 27.663192774825788
1.3120033740145949 103.84378875974164 27.663192774825788
1.3120100908757664 103.84379225409864 27.663192774826083
1.312015559196342 103.84379509891914 27.663192774825788
1.3120232488257715 103.84379909934577 27.663192774825482
1.3120292222047683 103.84380220691615 27.663192774825788
1.3120356976731902 103.84380557569182 27.663192774825205
1.3120418821796556 103.84380879309842 27.663192774825205
1.3120486304842882 103.84381230381346 27.663192774825205
1.3120545543778883 103.84381538563973 27.663192774825482
1.3120586442729203 103.8438175133528 27.663192774825205
1.3120655751151498 103.8438211190306 27.663192774825205
1.3120730343682516 103.84382499960705 27.663192774825507
1.3120805523512173 103.84382891073695 27.663192774825482
1.3120848295001977 103.84383113586638 27.663192774826083
1.3120892631089995 103.84383344239195 27.663192774825482
1.3120944359010338 103.84383613346769 27.663192774825788
1.3121020398717738 103.84384008933158 27.663192774826083
1.312106487919373 103.84384240336873 27.663192774826083
1.3121134529947491 103.84384602685586 27.663192774825482
1.312119315164957 103.84384907657136 27.663192774825482
1.3121241175974947 103.84385157497253 27.663192774825507
1.3121284986971704 103.84385385418095 27.663192774825482
1.3121355083600432 103.84385750086412 27.663192774825482
1.3121403634918418 103.8438600266814 27.663192774825482
1.312147780318393 103.84386388518602 27.663192774825507
1.3121536152444013 103.84386692072809 27.663192774824896
1.312159422688856 103.84386994197325 27.663192774826083
1.31216572298117 103.84387321961593 27.663192774826083
1.3121730754373477 103.84387704463273 27.663192774826083
1.3121773495075348 103.84387926816049 27.663192774825507
1.3121835375409343 103.84388248740197 27.663192774825482
1.3121901280604567 103.84388591603145 27.663192774825482
1.3121962762872357 103.84388911456406 27.663192774826083
1.3122019829316318 103.84389208336935 27.663192774825482
1.3122083486926817 103.84389539507124 27.663192774824896
1.3122162311961485 103.84389949583807 27.663192774826083
1.3122211018913068 103.84390202975199 27.663192774825507
1.3122251934230011 103.84390415831653 27.663192774825507
1.3122308403084446 103.84390709603304 27.663192774824896
1.3122350503695461 103.84390928626092 27.663192774825507
1.3122393648564905 103.84391153081495 27.663192774825507
1.3122453571546988 103.84391464822782 27.663192774826083
1.3122522926308124 103.84391825631639 27.663192774825507
1.3122595379735036 103.84392202560885 27.663192774825482
1.3122669318268068 103.84392587216198 27.663192774825507
1.3122729700398925 103.84392901346146 27.663192774824896
1.3122782980419394 103.84393178528315 27.663192774825482
1.3122834244306758 103.84393445221824 27.663192774825507
1.3122910408090092 103.84393841453702 27.663192774825482
1.3122956359760716 103.84394080511115 27.663192774826083
1.3123019801941387 103.84394410560562 27.663192774826083
1.3123062579854743 103.84394633106926 27.663192774825507
1.31231322829874 103.84394995728137 27.663192774824896
1.3123202942414967 103.84395363324344 27.663192774824896
1.3123249389799518 103.84395604960643 27.663192774826083
1.3123290089759319 103.84395816696733 27.663192774824896
1.3123345252751462 103.84396103674808 27.663192774825482
1.3123388015219242 103.8439632614082 27.663192774825507
1.3123440159401027 103.84396413499238 25.57288328391368
1.3123516984460286 103.84396505944981 22.03377976993375
1.3123585319136875 103.84396588174006 18.854245535021906
1.3123634515294471 103.84396647373117 16.558117232429616
