161886810
1.3104321226049283 103.84408208985336 332.04903097211
1.310436356165759 103.84407985543264 332.0490309721097
1.3104440969300846 103.84407576995348 332.0490309721097
1.3104508578165193 103.8440713425653 331.07962694721783
1.3104563253795831 103.84406596040645 328.2402067337186
1.310459705922529 103.84406263266811 326.472398872848
1.3104654752461076 103.84405695346223 323.44488671707876
1.310469679328062 103.8440528150486 321.2385827580614
1.3104746273801624 103.84404794428569 318.6515408155073
1.3104789503414545 103.84404368884957 316.40762515743575
1.310485239356456 103.84403749806967 315.29262145736755
1.3104906923562156 103.8440321302463 315.2926214573671
