464207641
1.3123291846106364 103.84392579376848 196.80752361151684
1.3123251239790716 103.84392368139046 198.9110126083429
1.3123193248152503 103.84392066461197 201.9066301029825
1.3123130875636022 103.8439174199361 205.1007596451583
1.3123079135571447 103.84391472837022 207.6619542767678
1.3123008567507646 103.84391105735445 207.6619542767672
1.312294167280454 103.84390757743029 207.6619542767678
1.3122865136560171 103.84390359594425 207.6619542767672
1.3122811963326773 103.84390082982361 207.6619542767672
1.3122744589627573 103.84389732498163 207.6619542767678
1.3122674033793937 103.84389365460208 207.6619542767678
1.3122597220389964 103.84388965869796 207.6619542767672
1.3122517886164708 103.8438855316584 207.6619542767678
1.312246461927265 103.84388276066555 207.6619542767672
1.3122409684569023 103.8438799029116 207.6619542767678
1.3122364465159182 103.8438775505562 207.6619542767678
1.3122311384482859 103.84387478925046 207.6619542767678
1.3122260042636185 103.84387211840024 207.6619542767678
1.3122212042116153 103.84386962136894 207.66195427676718
1.3122142998700703 103.84386602966678 207.66195427676718
1.3122091271673446 103.84386333877912 207.6619542767678
1.3122026810830683 103.84385998546665 207.6619542767672
1.3121951294600973 103.84385605704273 207.6619542767678
1.312189367661625 103.84385305970204 207.6619542767678
1.3121848164151217 103.84385069210163 207.6619542767678
1.3121772964050105 103.84384678012304 207.6619542767678
1.3121732554692151 103.84384467799097 207.6619542767678
1.3121670840056538 103.84384146753874 207.6619542767672
1.3121623303487657 103.84383899464258 207.6619542767672
1.3121560816008135 103.84383574398628 207.66195427676718
1.3121491035520307 103.84383211394098 207.6619542767678
1.3121412989891246 103.8438280539354 207.6619542767678
1.312137178381916 103.84382591035752 207.6619542767678
1.3121311868721688 103.84382279351892 207.6619542767678
1.3121234747847974 103.84381878161997 207.6619542767678
1.3121191592450863 103.84381653663641 207.6619542767672
1.3121148063042123 103.84381427219645 207.6619542767678
1.3121104534642463 103.84381200780896 207.6619542767672
1.312102782195919 103.84380801714447 207.6619542767672
1.3120960093712366 103.84380449385863 207.66195427676718
1.3120887059511586 103.84380069455217 207.6619542767678
1.3120822320028533 103.84379732674459 207.6619542767678
1.3120742772674108 103.84379318861788 207.6619542767672
1.3120690808529163 103.84379048539517 207.6619542767672
1.3120648219814341 103.84378826989096 207.66195427676718
1.3120604734486347 103.84378600774411 207.6619542767678
1.3120533376185906 103.84378229561956 207.6619542767672
1.3120476938046124 103.8437793596555 207.6619542767672
1.3120426483765846 103.84377673497734 207.6619542767678
1.3120348808695574 103.84377269424857 207.6619542767678
1.312028862411633 103.8437695633913 207.6619542767678
1.312023746265753 103.84376690192506 207.6619542767678
1.3120193761371215 103.84376462854387 207.6619542767672
1.3120137427788006 103.84376169801897 207.6619542767678
1.3120091346209477 103.84375930081278 207.6619542767678
1.3120043275730249 103.84375680014215 207.66195427676752
1.3119968168177036 103.843752892978 207.6619542767672
1.311989422187007 103.84374904622297 207.6619542767678
1.3119843537445897 103.8437464095725 207.6619542767678
1.311977664198019 103.84374292960872 207.6619542767678
1.3119713344269466 103.8437396368035 207.6619542767672
1.3119650585157314 103.84373637201665 207.6619542767678
1.3119608477074678 103.8437341815154 207.6619542767678
1.311954742986433 103.84373100578325 207.6619542767672
1.3119503706900537 103.84372873127438 207.6619542767672
1.3119447951255052 103.84372583081435 207.66195427676752
1.3119402161581637 103.84372344879333 207.66195427676752
1.3119359569564413 103.84372123311735 207.6619542767672
1.3119317357835416 103.84371903722432 207.6619542767669
1.3119266875106226 103.84371641106624 207.6619542767678
1.3119224463066272 103.84371420475283 207.6619542767678
1.3119164896536162 103.84371110604705 207.6619542767672
1.3119103576376956 103.84370791611587 207.6619542767672
1.3119030358763744 103.8437041072682 207.6619542767672
1.3118989077320937 103.8437019597695 207.66195427676752
1.3118914679704246 103.84369808953694 207.6619542767672
1.3118838198253195 103.8436941109014 207.6619542767669
1.3118794530728022 103.8436918392765 207.6619542767672
1.3118735343436692 103.84368876029909 207.6619542767678
1.3118673226409978 103.84368552891412 207.6619542767672
1.3118617736204456 103.84368264226252 207.6619542767669
1.311856392227037 103.8436798428121 207.6619542767669
1.31185210047502 103.84367761020316 207.6619542767678
1.3118476390600968 103.84367528933403 207.6619542767678
1.311843547497487 103.84367316086546 207.6619542767672
1.3118355944491829 103.84366902361647 207.6619542767678
1.3118289607857354 103.84366557272364 207.6619542767678
1.3118237906890913 103.84366288319174 207.6619542767678
1.3118182901606226 103.84366002176618 207.66195427676752
1.3118142783949256 103.84365793480872 207.6619542767678
1.311807743128576 103.84365453510296 207.6619542767672
1.31180162155556 103.8436513506043 207.6619542767678
1.3117950732156447 103.84364794409757 207.6619542767672
1.3117896849605977 103.84364514107767 207.6619542767672
1.3117835294588553 103.84364193892897 207.6619542767678
1.311778102234892 103.84363911563707 207.6619542767678
1.3117719381084383 103.84363590900172 207.6619542767672
1.3117649530256235 103.84363227529731 207.6619542767669
1.311760627923423 103.84363002533931 207.6619542767672
1.3117559501149276 103.84362759190026 207.6619542767672
1.3117506932159841 103.84362485721303 207.66195427676752
1.311743361527313 103.84362104320107 207.6619542767678
1.311736134550211 103.84361728366103 207.6619542767672
1.3117297807901975 103.84361397837655 207.6619542767678
1.311722819759607 103.84361035718435 207.6619542767678
1.311715477285934 103.84360653756193 207.6619542767672
1.3117112029051783 103.8436043139897 207.66195427676752
1.3117054978562588 103.84360134617073 207.6619542767678
1.3116996194051032 103.84359828814631 207.6619542767672
1.3116946313508664 103.84359569331457 207.6619542767669
1.3116902822071284 103.84359343084995 207.6619542767672
1.3116842335794283 103.84359028429813 207.6619542767672
1.311678172572979 103.84358713130678 207.66195427676752
1.3116714911912444 103.84358365559049 207.6619542767669
1.311665783090138 103.84358068618373 207.6619542767672
1.3116579901138348 103.84357663220572 207.6619542767669
1.311651465314328 103.84357323794495 207.6619542767678
1.3116460847831308 103.84357043894309 207.66195427676752
1.3116406424888303 103.8435676078115 207.6619542767678
1.3116347964042723 103.8435645666245 207.6619542767678
