738399220
1.3495977187474895 103.96451032704891 124.99476613428133
1.34959332024228 103.96451657534135 124.9947661342806
1.3495887295576399 103.96452309663401 124.99476613428114
1.3495839498671462 103.9645298864187 124.99476613428114
1.3495805877275915 103.96453466250273 124.99476613428114
1.3495771653978041 103.96453952408989 124.99476613428133
1.3495736981929114 103.9645444494243 124.99476613428189
1.3495697201649128 103.96455010040792 124.99476613428133
1.3495660346027283 103.96455533592946 124.9947661342806
1.3495631990927095 103.96455936391025 124.9947661342806
1.3495605133175779 103.96456317918529 124.99476613428114
1.3495558964952286 103.96456973760735 124.99476613428114
1.349552114576881 103.96457511000737 124.99476613428114
1.34954773811705 103.96458132698262 124.99476613428114
1.3495432563377088 103.96458769356929 124.9947661342806
1.3495380966054695 103.96459502322112 124.9947661342806
1.3495338743616885 103.96460102112472 124.99476613428114
1.3495297026921729 103.96460694718503 124.99476613428114
1.349526691917117 103.96461122413804 124.9947661342806
1.3495233257242296 103.9646160059794 124.99476613428114
1.3495201246807886 103.96462055321784 124.99476613428189
1.3495167257993408 103.96462538149481 124.9947661342806
1.349512907902868 103.96463080500303 124.99476613428114
1.349508067396957 103.96463768117778 124.99476613428133
1.3495034123388916 103.96464429391474 124.9947661342806
1.3495006432465622 103.9646482275454 124.99476613428114
1.3494962458686603 103.96465447423502 124.99476613428114
1.3494928005813314 103.96465936843352 124.9947661342806
1.349487918977488 103.96466630298956 124.9947661342806
1.3494839666728682 103.96467191743073 124.99476613428189
1.349479040249253 103.96467891565528 124.99476613428114
1.3494763775612793 103.96468269813313 124.9947661342806
1.3494727883094662 103.96468779683998 124.99476613428114
1.3494686617867637 103.96469365876621 124.99476613428114
1.3494650436781952 103.96469879846539 124.99476613428114
1.3494621758820395 103.96470287230927 124.99476613428114
1.3494579805244444 103.96470883201866 124.9947661342806
1.3494532987986223 103.9647154826377 124.99476613428114
1.3494498798208332 103.96472033946175 124.99476613428133
1.349445966105017 103.96472589908514 124.99476613428114
1.3494425821590748 103.96473070614466 124.9947661342806
1.3494378758638428 103.9647373916655 124.99476613428114
1.3494348265001823 103.96474172343457 124.9947661342806
1.3494310442709323 103.96474709627472 124.9947661342806
1.3494267825177968 103.96475315030177 124.99476613428114
1.3494216093497498 103.96476049903784 124.9947661342806
1.3494165620754834 103.96476766893561 124.99476613428189
1.3494116495988375 103.9647746473467 124.9947661342806
1.3494085449153108 103.96477905770006 124.99476613428114
1.349403700463525 103.96478593947845 124.99476613428189
1.3494009293430083 103.96478987598931 124.9947661342806
1.3493980004924992 103.96479403656323 124.9947661342806
1.3493942092396956 103.96479942222133 124.99476613428114
1.3493900517743591 103.96480532810202 124.9947661342806
1.3493858552575395 103.96481128945712 124.99476613428114
1.3493831361469795 103.96481515208518 124.9947661342806
1.3493798386990072 103.96481983626944 124.9947661342806
1.3493770425265337 103.9648238083676 124.99476613428189
1.3493731937701994 103.96482927571198 124.99476613428114
1.3493691970054198 103.96483495330945 124.9947661342806
1.3493645547482036 103.96484154786005 124.99476613428114
1.34936132481466 103.9648461361366 124.9947661342806
1.3493580671221386 103.96485073814601 125.01354551518799
1.3493535571259048 103.96485661882122 125.39794293183203
1.3493500989376517 103.96486112802269 125.69274081679114
1.349345314555764 103.96486736647479 126.10062963697764
1.3493401786583767 103.96487406327496 126.53849257485064
1.3493364168430042 103.96487896838183 126.85918269748014
1.3493332077066926 103.96488315283929 127.13272392515805
1.3493286889308582 103.96488904496209 127.33171391246226
1.34932357774285 103.96489570954296 127.33171391246198
1.3493189393518554 103.96490175763422 127.33171391246198
1.3493158194539896 103.96490582573172 127.33171391246198
1.349310388183573 103.9649129076743 127.33171391246198
1.3493058442607262 103.96491883258648 127.33171391246198
1.349302359769037 103.96492337608505 127.33171391246198
1.349297887031589 103.96492920817708 127.33171391246198
1.349295054901445 103.96493290104829 127.33171391246198
1.3492905263236539 103.96493880595156 127.33171391246145
1.3492861299396288 103.96494453848467 127.33171391246198
1.3492823424492615 103.9649494770691 127.33171391246198
1.34927835471706 103.96495467675282 127.33171391246277
1.349274094961667 103.96496023113296 127.33171391246226
1.3492714429694026 103.96496542985028 125.98188789295799
1.3492688836483522 103.96497268052231 122.91807565028499
