473191309#1
1.350709232048097 103.96429257362747 185.27250529996815
1.3507018058503097 103.9642918958811 185.27250529996923
1.3506950680950498 103.96429128096491 185.27250529996815
1.3506864679410235 103.96429049607828 185.27250529996934
1.3506772120716248 103.96428965134825 185.27250529996815
1.3506710170621143 103.9642890859653 185.27250529996934
1.3506623866119682 103.96428829831366 185.27250529996934
1.3506560688806721 103.96428772173061 185.27250529996934
1.350650092958539 103.96428717634248 185.272505299968
1.3506410826875865 103.96428587128752 185.8505766372004
1.3506353496989727 103.9642844784023 186.89379912455007
1.3506261401011674 103.96428224084116 188.57301381537826
1.350621285905059 103.96428106146709 189.4589322642162
1.3506164143221915 103.96427987786876 190.3480521956525
1.3506106833036742 103.96427848546219 191.3934858401102
1.3506034271586276 103.96427672251131 192.71525116413707
