465256077
1.3480486255514503 103.96415040107428 107.32040149038693
1.3480470225046437 103.96415551609307 107.32040149038593
1.3480453217236208 103.96416094296318 107.32040149038593
1.348043387873728 103.96416711351182 107.32040149038632
1.3480418222642894 103.96417210907491 107.32040149038593
1.348039703609673 103.96417886930027 107.32040149038656
1.3480375161106033 103.96418584919516 107.32040149038593
1.348036075226481 103.9641904467832 107.32040149038593
1.3480339648674322 103.96419718053875 107.32040149038593
1.3480316559058567 103.96420454799721 107.32040149038593
1.3480302501313335 103.96420903355704 107.32040149038593
1.3480276849821438 103.96421721846139 107.32040149038593
1.348025429302052 103.96422441590845 107.32040149038593
1.34802292611783 103.9642324030941 107.32040149038593
1.3480208347883529 103.96423907612936 107.32040149038656
1.3480187573605154 103.96424570480703 107.32040149038593
1.3480173241211142 103.96425027800171 107.32040149038593
1.348014649808387 103.96425881122553 107.32040149038632
1.3480129892023958 103.96426410990367 107.32040149038656
1.3480111717284287 103.96426990911763 107.32040149038656
1.348009040200969 103.96427671041653 107.32040149038593
1.348007539262826 103.96428149962473 107.32040149038656
1.3480052229039865 103.96428889068525 107.32040149038593
1.348003141510416 103.96429553201621 107.32040149038656
1.3480015739149054 103.9643005339152 107.32040149038593
1.3479996185963707 103.96430677296455 107.32040149038632
1.3479976708259176 103.96431298792935 107.32040149038593
1.3479955633040475 103.96431971263041 107.32040149038593
1.3479938569818957 103.96432515717949 107.32040149038593
1.3479920678997237 103.96433086579997 107.32040149038593
1.347990217666472 103.96433676954184 107.32040149038656
1.3479880599145107 103.96434365451725 107.32040149038593
1.3479855894781727 103.9643515372088 107.32040149038593
1.34798384492994 103.9643571037297 107.32040149038593
1.3479818964082024 103.96436332109108 107.32040149038593
1.3479792905271908 103.96437163596048 107.32040149038656
1.3479773039641956 103.96437797470408 107.32040149038593
1.3479752286729174 103.96438459656262 107.32040149038593
1.347973089036031 103.96439142373565 107.32040149038593
1.3479710340891757 103.96439798067887 107.32040149038656
1.3479686301987086 103.96440565103444 107.32040149038593
1.3479667473385446 103.9644116588817 107.32040149038632
1.3479642032332675 103.96441977663574 107.32040149038593
1.3479616555556944 103.96442790578818 107.32040149038593
1.3479591699851445 103.96443583676884 107.32040149038656
1.3479565556956254 103.96444417846702 107.32040149038593
1.3479545594328701 103.96445054815983 107.32040149038656
1.3479527202465926 103.96445641665154 107.32040149038656
1.3479504860601723 103.9644635455131 107.32040149038593
1.3479484857238848 103.96446992820353 107.32040149038593
1.3479468979773648 103.96447499439887 107.32040149038656
1.3479451317575166 103.96448063006841 107.32040149038656
1.3479427338464751 103.96448828134355 107.32040149038593
1.3479402937507765 103.96449606722176 107.32040149038656
1.34793760458365 103.96450464783906 107.32040149038593
1.3479360866543422 103.96450949126073 107.32040149038593
1.3479341622339163 103.96451563171763 107.32040149038593
1.3479317737840726 103.96452325280339 107.32040149038593
1.3479291231158994 103.96453171057748 107.32040149038593
1.3479274161641857 103.96453715713312 107.32040149038593
1.3479256341542507 103.96454284318513 107.32040149038656
1.347923530595512 103.96454955523761 107.32040149038593
1.347921783455953 103.9645551300248 107.32040149038593
1.3479194415799736 103.96456260250173 107.32040149038593
1.3479178726433079 103.96456760867754 107.32040149038593
1.3479152634277876 103.96457593418344 107.32040149038593
1.3479134625991884 103.96458168028175 107.32040149038593
1.3479113547942851 103.96458840588245 107.32040149038593
1.3479089740272574 103.96459600245275 107.32040149038632
1.3479072419723563 103.96460152910721 107.32040149038656
1.347905218474375 103.96460798570044 107.32040149038593
1.3479025885048275 103.96461637742782 107.32040149038593
1.3479004137839343 103.9646233165441 107.32040149038593
1.3478990316431467 103.96462772668959 107.32040149038593
1.3478963913930382 103.96463615121993 107.32040149038593
1.3478948419457566 103.96464109520817 107.32040149038593
1.3478929629316716 103.9646470907806 107.32040149038632
1.3478910394948134 103.9646532280975 107.32040149038593
1.3478889862139858 103.96465977972143 107.32040149038593
1.3478867469681663 103.96466692472376 107.32040149038593
1.347884994174007 103.96467251755242 107.32040149038693
1.3478828118068933 103.96467948106559 107.32040149038656
1.3478810477778478 103.96468510974248 107.32040149038656
1.347879629070449 103.96468963656447 107.32040149038593
1.3478775645723882 103.96469622397997 107.32040149038593
1.34787579161098 103.96470188115812 107.32040149038593
1.347873181553999 103.9647102093468 107.32040149038593
1.3478714665302838 103.9647156816568 107.32040149038593
1.3478692107869992 103.96472287929859 107.32040149038593
1.3478672032640535 103.96472928491707 107.32040149038593
1.347865731056206 103.9647339824483 107.32040149038632
1.3478638512733419 103.96473998047269 107.32040149038632
1.347862044164437 103.96474574660843 107.32040149038593
1.3478602899244907 103.96475134404946 107.32040149038632
1.3478579547929603 103.96475879500333 107.32040149038593
1.3478565590842286 103.96476324844038 107.32040149038593
1.3478539976889907 103.96477142135785 107.32040149038593
1.3478518036049223 103.96477842225623 107.32040149038632
1.3478493413561659 103.9647862788162 107.32040149038593
1.3478475463563873 103.96479200631354 107.32040149038593
1.3478448683320488 103.9648005513715 107.32040149038593
1.347843126806055 103.96480610824419 107.32040149038656
1.347840561286411 103.96481429432117 107.32040149038593
1.3478389604290384 103.96481940234735 107.32040149038656
1.3478370030494304 103.96482564796696 107.32040149038593
1.3478352952736747 103.96483109714889 107.32040149038593
1.3478326346046696 103.96483958682869 107.32040149038656
1.347830764841436 103.96484555288116 107.32040149038593
1.3478286932023489 103.96485216308032 107.32040149038593
1.3478264140398275 103.96485943544646 107.32040149038593
1.3478244889666997 103.96486557133493 107.32292097489422
1.347819222571434 103.96486973488821 112.22873894249827
1.347815187835984 103.96487292470499 116.11800310701925
1.347809161514082 103.96487768904771 122.06210204338103
1.3478033927517794 103.96488224976667 127.80166070016085
1.3477968882443476 103.96488739215742 134.18732758695356
1.347791780145008 103.96489143056355 139.0438258755943
1.3477858470410522 103.96489612120902 141.51530055129487
1.3477821845689926 103.96489901671835 141.5153005512963
1.3477751152676183 103.96490460562867 141.5153005512963
1.3477679057321437 103.96490860547263 143.22665533764587
1.3477612641771806 103.96490900996227 148.25805584495885
1.3477534407208134 103.96490948643307 154.40112349608214
1.3477489040963897 103.9649097627264 158.0219827952524
1.3477415078624237 103.9649102131781 163.9291817267071
1.3477355610929205 103.96491057535327 168.60991531608488
1.3477309963312576 103.96491085336024 172.12049263905357
1.34772636450067 103.96491113545187 175.58314318468348
1.3477182917232173 103.96491162710691 176.5167285310023
1.3477116666353686 103.96491203059357 176.5167285310023
1.3477036300321665 103.96491252004546 176.5167285310023
1.347695125538469 103.9649122083911 177.57578721353593
1.3476901658541458 103.9649107162432 179.88695226686335
1.347682052142347 103.96490827518905 183.7128736785992
1.347675362895824 103.96490626269296 186.88874325916268
1.3476708595078302 103.96490490782429 189.0273498134921
1.347664681972566 103.96490304927933 191.94926125171875
1.3476578910626174 103.96490100619724 195.12943323727316
1.3476524315747562 103.96489936368073 196.8705615778049
1.347646222551268 103.96489749566233 196.87056157780364
1.3476389192111384 103.96489529841287 196.87056157780364
1.347631799937083 103.96489315654065 196.8705615778049
1.347626095044343 103.96489144019272 196.87056157780364
1.3476193450374832 103.96488940941656 196.8705615778049
1.3476122786924103 103.9648872834683 196.87056157780364
1.347604085938055 103.96488481863369 196.87056157780364
1.3475993815997893 103.96488340330801 196.87056157780364
1.3475929361215826 103.9648814641509 196.87056157780364
1.347588229659752 103.96488004818633 196.87056157780364
1.3475825780925828 103.96487834788167 196.87056157780475
1.3475755565428018 103.9648762354103 196.8705615778049
1.3475709774540188 103.96487485776659 196.87056157780364
1.347563872273385 103.96487272013442 196.87056157780475
1.3475564052654927 103.96487047364455 196.87056157780364
1.347550055377813 103.96486856324637 196.8705615778049
1.3475442558261455 103.96486681841975 196.87056157780475
1.347537495573019 103.96486478456087 196.87056157780364
1.347532361031881 103.96486323980629 196.87056157780364
1.34752550145817 103.96486117606628 196.87056157780364
1.347517274271454 103.96485870087245 196.87056157780364
1.3475119612161377 103.96485710241089 196.87056157780344
1.3475043196834262 103.96485480341427 196.8705615778049
1.3474965215942944 103.96485245731677 196.8705615778049
1.3474901804409567 103.96485054954634 196.8705615778049
1.3474838955423947 103.96484865870043 196.87056157780475
1.3474760057409316 103.96484628501076 196.8705615778048
1.3474675866844708 103.96484375209185 196.87056157780364
1.3474593175991896 103.96484126429257 196.87056157780475
1.3474518043333286 103.96483900388569 196.87056157780356
1.3474452798124414 103.9648370409481 196.87056157780364
1.3474388005020266 103.96483509161231 196.87056157780364
1.3474333190399916 103.96483344248463 196.87056157780364
1.3474277339693563 103.96483176218575 196.87056157780364
1.3474201062060813 103.96482946733168 196.87056157780364
1.3474126641473483 103.96482722834783 196.87056157780364
1.3474044672874752 103.96482476227793 196.87056157780364
1.3473980867553474 103.96482284266008 196.87056157780364
1.3473933830076708 103.964821427512 196.87056157780364
1.347388529364602 103.96481996726706 196.87056157780364
1.3473826799375666 103.96481820743512 196.87056157780364
1.3473748112213135 103.96481584008897 196.8705615778049
1.3473682324622553 103.96481386083349 196.8705615778049
1.347361527141301 103.96481184350115 196.8705615778049
1.3473556637873376 103.9648100794792 196.8705615778049
1.347348762112607 103.96480800307276 196.87056157780356
1.3473410647293238 103.96480568727307 196.8705615778048
1.3473353543735356 103.96480396928142 196.87056157780364
1.3473277060520943 103.96480166824225 196.8705615778048
1.3473199255501909 103.96479932743584 196.8705615778049
1.3473136078077206 103.96479742670859 196.87056157780364
1.3473087994824529 103.96479598009773 196.87056157780356
1.3473006687998366 103.96479353393754 196.87056157780364
