539002968
1.3482176458227964 103.96334447644118 14.820619854521278
1.3482261291276474 103.96334664780859 14.470294100065654
1.3482308913167032 103.96334786672766 14.470294100065805
1.348237236506274 103.96334949082792 14.470294100065805
1.3482446731717233 103.96335139429986 14.470294100065805
1.3482500474221002 103.96335276988074 14.470294100065805
1.348259120653641 103.9633550922444 14.470294100065805
1.3482637668123774 103.9633562814646 14.470294100065654
1.3482725040003514 103.9633585178153 14.470294100066848
1.3482792177464016 103.9633602362504 14.470294100065805
1.348285321530824 103.96336179856111 14.470294100065654
1.3482930476023374 103.96336377610875 14.470294100065805
1.348300151811659 103.96336559448592 14.470294100067001
1.3483052562820157 103.96336690101448 14.470294100065805
1.3483143837478555 103.96336923725976 14.470294100065805
1.348321436034087 103.96337104234682 14.470294100065805
1.3483284055330262 103.96337282624381 14.470294100066848
1.3483374730247781 103.96337514713824 14.470294100065654
1.3483426867018873 103.9633764816191 14.470294100065805
1.348351627166507 103.96337876999993 14.470294100067001
1.3483587143093094 103.96338058400876 14.470294100066848
1.3483667958479213 103.96338265254084 14.470294100065805
1.3483755155784392 103.96338488442306 14.470294100065654
1.3483840345665603 103.96338706492371 14.470294100065805
