173713440
1.3526153758544763 103.96428394912911 248.37436462501933
1.3526125224014125 103.96427680660227 248.37436462501933
1.3526092840662742 103.96426870067064 248.37436462501933
1.3526062709188864 103.96426115841034 248.37436462501933
1.3526033261060124 103.96425378719938 248.37436462501933
1.3526003227336414 103.9642462694072 248.37436462501933
1.3525979854266272 103.96424041885452 248.37436462501933
1.3525962348059555 103.96423603684636 248.37436462501933
1.3525939901529556 103.96423041821757 248.37436462501933
1.352592220129348 103.96422598764164 248.37436462501816
1.3525894698510303 103.96421910337365 248.37436462501933
1.352586580586814 103.96421187120777 248.37436462501933
1.3525838221351711 103.96420496648112 248.37436462501933
1.3525811641483565 103.96419831322967 248.37436462501933
1.352578919448885 103.96419269448477 248.37436462501933
1.3525766253193319 103.96418695201064 248.37436462501933
1.3525745293304712 103.96418170550582 248.37436462501933
1.3525712306759166 103.96417344858841 248.37436462501933
1.352568431071997 103.96416644085305 248.37436462501893
1.3525665655002423 103.96416177110923 248.37436462501816
1.3525632595742918 103.96415349599084 248.37436462501933
1.3525607777084308 103.96414728359106 248.37436462501933
1.352558143404026 103.96414068961984 248.37436462501933
1.3525553558043566 103.96413371193276 248.37436462501933
1.352553643859725 103.96412942673571 248.37436462501933
1.3525510218004184 103.96412286341553 248.37436462501933
1.352548892703165 103.96411753403687 248.37436462501933
1.352547031224055 103.96411287453765 248.37436462501933
1.3525443277941755 103.96410610753756 248.37436462501933
1.3525421277536172 103.96410060057964 248.37436462501933
1.3525388528416433 103.96409240309335 248.37436462501933
1.3525355858481094 103.96408422542788 248.37436462501816
1.352533826248923 103.96407982094615 248.37436462501933
1.3525311461860896 103.96407311243671 248.37436462501933
1.3525294147253348 103.9640687783888 248.37436462501933
