49427110
1.3475712497736112 103.96630144367478 320.1175121882226
1.3475774500947222 103.96629629142092 320.1175121882226
1.3475840284380471 103.96629082504352 320.1175121882226
1.3475886396076455 103.9662869933199 320.1175121882226
1.3475934274312955 103.9662830148028 320.1175121882226
1.347597932676107 103.96627927109898 320.1175121882226
1.3476039901358337 103.96627423755777 320.1175121882226
1.3476079508894956 103.96627094630735 320.1175121882226
1.3476138673249711 103.96626602995238 320.1175121882226
1.347617836474009 103.96626273172564 320.1175121882226
1.347623699062949 103.96625786011522 320.117512188222
1.3476303995421777 103.96625229224662 320.1175121882226
1.347635197085299 103.96624830565267 320.1175121882226
1.347639395697675 103.96624481674962 320.11751218822303
1.3476432953519468 103.96624157627048 320.1175121882226
1.347650020179344 103.9662359881692 320.1175121882226
1.34765465904777 103.96623213342836 320.1175121882226
1.3476614936476152 103.96622645410983 320.1175121882226
1.3476662253654776 103.9662225222142 320.1175121882226
1.3476703351047532 103.96621910716146 320.11751218822303
1.3476755683421175 103.96621475852022 320.1175121882226
1.347679054652938 103.96621186151518 320.11751218822303
1.3476859650991941 103.96620611917062 320.11751218822303
1.347690756379377 103.96620213778056 320.1175121882226
1.3476965060528288 103.96619735999843 320.1175121882226
1.347701159517381 103.96619349312839 320.1175121882226
1.3477054502504984 103.96618992767576 320.1175121882226
1.3477115331514056 103.96618487299286 320.1175121882226
1.3477154615365032 103.96618160863898 320.1175121882226
1.3477194556914645 103.96617828963257 320.1175121882226
1.3477254149697684 103.96617333767573 320.1175121882226
1.3477301333823495 103.96616941683588 320.11751218822303
1.347733653813628 103.96616649147761 320.1175121882226
1.3477403104066232 103.96616096007592 320.1175121882226
1.3477454183778896 103.966156715526 320.1175121882226
1.3477504879017006 103.96615250292456 320.1175121882226
1.3477545682023269 103.96614911233385 320.1175121882226
1.3477598346420046 103.96614473610198 320.1175121882226
1.3477647096994523 103.96614068509535 320.1175121882226
1.3477703758506128 103.96613597671679 320.11751218822303
1.347775098138092 103.96613205265673 320.1175121882226
1.3477802921551445 103.96612773660544 320.1175121882226
1.347784915102887 103.96612389509326 320.1175121882226
1.3477909299596846 103.96611889695201 320.1175121882226
1.347796542253308 103.966114233327 320.11751218822303
1.3478017625192695 103.96610989546359 320.1175121882226
1.3478078599429568 103.96610482871192 320.11751218822303
1.3478113626587613 103.9661019180742 320.1175121882226
1.3478149916162863 103.9660989025339 320.1175121882226
1.347818804936765 103.96609573379422 320.11751218822303
1.3478248990886406 103.96609066976116 320.1175121882226
1.3478308477770538 103.96608572660321 320.11751218822303
1.3478373447472933 103.96608032784165 320.1175121882226
1.3478438116454725 103.96607495406892 320.11751218822303
1.3478483434399346 103.96607118830157 320.1175121882226
1.3478532072104967 103.96606714667335 320.11751218822303
1.3478592906478901 103.96606209154336 320.1175121882216
1.347864761178946 103.96605754571767 320.1175121882226
1.3478691075722762 103.96605393401225 320.1175121882226
1.3478733744756048 103.96605038836032 320.1175121882226
1.347879966300065 103.96604491077773 320.1175121882226
1.3478866533179432 103.96603935409256 320.1175121882226
1.3478919936755327 103.96603491643641 320.11751218822303
1.347897925635796 103.96602998717843 320.1175121882226
1.3479028709636023 103.96602587777853 320.1175121882226
1.34790877190882 103.96602097429292 320.1175121882226
1.3479135820209114 103.96601697725264 320.1175121882226
1.3479197555098172 103.96601184729234 320.1175121882226
1.347925789177308 103.96600683351888 320.1175121882226
1.3479324288813583 103.96600131614944 320.11751218822303
1.3479362798848682 103.96599811609578 320.11751218822303
1.347942725250318 103.96599276021507 320.1175121882226
1.347948005382479 103.96598837260377 320.11751218822303
1.3479536131728502 103.96598371271952 320.11751218822303
1.347959855758284 103.96597853829554 320.13017126830596
1.34796390937046 103.96597528214399 320.2398840630637
1.3479695272415673 103.96597076946762 320.39193833451935
1.347975628382681 103.9659658685941 320.55707602875526
1.3479795200666667 103.96596274251478 320.66241152491295
1.3479858287882247 103.96595767489768 320.83316723660704
1.3479927252250523 103.96595213518553 321.0198254388613
1.3479979866944383 103.96594790879634 321.07022703414367
1.348004769588411 103.96594246028984 321.07022703414464
1.34801054111815 103.96593782418348 321.07022703414464
1.348015412415049 103.96593391120868 321.07022703414464
1.3480209569134156 103.96592945747012 321.07022703414464
1.348025241024906 103.96592601616464 321.07022703414367
1.348029106754082 103.96592291093381 321.07022703414464
1.34803266021502 103.96592005653919 321.07022703414367
1.3480381794991916 103.96591562305437 321.07022703414424
1.3480419122319593 103.96591262465572 321.07022703414367
1.3480457997229107 103.96590950194418 321.07022703414424
1.3480507875531347 103.96590549536117 321.0702270341432
1.3480544743967608 103.96590253382392 321.07022703414367
1.3480586651147852 103.96589916753855 321.07022703414367
1.3480641703750693 103.96589474531852 321.0702270341432
1.3480684677017385 103.96589129339742 321.07022703414424
1.3480737375377407 103.96588706028697 321.07022703414367
1.348079430184443 103.96588248754462 321.07022703414464
1.348083662209614 103.96587908807825 321.07022703414464
1.3480906686994323 103.96587345996271 321.07022703414464
1.348094648642217 103.96587026298694 321.07022703414464
1.3480991414257706 103.96586665406063 321.07022703414424
1.3481052163224807 103.96586177426742 321.07022703414367
1.3481089831904332 103.96585874844857 321.07022703414424
1.3481153882808599 103.96585360341997 321.07022703414464
1.3481194583335574 103.96585033406132 321.07022703414424
1.3481235915885836 103.965847013934 321.0702270341432
1.3481293913725692 103.96584235513087 321.07022703414464
1.348134562306419 103.9658382014653 321.07022703414464
1.348138857317402 103.9658347514039 321.07022703414464
1.3481431775343327 103.96583128109522 321.07022703414464
1.3481479571015649 103.96582744180334 321.07022703414367
1.348154654188391 103.96582206222189 321.07022703414367
1.3481600817578194 103.965817702408 321.07022703414367
1.3481669266367498 103.9658122041092 321.07022703414367
1.3481709169004021 103.96580899884255 321.0702270341432
1.3481770402388158 103.96580408013685 321.0702270341432
1.3481826874579153 103.96579954388439 321.0702270341432
1.3481877144007217 103.9657955058824 321.07022703414367
1.348193782076037 103.96579063188918 321.07022703414464
1.348197707055144 103.96578747906362 321.0702270341432
1.3482027756544295 103.96578340760006 321.07022703414464
1.3482087855528075 103.96577858001729 321.07022703414367
1.3482128345831248 103.9657753275448 321.07022703414367
1.3482197156052955 103.96576980021263 321.07022703414464
1.3482266967191507 103.96576419247955 321.07022703414424
1.3482321507333022 103.96575987418159 321.1324038871991
1.3482358611168161 103.96575699514341 321.2328745567773
1.3482418749293574 103.96575232878048 321.3957219527966
1.3482455939767117 103.96574944301962 321.4964310855496
1.3482504819350665 103.9657456502529 321.62879392416613
1.348254580110942 103.96574247031069 321.73976938732085
1.3482604784270065 103.96573789356606 321.89948859758493
1.3482641309572296 103.96573505941845 321.9983921247259
1.348267974342191 103.96573207717884 322.0362391662446
1.3482748664727997 103.96572672929273 322.0362391662446
1.3482795947428563 103.96572306043451 322.0362391662446
1.3482834064980371 103.96572010273768 322.0362391662442
1.3482901879487195 103.96571484073252 322.0362391662446
1.348294215193969 103.96571171582804 322.0362391662442
1.3482999693152258 103.96570725096976 322.0362391662446
1.3483040784928562 103.96570406249053 322.0362391662446
1.3483105129183106 103.96569906975628 322.0362391662442
1.3483159981382167 103.96569481354943 322.0362391662446
1.348322240128352 103.96568997013352 322.0362391662442
1.348329099863055 103.96568464738421 322.0362391662446
1.3483332457424249 103.96568143042646 322.0362391662442
1.3483394588763835 103.96567660940109 322.0362391662446
1.3483430918284045 103.96567379044464 322.0362391662436
1.348346759080002 103.96567094487374 322.0362391662446
1.34835185358679 103.96566699183695 322.0362391662442
1.34835749256892 103.96566261631939 322.0362391662446
1.3483639707828257 103.96565758960742 322.0362391662446
1.3483706572180707 103.9656524013279 322.0362391662442
1.3483756866084105 103.96564849881747 322.0362391662436
1.3483824056972435 103.96564328520058 322.0362391662446
1.3483883050644399 103.96563870763931 322.0362391662446
1.3483948420249734 103.96563363534315 322.0362391662442
1.348400900157693 103.9656289345891 322.0362391662442
1.3484058911557362 103.96562506186865 322.0362391662446
1.3484108025955588 103.96562125088064 322.0362391662446
1.3484162047597796 103.96561705911938 322.0362391662446
1.3484200987622343 103.96561403760282 322.0362391662446
1.3484259701540329 103.9656094817485 322.0362391662446
1.3484314551064829 103.96560522574835 322.0362391662442
1.34843688416307 103.96560101312004 322.0362391662446
1.3484432314825368 103.96559608797375 322.0362391662442
1.3484479664709643 103.96559241390142 322.0362391662446
1.348452040273276 103.96558925287056 322.0362391662436
1.3484579384155844 103.9655846762592 322.0362391662446
1.3484640957244962 103.96557989854973 322.0362391662446
1.34846885898909 103.96557620253662 322.0362391662446
1.3484756803087272 103.9655709095938 322.0362391662442
1.3484813252543986 103.96556652944794 322.0362391662446
1.3484872402402224 103.96556193976679 322.0362391662436
1.3484926796054102 103.9655577191392 322.0362391662436
1.348497896424721 103.96555367119412 322.0362391662446
1.3485025761060332 103.96555037511499 322.37277618239676
1.3485076729452445 103.96554714934412 323.10557010283185
1.3485136199163263 103.9655433855279 323.9612682026761
1.3485192648634894 103.96553981286145 324.77385353037516
1.3485257818297873 103.96553568829724 325.7119484519199
1.3485312328664878 103.96553223835595 326.49624478966945
1.3485355201653648 103.96552952494007 327.1126658510656
1.3485406009418177 103.96552630933509 327.52790721440186
1.3485476191466013 103.9655218675387 327.5279072144008
1.3485547396571382 103.96551736099333 327.5279072144004
1.3485588076352646 103.96551478638465 327.5279072144004
1.3485643408457606 103.96551128443568 327.5279072144008
1.3485690644295087 103.96550829489652 327.52790721440186
1.3485733788509917 103.96550556431467 327.5279072144008
1.3485776466896184 103.96550286321491 327.5279072144008
1.34858204383721 103.96550008027597 327.5279072144008
1.348586001650901 103.96549757538986 327.5279072144004
1.348589902806573 103.96549510636238 327.5279072144008
1.3485963036863486 103.96549105526843 327.5279072144008
1.348602365491024 103.96548721877386 327.5279072144008
1.3486062768584004 103.96548474328337 327.5279072144004
1.34861164760418 103.96548134415744 327.5279072144004
1.34861815369534 103.96547722647543 327.5279072144008
1.3486252539901142 103.965472732724 327.5279072144008
1.3486294653316364 103.96547006738083 327.5279072144008
1.3486346328738426 103.9654667968616 327.5279072144004
1.3486402978823926 103.96546321149766 327.5279072144008
1.348644942730722 103.96546027178948 327.5279072144008
1.3486525288236104 103.96545547057794 327.5279072144008
1.3486564253305147 103.96545300449237 327.5279072144008
1.3486602469704256 103.96545058578984 327.5279072144008
1.3486643369904057 103.96544799723051 327.5279072144004
1.3486714128386026 103.96544351895088 327.5279072144004
1.3486756249422673 103.96544085312514 327.5279072144008
1.3486812831834505 103.96543727204399 327.5279072144008
1.3486870276006888 103.96543363642228 327.5279072144008
1.348693756520243 103.96542937771243 327.5279072144008
1.348700571688714 103.96542506441587 327.5279072144008
1.3487081450311966 103.96542027127356 327.5279072144004
1.3487140582063029 103.9654165288454 327.5279072144004
1.3487185872316843 103.96541366244081 327.5279072144004
1.3487239345099395 103.96541027816676 327.5279072144004
1.3487278704706342 103.96540778711073 327.5279072144008
1.3487318906309258 103.96540524276506 327.52790721440186
1.3487372063388647 103.96540187847168 327.5279072144015
1.3487425601342196 103.96539849007287 327.5279072144004
1.3487488681775974 103.96539449773371 327.5279072144008
1.3487539652623544 103.96539127180611 327.5279072144004
1.3487604723254378 103.96538715350798 327.5279072144004
1.348765623854224 103.96538389312288 327.5279072144004
1.3487717338048626 103.96538002615578 327.5279072144008
1.3487762921451083 103.96537714119765 327.5279072144008
1.3487820430904909 103.96537350144371 327.5279072144004
1.3487884528291334 103.96536944474168 327.5279072144008
1.3487926249309807 103.96536680423245 327.5279072144004
1.3488001663427145 103.96536203129824 327.5279072144004
1.3488049910968998 103.96535897772748 327.5279072144008
1.3488121451526418 103.9653544499495 327.5279072144015
1.3488169609828553 103.96535140202661 327.5279072144004
1.3488210107438139 103.96534883894638 327.5279072144008
1.3488272900878024 103.96534486477044 327.5279072144004
1.3488323774201574 103.96534164501468 327.5279072144008
1.348839331782368 103.96533724362186 327.5279072144004
1.348845833986541 103.96533312839834 327.5279072144008
1.3488504349511239 103.96533021646302 327.5279072144008
1.3488559353222274 103.96532673529626 327.5279072144008
1.3488618513715573 103.96532299104808 327.5279072144004
1.3488688687683859 103.96531854976065 327.5279072144004
1.3488765472615685 103.96531438987128 328.28048319219175
1.348881392143958 103.96531217125062 329.19351945454105
1.3488894278306294 103.9653084914625 330.71012948252013
1.3488938171964364 103.96530648143684 331.5391002282336
1.3489019566518883 103.96530275412971 333.07589760154906
1.3489081583157543 103.96529991419695 334.2453283697015
1.3489151163396504 103.96529672790363 335.27997318922553
1.3489198249068435 103.96529457170574 335.2799731892243
1.3489278096312096 103.96529091525458 335.2799731892243
1.3489327812720924 103.96528863858711 335.2799731892243
1.348939935559153 103.96528536241868 335.2799731892243
1.3489444227809506 103.96528330758159 335.2799731892243
1.3489505728676137 103.9652804912674 335.2799731892243
1.3489584763338578 103.96527687202666 335.27997318922456
1.3489659151637512 103.96527346555716 335.27997318922456
1.3489713164251569 103.96527099215304 335.2799731892243
1.3489758650605768 103.96526890919264 335.2799731892243
1.3489836274846851 103.96526535453927 335.2799731892243
1.3489902614793379 103.9652623166285 335.27997318922456
1.3489954681488712 103.96525993233392 335.27997318922553
1.3490019579310484 103.96525696046241 335.2799731892243
1.3490097820992808 103.96525337753435 335.2799731892243
1.3490159038424043 103.96525057419925 335.2799731892243
1.3490208547650806 103.96524830701891 335.27997318922576
1.3490284275109445 103.96524483922478 335.27997318922456
1.3490346158653992 103.96524200538619 335.2799731892243
1.3490388413675616 103.96524007039824 335.2799731892243
1.3490466146895788 103.96523651075401 335.27997318922576
1.3490509720612114 103.96523451537892 335.27997318922456
1.3490581356812343 103.96523123493597 335.27997318922456
1.3490627195786595 103.96522913582768 335.27997318922456
1.3490683630749591 103.96522655149633 335.2799731892243
1.3490758154127631 103.96522313884049 335.27997318922576
1.349083159613589 103.96521977570387 335.27997318922456
1.3490888685243967 103.96521716141706 335.2799731892243
1.349094524760204 103.96521457125176 335.2799731892243
1.3491007115281675 103.96521173813935 335.27997318922456
1.3491058250473036 103.96520939650075 335.2799731892243
1.3491112398228404 103.9652069169075 335.2799731892243
1.3491166436865167 103.9652044423111 335.2799731892243
1.3491213741986883 103.96520227606317 335.27997318922456
1.3491258894674527 103.96520020838184 335.2799731892243
1.3491329277734396 103.96519698532366 335.27997318922456
1.3491389528934605 103.96519422623466 335.2799731892243
1.3491438053012008 103.9651920041669 335.2799731892243
1.3491503033809753 103.96518902849489 335.2799731892243
1.3491558850993386 103.96518647245317 335.2799731892243
1.3491604058557802 103.96518440225874 335.27997318922576
1.3491667282910698 103.96518150701972 335.2799731892243
1.3491744700063237 103.96517796184841 335.2799731892243
1.3491826465336045 103.96517421756312 335.27997318922456
1.3491882184206228 103.96517166602331 335.27997318922456
1.3491923392389502 103.96516977897284 335.27997318922553
1.3491968986989962 103.9651676910547 335.2799731892243
1.3492044184637773 103.96516424752119 335.2799731892243
1.3492118619427569 103.96516083892128 335.27997318922553
1.3492181786186224 103.96515794631942 335.2799731892243
1.3492245972228964 103.96515500704136 335.2799731892243
1.3492298250085397 103.96515261307606 335.2799731892243
1.3492375455031043 103.96514907762196 335.2799731892243
1.3492426663476398 103.96514673262827 335.2799731892243
1.3492476459918976 103.96514445229454 335.2799731892243
1.3492542473395943 103.96514142933243 335.2799731892243
1.349259353963796 103.96513909085061 335.27997318922456
1.3492661098488357 103.96513599712101 335.2799731892243
1.3492726938057626 103.96513353464965 335.91949206568
1.349277998351883 103.96513155919342 336.4448572956486
1.3492851738680744 103.96512888697261 337.15575793109736
1.349291557471545 103.96512650966652 337.78826582947454
1.3492997277418957 103.96512346699106 338.59763588135274
1.3493080681823635 103.9651203609428 339.4233597066123
1.349312848891868 103.96511858056746 339.47773675997473
1.3493198664175428 103.96511596718344 339.47773675997473
1.3493246385516953 103.9651141900016 339.47773675997377
1.3493313785075853 103.96511167998678 339.47773675997377
1.3493389537460168 103.96510885890586 339.47773675997377
1.3493431967486418 103.96510727877687 339.47773675997377
1.3493505779314687 103.96510452996378 339.47773675997354
1.3493575688006134 103.96510192650669 339.47773675997377
1.349364795338515 103.9650992352846 339.47773675997496
1.3493718977106748 103.96509659030278 339.47773675997496
1.3493779546710614 103.96509433464091 339.47773675997377
1.3493857273296248 103.96509144003886 339.47773675997496
1.349391511808096 103.96508928585145 339.47773675997377
1.349397753427689 103.96508696142085 339.47773675997354
1.3494026597892776 103.96508513425134 339.47773675997354
1.3494097170026749 103.96508250608686 339.47773675997377
1.3494175902356955 103.96507957402987 339.47773675997377
1.349425192881343 103.96507674274186 339.47773675997377
1.3494312259854144 103.96507449596403 339.47773675997377
1.3494376147241878 103.96507211674488 339.47773675997377
1.3494441987033063 103.9650696648166 339.47773675997377
1.349448579939014 103.96506803320815 339.47773675997377
1.349453153297494 103.96506633005158 339.47773675997354
1.3494578190474413 103.96506459248765 339.47773675997377
1.3494654248391846 103.96506176002778 339.47773675997377
1.3494725032235833 103.96505912397872 339.47773675997377
1.3494799309381402 103.96505635783619 339.47773675997377
1.3494851190958874 103.96505442572318 339.47773675997377
1.3494899823112736 103.96505261462137 339.47773675997377
1.349495066082715 103.96505072138265 339.47773675997377
1.3495017262899238 103.96504824106613 339.47773675997377
1.349508419410816 103.96504574849223 339.47773675997377
1.3495161497150105 103.96504286966261 339.47773675997377
1.349522916973022 103.96504034947938 339.47773675997377
1.3495272824066207 103.96503872375555 339.47773675997377
1.3495332566267337 103.96503649890617 339.47773675997377
1.3495416130227802 103.96503338691458 339.47773675997377
1.3495490239589136 103.96503062702014 339.47773675997377
1.3495550346600984 103.96502838858484 339.47773675997377
1.349561671577237 103.96502591694144 339.47773675997354
1.3495690693399645 103.96502316195277 339.47773675997354
1.3495762417631652 103.96502049088238 339.47773675997473
1.3495806708383902 103.9650188414577 339.47773675997377
1.3495873086281258 103.96501636948923 339.47773675997377
1.3495949371003237 103.9650135285823 339.47773675997377
1.3496002393323578 103.96501155398664 339.47773675997377
1.3496067566319572 103.96500912688963 339.47773675997377
1.3496141844296348 103.96500636071545 339.47773675997377
1.34962099229994 103.96500382540741 339.47773675997377
1.3496286394736992 103.96500097753565 339.47773675997354
1.3496366860300488 103.96499802449252 339.52970576972194
1.3496446559201443 103.96499570006746 340.29789312342905
1.3496518388012628 103.96499360517419 340.9906240950264
1.3496575639856807 103.96499193541935 341.54290347955185
1.3496630366689328 103.96499033930668 342.0708317729759
1.3496711044647476 103.96498798632722 342.8489200392282
1.3496791216402575 103.96498564811117 343.621660446426
1.3496855877438323 103.96498376226653 343.6656304031687
1.3496934259899427 103.96498147623532 343.6656304031687
1.3496994720071755 103.96497971290917 343.66563040316726
1.3497059710563672 103.96497781745585 343.6656304031687
1.3497139902281436 103.96497547865741 343.6656304031687
1.3497204919206893 103.96497358243309 343.6656304031674
1.349728522818639 103.96497124021464 343.6656304031685
1.3497351946354434 103.96496929437338 343.6656304031687
1.3497430520073659 103.96496700276388 343.6656304031685
1.3497511629836922 103.96496463719039 343.6656304031687
1.3497583180801598 103.96496255040009 343.6656304031674
1.3497630592719125 103.96496116762725 343.6656304031687
1.3497706689039315 103.96495894827119 343.6656304031674
1.349778999604919 103.96495651861466 343.6656304031687
1.3497858122802007 103.96495453169169 343.6656304031685
1.3497913155464496 103.96495292665905 343.6656304031687
1.349799341139657 103.96495058598738 343.6656304031674
1.3498043357319895 103.96494912930991 343.6656304031674
1.3498129725799675 103.96494661036517 343.6656304031674
1.3498183304701583 103.9649450477315 343.6656304031671
1.3498231923331367 103.96494362976462 343.6656304031687
1.349830271089377 103.96494156523872 343.66563040316885
1.3498350780010149 103.96494016329838 343.6656304031685
1.3498408085132425 103.96493849198906 343.6656304031674
1.3498469856273891 103.96493669042786 343.6656304031687
1.3498535130848928 103.96493478668866 343.6656304031674
1.3498596944285997 103.96493298389385 343.6656304031687
1.3498655287219063 103.9649312823166 343.6656304031687
1.3498702250450332 103.96492991262943 343.6656304031687
1.3498782607104935 103.96492756901982 343.6656304031674
1.349884977420651 103.96492561008478 343.6656304031674
1.3498927989327512 103.96492332893312 343.6656304031674
1.3498977980212579 103.96492187094405 343.6656304031671
1.3499044991920313 103.964919916541 343.66563040316834
1.349909091416964 103.96491857721408 343.6656304031687
1.3499177420049329 103.96491605426152 343.6656304031674
1.3499231737058226 103.96491447010054 343.66563040316834
1.3499285682280626 103.96491289678276 343.6656304031674
1.349937215259909 103.96491037486724 343.6656304031687
1.3499418718198124 103.96490901677686 343.66563040316834
1.3499465921673346 103.96490764008274 343.66563040316834
1.3499531357207568 103.96490573164877 343.6656304031687
1.3499589541269352 103.96490403470469 343.6656304031687
1.3499636825802066 103.96490265564647 343.6656304031687
1.349970835568008 103.96490056947026 343.66563040316834
1.3499780306576576 103.96489847101496 343.66563040316834
1.3499834493857106 103.96489689063735 343.6656304031687
1.3499909568789 103.96489470106918 343.6656304031674
1.3499994139470906 103.96489223455646 343.6656304031687
1.350004829020366 103.96489065524469 343.66563040316834
1.350011083127537 103.96488883122778 343.6656304031674
1.3500162443943355 103.9648873259389 343.6656304031687
1.350023333904978 103.96488525827566 343.6656304031687
1.3500290402968997 103.96488359400041 343.6656304031671
1.350035969456041 103.9648815731038 343.6656304031671
1.3500405674323066 103.9648802320991 343.6656304031687
1.3500480827186037 103.96487804025783 343.6656304031687
1.350056268751788 103.96487565279247 343.6656304031687
1.3500643444284803 103.96487329751267 343.6656304031687
1.3500701180883243 103.96487161361853 343.66563040316834
1.3500753507928471 103.96487008749457 343.6656304031687
1.3500821248693355 103.9648682093048 343.7847909504607
1.3500876007934415 103.96486676815677 343.9753953453238
1.3500921311126508 103.96486557587203 344.1330931386909
1.3500994920030307 103.96486363864048 344.3893299187129
1.3501068410537969 103.96486170452484 344.645156070506
1.350115128252499 103.96485952350834 344.9336289318354
1.3501236134646157 103.96485729037882 345.1886897246023
1.350132116835598 103.96485505247024 345.1886897246023
1.3501391700536916 103.9648531962114 345.1886897246023
1.3501443525363632 103.96485183229082 345.1886897246007
1.350149726594203 103.96485041795165 345.1886897246023
1.3501550735756904 103.96484901073839 345.1886897246023
1.3501635205137716 103.96484678768162 345.1886897246023
1.3501698863572607 103.96484511232524 345.1886897246023
1.3501759560950852 103.96484351489761 345.1886897246023
1.3501813196912535 103.96484210331164 345.18868972460103
1.3501888465955971 103.96484012238831 345.18868972460103
1.3501945882968758 103.96483861129299 345.1886897246023
1.3501990753539297 103.96483743039366 345.1886897246023
1.3502076847888207 103.96483516457093 345.1886897246023
1.3502152011579727 103.96483318642014 345.18868972460103
1.3502238667240956 103.96483090582477 345.1886897246023
1.3502282446861327 103.9648297536369 345.18868972460103
1.3502366804717725 103.96482753351486 345.18868972460103
1.3502413043845285 103.96482631659791 345.18868972460194
1.3502466294383848 103.96482491515525 345.1886897246023
1.3502536125799098 103.96482307733866 345.18868972460103
1.3502618574488567 103.96482090746179 345.1886897246023
1.3502697550918648 103.96481882896748 345.18868972460103
1.3502746894148212 103.96481753035694 345.18868972460194
1.3502805416799124 103.96481599016325 345.1886897246023
1.350288801664278 103.9648138163082 345.1886897246023
1.350297411657324 103.96481155033813 345.1886897246023
1.3503059229981889 103.9648093103312 345.18868972460194
1.3503107841967052 103.9648080309654 345.1886897246023
1.3503192291600898 103.96480580842758 345.1886897246007
1.3503252427912604 103.96480422576556 345.1886897246023
1.350331764941004 103.96480250927206 345.1886897246023
1.3503398826672401 103.96480037285612 345.18868972460103
1.3503460841143033 103.9647987407648 345.1886897246023
1.3503515100821128 103.96479731276342 345.18868972460194
1.3503599798276453 103.96479508370327 345.1886897246023
1.3503686379554092 103.96479280506482 345.18868972460103
1.3503747840259093 103.96479118754733 345.18868972460103
1.3503797189349447 103.9647898887823 345.1886897246023
1.3503861114335598 103.96478820641005 345.1886897246023
1.3503939279526664 103.96478614926531 345.1886897246023
1.3504005652763387 103.96478440246017 345.18868972460103
1.3504056686583756 103.96478305935645 345.18868972460103
1.3504143802669093 103.96478076664276 345.1886897246023
1.3504225641697771 103.96477861281015 345.1886897246023
1.3504282863480297 103.9647771068521 345.1886897246023
1.3504355474488468 103.96477519588169 345.1886897246023
1.35044270193611 103.96477331296971 345.18868972460103
1.3504493968293008 103.9647715510133 345.18868972460103
1.3504557838644933 103.96476987007867 345.18868972460103
1.3504614272627444 103.96476838485377 345.1886897246023
1.3504669011402846 103.9647669442432 345.1886897246023
1.3504753343720255 103.96476472479218 345.18868972460103
1.350482320517929 103.96476288618399 345.18868972460103
1.3504872671565766 103.96476158433161 345.1886897246023
1.3504938703104872 103.96475984651892 345.1886897246023
1.3504992026698783 103.96475844315286 345.1886897246023
1.3505037308540901 103.96475725142896 345.1886897246023
1.350510217986104 103.96475554415075 345.18868972460194
1.350514861010363 103.96475432220332 345.1886897246023
1.3505196253891127 103.96475306831789 345.1886897246023
1.3505269647356262 103.96475113675447 345.18868972460103
1.3505327202644914 103.96474962201891 345.18868972460194
1.3505376616173412 103.96474832155752 345.18868972460103
1.3505436857098683 103.96474673614156 345.18868972460194
1.3505521299335959 103.96474451379731 345.1886897246023
1.3505581068407426 103.9647429407995 345.1886897246023
1.350562656338424 103.9647417434662 345.18868972460103
1.3505677914063747 103.96474039202295 345.1886897246023
1.3505744283077883 103.96473864532828 345.18868972460194
1.3505817755843976 103.96473671167762 345.1886897246023
1.3505869429235602 103.9647353517412 345.1886897246023
1.3505940307647721 103.96473348636846 345.1886897246023
1.3506016599779438 103.96473147851785 345.1886897246023
1.3506081065004072 103.96472978192686 345.1886897246023
1.3506149130943188 103.96472799057251 345.1886897246023
1.3506203111039874 103.9647265699283 345.18868972460103
1.350628559496958 103.96472439912228 345.1886897246023
1.3506370111357198 103.96472217482615 345.1886897246023
1.3506436355792522 103.9647204314099 345.1886897246023
1.3506514845924946 103.96471836571224 345.1886897246023
1.3506567042568949 103.96471699200471 345.1886897246023
1.3506631154716822 103.96471530470576 345.18868972460194
1.3506712698623051 103.96471315863903 345.1886897246023
1.3506780143065746 103.96471138364093 345.1886897246023
1.3506861330973885 103.96470924694326 345.1886897246023
1.3506928878531521 103.96470746923134 345.1886897246023
1.3506972796571237 103.96470631339943 345.1886897246023
1.3507051742258571 103.96470423571226 345.1886897246023
1.35071121976967 103.96470264465017 345.18868972460103
1.3507179424097868 103.96470087539033 345.1886897246023
1.350726441792161 103.96469863852865 345.1886897246023
1.3507315611731774 103.96469729121341 345.1886897246023
1.350738070329251 103.96469557813808 345.18868972460103
1.350745656741087 103.96469358155127 345.18868972460103
1.3507511183719778 103.96469214416288 345.1886897246023
1.3507560352471766 103.96469085014292 345.1886897246023
1.35076131298209 103.9646894611521 345.1886897246023
1.3507693124729834 103.96468735585132 345.1886897246023
1.3507740995317234 103.96468609599633 345.18868972460103
1.3507806160208395 103.96468438099092 345.1886897246023
1.3507862541579492 103.96468289714964 345.18868972460194
1.3507938630653054 103.96468089464227 345.18868972460194
1.3507991175909315 103.96467951175956 345.1886897246023
1.350804275795599 103.96467815422652 345.18868972460194
1.3508122744056412 103.96467604915736 345.1886897246023
1.350820956318655 103.96467376425694 345.18868972460103
1.3508296556099564 103.96467147478285 345.1886897246023
1.3508357028681883 103.96466988326914 345.1886897246007
1.3508400857138374 103.96466872979451 345.1886897246023
1.3508464191492673 103.96466706296485 345.1886897246023
1.3508528644124964 103.96466536670437 345.1886897246023
1.3508585953138113 103.96466385844923 345.1886897246023
1.3508660151717482 103.96466190569546 345.1886897246023
1.3508746188114336 103.96465964139469 345.1886897246023
1.3508798124503434 103.96465827453588 345.18868972460194
1.3508863382332537 103.96465655708417 345.1886897246023
1.3508913661618125 103.96465523383687 345.18868972460194
1.3508964453145489 103.9646538971084 345.1886897246023
1.3509019995615452 103.96465243534489 345.1886897246023
1.3509066865191646 103.96465120183409 345.18868972460194
1.35091376872338 103.96464933794364 345.18868972460103
1.3509220189537976 103.96464716665268 345.1886897246023
1.3509292178843593 103.96464527204219 345.1886897246023
1.3509346098461383 103.96464385298871 345.1886897246023
1.3509401770065659 103.96464238782654 345.18868972460194
1.350947634009493 103.96464042529665 345.1886897246023
1.3509559086546254 103.96463824758007 345.1886897246023
1.3509634233835395 103.96463626985782 345.18868972460103
1.3509695742652683 103.9646346510721 345.1886897246023
1.3509764040533143 103.96463266384372 344.9549723424483
1.3509840455315958 103.96463039465944 344.6370590220854
1.35099000563167 103.96462862477078 344.3890811775486
1.3509979855147458 103.96462625509504 344.0570632188135
1.3510043396868474 103.9646243681842 343.7926959439614
1.3510119677004049 103.96462210299823 343.4753588702881
1.3510197057384663 103.96461980513975 343.38441181399537
1.3510272738591207 103.96461755773927 343.38441181399537
1.351034048758572 103.96461554589072 343.384411813995
1.351042618708818 103.96461300099064 343.38441181399537
1.3510487675461273 103.96461117505508 343.384411813995
1.3510549525838578 103.96460933836957 343.384411813995
1.3510628868622336 103.96460698223609 343.38441181399537
1.3510701978217963 103.96460481120101 343.38441181399537
1.3510777744364193 103.96460256127796 343.384411813995
1.3510835514917976 103.96460084574525 343.384411813995
1.3510880807138808 103.96459950076444 343.384411813995
1.3510956149405597 103.96459726342867 343.38441181399537
1.351102373880512 103.96459525631911 343.38441181399537
1.351108427561781 103.96459345864052 343.38441181399537
1.3511154838702049 103.9645913632255 343.384411813995
1.3511235471204366 103.96458896879275 343.38441181399537
1.3511308833162083 103.96458679026334 343.38441181399537
1.3511363707370343 103.96458516073925 343.384411813995
1.3511424042252191 103.964583369057 343.38441181399537
1.3511481531662493 103.9645816618728 343.384411813995
1.3511532803529613 103.96458013932242 343.384411813995
1.3511610097941997 103.96457784401618 343.38441181399537
1.3511666681295162 103.96457616373786 343.38441181399537
1.3511720593538348 103.96457456277982 343.384411813995
1.3511776195546896 103.96457291164309 343.384411813995
1.351183623437924 103.96457112875207 343.38441181399537
1.3511887320733087 103.96456961171052 343.38441181399537
1.3511968253562132 103.96456720835903 343.384411813995
1.3512052685085294 103.96456470111156 343.384411813995
1.3512097287033884 103.96456337662846 343.38441181399537
1.3512177587407541 103.96456099205803 343.38441181399537
1.351222986250984 103.96455943971576 343.384411813995
1.3512301340670585 103.96455731712645 343.38441181399537
1.351236003893437 103.96455557404428 343.38441181399537
1.351240983673503 103.96455409526699 343.384411813995
1.3512482284807066 103.96455194387549 343.38441181399537
1.351254155202474 103.9645501838978 343.38441181399537
1.351259416340485 103.96454862156943 343.384411813995
1.351266048152078 103.96454665221079 343.38441181399537
1.3512724832203957 103.96454474127631 343.38441181399537
1.3512782037929716 103.96454304251584 343.384411813995
1.3512862153661713 103.96454066342814 343.38441181399537
1.3512934522927136 103.96453851437664 343.384411813995
1.3513008444357286 103.96453631923261 343.38441181399537
1.351308784602348 103.96453396134942 343.38441181399537
1.351314396524315 103.96453229485334 343.38441181399537
1.3513219143851904 103.96453006237648 343.384411813995
1.3513300649083935 103.96452764202647 343.384411813995
1.3513386090645105 103.9645251047846 343.38441181399537
1.3513447461828894 103.96452328232797 343.38441181399537
1.3513515422035043 103.96452126420607 343.38441181399537
1.3513579039994568 103.96451937502995 343.38441181399537
1.3513664272899075 103.96451684398414 343.38441181399537
1.3513722768024417 103.9645151069338 343.3844118139962
1.3513770570967538 103.96451368739469 343.38441181399537
1.3513826689851478 103.96451202090834 343.384411813995
1.3513890966680844 103.96451011216654 343.384411813995
1.3513953896273585 103.96450824343177 343.38441181399537
1.351402298176773 103.9645061918935 343.38441181399537
1.3514085033781735 103.96450434921896 343.384411813995
1.3514150075412372 103.9645024177658 343.38441181399537
1.3514233575656216 103.96449993817215 343.384411813995
1.3514294847359472 103.96449811866937 343.38441181399537
1.3514355255716635 103.96449632480416 343.38441181399537
1.3514428669355356 103.9644941447387 343.384411813995
1.3514503090883585 103.96449193474325 343.384411813995
1.3514550436081674 103.96449052879694 343.384411813995
1.3514623213405401 103.96448836762717 343.38441181399537
1.3514698926445747 103.96448611927936 343.384411813995
1.3514743060971066 103.964484808676 343.384411813995
1.3514803500066457 103.96448301389785 343.384411813995
1.3514879693794875 103.96448075127563 343.38441181399537
1.3514937128360296 103.96447904571889 343.38441181399537
1.3515014189680625 103.96447675733287 343.38441181399537
1.3515069909239854 103.96447510270433 343.384411813995
1.351515046090432 103.96447271067022 343.38441181399537
1.351519626030464 103.96447135062719 343.38441181399537
1.3515251373063315 103.96446971401792 343.38441181399537
1.351533238674556 103.96446730826379 343.38441181399537
1.351539177455318 103.96446554470411 343.38441181399537
1.3515449871850662 103.96446381946694 343.384411813995
1.3515511819806332 103.96446197988193 343.38441181399537
1.351559272766317 103.96445957727025 343.384411813995
1.3515640558966922 103.9644581568884 343.38441181399537
1.351572374276734 103.96445568669102 343.3844118139962
1.3515805718466527 103.96445325236897 343.384411813995
1.3515877912910537 103.96445110850765 343.384411813995
1.3515954160953183 103.96444884427203 343.38441181399537
1.351601645609125 103.96444699437701 343.384411813995
1.3516087218997872 103.96444489302606 343.384411813995
1.351614637966484 103.96444313621117 343.38441181399656
1.3516224559827343 103.96444081459987 343.38441181399537
1.3516304653249895 103.964438436173 343.38441181399537
1.351636074592769 103.964436770464 343.384411813995
1.3516436695389589 103.96443451509472 343.384411813995
1.35164805585235 103.96443321255005 343.38441181399537
1.3516565127199285 103.96443070122747 343.38441181399537
1.3516650708756228 103.96442815982667 343.384411813995
1.3516703809839647 103.96442658295493 343.38441181399537
1.3516766493550734 103.96442472152073 343.38441181399537
1.3516823374092106 103.96442303241545 343.38441181399656
1.3516888213073224 103.96442110697902 343.3844118139941
1.3516961637541864 103.96441892659084 343.384411813995
1.3517012500123713 103.96441741619279 343.38441181399537
1.3517077384509861 103.96441548940795 343.3844118139962
1.3517160883087673 103.96441300986235 343.38441181399537
1.3517225817351737 103.9644110815963 343.384411813995
1.3517311569875352 103.96440853511821 343.384411813995
1.3517355594094291 103.96440722778978 343.38441181399537
1.351742471305864 103.96440517525619 343.38441181399537
1.351749121320944 103.96440320049 343.38441181399537
1.3517543101904925 103.96440165962065 343.38441181399537
1.3517627589866243 103.96439915069442 343.38441181399537
1.3517713391238415 103.9643966027655 343.38441181399537
1.3517784907767738 103.96439447903448 343.38441181399537
1.3517857012900902 103.96439233782445 343.38441181399537
1.3517932691427532 103.96439009050009 343.38441181399537
1.3517981574451434 103.96438860165723 343.3389686771241
1.3518062783807596 103.96438608774882 343.21404347953415
1.351812302320148 103.96438422298438 343.1213755317114
1.3518175170532123 103.96438260871699 343.0411555209068
1.3518249208143323 103.9643803168163 342.9272610962253
1.3518307739546729 103.96437850492417 342.8372210200262
1.3518369103999752 103.96437660533242 342.74282395139016
1.3518430227341627 103.96437471320444 342.7196279720881
1.3518475912590608 103.9643732989765 342.7196279720881
1.3518561184629223 103.96437065930388 342.7196279720881
1.3518636646799473 103.9643683233045 342.7196279720881
1.351868242235471 103.96436690628099 342.7196279720881
1.351873910254024 103.9643651516948 342.7196279720881
1.3518797119078945 103.9643633557406 342.7196279720881
1.3518861438659335 103.96436136467003 342.7196279720881
1.3518920566346821 103.96435953431916 342.7196279720881
1.3518984858547247 103.96435754409612 342.7196279720881
1.3519064064929327 103.96435509219108 342.7196279720881
1.3519108820685355 103.96435370673626 342.71962797208687
1.3519169002932923 103.96435184374045 342.7196279720881
1.3519247618584376 103.96434941012191 342.7196279720881
1.351931301295563 103.96434738578006 342.7196279720881
1.3519389574498057 103.96434501574828 342.7196279720881
1.3519443146566181 103.96434335737645 342.7196279720881
1.3519512619111833 103.96434120679092 342.7196279720881
1.351957915858489 103.96433914700127 342.7196279720881
1.3519657708985648 103.96433671540245 342.7196279720881
1.3519732340871755 103.96433440510478 342.7196279720881
1.3519786638320588 103.96433272427801 342.7196279720881
1.351984574387322 103.96433089461202 342.7196279720881
1.3519901701556378 103.96432916239114 342.7196279720881
1.3519971305494016 103.96432700773806 342.7196279720881
1.3520015814824269 103.96432562991133 342.7196279720881
1.352007587769925 103.96432377061046 342.7196279720881
1.3520141885136567 103.96432172729023 342.7196279720881
1.352021187697636 103.96431956062919 342.7196279720877
1.3520255915750903 103.96431819736887 342.7196279720881
1.352032832406465 103.9643159559036 342.7196279720881
1.3520380410205275 103.96431434352971 342.7196279720881
1.3520465518145006 103.96431170893592 342.7196279720881
1.3520512419943835 103.964310257048 342.7196279720881
1.352056539734004 103.96430861708438 342.7196279720881
1.3520623850628182 103.96430680760956 342.7196279720881
1.3520673058661825 103.96430528433 342.7196279720881
1.3520743861346196 103.96430309256829 342.71962797208687
1.3520813936004492 103.96430092334326 342.7196279720877
1.3520886066450584 103.96429869047942 342.719627972089
1.352093780755963 103.96429708878608 342.7196279720881
1.3521006414605439 103.96429496499226 342.7196279720881
1.352108694102027 103.96429247222343 342.71962797208687
1.3521159716698783 103.9642902193857 342.7196279720881
1.3521211065207175 103.96428862984561 342.7196279720881
1.3521259668713714 103.96428712527958 342.71962797208846
1.3521339241070156 103.96428466204436 342.7196279720881
1.3521391369861329 103.96428304834986 342.7196279720881
1.3521448779371747 103.96428127118583 342.7196279720881
1.3521515379131597 103.96427920952915 342.7196279720881
1.3521583279293157 103.96427710761733 342.7196279720881
1.3521630120591928 103.96427565760193 342.7196279720881
1.35217027453165 103.96427340943687 342.7196279720881
1.3521772338256912 103.96427125512346 342.719627972089
1.3521857885314852 103.96426860693563 342.7196279720881
1.352192562509855 103.9642665099883 342.7196279720881
1.3521998839955918 103.96426424355504 342.7196279720881
1.3522074085505276 103.96426191425977 342.719627972089
1.3522143319933109 103.96425977104425 342.7196279720881
1.3522214282673313 103.96425757432725 342.71962797208647
1.3522268493555862 103.9642558961794 342.7196279720881
1.352232080112236 103.96425427695044 342.71962797208687
1.3522384142653356 103.9642523161549 342.7196279720881
1.3522427677738489 103.96425096848617 342.7196279720881
1.3522504239798039 103.9642485984369 342.7196279720881
1.352257226276786 103.96424649272303 342.7196279720877
1.3522625039532943 103.9642448589695 342.7196279720881
1.3522676773459565 103.96424325749798 342.7196279720881
1.352274920573122 103.96424101529003 342.7196279720881
1.3522828050266047 103.96423857458447 342.7196279720881
1.352290009714921 103.96423634430651 342.7196279720881
1.3522979954483132 103.96423387224877 342.7196279720881
1.3523023865799029 103.9642325129333 342.7196279720881
1.3523068065658586 103.96423114468568 342.7196279720881
1.3523142930260272 103.96422882718251 342.7196279720881
1.3523191335130091 103.96422732876486 342.71962797208846
1.352327691869043 103.96422467944633 342.7196279720881
1.3523326754679479 103.96422313672701 342.7196279720881
1.3523397782951156 103.96422093798088 342.7196279720881
1.35234475437851 103.96421939758804 342.7196279720881
1.352353104730566 103.96421681265893 342.7196279720881
1.352357643725487 103.96421540757085 342.7196279720881
1.3523620971537422 103.9642140289707 342.7196279720881
1.3523691414621937 103.96421184833946 342.7196279720881
1.352374822607226 103.96421008968812 342.7196279720881
1.3523805340904498 103.96420832164529 342.719627972089
1.3523851826642264 103.96420688263598 342.7196279720881
1.3523929135744697 103.96420448946064 342.7196279720881
1.352397572229096 103.96420304733067 342.7196279720881
1.35240459593252 103.96420087307774 342.7196279720877
1.3524102274387004 103.96419912979246 342.7196279720881
1.352417844972042 103.96419677171389 342.7196279720881
1.3524256753425192 103.96419434774955 342.7196279720881
1.3524318844515018 103.96419242566186 342.71962797208846
1.3524374568644626 103.96419070066932 342.71962797208846
1.3524433469204962 103.9641888773474 342.7196279720881
1.3524505369165334 103.96418665161686 342.7196279720881
1.3524582186962617 103.96418427365002 342.7196279720881
1.352465453675203 103.96418203399455 342.71962797208727
1.3524729377302336 103.96417971723518 342.7196279720881
1.3524782164868667 103.96417808314659 342.7196279720881
1.3524828554552883 103.96417664711042 342.7196279720881
1.352489547953484 103.96417457538482 342.7196279720881
1.3524975556256718 103.96417209653474 342.7196279720877
1.352503529041847 103.9641702474077 342.7196279720881
1.3525100244604988 103.96416823668983 342.7196279720877
1.352517843718124 103.96416581616515 342.7196279720881
1.3525260925192788 103.96416326267119 342.7196279720881
1.3525326250601686 103.96416124046172 342.7196279720881
1.3525385346940344 103.96415941107894 342.7196279720881
1.3525457092586166 103.96415719012492 342.7196279720881
1.3525535875803045 103.96415475131624 342.7196279720881
1.352559555273143 103.9641529039607 342.7196279720881
1.3525650943092842 103.96415118929984 342.71962797208846
1.3525702887127018 103.96414958132327 342.7196279720881
1.3525788559467087 103.96414692925516 342.7196279720881
1.3525852666037996 103.96414494477575 342.71962797208846
1.3525910343647372 103.9641431593109 342.719627972089
1.3525989139328867 103.96414072011612 342.7196279720881
1.3526064115691914 103.96413839915195 342.7196279720881
1.3526130982642306 103.96413632922226 342.7196279720881
1.3526208943437266 103.9641339158721 342.71962797208687
1.35262534480787 103.9641325381888 342.71962797208846
1.3526316902749442 103.96413057388939 342.71962797208846
1.3526383291568205 103.96412851876063 342.7196279720881
1.3526445678610688 103.96412658751063 342.7196279720881
1.3526518268326757 103.96412434042715 342.7196279720881
1.3526589040549946 103.96412214960586 342.7196279720881
1.3526655371277752 103.96412009627524 342.7196279720881
1.352674072483951 103.96411745407471 342.7196279720881
1.3526800317472527 103.96411560932818 342.7196279720881
1.3526873221460154 103.96411335251597 342.7196279720881
1.3526931645524543 103.96411154394352 342.7196279720881
1.3526992223101704 103.96410966870701 342.7196279720881
1.3527039964453387 103.96410819082806 342.7196279720881
1.3527112596817745 103.9641059424241 342.7196279720881
1.3527171534416302 103.96410411795462 342.7196279720881
1.3527226632054126 103.96410241235479 342.719627972089
1.3527312646534195 103.9640997496946 342.7196279720881
1.3527394909394663 103.96409720316933 342.7196279720881
1.3527452933747426 103.96409540697016 342.71962797208687
1.352753336230873 103.96409291722729 342.71962797208727
1.3527609824791305 103.96409055025816 342.7196279720881
1.352768928975263 103.96408809034439 342.7196279720881
1.3527766916719834 103.96408568732744 342.71962797208687
1.3527833065143668 103.96408363963974 342.7196279720881
1.3527910230850924 103.96408125090146 342.7196279720881
1.352798537467262 103.96407892475257 342.7196279720881
1.3528043366315077 103.96407712956575 342.71962797208937
1.3528107279243546 103.96407515107984 342.71962797208687
1.3528163378531417 103.96407341447262 342.7196279720881
1.3528217818830013 103.964071729221 342.7196279720881
1.3528296847037231 103.9640692828271 342.7196279720881
1.3528376356689638 103.96406682152953 342.7196279720881
1.3528431360793276 103.96406511882472 342.71962797208846
1.3528488920172148 103.96406333701887 342.7196279720881
1.3528556023651694 103.96406125976621 342.71962797208846
1.3528639209661981 103.96405868466334 342.7196279720881
1.3528692820331434 103.96405702509354 342.7196279720881
1.3528761310495883 103.96405490491462 342.7196279720881
1.3528818182144793 103.96405314439801 342.71962797208937
1.352886483013332 103.96405170036464 342.71962797208687
1.3528933738844233 103.96404956722915 342.7196279720881
1.3529007444968433 103.96404728558507 342.71962797208647
1.3529074518518716 103.96404520925869 342.7196279720881
1.3529121911190523 103.96404374217286 342.7196279720881
1.3529183807502156 103.96404182611283 342.7196279720881
1.3529263139529983 103.96403937031339 342.71962797208727
1.3529340240258823 103.9640369835859 342.7196279720881
1.3529402730932871 103.96403504912674 342.7196279720881
1.352944713570602 103.9640336745341 342.71962797208846
1.3529524701855897 103.96403127339897 342.7196279720881
1.352959202135555 103.96402918945878 342.7196279720881
1.3529640524874222 103.96402768798545 342.71962797208687
1.3529725821005567 103.96402504756118 342.7196279720881
1.3529806169995378 103.96402256028041 342.7196279720881
1.352985330821209 103.96402110107127 342.7196279720881
1.3529932827689435 103.9640186394688 342.7196279720881
1.3530006395301084 103.96401636211208 342.71962797208727
1.353005000989508 103.96401501198002 342.7196279720881
1.3530129819937138 103.96401254138276 342.7196279720877
1.3530176184084586 103.96401110613559 342.7196279720877
1.3530221268877107 103.96400971049206 342.71962797208846
1.3530285383603124 103.96400772575845 342.71962797208687
1.3530347839849342 103.96400579236469 342.71962797208687
1.3530396427557752 103.96400428828495 342.7196279720881
1.353046170457606 103.9640022675714 342.7196279720877
1.3530532478916961 103.96400007668284 342.71962797208846
1.35306102454065 103.96399766934549 342.7196279720881
1.3530661736615381 103.963996075385 342.71962797208846
1.3530732707418522 103.9639938784147 342.7196279720881
1.353078691331697 103.9639922004183 342.7196279720881
1.3530844082822295 103.96399043068055 342.7196279720881
1.353091717918588 103.96398816791135 342.7196279720881
1.3530991744670438 103.96398585966405 342.7196279720881
1.3531052279197782 103.9639839857587 342.7196279720877
1.3531096137012544 103.96398262809723 342.7196279720881
1.3531147772390455 103.96398102967369 342.71962797208687
1.353121229385894 103.96397903234862 342.7196279720881
1.353127920587127 103.9639769610219 342.71962797208687
1.3531332981263937 103.96397529635205 342.7196279720881
1.3531409147271005 103.96397293855881 342.71962797208846
1.3531464231372856 103.96397123337657 342.7196279720877
1.3531519413561746 103.9639695251579 342.71962797208727
1.3531595461559798 103.96396717101764 342.7196279720881
1.3531644816355703 103.9639656431916 342.7196279720881
1.35317152077131 103.9639634641582 342.7196279720881
1.3531791007010026 103.96396111771665 342.7196279720881
1.353186101143836 103.96395895066091 342.71962797208846
1.3531925883470874 103.9639569424835 342.7196279720877
1.3531969434046105 103.9639555943327 342.7196279720881
1.3532026077427537 103.96395384088122 342.7196279720881
1.3532080938899873 103.96395214259047 342.7196279720881
1.3532146292017733 103.9639501195205 342.71962797208687
1.3532208294534451 103.96394820017167 342.7196279720881
1.353227691976075 103.9639460758103 342.7196279720881
1.3532350537190634 103.96394379691036 342.7196279720881
1.3532427940479406 103.96394140081539 342.7196279720881
1.3532499229581276 103.96393919399104 342.7196279720881
1.353256680718073 103.96393710205989 342.7196279720881
1.353262926479553 103.96393516862285 342.7196279720877
1.353268378300152 103.96393348095805 342.7196279720881
1.3532756812688613 103.96393122025208 342.7196279720881
1.3532837845458878 103.96392871180274 342.7196279720881
1.3532907009302932 103.96392657076767 342.7196279720881
1.3532961795893679 103.96392487479464 342.7196279720881
1.3533006443265219 103.96392349269117 342.7196279720881
1.3533076775929218 103.96392131547404 342.7196279720877
1.353315047409493 103.96391903407446 342.71962797208846
1.3533215302818953 103.9639170272372 342.7196279720881
1.3533271012675143 103.96391530268349 342.7196279720881
1.3533343287002635 103.96391306536016 342.7196279720877
1.3533398030900592 103.96391137070859 342.71962797208687
1.3533442648816003 103.96390998951684 342.7196279720881
1.3533493312866738 103.96390842116094 342.7196279720881
1.3533558005603052 103.96390641853317 342.7196279720881
1.3533632137731373 103.96390412369963 342.7196279720881
1.353369631840629 103.9639021369232 342.7196279720877
1.3533758368482105 103.96390021610151 342.7196279720881
1.3533824860979764 103.96389815776026 342.7196279720881
1.3533887132700377 103.96389623007728 342.7196279720881
1.353393082671017 103.96389487748581 342.7196279720881
1.3534006612772518 103.96389253145294 342.71962797208846
1.353408499533304 103.96389010504285 342.7196279720881
1.3534165191470573 103.96388762249163 342.7196279720881
1.3534227260100589 103.9638857010954 342.7196279720881
1.3534296459381305 103.96388355896278 342.7196279720881
1.353437936634071 103.96388099249528 342.7196279720881
1.3534456642988817 103.96387860031962 342.7196279720881
1.3534535705300994 103.96387615286693 342.71962797208687
1.3534609172292842 103.9638738786229 342.71962797208687
1.3534667871749384 103.96387206152266 342.71962797208687
1.3534739375089737 103.96386984806539 342.7196279720881
1.3534821048366608 103.96386731978751 342.7196279720881
1.353490188960389 103.96386481726623 342.7196279720881
1.3534963417930708 103.96386291259537 342.7196279720881
1.353501319138121 103.96386137180842 342.7196279720881
1.353505721798194 103.96386000892097 342.7196279720881
1.3535142349288467 103.96385737359617 342.7196279720881
1.3535207528120308 103.96385535592019 342.71962797208846
1.3535281938125587 103.96385305248393 342.7196279720877
1.3535357517892015 103.96385071283655 342.7196279720881
1.3535411651728495 103.96384903706937 342.7196279720881
1.3535463239356231 103.96384744012262 342.7196279720877
1.353552313855704 103.96384558588277 342.7196279720877
1.3535588152655327 103.96384357330611 342.71962797208687
1.3535631698098505 103.9638422253132 342.719627972089
1.3535711691941663 103.96383974902346 342.7196279720881
1.353577198616091 103.96383788255532 342.7196279720881
1.3535853521406367 103.96383535854986 342.7196279720877
1.3535924203316092 103.96383317052026 342.7196279720881
1.3535970233090635 103.96383174562229 342.7196279720881
1.353604722495753 103.96382936226158 342.7196279720881
1.353612988439586 103.96382680345545 342.7196279720881
1.3536197574830386 103.96382470802986 342.7196279720881
1.35362838873986 103.96382203613733 342.7196279720881
1.3536356255864779 103.9638197958985 342.71962797208937
1.3536415414708023 103.96381796457685 342.7196279720881
1.3536468585963914 103.96381631860697 342.7196279720877
1.3536551455602814 103.96381375329365 342.7196279720881
1.3536614157363447 103.96381181229732 342.7196279720881
1.3536664616126444 103.96381025029535 342.7196279720881
1.3536735196434995 103.96380806541057 342.7196279720881
1.3536802297053239 103.96380598824311 342.7196279720877
1.3536887530956447 103.96380334974143 342.71962797208846
1.3536946796340013 103.9638015151215 342.7196279720881
1.353701544548872 103.96379939001763 342.71962797208687
1.3537088991326143 103.96379711333175 342.71962797208727
1.353714367486024 103.96379542054756 342.71962797208846
1.3537219838109043 103.96379306283698 342.7196279720877
1.353728635945008 103.96379100360143 342.7196279720881
1.35373565886042 103.96378882958673 342.71962797208727
1.3537429041566473 103.96378658673176 342.7196279720881
1.35375077509784 103.96378415020202 342.7196279720881
1.353757913968574 103.96378194029207 342.71962797208727
1.3537657633971343 103.9637795104217 342.7196279720881
1.3537716783574356 103.9637776793856 342.7196279720881
1.3537765418699652 103.96377617383584 342.7196279720881
1.353783863216011 103.96377390743869 342.7196279720881
1.3537918536612736 103.96377143391504 342.71962797208937
1.3537981618794486 103.96376948114188 342.7196279720881
1.3538061009301754 103.96376702352786 342.7196279720881
1.3538146991489928 103.9637643618616 342.7196279720881
1.3538201416014204 103.96376267709496 342.7196279720877
1.3538276524622894 103.96376035203137 342.7196279720881
1.3538332161791442 103.96375862972604 342.7196279720881
1.353838397867923 103.96375702568139 342.7196279720881
1.3538450831138709 103.96375495619527 342.7196279720881
1.3538513910907264 103.96375300349659 342.7196279720881
1.3538592891836128 103.96375055856123 342.7196279720881
1.3538645078437437 103.96374894307164 342.71962797208687
1.3538706637740408 103.96374703744047 342.7196279720881
1.3538764483097387 103.96374524677826 342.7196279720877
1.353883173753111 103.96374316484844 342.7196279720877
1.3538886309671747 103.96374147551194 342.7196279720877
1.3538969709701048 103.96373889377864 342.71962797208687
1.3539049906243794 103.96373641121247 342.7196279720881
1.3539116820217059 103.96373433982184 342.71962797208687
1.3539193193614831 103.96373197560499 342.7196279720881
1.3539263334859044 103.9637298043108 342.71962797208846
1.3539338853844294 103.9637274665431 342.71962797208727
1.3539417215095844 103.96372504079008 342.7196279720881
1.3539494178805747 103.96372265829937 342.7196279720881
1.3539552116912734 103.96372086476572 342.719627972089
1.3539595666586999 103.96371951664077 342.7196279720877
1.353964193999702 103.96371808419978 342.7196279720881
1.353970937768362 103.96371599659682 342.7196279720881
1.3539785791950159 103.96371363111454 342.71962797208846
1.353985548100448 103.96371147381812 342.7196279720881
1.3539918621584803 103.96370951923642 342.7196279720881
1.3539976997620227 103.96370771214609 342.7196279720881
1.3540029832417688 103.96370607659047 342.71962797208687
1.354011446899598 103.96370345657793 342.7196279720881
1.354017858417992 103.96370147182625 342.7196279720881
1.354022692212162 103.9636999754754 342.7196279720881
1.354027215329455 103.96369857529774 342.7196279720881
1.3540323804208563 103.96369697639035 342.7196279720881
1.3540397412662977 103.96369469776462 342.7196279720881
1.3540447544004244 103.96369314589714 342.719627972089
1.3540508587822635 103.96369125622267 342.7196279720881
1.3540562245810306 103.96368959518415 342.7196279720877
1.35406374868177 103.96368726602095 342.71962797208937
1.3540695828457248 103.96368545999512 342.7196279720881
1.3540765055994666 103.96368331698504 342.719627972089
1.354082124600346 103.96368157756513 342.71962797208846
1.3540896289965045 103.96367925450156 342.71962797208937
1.3540947457946026 103.96367767054366 342.7196279720881
1.3541033239069649 103.96367501510005 342.719627972089
1.3541113308688812 103.96367253646193 342.7196279720877
1.3541173530920128 103.96367067222027 342.7196279720881
1.3541248854701258 103.96366834049441 342.7196279720877
1.3541329722436413 103.96366583714968 342.7196279720877
1.3541388297622399 103.96366402389394 342.71962797208727
1.354147180924167 103.96366143870496 342.71962797208687
1.3541518923927394 103.96365998022085 342.71962797208727
1.3541590689632916 103.9636577586388 342.7196279720881
1.3541645970395684 103.96365604736525 342.7196279720877
1.3541694604115437 103.96365454185785 342.71962797208846
1.3541739202593903 103.9636531612655 342.7196279720877
1.3541818633556928 103.9636507023973 342.71962797208846
1.3541903614537971 103.96364807172247 342.71962797208846
1.3541958673277827 103.96364636732177 342.7196279720881
1.3542006171103067 103.96364489697704 342.7196279720881
1.354205490840287 103.9636433882631 342.71962797208727
1.3542098629023118 103.96364203484568 342.71962797208687
1.354217494256543 103.96363967248033 342.7196279720877
1.3542236201691997 103.96363777614009 342.71962797208846
1.3542312120126692 103.96363542600562 342.7196279720881
1.3542358935224714 103.96363397679535 342.7196279720881
1.3542423571096154 103.96363197592437 342.7196279720877
1.354249049459122 103.96362990423759 342.71962797208846
1.3542575408926045 103.96362727562553 342.71962797208846
1.354264739024167 103.96362504736855 342.7196279720881
1.3542707872944695 103.96362317506315 342.71962797208846
1.3542766598443439 103.96362135715381 342.7196279720897
1.3542827537710458 103.96361947071495 342.7196279720877
1.354291225756386 103.96361684812307 342.7196279720881
1.3542988227533939 103.96361449639296 342.7196279720881
1.354305056478182 103.96361256667805 342.71962797208846
1.3543097777339117 103.96361110516379 342.7196279720881
