174402286
1.3492149832486295 103.9650671737737 126.06421350150164
1.3492100763219956 103.96507387444808 126.0642135015024
1.3492073217690421 103.96507763593945 126.06421350150164
1.3492036515744006 103.96508264778915 126.0642135015024
1.3491993500465205 103.96508852175853 126.06421350150164
1.3491962414640377 103.9650927666963 126.06421350150164
1.3491909933109323 103.9650999333336 126.06421350150164
1.3491883058723477 103.9651036031765 126.06421350150164
1.349183252094043 103.96511050438437 126.06421350150217
1.3491793687182425 103.9651158073442 126.06421350150164
1.3491758381574102 103.96512062851606 126.06421350150164
1.349171369230636 103.96512673107733 126.06421350150164
1.349167260002371 103.96513234245077 126.06421350150164
1.3491643074663429 103.96513637429837 126.06421350150164
1.3491590279427075 103.9651435837733 126.0642135015024
1.3491549487478087 103.96514915413441 126.06421350150164
1.3491509174388472 103.96515465910461 126.06421350150164
1.3491456726054212 103.96516182120797 126.06421350150217
1.349142656901753 103.9651659393142 126.06421350150164
1.3491374855435077 103.96517300108312 126.0642135015024
1.349133386186689 103.96517859897614 126.06421350150164
1.3491287116497777 103.96518498230854 126.06421350150164
1.349123667968815 103.96519186972701 126.0642135015024
1.3491187404015665 103.96519859858587 126.06421350150217
1.3491145328234837 103.96520434426061 126.0642135015024
1.3491113421846692 103.96520870124992 126.06421350150164
1.3491073406748857 103.96521416552721 126.0642135015024
1.349104577266603 103.96521793911015 126.06421350150164
1.349101320165034 103.96522238685782 126.06421350150164
1.3490980893418978 103.96522679872088 126.06421350150164
1.3490950070590395 103.96523100774411 126.06421350150164
1.3490896861382662 103.96523827374794 126.06421350150164
1.3490846634059632 103.96524513255928 126.06421350150164
1.349081626230303 103.9652492799861 126.06421350150164
1.349076728969309 103.96525596745948 126.06421350150164
1.3490734987969224 103.96526037843364 126.06421350150164
1.3490689022562998 103.96526665525708 126.06421350150164
1.3490651956761253 103.9652717167916 126.06421350150164
1.3490601314473798 103.96527863226817 126.06421350150164
1.3490566958465962 103.96528332376569 126.06421350150164
1.3490531867372977 103.96528811564299 126.06421350150164
1.3490503886410303 103.96529193659376 126.06421350150164
1.3490473377777372 103.96529610271145 126.06421350150164
1.3490425991357602 103.96530257358154 126.06421350150164
1.3490382873380469 103.9653084615728 126.06421350150164
1.3490332936695049 103.96531528069522 126.06421350150164
1.3490290564151817 103.96532106689337 126.06421350150164
1.349025089792927 103.96532648352884 126.06421350150164
1.3490209000801086 103.9653322048064 126.06421350150164
1.349017288972384 103.96533713596764 126.06421350150164
1.3490127346384326 103.9653433551548 126.06421350150164
1.3490097082617647 103.96534748783434 126.06421350150164
1.349006807314999 103.9653514492326 126.06421350150164
1.3490017047653835 103.96535841703746 126.0642135015024
1.348997298135037 103.96536443452722 126.06421350150164
1.348993165317835 103.96537007811042 126.06421350150164
1.3489883503494873 103.96537665320744 126.06421350150164
1.348983992498506 103.9653826040862 126.06421350150164
1.3489811903811497 103.9653864305274 126.06421350150164
1.3489772449686146 103.96539181819928 126.06421350150164
1.3489728270696342 103.96539785107663 126.06421350150164
1.348969299839149 103.96540266769847 126.06421350150164
1.3489650536790267 103.96540846605711 126.0642135015024
1.348959953414443 103.96541543074099 126.06421350150217
1.3489566579300278 103.96541993090105 126.06421350150164
1.348951370969856 103.96542715052759 126.06421350150164
1.3489486458694977 103.96543087179768 126.06421350150164
1.3489435664753533 103.96543780798162 126.06421350150164
1.3489390164620376 103.96544402126767 126.06421350150217
1.3489357709022491 103.96544845325278 126.06421350150164
1.3489320760367431 103.96545349878876 126.06421350150164
1.3489278927686934 103.96545806838752 126.9193377832103
1.3489228983667976 103.96546344839416 127.99838412871249
1.3489189941224273 103.965467654075 128.84262665895614
1.3489139321840813 103.96547310683229 129.9375042916032
1.3489091306846555 103.96547827904281 130.97569197579153
1.3489034873967958 103.96548435803396 132.1945102514121
1.348899845343487 103.96548828128054 132.71189480039186
1.3488938479935964 103.9654947416698 132.71189480039186
1.3488877543400186 103.96550130579801 132.71189480039186
1.3488845248907255 103.9655047845844 132.71189480039277
1.3488794287011971 103.96551027423696 132.7118948003914
1.348874538110102 103.96551554241734 132.71189480039186
1.3488703935060944 103.96552000701494 132.71189480039186
1.3488663902832105 103.96552431931573 132.71189480039186
1.3488607440663272 103.96553040146155 132.7118948003914
1.3488564841507276 103.96553499027351 132.71189480039186
1.348853075142218 103.96553866248216 132.7118948003914
1.3488496135964525 103.9655423912843 132.71189480039186
1.3488458670047137 103.96554642714001 132.71189480039277
1.3488398911183872 103.96555286440788 132.7118948003914
1.3488337819034717 103.96555944529821 132.71189480039186
1.3488286774580436 103.96556494384355 132.71189480039186
1.3488254627911764 103.96556840670578 132.7118948003914
1.3488223470218463 103.96557176303486 132.71189480039186
1.3488191735760977 103.96557518149338 132.71189480039186
1.3488139519530307 103.96558080626316 132.71189480039186
1.3488101208834662 103.96558493311869 132.71189480039186
1.3488065806050673 103.96558874673188 132.71189480039186
1.3488023106302283 103.96559334637925 132.71189480039186
1.3487963468654163 103.96559977058921 132.7118948003914
1.3487913997270193 103.96560509968188 132.71189480039277
1.3487870167019607 103.96560982110762 132.7118948003914
1.3487834121033484 103.96561370400681 132.71189480039186
1.3487775401837392 103.96562002928025 132.71189480039186
1.3487732194355535 103.96562468362076 132.71189480039186
1.3487677374716567 103.96563058883102 132.71189480039277
1.3487631138695726 103.96563556940781 132.71189480039277
1.3487571169304633 103.96564202935286 132.71189480039186
1.3487510546609476 103.96564855967222 132.71189480039186
1.3487450009474122 103.96565508077494 132.71189480039186
1.3487409510590604 103.96565944334303 132.71189480039186
1.3487350813916914 103.9656657661898 132.7118948003914
1.3487297419749447 103.96567151784684 132.71189480039186
1.3487244728061984 103.96567719383216 132.7118948003923
1.3487188394990588 103.96568326206985 132.71189480039186
1.3487156114231011 103.96568673937571 132.71189480039186
1.348712033595409 103.96569059343658 132.7118948003923
1.3487083042228114 103.9656946107426 132.71189480039186
1.3487042115780357 103.96569901936793 132.7118948003914
1.348701022213795 103.96570245497318 132.71189480039186
1.348695992848007 103.96570787264079 132.71189480039186
1.3486901209182696 103.96571388225641 132.9838821655835
1.3486868474789488 103.96571714007088 133.21513641274095
1.348681757780026 103.96572220547549 133.57473946035518
1.3486754525745897 103.96572848058466 134.0202481599702
1.3486699601763472 103.96573394676628 134.40831067251526
1.348663629826025 103.96574024690017 134.85551183811978
1.3486584505333947 103.96574540147063 134.97703576094366
1.3486551344160753 103.96574870175917 134.9770357609432
1.3486514437036492 103.96575237485476 134.97703576094412
1.3486477172806512 103.96575608349043 134.97703576094412
1.3486428869054095 103.96576089080882 134.97703576094412
1.3486377928621713 103.9657659605366 134.97703576094366
1.3486314352977364 103.96577228775432 134.97703576094412
1.3486275141032227 103.96577619023167 134.9770357609432
1.3486228256794586 103.96578085627597 134.97703576094366
1.3486178927412529 103.96578576566753 134.97703576094412
1.34861435288762 103.9657892886242 134.97703576094366
1.3486097888344508 103.96579383089147 134.97703576094275
1.3486048952319252 103.965798701135 134.97703576094412
1.3485995119919938 103.96580405867866 134.97703576094275
1.3485952306060767 103.96580831962783 134.97703576094412
1.3485889919916516 103.96581452846286 134.97703576094412
1.3485844660598458 103.96581903279049 134.97703576094412
1.348578069565112 103.96582539875206 134.97703576094412
1.3485729098891444 103.96583053379867 134.97703576094366
1.348568406016814 103.96583501617201 134.97703576094366
1.3485651561816625 103.96583825049424 134.97703576094412
1.3485612057213647 103.96584218209719 134.97703576094412
1.3485574361357064 103.96584593368888 134.97703576094366
1.3485522281410096 103.96585111682334 134.97703576094412
1.3485460780038392 103.96585723760296 134.97703576094366
1.3485425082916822 103.96586079027512 134.9770357609432
1.3485374854494907 103.96586578914078 134.97703576094412
1.3485328683513675 103.96587038419915 134.97703576094412
1.348528710587386 103.96587452211597 134.97703576094366
1.348525260872066 103.965877955364 134.97703576094275
1.3485210394807832 103.96588215660434 134.97703576094412
1.348516691293898 103.96588648403498 134.97703576094366
1.3485128568312872 103.9658903001936 134.97703576094366
1.3485082278735665 103.96589490705475 134.97703576094412
1.3485043110403563 103.96589880519072 134.97703576094366
1.3484986104301777 103.96590447858864 134.97703576094366
1.3484934321240785 103.96590963217567 134.9770357609432
1.3484874630695645 103.96591557273635 134.97703576094412
1.3484839263233777 103.96591909259952 134.97703576094366
1.3484790425800268 103.9659239530298 134.97703576094412
1.3484732686683987 103.96592969937898 134.97703576094412
1.348468594338873 103.96593435139499 134.97703576094366
1.3484629424074728 103.96593997634614 134.97703576094366
1.3484574643747764 103.96594542822862 134.97703576094412
1.3484517779081906 103.96595108754997 134.97703576094412
1.3484456682616663 103.96595716803107 134.97703576094412
1.3484418946959105 103.96596092358303 134.97703576094412
1.3484378877320606 103.9659649114189 134.97703576094412
1.3484315540506777 103.96597121486522 134.97703576094366
1.3484266087027965 103.96597613660548 134.97703576094412
1.3484216929259043 103.96598102891585 134.97703576094412
1.3484177997336486 103.96598490352308 134.97703576094366
1.3484124618759445 103.9659902158993 134.97703576094412
1.348406826793469 103.96599582408135 134.97703576094412
1.3484022808029148 103.96600034837047 134.97703576094412
1.3483969051766087 103.96600569833483 134.97703576094412
1.3483931531448996 103.9660094324552 134.97703576094412
1.348389039310266 103.96601352665131 134.97703576094412
1.3483833772982108 103.96601916163415 134.97703576094412
1.3483777368050196 103.96602477520078 134.97703576094412
1.3483717072560744 103.96603077596583 134.97703576094412
1.3483657303310455 103.96603672435812 134.97703576094412
1.3483610430058626 103.96604138930682 134.97703576094412
1.3483565867931921 103.96604582424625 134.9770357609432
