-673308644
1.352168988352038 103.96088413340382 90.35784546199957
1.352168948129945 103.96089100288101 90.35784546199957
1.3521689179021945 103.96089616543573 90.35784546199957
1.3521688772275355 103.96090311220009 90.35784546199957
1.3521688472159399 103.96090823783358 90.35784546199957
1.3521688188688519 103.96091307918667 90.35784546199957
1.3521687812963865 103.9609194961245 90.35784546199957
1.3521687355993255 103.96092730064423 90.35784546199957
1.352168689499373 103.96093517396866 90.35784546199957
1.3521686454250723 103.96094270133175 90.35784546199957
1.3521685961944145 103.96095110933413 90.35784546199957
1.3521685626440891 103.96095683932205 90.35784546199957
1.352168514704258 103.96096502685862 90.35784546200088
1.3521684848385311 103.96096979163724 90.36033706725225
1.3521684364758704 103.96097685393214 90.36921885925663
1.352168378499207 103.96098532013525 90.37986625689787
1.3521683471983867 103.96098989092248 90.38561464145316
1.35216831198494 103.96099503306014 90.39208157657232
1.3521682509701798 103.96100394289964 90.40328690703824
1.3521682078116082 103.96101024523975 90.4112129529181
1.3521681468492612 103.96101914741732 90.41436067516774
1.3521681039407616 103.96102541323425 90.41436067516774
1.3521680514055487 103.96103308481189 90.41436067516645
1.3521680002061203 103.96104056132508 90.41436067516645
1.3521679534397808 103.96104739048329 90.41436067516645
1.3521678947542224 103.96105596016784 90.41436067516774
1.3521678429359583 103.96106352703733 90.41436067516645
1.3521678033935607 103.96106930129557 90.41436067516774
1.3521677559701677 103.96107622638942 90.41436067516774
1.3521677231374483 103.96108102084978 90.41436067516645
1.3521676675736778 103.96108913465208 90.41436067516774
1.3521676144566717 103.9610968911574 90.41436067516645
1.3521675735382954 103.96110286633346 90.41436067516774
1.3521675647546425 103.96111032634603 90.36077239225745
1.3521675679531044 103.9611177528646 90.2922956433886
1.352167571434615 103.96112583665443 90.21775820781627
1.3521675750122293 103.96113414365614 90.14116258906377
1.3521675788561547 103.96114306908964 90.05886492282964
1.3521675812554865 103.96114864027606 90.00749564635939
1.3521675845707208 103.96115633821353 90.0
1.3521675867170264 103.96116132194226 90.0
1.3521675898710277 103.96116864558613 90.0
1.352167593655515 103.96117743329833 90.0
1.3521675968089657 103.96118475577757 90.0
1.3521675992793083 103.9611904920801 90.0
1.3521676024101315 103.96119776210807 90.0
1.3521676055005136 103.96120493827931 90.0
1.3521676055791372 103.96121074893583 90.00307032748152
1.3521675970216802 103.9612187602116 90.01828131749954
1.3521675897009284 103.96122561369523 90.0312940131912
1.352167583807824 103.96123113064222 90.04176903030572
1.3521675753073472 103.96123908851146 90.0568786219341
1.3521675663614834 103.9612474633112 90.07277983649487
1.3521675613527904 103.96125215225952 90.08168273088451
1.3521675563603361 103.96125682599724 90.08532499949041
1.3521675474494024 103.96126516803857 90.08532499949041
1.3521675410607576 103.96127114880323 90.08532499949041
1.3521675333990106 103.96127832137088 90.08532499949041
1.3521675263213173 103.96128494715737 90.08532499948912
1.3521675190209663 103.96129178136658 90.08532499949041
1.3521675131278743 103.96129729815964 90.08532499949041
1.3521675045728638 103.9613053068762 90.08532499949041
1.3521674977777085 103.96131166809737 90.08532499949041
1.3521674926265803 103.96131649026826 90.08532499949041
1.3521674852351038 103.96132340969967 90.08532499949041
1.3521674785740552 103.96132964533456 90.08532499949041
1.3521674807641053 103.96133539997362 90.07476332596526
1.3521674829646888 103.96134051061686 90.06505976400733
1.3521674849293108 103.96134507328385 90.0563966417297
1.3521674877020464 103.96135151276019 90.04417002613619
1.3521674903575716 103.96135768006047 90.03246019032504
1.3521674932072154 103.96136429823163 90.01989428829486
1.3521674960269177 103.96137084690498 90.00746034367023
1.3521674985876115 103.96137679407656 90.0
1.3521675022210453 103.96138523272695 90.0
1.3521675049272117 103.96139151784335 90.0
1.3521675076498554 103.9613978412668 90.0
1.3521675102455903 103.96140386997732 90.0
1.352167512918336 103.9614100775843 90.0
1.3521675163659916 103.96141808502038 90.0
1.3521675019185955 103.96142687741032 90.02309752108236
1.3521674874934746 103.96143541592521 90.04602832731948
1.3521674758652948 103.96144229886185 90.0645129607559
1.3521674646511663 103.96144893670302 90.08233937142913
1.3521674543832498 103.96145501445494 90.09866161752758
1.352167444240813 103.96146101792473 90.1147843674082
1.3521674346265702 103.9614667087395 90.12068603428534
1.352167419986739 103.96147537426056 90.12068603428403
1.3521674060784843 103.96148360673403 90.12068603428534
1.352167397701601 103.96148856511012 90.12068603428403
1.3521673842309363 103.96149653854327 90.12068603428403
1.3521673717786484 103.96150390917383 90.12068603428403
1.3521673581019757 103.96151200451446 90.12068603428534
1.35216734981858 103.96151690752009 90.12068603428403
1.3521673403037429 103.96152253941804 90.12068603428403
1.3521673303634034 103.96152842316526 90.12068603428534
1.3521673197869912 103.96153468339868 90.12068603428403
1.352167309345622 103.96154086368995 90.12068603428403
1.3521672993575415 103.96154677566872 90.12068603428403
1.35216728594529 103.96155471441273 90.12068603428534
1.3521672707735088 103.96156369460776 90.12068603428403
1.3521672573039163 103.96157166725881 90.12068603428534
1.3521672432079865 103.96158001062227 90.12068603428534
1.3521672285675415 103.96158867626527 90.12068603428405
1.3521672166658834 103.96159564596684 90.12084622378009
1.3521672058325978 103.9616019872116 90.1209980244418
1.3521671966269113 103.9616073757369 90.12112701831198
1.352167186277083 103.96161343397372 90.12127204415312
1.3521671764629015 103.96161917866338 90.12140956410718
1.3521671655022058 103.96162559445105 90.12156314922127
1.3521671560319668 103.9616311377993 90.12169584933956
1.3521671464273737 103.96163675978326 90.12176180385642
1.3521671324294935 103.96164495333447 90.12176180385642
1.3521671234955512 103.9616501827402 90.12176180385642
1.3521671136728912 103.96165593234156 90.12176180385771
1.3521671012582264 103.96166319913682 90.12176180385642
1.3521670898469516 103.96166987859687 90.12176180385771
1.352167078109287 103.96167674909424 90.12176180385642
1.3521670696327643 103.96168171071514 90.12176180385771
1.3521670556306418 103.96168990666007 90.12176180385771
1.3521670412008806 103.96169835290002 90.12176180385642
1.3521670330986149 103.96170309542998 90.12176180385642
1.3521670217579465 103.96170973349716 90.12176180385771
1.3521670084679591 103.96171751255117 90.12176180385771
1.3521669932297447 103.9617264319465 90.12176180385642
1.3521669845063962 103.96173153798208 90.12176180385642
1.3521669724179939 103.96173861367316 90.12176180385642
1.3521669622507313 103.96174456485623 90.12176180385771
1.3521669510328955 103.96175113095914 90.12176180385642
1.352166939636415 103.96175780161688 90.12176180385771
1.3521669261046634 103.96176572209059 90.12176180385642
1.3521669118101445 103.96177408901478 90.12176180385771
1.3521668985573783 103.96178184616058 90.12176180385642
1.352166888368003 103.96178781022441 90.12176180385642
1.3521668734216783 103.96179655861852 90.12176180385642
1.3521668625760002 103.96180290680773 90.12176180385771
1.3521668537454594 103.96180807548974 90.12176180385642
1.3521668417121189 103.9618151188204 90.12176180385771
1.352166826950555 103.96182375901313 90.12176180385771
1.3521668151465742 103.96183066806964 90.12176180385642
1.35216680492219 103.96183665255354 90.12176180385642
1.3521667917967581 103.96184433505093 90.12176180385642
1.3521667765793548 103.96185324199067 90.12176180385642
1.3521667616201312 103.96186199779571 90.12176180385642
1.3521667528161632 103.96186715085007 90.12176180385642
1.3521667382919602 103.96187565200437 90.12176180385771
1.3521667255933627 103.96188308459948 90.12176180385771
1.3521667114514535 103.96189136196152 90.12176180385642
1.3521667016955907 103.96189707212869 90.12176180385771
1.3521666882824699 103.96190492289941 90.12176180385642
1.3521666782704074 103.96191078300278 90.12176180385771
1.3521666701765716 103.96191552035388 90.12176180385771
1.3521666570633621 103.96192319555004 90.12176180385642
1.352166648829486 103.96192801485262 90.12176180385642
1.352166638358919 103.96193414328607 90.12176180385771
1.3521666300786364 103.96193898973733 90.12176180385642
1.3521666184790229 103.96194577898405 90.12176180385771
1.3521666035184623 103.96195453537456 90.12176180385771
1.3521665888132184 103.96196314231095 90.12176180385771
1.3521666802614516 103.9619713880243 89.98805995735374
1.3521669573378727 103.9619762618736 89.62640853242355
1.3521673996014156 103.96198404140947 89.04896679075061
1.3521676984198716 103.96198929770753 88.6587389151691
1.3521681690806708 103.96199757675964 88.04407766218704
1.3521686126417793 103.96200537912121 87.46489174668397
1.3521690835570688 103.96201366265082 86.85021212717564
1.3521693841575244 103.96201895029583 86.79158234422036
1.3521698270334401 103.96202674060585 86.79158234422167
1.3521702796390525 103.96203470206437 86.79158234422036
1.3521705536047164 103.96203952119674 86.79158234422029
1.3521709534932866 103.96204655534844 86.79158234422029
1.3521712223526527 103.96205128466002 86.79158234422167
1.3521716035925269 103.96205799077649 86.79158234422036
1.3521726613484477 103.96206560973299 86.00108649565178
1.3521736881006814 103.96207215066941 85.17144388690475
1.3521744849934678 103.96207722728379 84.52716994443429
1.352175544338624 103.96208397585396 83.67051953820628
1.352176831083827 103.96209217307884 82.63019999329282
1.3521776692453797 103.9620975125966 81.95298950107818
1.3521784376922046 103.96210240799594 81.33259827286379
1.3521792530782333 103.96210760242207 81.15969596627707
1.3521803027025412 103.96211428906598 81.15969596627707
1.3521812335763883 103.96212021920878 81.15969596627707
1.3521820685593544 103.9621255384777 81.15969596627707
1.352183238391575 103.96213299090783 81.15969596627836
1.352184829068273 103.96213987545383 80.52112354239233
1.3521863916542827 103.96214652607475 79.87136476248953
1.3521884233615409 103.96215517335236 79.02623290958665
1.352189978897163 103.96216179396586 78.37915411139755
1.352191584328828 103.96216862694514 77.71149309319749
1.352192935735431 103.96217437875234 77.14974346984059
1.3521945713139534 103.9621813400417 76.88432744164095
1.352196527676811 103.96218966664172 76.88432744164223
1.3521985322459267 103.96219686829049 76.49855077992754
1.3522008769468332 103.96220204488267 75.10192208962413
1.352204159617322 103.96220929230878 73.13941489643253
1.3522064457892398 103.9622143396817 71.76987714041687
1.352208313282362 103.96221846270245 70.6507142559154
1.352211743512079 103.96222603590752 68.5970125010742
1.3522143118048513 103.96223170614233 67.06367276163468
1.352216761319335 103.9622371141404 65.79494787616659
1.3522206936187802 103.96224509730324 65.42935001691322
1.3522249907940123 103.96225250358204 64.33908287112911
1.3522276496137977 103.96225708611817 63.66393220053799
1.3522301799299226 103.96226144717531 63.02121971603933
1.3522332044114131 103.96226665993773 62.25296998461321
1.3522361894276873 103.96227180468094 61.494981674335826
1.3522398736799515 103.96227815457324 60.560155491641524
1.3522435067310277 103.96228441621919 60.061661544546794
1.3522473726468172 103.96229107921278 60.061661544546794
1.3522513384481567 103.96229688180625 59.4036372885539
1.352255439053913 103.96230203691141 58.182588999010775
1.352260800993452 103.96230877771116 56.58296319261544
1.3522648234344636 103.962313834551 55.38209603158215
1.3522700596267 103.96232041726671 53.81969049537944
1.3522743261987482 103.96232578101764 52.548765236125064
1.3522777830099166 103.962330126772 51.70363462337823
1.3522826160049874 103.96233620260564 51.70363462337823
1.352286171308948 103.96234067218096 51.70363462337823
1.3522894928131735 103.96234484783331 51.70363462337823
1.3522949350720017 103.9623517033619 51.71450863568677
1.3522990270749193 103.96235686640718 51.7293357649955
1.3523028878677885 103.96236173772543 51.74332512153383
1.3523057860756273 103.96236539451127 51.753826608615356
1.3523106150068291 103.96237148736876 51.771323958923716
1.352314297937688 103.96237613427135 51.78466884192226
1.3523180204931016 103.96238083116988 51.79815729880467
1.3523224464181256 103.96238641553825 51.80502561041296
1.3523266871915056 103.96239110046216 51.2792446737532
1.3523304592745011 103.96239400781836 49.8112738014701
1.352334478404633 103.96239710558766 48.2399399737349
1.3523398122706056 103.96240121669774 46.147002601981065
1.3523462199604275 103.96240615546415 43.62850396781716
1.3523513681208892 103.96241012344056 41.60791150576117
1.3523575394770946 103.96241488005143 39.19663607457067
1.3523618875112506 103.96241823132557 37.82635579983134
1.3523678271167894 103.9624228093132 37.82635579983134
1.3523737388933916 103.96242736585151 37.82635579983031
1.3523804205056884 103.96243251574543 37.82635579983134
1.3523852485052041 103.96243599016135 37.57761919874362
1.3523923715744706 103.96243935963429 35.43197009596579
1.3523977394284343 103.96244189882601 33.80766795992689
1.3524055471388061 103.96244559215928 31.439586387908914
1.3524108030394537 103.962448078393 29.845387244553006
1.3524188034314868 103.96245186287179 27.424924732869773
1.3524231940936051 103.96245393981596 26.102409546449255
1.3524312745404075 103.96245667515649 24.22993556372658
1.3524382694902761 103.96245876378501 22.819609907314977
1.3524454209847836 103.96246089915637 21.375598637390187
1.352452559297533 103.96246303059175 19.933920345566488
1.3524578747683076 103.96246461774308 18.861261056355403
1.35246318617738 103.9624662036816 17.790999007165478
1.352468889816573 103.96246790673648 16.750981894930316
1.3524758932459602 103.9624699978969 16.750981894930316
1.3524834877209742 103.96247226553817 16.750981894931563
1.352490707364056 103.96247421502298 16.499082555797923
1.352496963166628 103.9624751203758 15.321500834322435
1.3525058889350843 103.96247641213164 13.637482426436327
1.3525107905031215 103.96247712149676 12.711707054916735
1.3525191134457148 103.96247832601036 11.139767265485952
1.3525243163254785 103.96247907898194 10.158021520552305
1.3525303998131524 103.96247995939693 9.011917984546145
1.352536525866802 103.96248084597217 8.311704850657083
1.3525427579470404 103.96248174789177 8.311704850657083
1.3525473852035172 103.96248241755795 8.311704850658177
1.3525541098829401 103.96248339076753 8.311704850656893
1.3525601649568069 103.96248426707037 8.311704850657083
1.3525662594524936 103.96248514907843 8.311704850657083
1.3525739240831598 103.96248590008022 7.859601325595515
1.3525821259431494 103.96248645896353 7.066434848313361
1.3525868513655321 103.96248678095871 6.609277051966663
1.3525940920893067 103.96248727434917 5.908679686012727
1.3526005362860527 103.96248771346343 5.285201744540163
1.3526087859574076 103.9624882756046 4.487355512754522
1.352616849262279 103.96248882504652 3.9477465909779514
1.3526237620671846 103.9624892960922 3.947746590976565
1.3526292518429148 103.96248967017118 3.947746590977862
1.352634379205872 103.96249001955498 3.947746590977862
1.3526396013536441 103.96249032384324 3.8821680656778543
1.3526460960663917 103.96249038661124 3.3989465636667275
1.35265240321741 103.9624904475665 2.9295249580561302
1.3526574931378994 103.96249049675787 2.550629988967436
1.352664069912271 103.9624905603189 2.0610209927497505
1.3526686849433482 103.96249060492069 1.7174678032284665
1.3526732673610673 103.96249064920728 1.376381301893982
1.3526809645807638 103.96249072359679 0.8036024392872279
1.3526859343958162 103.96249077162737 0.5817844143877473
1.3526939829956621 103.96249084941272 0.5817844143864623
1.3526997354629287 103.96249090500719 0.5817844143864497
1.3527046510001584 103.96249095251318 0.5817844143877473
1.3527126397633626 103.96249102972018 0.5817844143864497
1.3527190825805873 103.96249109198648 0.5817844143864497
1.3527251545905106 103.96249115066911 0.5817844143877601
1.352731081046139 103.962491207945 0.5817844143864497
1.3527375675538045 103.96249127063349 0.5817844143864623
1.3527430318824558 103.96249132344319 0.5817844143864623
1.3527487443140787 103.96249137865065 0.5817844143864623
1.352755385151634 103.96249144283061 0.5817844143864623
1.352762390198065 103.96249151053044 0.5817844143864623
1.3527690445251894 103.96249157484075 0.5817844143864497
1.3527737364312267 103.96249162018538 0.5817844143877473
1.3527800405470816 103.96249168111105 0.5817844143877601
1.3527865440228757 103.96249174396344 0.5817844143864623
1.3527923050378543 103.96249179964035 0.5817844143864623
1.352797968500109 103.96249185437445 0.5817844143864623
1.3528032715392746 103.96249190562527 0.5817844143864623
1.3528102059771951 103.96249197264261 0.5817844143864623
1.3528184102658374 103.96249205193229 0.5817844143864623
1.3528235191119866 103.96249210130632 0.5817844143864497
1.352831136377368 103.96249217492274 0.5817844143864497
1.3528389238050809 103.96249225018366 0.5817844143864497
1.3528441415397865 103.96249230061 0.5817844143864497
1.3528516660700929 103.96249237333014 0.5817844143864623
1.3528593657505283 103.96249244774299 0.5817844143877473
1.352864864914705 103.96249250088914 0.5817844143864623
1.3528705767336078 103.96249255609045 0.5817844143877473
1.352877062950032 103.96249261877585 0.5817844143877601
1.352883609496229 103.96249268204429 0.5817844143877601
1.352892368919578 103.96249276669884 0.5817844143877601
1.3528996649901601 103.96249283721095 0.5817844143864623
1.3529076083081653 103.9624929139783 0.5817844143864497
1.3529160303634937 103.96249299537232 0.5817844143877473
1.352923824814139 103.9624930707009 0.5817844143864623
1.3529310417832792 103.96249314044849 0.5817844143877473
1.3529394889555693 103.96249322208517 0.5817844143864623
1.3529461133690772 103.96249328610604 0.5817844143864497
1.3529545443447952 103.96249336758616 0.5817844143864497
1.3529617498798072 103.96249343722316 0.5817844143864623
1.3529684875255266 103.96249350233828 0.5817844143864497
1.352975616684899 103.96249357123715 0.5817844143864497
1.352982706435877 103.96249363975511 0.5817844143877473
1.3529882477717272 103.96249369330862 0.5817844143864497
1.3529944400460814 103.96249375315301 0.5817844143864623
1.3530004984417763 103.96249381170355 0.5817844143864623
1.3530086001741406 103.96249389000164 0.5817844143877473
1.3530167075117723 103.96249396835384 0.5817844143864623
1.3530242294516992 103.96249404104856 0.5817844143864497
1.353029696896227 103.96249409388788 0.5817844143864623
1.3530373984879833 103.96249416831878 0.5817844143864497
1.353045657756931 103.96249424813925 0.5817844143877473
1.3530533016255548 103.96249432201226 0.5817844143864497
1.3530617596543715 103.96249440375355 0.5817844143877601
1.3530676772831252 103.96249446094357 0.5817844143877601
1.3530749047444144 103.9624945307922 0.5817844143877473
1.3530823917143218 103.96249460314881 0.5817844143864497
1.353089585538222 103.96249467267236 0.5817844143864497
1.35309475913223 103.9624947226717 0.5817844143864497
1.3531029665836094 103.96249480199126 0.5817844143864623
1.3531107715114081 103.96249487742065 0.5817844143877473
1.3531188062830186 103.9624949550713 0.5817844143864623
1.3531270566067546 103.96249503480513 0.5817844143864623
1.3531316173779064 103.96249507888189 0.5817844143864623
1.3531397287888096 103.96249515727317 0.5817844143877601
1.3531442568948764 103.96249520103424 0.5817844143864497
1.3531517600750576 103.96249527354735 0.5817844143864623
1.3531565763469877 103.96249532009332 0.5817844143864623
1.3531645490315882 103.96249539714385 0.5817844143864623
1.3531706464653195 103.96249545607135 0.5817844143877473
1.353178224441206 103.96249552930728 0.5817844143864497
1.3531832766748555 103.9624955781336 0.5817844143864623
1.3531885317819026 103.96249562892056 0.5817844143877473
1.3531938754192014 103.96249568056311 0.5817844143864623
1.353199588579909 103.96249573577681 0.5817844143864623
1.3532067597089483 103.96249580508075 0.5817844143864497
1.3532120917469368 103.96249585661118 0.5817844143864497
1.3532206059126954 103.96249593889459 0.5817844143864497
1.3532288099158873 103.96249601818049 0.5817844143864623
1.3532360347181678 103.96249608800308 0.5817844143864623
1.3532413105912633 103.96249613899066 0.5817844143877473
1.3532474145397948 103.96249619798097 0.5817844143864497
1.3532564406172132 103.96249628521156 0.5817844143864497
1.3532649090970243 103.96249636705336 0.5817844143864497
1.3532730861116908 103.96249644607832 0.5817844143877601
1.3532777853069444 103.96249649149264 0.5817844143864623
1.353285526877422 103.96249656630933 0.5817844143864497
1.353294518865954 103.96249615950073 359.9520598799793
1.353300396182824 103.96249568832931 359.2781152035213
1.3533071143836628 103.96249514974608 358.5073236922551
1.3533143168050346 103.96249457234394 357.6807787813515
1.3533189622128845 103.9624941999319 357.14772312663194
1.3533237471787292 103.96249381633177 356.59880792250937
1.3533302856011988 103.96249329216093 355.84917665334194
1.3533374980718644 103.9624927139531 355.4115742141794
1.353346378955108 103.96249200199229 355.41157421417927
1.3533538660883657 103.9624914017653 355.4115742141794
1.353360616503306 103.96249082584335 355.36740366126196
1.3533663918101602 103.96249002072142 354.93250596355267
1.353372074945319 103.96248922844893 354.50441287472364
1.3533776546141338 103.96248845060043 354.08402858019963
1.3533839322032963 103.96248757545646 353.6110174497338
1.3533887720484203 103.96248690074502 353.2463463470643
1.3533974406523974 103.96248569227524 352.59330344793943
1.353404683770744 103.96248468252907 352.0478666639618
1.3534135056824075 103.96248345268698 352.03761730497024
1.3534191484725138 103.96248222002481 351.47407969810496
1.353426228376335 103.96248012790377 350.07486972499123
1.353431250907588 103.96247864373908 349.0804771648317
1.3534395483530246 103.9624761918328 347.4362239991413
1.3534444345187542 103.96247474796425 346.4680307361876
1.3534515464645756 103.96247264637468 345.0602557542499
1.3534588700889296 103.96247048223377 343.61398492840755
1.353463478865107 103.96246912033413 343.4615694802885
1.3534702611529128 103.96246711615886 343.4615694802876
1.3534746842586038 103.9624658091251 343.46156948028727
1.3534828772916039 103.96246293088032 342.90261384544675
1.3534911419062412 103.96245963949815 341.86345265460244
1.3534974073848673 103.96245714427171 341.0751615824924
1.3535030104676404 103.96245491284435 340.3701197603648
1.3535094699840937 103.96245234034232 339.55749528310423
1.3535157439312442 103.96244984174322 338.76869971847077
1.353521330163817 103.96244761702637 338.1825816346249
1.3535258540180437 103.96244581540162 338.1825816346244
1.3535312330932803 103.96244367318516 338.1825816346261
1.3535357171899867 103.9624415067521 337.7317632188736
1.3535410921403623 103.96243799000494 336.0967620646586
1.353547448358029 103.96243383122966 334.15571643905923
1.3535539960050729 103.96242954720505 332.152087588159
1.3535585715926384 103.96242655346853 330.7520218652626
1.3535653938079113 103.96242208979807 328.668719646835
1.3535727447001502 103.96241728022234 326.6592926535224
1.3535771346168366 103.96241440796736 326.6592926535224
1.3535809926636029 103.96241188370665 326.65929265352315
1.3535876242184055 103.96240754478224 326.6592926535224
1.3535916609605751 103.96240490360384 326.65929265352315
1.3535980201357996 103.96239898734397 324.7845507840272
1.3536026828112542 103.9623944124291 323.15015543053755
1.3536067173703787 103.96239045380817 321.73303391435326
1.353611531544139 103.96238573024638 320.04108342573795
1.3536175958658212 103.96237978006684 317.9125595551136
1.3536239311085654 103.96237356406536 315.69817029359695
1.3536297408595115 103.96236786366491 315.38452965958436
1.353635377501252 103.96236233311535 315.38452965958436
1.3536413339127384 103.96235648881463 315.38452965958436
1.3536463934683858 103.96235152448924 315.38452965958436
1.353650519029328 103.9623466075719 314.595633924023
1.3536556879832082 103.9623402942365 313.4669698710211
1.3536603215968996 103.96233463476295 312.45438267000344
1.3536652963660676 103.9623285586037 311.3671304776868
1.3536700070011478 103.96232280505652 310.33819086278515
1.3536753547383762 103.96231627335573 309.17163318497234
1.3536804433815386 103.96231005811111 309.1523514945936
1.353684910319511 103.96230240444442 307.378431481901
1.3536875558051988 103.96229705818813 305.6626529867487
1.35369107494353 103.96228994636903 303.3724525129882
1.3536943199505094 103.9622833885413 301.25851929216554
1.3536966189928883 103.96227874241139 299.76282648398785
1.3536992082467618 103.96227350979363 298.08318046664533
1.353701616577779 103.96226864280247 296.5279111158638
1.3537049714236815 103.96226186300127 296.2058346955273
1.3537071686275743 103.96225742267639 296.2058346955273
1.353710126391456 103.96225144533732 296.2058346955273
1.3537140653910458 103.96224348502089 296.20583469552844
1.3537179001828081 103.96223573529774 296.20583469552844
1.3537211063222288 103.96222925601683 296.20583469552787
1.3537232169410365 103.96222412040579 295.71606103408567
1.3537249895305619 103.96221925093084 294.9909203753067
1.3537279913988944 103.96221100450798 293.7616076325506
1.3537307248522128 103.96220349544703 292.64162144978593
1.353733687720889 103.96219535615977 291.4280218856817
1.3537366558198034 103.96218720250441 290.2137448991631
1.3537389478583293 103.96218090605238 289.90887174899206
1.3537418900245 103.96217282363656 289.9088717489916
1.3537438432868103 103.9621674578355 289.90887174899206
1.3537454516084035 103.96216168523601 289.3212615323654
1.3537470319074778 103.96215542683736 288.48868134614565
1.3537487287394303 103.96214870693785 287.5940190123869
1.3537504868516386 103.96214174435235 286.66675080137475
1.353752081671726 103.9621354284464 285.8257484830204
1.3537536264616605 103.96212931067289 285.01161091153494
1.3537555404911346 103.96212173061379 284.10870094370244
1.3537568897229917 103.96211638730144 284.10870094370244
1.3537583817720273 103.96211047839547 284.10870094370273
1.3537598701420912 103.96210458405915 284.1087009437015
1.3537610353968257 103.96209996934431 284.10870094370114
1.3537617853612776 103.96209445713953 283.31931782772875
1.3537624476041497 103.96208884620998 282.39001222013593
1.3537634750092105 103.96208014140117 280.9463995202318
1.3537643104294086 103.96207306320622 279.77196020460883
1.3537651618668958 103.96206584930273 278.57556225459876
1.3537660143493166 103.96205862654568 277.3792979986946
1.353767047009619 103.9620498772102 276.71307056887326
1.353767901176966 103.96204264017697 276.7130705688734
1.3537689443487575 103.96203380178112 276.71307056887326
1.3537699339663405 103.9620254171293 276.71307056887207
1.3537708917476858 103.96201730221351 276.7130705688734
1.3537717253871375 103.96201023910439 276.71307056887326
