1.3508980088770084 103.96070168044959 98.0994319225628 0.0 1.0
1.350894704909333 103.96072481900485 98.0994319225641 2.6 2.0
1.3508880969731705 103.96077109611572 98.0994319225628 5.2 3.0
1.3508781850668976 103.96084051178279 98.0994319225641 7.800000000000001 4.0
1.35086547749119 103.96092950622915 98.0994319225641 10.0 5.0
1.3508527699114798 103.96101850067706 98.0994319225641 10.0 6.0
1.3508367029986639 103.96110663778055 102.49456711433398 10.0 7.0
1.3508047865787598 103.96119040766017 110.71853990448987 10.0 8.0
1.3507887144399209 103.9612769295769 90.20956615498487 10.0 9.0
1.350784151296432 103.96136625420102 95.32275070776866 10.0 10.0
1.350775983585276 103.96145544919136 95.12359440745702 10.0 11.0
1.3507679865428175 103.96154465959856 95.11424266668304 10.0 12.0
1.3507577863330442 103.96163362372556 97.77312392342363 10.0 13.0
1.3507456327413805 103.96172236949454 97.77312392342353 10.0 14.0
1.3507348253611888 103.96181125685908 96.0519445967431 10.0 15.0
1.3507280088903981 103.96190056398686 94.36128834034301 10.0 16.0
1.3507211924159161 103.96198987111669 94.36128834034292 10.0 17.0
1.350714375937742 103.96207917824853 94.36128834034301 10.0 18.0
1.3507169905985656 103.9621686067685 87.17196609973594 10.0 19.0
1.3507214765006834 103.96225805937566 87.17196609973456 10.0 20.0
1.3507301874680757 103.96234710209437 81.77325588249276 10.0 21.0
1.3507432014278078 103.96243572736506 81.7235429270856 10.0 22.0
1.3507597708746886 103.96251741742469 75.44414341064152 10.0 23.0
1.3507957282073217 103.96259624944419 65.55604521958368 10.0 24.0
1.3508327767320807 103.96267714168928 65.55604521958303 10.0 25.0
1.3508698252560234 103.9627580339385 65.55604521958368 10.0 26.0
1.3509143519689588 103.96283465139484 54.66701558031295 10.0 27.0
1.3509661132314317 103.96290713333153 54.66701558031295 10.0 28.0
1.3510178744940926 103.9629796152721 54.667015580313716 10.0 29.0
1.3510750142501768 103.96304777321674 47.42697780112145 10.0 30.0
1.3511355564316259 103.96311319581069 47.42697780112056 10.0 31.0
1.3511960986137894 103.9631786184081 47.42697780112048 10.0 32.0
1.3512624486361258 103.96323703446481 35.66718539390436 10.0 33.0
1.351338676943166 103.96328353341934 31.571625743145592 10.0 34.0
1.3514149052515152 103.96333003237564 31.571625743146292 10.0 35.0
1.3514911335611743 103.9633765313337 31.571625743146292 10.0 36.0
1.3515714463259758 103.96341480976723 21.025935185205526 10.0 37.0
1.3516549522450085 103.96344666154086 21.025935185205526 10.0 38.0
1.3517384581652552 103.96347851331483 21.025935185206762 10.0 39.0
1.351821964086714 103.96351036508909 21.025935185205526 10.0 40.0
1.3519063580411272 103.96353981201284 19.31898476870439 10.0 41.0
1.3519907818191161 103.96356917817553 19.31898476870439 10.0 42.0
1.3520752055982643 103.96359854433827 19.318984768704823 10.0 43.0
1.3521596293785727 103.96362791050109 19.318984768704823 10.0 44.0
1.3522440531600404 103.96365727666398 19.318984768705636 10.0 45.0
1.3523284769426678 103.96368664282693 19.318984768705636 10.0 46.0
