75589916
1.2804830772290212 103.84046361495382 221.53632779031557
1.2804770583736083 103.8404581742305 221.70661057715517
1.2804733506907535 103.84045482268357 221.81150814018872
1.2804670448668587 103.84044912255612 221.98991237105085
1.2804622584801342 103.84044479591859 222.12532708190201
1.2804563373832045 103.84043944356377 222.29284016588954
1.2804509400977788 103.84043456470653 222.32210278085307
1.28044724566385 103.84043122513592 222.32210278085307
1.2804427075359324 103.84042712291112 222.32210278085307
1.280438913529317 103.84042369333214 222.32210278085353
1.28043509178365 103.84042023867856 222.32210278085304
1.2804310926986655 103.84041662371975 222.32210278085307
1.2804249085815549 103.8404110336088 222.32210278085304
1.280419365214352 103.84040602270153 222.32210278085307
1.2804141383110381 103.84040129786065 222.32210278085304
1.2804095739726307 103.84039717194301 222.32210278085304
1.280403000764571 103.84039123011473 222.32210278085307
1.2803988680983205 103.84038749440565 222.32210278085307
1.2803943304118242 103.84038339257992 222.32210278085353
1.2803888697402768 103.84037845642514 222.32210278085265
1.2803847207515013 103.84037470596138 222.32210278085307
1.2803796858214658 103.84037015465414 222.32210278085353
1.2803762576665798 103.84036705578565 222.32210278085307
1.2803725763683527 103.84036372808912 222.32210278085307
1.280368481416324 103.8403600264717 222.32210278085304
1.2803632250179804 103.840355274969 222.32210278085353
1.2803581376804305 103.84035067628822 222.32210278085307
1.280352695906634 103.84034575721607 222.32210278085353
1.2803475582143973 103.84034111301736 222.32210278085307
1.2803438565336054 103.84033776689611 222.32210278085353
1.2803381826117135 103.84033263797454 222.32210278085304
1.2803331377496219 103.84032807768935 222.32210278085304
1.2803295477584855 103.8403248325296 222.32210278085307
1.2803244017900703 103.84032018084973 222.32210278085353
1.2803178986248465 103.84031430233662 222.32210278085353
1.2803116397844543 103.84030864468008 222.32210278085353
1.2803068848667252 103.84030434648912 222.32210278085307
1.2803026640859723 103.84030053112936 222.32210278085353
1.2802964256715121 103.84029489193682 222.32210278085353
1.2802926630109983 103.84029149069325 222.32210278085304
1.2802892394053937 103.84028839593716 222.32210278085353
1.2802852530950983 103.84028479252618 222.32210278085307
1.2802812319319399 103.84028115761008 222.32210278085353
1.2802763198158393 103.84027671732025 222.32210278085353
1.2802726452578645 103.8402733957167 222.32210278085353
1.280267796794116 103.8402690129652 222.32210278085304
1.2802641587428705 103.84026572436176 222.32210278085304
1.280258701241134 103.84026079107257 222.32210278085353
1.280255100311345 103.84025753602495 222.32210278085353
1.2802489631218588 103.84025198833447 222.32210278085353
1.2802424338560583 103.84024608622802 222.32210278085307
1.280236077745663 103.8402403406448 222.32210278085353
1.2802304019816815 103.84023521005828 222.32210278085307
1.2802259277283687 103.84023116557304 222.32210278085353
1.2802217063631947 103.84022737723083 222.29611112463408
1.2802152872882129 103.84022182086649 222.06385239219006
1.280209254659259 103.84021659901063 221.8455653992054
1.280203608013958 103.84021171126301 221.64124118052897
1.2801986805436982 103.84020744603478 221.4629415101102
1.2801925978827746 103.84020218087117 221.24284831194998
1.2801859269970421 103.84019640653901 221.0887943999893
1.2801811927929925 103.84019230860243 221.0887943999893
1.2801767879513368 103.84018849576258 221.0887943999893
1.2801725351310254 103.84018481451274 221.0887943999893
1.280167808204597 103.8401807228757 221.0887943999893
1.2801640362840505 103.84017745789369 221.08879439998972
1.28015903184693 103.84017312604284 221.0887943999893
1.2801539616882236 103.84016873730327 221.0887943999893
1.280147232361204 103.84016291238427 221.0887943999893
1.2801415877144713 103.84015802636674 221.0887943999893
1.280136807967449 103.84015388900812 221.08879439998972
1.2801326728545879 103.84015030964613 221.0887943999893
1.2801264846492109 103.84014495312317 221.0887943999893
1.280121234846472 103.84014040888341 221.0887943999893
1.2801171068612744 103.84013683569118 221.08879439998972
1.2801134765740374 103.8401336933073 221.0887943999893
1.2801082174356309 103.84012914098659 221.0887943999893
1.2801024004282362 103.84012410577338 221.0887943999893
1.2800970622405714 103.8401194850275 221.0887943999893
1.2800909025770468 103.8401141532105 221.0887943999893
1.2800854584162011 103.84010944073403 221.0887943999893
1.280080433719091 103.84010509134622 221.0887943999893
1.2800769549199946 103.84010208009083 221.0887943999893
1.280070756624415 103.84009671483385 221.0887943999893
1.2800647089271258 103.8400914799351 221.08879439998972
1.2800597271578538 103.84008716770573 221.0887943999893
1.2800547634389683 103.84008287110083 221.08879439998972
1.2800504267100759 103.84007911721973 221.0887943999898
1.2800446637440905 103.84007412878498 221.0887943999893
1.2800404040659212 103.84007044159914 221.08879439998972
1.2800368282897803 103.84006734640025 221.0887943999893
1.2800327867525942 103.8400638480377 221.0887943999898
