635485027
1.2785911747170993 103.8385991216638 238.55558545268852
1.2785868390442197 103.83859208390201 238.55558545268877
1.278584405170362 103.8385881331832 238.55558545268875
1.2785811622518584 103.83858286920494 238.55558545268875
1.2785773614985962 103.83857669973676 238.55558545268852
1.278574614810613 103.83857224125109 238.55558545268875
1.2785699776362607 103.83856471408544 238.55558545268875
1.2785676030635411 103.83856085962563 238.55558545268875
1.2785631376353526 103.83855361124228 238.55558545268877
1.2785597063539258 103.83854804150921 238.55558545268875
1.2785565868135171 103.83854297780115 238.55558545268875
1.2785526381497723 103.83853656824154 238.55558545268852
1.2785490073092216 103.83853067457966 238.55558545268875
1.2785463985012462 103.83852643990403 238.55558545268852
1.2785417336087137 103.83851886774582 238.55558545268875
1.278538129305187 103.83851301715951 238.55558545268852
1.2785345673128403 103.83850723525367 238.55558545268875
1.278529933072064 103.83849971285021 238.55558545268877
1.2785272684503937 103.8384953875766 238.55558545268877
1.2785226991310357 103.83848797055506 238.55558545268875
1.2785190770129327 103.83848209105184 238.55558545268875
1.2785149466760566 103.83847538659656 238.55558545268877
1.2785104901701623 103.83846815269648 238.55558545268875
1.2785061362602987 103.83846108533258 238.55558545268877
1.278502418519952 103.83845505061329 238.55558545268877
1.2784995993288772 103.8384504744393 238.55558545268852
1.2784960636668197 103.83844473527363 238.55558545268877
1.278493621968989 103.83844077185513 238.55558545268875
1.2784907440526705 103.83843610035706 238.55558545268852
1.2784878893555185 103.83843146654885 238.55558545268875
1.2784851659058962 103.8384270457846 238.55558545268877
1.2784804644361643 103.83841941425395 238.55558545268875
1.2784760264404325 103.83841221040021 238.55558545268875
1.2784733428467805 103.83840785433111 238.55558545268875
1.2784690157152965 103.83840083043476 238.55558545268852
1.2784661615932569 103.83839619756019 238.55558545268875
1.2784621001729262 103.83838960497214 238.55558545268877
1.2784588251056075 103.83838428880988 238.55558545268852
1.2784543504445585 103.83837702544032 238.55558545268875
1.2784513148097822 103.83837209793033 238.55558545268875
1.278448172608848 103.83836709054917 238.49355366541783
1.2784456648926164 103.8383630991021 238.4408324310949
1.2784429306409586 103.83835874708626 238.3833483446308
1.2784386837644672 103.8383519874767 238.29406301327853
1.2784348194353443 103.83834583675484 238.21282029851932
1.2784303439984372 103.83833871335345 238.11873028241845
1.278426546476822 103.83833266896691 238.05252054129193
1.2784229915017151 103.83832701063345 238.05252054129193
1.278419236587909 103.83832103406435 238.05252054129207
1.2784160002328782 103.8383158828677 238.05252054129207
1.278411918537561 103.8383093861716 238.05252054129193
1.2784092062315415 103.83830506908603 238.05252054129193
1.2784066063386017 103.83830093092459 238.05252054129207
1.2784020333203077 103.83829365220639 238.05252054129207
1.2783980840003522 103.83828736620777 238.0525205412918
1.2783943800778446 103.83828147079993 238.05252054129195
1.2783900647963724 103.8382746023128 238.0525205412918
1.2783861591936594 103.83826838589748 238.05252054129207
1.278383647873945 103.8382643887151 238.05252054129207
1.2783801119077582 103.83825876063773 238.05252054129195
1.2783761524887747 103.83825245856495 238.05252054129195
1.2783729913066584 103.8382474270187 238.05252054129195
1.278369195021567 103.83824136423583 238.06628211057114
1.2783646511295657 103.83823407205315 238.10670850323956
1.2783617151396929 103.83822936028304 238.13282963797943
1.2783570049182356 103.8382218011696 238.17473590684938
1.278354577090964 103.83821790491507 238.1963359875323
1.2783500517928386 103.83821064257252 238.23659697493824
1.278345998126994 103.83820413712051 238.26414843137985
1.278343106615726 103.83819949673118 238.26414843137985
1.2783398148121932 103.8381942139401 238.26414843137997
1.2783365548136048 103.83818898219063 238.26414843137977
1.2783326936039734 103.83818278559855 238.26414843137997
1.2783296752033326 103.83817794157319 238.26414843137997
1.2783257617808081 103.83817166118824 238.26414843137997
1.2783220497055914 103.83816570393189 238.26414843137985
1.2783176868374513 103.83815870226239 238.26414843137997
1.278314871138758 103.83815418353961 238.26414843137985
1.2783102345426638 103.83814674258285 238.26414843137997
1.2783055234935048 103.83813918214148 238.26414843137997
1.2783028748191185 103.83813527326105 238.03452866277132
1.2782986710448454 103.83812912041375 237.63574149767948
1.278294636865823 103.83812321579428 237.25298990610779
1.2782912180409574 103.83811821183693 236.92860656613536
1.2782879158393863 103.83811337857507 236.6152964122271
1.278283258355484 103.8381065616565 236.17344777947295
1.2782797444117915 103.83810141847869 235.85641334806226
1.2782769323692507 103.83809730263732 235.85641334806226
1.2782740769894891 103.83809312336554 235.85641334806226
1.2782709864793815 103.8380885999456 235.85641334806212
1.2782660570559854 103.83808138500335 235.85641334806212
1.2782610176517788 103.83807400908792 235.85641334806226
1.2782568070676155 103.83806784627355 235.85641334806226
1.2782541553348237 103.83806396506937 235.85641334806223
1.2782515851812086 103.83806020326841 235.85641334806226
1.2782489674511515 103.83805637183228 235.85641334806223
1.2782446602089106 103.83805006754456 235.85641334806223
1.2782415000143992 103.83804544213127 235.85641334806212
1.2782385796893778 103.8380411678026 235.85641334806226
1.2782350574482169 103.83803601248039 235.85641334806226
1.2782301380239705 103.83802881217362 235.85641334806226
1.2782260572003357 103.83802283928317 235.85641334806226
1.2782224417057384 103.8380175474708 235.85641334806223
1.2782194816224077 103.83801318674124 235.87663177268794
1.2782148066119616 103.83800598642418 236.13305616070855
1.2782113665882362 103.8380006881983 236.32175219880253
1.2782070020465102 103.8379939660563 236.56116685426707
1.2782033209014918 103.83798829646236 236.7630935861907
1.2781985463551588 103.83798094284309 237.02498868144917
1.2781937197951534 103.83797350911388 237.20008196220766
1.2781889000471485 103.83796608587636 237.20008196220766
1.2781856756723808 103.83796111978694 237.20008196220766
1.2781810024553442 103.83795392223226 237.20008196220775
1.2781767514047226 103.8379473748862 237.20008196220766
1.2781725562830488 103.83794091368033 237.20008196220758
1.2781680712475805 103.83793400595759 237.20008196220775
1.278165501170232 103.83793004759833 237.20008196220766
1.2781626526332115 103.83792566036351 237.20008196220766
1.2781596834416324 103.8379210873 237.20008196220766
1.2781564250258997 103.8379160687818 237.20008196220766
1.2781538857694685 103.83791215789205 237.20008196220758
1.2781498815703893 103.8379059907398 237.20008196220766
1.278145330314839 103.83789898102694 237.20008196220766
1.2781428293344494 103.83789512908889 237.20008196220772
1.2781389406913801 103.83788913991276 237.20008196220766
1.278134123374358 103.83788172041976 237.20008196220775
1.2781299270601167 103.83787525737739 237.20008196220766
1.2781250905319101 103.83786780829593 237.2000819622076
1.2781211334373652 103.83786171369292 237.20008196220766
1.278118599850131 103.83785781153483 237.20008196220766
1.2781157800639322 103.83785346858137 237.20008196220775
1.278112932994077 103.83784908360644 237.20008196220766
1.2781092424802307 103.83784339958338 237.20008196220775
1.278105350518207 103.83783740529566 237.20008196220766
1.2781004931979976 103.83782992419114 237.20008196220772
1.2780974973184525 103.83782531002386 237.20008196220766
1.2780939152587687 103.83781979303888 237.20008196220766
1.2780901463846526 103.83781398832767 237.20008196220766
1.2780874418580377 103.83780982289383 237.20008196220772
1.278083954820298 103.83780445225892 237.20008196220766
1.2780802159995708 103.83779869383517 237.2000819622076
1.2780761030850434 103.83779235924295 237.20008196220766
1.2780728320114034 103.83778732122978 237.20008196220766
1.2780680655718761 103.83777998009728 237.20008196220766
1.2780646076598063 103.837774654321 237.20008196220766
1.2780597205962887 103.83776712740698 237.20008196220772
1.2780557784897046 103.83776105588832 237.20008196220766
1.2780523374316264 103.83775575607015 237.20008196220772
1.2780498544857017 103.8377519319086 237.20008196220772
1.2780468362466832 103.83774728330414 237.20008196220766
1.2780439561999022 103.83774284753937 237.20008196220766
1.2780399771768358 103.83773671916312 237.20008196220766
1.278035278336126 103.8377294821446 237.20008196220772
1.2780325509971666 103.83772528157604 237.20008196220766
1.2780287134347736 103.83771937107349 237.20008196220758
1.2780251858698324 103.83771393802007 237.20008196220766
1.2780220092463357 103.83770904547652 237.20008196220766
1.2780193735876646 103.83770498611133 237.20008196220772
1.2780161483515344 103.83770001869605 237.20008196220766
1.278012826240782 103.83769490207726 237.20008196220766
1.2780098966267266 103.83769038997056 237.20008196220766
1.2780063600008926 103.83768494296191 237.20008196220766
1.2780033674539124 103.83768033392776 237.20008196220772
1.2779990120620017 103.83767362587938 237.20008196220766
1.2779950557219528 103.83766753243911 237.20008196220766
1.2779904952327075 103.83766050850578 237.20008196220766
1.2779877930806627 103.83765634672956 237.20008196220772
1.277984061793113 103.8376505999087 237.20008196220766
1.2779796503974086 103.83764380560501 237.20008196220766
1.2779760791066805 103.83763830520665 237.20008196220766
1.2779717609066101 103.83763165444022 237.20008196220766
1.2779675755690068 103.83762520830473 237.20008196220766
1.277963230983351 103.83761851690002 237.20008196220766
1.2779585630789383 103.83761132752919 237.20008196220772
1.277955679991665 103.83760688708192 237.20008196220766
1.2779526185831251 103.83760217198942 237.20008196220766
