634658666
1.2790597190253827 103.83880025733252 50.220570141630944
1.2790641347562681 103.83880552210685 50.220570141631164
1.2790681296000324 103.83881028506715 50.220570141631164
1.279071487932609 103.83881428912986 50.220570141630944
1.2790768014808582 103.83882062435121 50.22057014163141
1.279079967749444 103.83882439942043 50.220570141630944
1.279083834010768 103.8388290090749 50.220570141630944
1.2790869667718119 103.83883274419387 50.220570141630944
1.279091184724956 103.83883777316244 50.220570141631164
1.2790959004223932 103.8388433955801 50.220570141631164
1.2790992484765704 103.83884738738814 50.220570141630944
1.2791024773175532 103.83885123706106 50.220570141631164
1.2791074940622875 103.83885721841054 50.220570141630944
1.2791119421474602 103.8388625217603 50.220570141630944
1.2791170265702343 103.83886858380079 50.220570141631164
1.2791199374349334 103.8388720543579 50.220570141631164
1.2791238344254314 103.83887670065019 50.220570141630944
1.27912800410801 103.83888167206699 50.220570141630944
1.279131491860865 103.83888583043465 50.220570141630944
1.2791347663759092 103.83888973456375 50.220570141630944
1.2791400456817668 103.83889602895897 50.220570141630944
1.279143977821769 103.83890071715925 50.220570141631164
1.2791479906164922 103.83890550152232 50.220570141630944
1.2791535015992563 103.83891207214063 50.220570141630944
1.2791574975394724 103.83891683640849 50.220570141630944
1.2791620364086973 103.83892224799816 50.220570141630944
1.279166209289625 103.83892722322838 50.220570141630944
1.2791692980789804 103.8389309059211 50.2205701416312
1.2791730713269949 103.8389354046782 50.220570141631164
1.2791772301939575 103.83894028905326 50.15905563515594
1.2791806818717093 103.83894359647415 49.48833926566902
1.279184693005058 103.83894743996916 48.70810212611984
1.2791882216139028 103.83895082110593 48.02122281138835
1.279192529988857 103.83895494941987 47.1822164309527
1.2791964395916218 103.83895869562762 46.42082786615741
1.2792020891925742 103.83896410911336 45.32107432750561
1.2792063741641126 103.83896821500201 44.4877922595833
1.2792097603373005 103.83897145965602 43.9883111016752
1.2792150319559272 103.83897651095658 43.98831110167495
1.2792189147610618 103.83898023148669 43.98831110167543
1.2792222655365597 103.83898344222241 43.98831110167495
1.2792262032217712 103.83898721533899 43.98831110167495
1.2792295096491086 103.83899038358003 43.98831110167495
1.2792340424575481 103.8389947269477 43.98831110167495
1.2792396577351124 103.83900010754465 43.98831110167495
1.2792440593267842 103.83900432517954 43.9883111016752
1.2792496216280747 103.8390096550143 43.98831110167495
1.279255193796095 103.83901499430341 43.9883111016752
1.279259834743085 103.83901944129023 43.98831110167495
1.2792652346166642 103.83902461548567 43.98831110167519
1.2792691130751288 103.83902833185086 43.98831110167519
1.2792750893609042 103.83903405836838 43.98831110167495
1.2792791436302897 103.8390379431968 43.98831110167495
1.2792841413774276 103.839042732072 43.98831110167495
