652039200
1.3899525486340982 103.85807329719258 357.8567717125263
1.3899571261610904 103.85807312477769 357.856771712527
1.3899636635256694 103.85807287854452 357.856771712527
1.389970694744186 103.85807261371006 357.8567717125263
1.3899765273724185 103.85807239402112 357.856771712527
1.3899844824703715 103.85807209438825 357.856771712527
1.3899920234724594 103.85807181035247 357.8567717125263
1.3900006513600593 103.85807148537857 357.8567717125263
1.3900066455486368 103.8580712596043 357.856771712527
1.3900142405477167 103.85807097353465 357.856771712527
1.3900221942670254 103.85807067395358 357.856771712527
1.3900308533987207 103.85807034780275 357.856771712527
1.390039796701193 103.85807001094845 357.856771712527
1.390045801447902 103.85806978477642 357.8567717125263
1.3900519942060765 103.85806955152282 357.8567717125263
1.3900570917646644 103.85806935952048 357.8567717125263
1.3900630755193986 103.85806913413909 357.856771712527
1.3900688632568525 103.85806891614078 357.8567717125263
1.390074274328442 103.8580687123298 357.8567717125263
1.3900820575537907 103.85806841917028 357.8567717125263
1.390087888712455 103.85806819953645 357.856771712527
1.390095155346984 103.85806792583459 357.856771712527
1.3901036682490724 103.85806760519134 357.8567717125263
1.3901101634920838 103.85806736054435 357.8567717125263
1.3901152933998233 103.85806715238698 357.8377301597911
1.3901237645769684 103.85806670092404 357.66894955410925
1.3901283166297562 103.8580664583269 357.5782519219977
1.3901352686897155 103.85806608782376 357.43973371083047
1.390140623611998 103.85806580243847 357.3330377595655
1.3901476627316647 103.85806542729556 357.19278535025694
1.3901555233976512 103.85806500836911 357.03616698270963
1.390164315119259 103.85806453982292 356.95746506362184
1.3901689569207176 103.85806429244266 356.95746506362184
1.3901757062654858 103.85806393274292 356.95746506362184
1.3901843938148395 103.85806346974843 356.95746506362184
1.3901892552048196 103.85806321066538 356.95746506362184
1.3901941587266453 103.85806294933693 356.95746506362184
1.3901990621348048 103.85806268801454 356.95746506362184
1.3902077037021605 103.85806222747055 356.95746506362184
1.3902153331863947 103.85806182086452 356.95746506362184
1.3902235603783029 103.8580613824042 356.95746506362184
1.3902308531828536 103.85806099374115 356.95746506362184
1.390239814071663 103.85806051617912 356.95746506362184
1.390245667753774 103.85806020421268 356.95746506362184
1.3902504653079066 103.85805994853158 356.9574650636219
1.3902553638641564 103.85805968746764 356.95746506362184
1.390263402268491 103.85805925906847 356.95746506362184
1.3902697599393605 103.85805892024239 356.95746506362184
1.3902754435375364 103.85805861734033 356.95746506362184
1.3902841935164452 103.85805815101838 356.95746506362184
1.3902909732180642 103.8580577897005 356.9574650636219
1.3902967364788505 103.85805748255287 356.95746506362184
1.3903016593625181 103.85805722019235 356.9574650636219
1.3903080052552914 103.85805688199385 356.95746506362184
1.39031319627528 103.85805660534324 356.9574650636219
1.3903186113419232 103.85805631675224 356.95746506362184
1.3903270720939915 103.85805586584424 356.95746506362184
1.3903354020334437 103.85805542190771 356.95746506362184
1.3903411115570454 103.85805511762385 356.95746506362184
1.390348647229929 103.85805471601702 356.95746506362184
1.390355777621172 103.85805433600929 356.95746506362184
1.3903628473401113 103.85805395923501 356.95746506362184
1.3903675907518542 103.85805370643914 356.95746506362184
1.3903744676276621 103.85805333994222 356.95746506362184
1.3903793929533328 103.8580530774514 356.95746506362184
1.3903856737423836 103.85805274272238 356.95746506362184
1.3903908318797742 103.85805246782405 356.95746506362184
1.3903956298060396 103.85805221212281 356.95746506362184
1.390400384893417 103.85805195870468 356.95746506362184
1.3904060716964506 103.85805165563154 356.95746506362184
1.3904108493485623 103.85805140101081 356.95746506362184
1.3904175594280341 103.85805104340302 356.95746506362184
1.390424467051178 103.85805067526732 356.95746506362184
1.390432714904524 103.8580502357052 356.95746506362184
1.3904373651966002 103.85804998787195 356.95746506362184
1.3904457459755712 103.85804954122564 356.9574650636219
1.3904543614953428 103.85804908206897 356.95746506362184
1.3904592805760068 103.85804881991085 356.95746506362184
1.3904659479348611 103.8580484645797 356.95746506362184
1.3904729453239837 103.85804809165987 356.95746506362184
1.3904791962117273 103.85804775852418 356.95746506362184
1.3904852582700362 103.85804743545194 356.95746506362184
1.390490092863797 103.85804717779641 356.95746506362184
1.3904951185802612 103.8580469099551 356.95746506362184
1.390499727663689 103.85804666431792 356.95746506362184
1.3905086866523886 103.85804618685623 356.95746506362184
1.3905161593740014 103.85804578860382 356.95746506362184
1.3905219834097373 103.85804547821672 356.95746506362184
1.3905281796719373 103.85804514799213 356.9574650636219
1.3905326988653754 103.8580449071455 356.95746506362184
1.3905400607441754 103.8580445148003 356.95746506362184
1.3905469566036952 103.8580441472912 356.95746506362184
1.3905543332096881 103.8580437541611 356.95746506362184
1.3905604029976093 103.85804343067674 356.95746506362184
1.3905673370773517 103.85804306113069 356.95746506362184
1.3905734507631822 103.85804273530682 356.95746506362184
1.3905803945585475 103.85804236524292 356.95746506362184
1.3905882631488669 103.85804194589281 356.9574650636219
1.3905931353111933 103.85804168623488 356.9574650636212
1.3905984047918407 103.85804140540219 356.95746506362184
1.3906043266091415 103.8580410898037 356.95746506362184
1.3906125856457592 103.85804064964502 356.95746506362184
1.390620726726387 103.85804021577263 356.9574650636219
1.390627884141153 103.85803983432395 356.95746506362184
1.3906357256370705 103.85803941641767 356.95746506362184
1.390643996822876 103.8580389756114 356.95746506362184
1.3906488118483091 103.85803871899842 356.95746506362184
1.3906552384998496 103.85803837649509 356.95746506362184
1.3906618604864005 103.85803802358153 356.95746506362184
1.3906674794542615 103.85803772412304 356.95746506362184
1.3906723786990856 103.85803746302159 356.95746506362184
1.3906791923869681 103.8580370998914 356.95746506362184
1.3906860200193332 103.85803673601805 356.95746506362184
1.3906935464951118 103.85803633490035 356.95746506362184
1.390699976584946 103.85803599221367 356.95746506362184
1.390708755255267 103.85803552436117 356.95746506362184
1.3907161053435557 103.85803513264385 356.95746506362184
1.3907221664308504 103.85803480962282 356.9574650636219
1.3907282972934 103.85803448670237 356.96233040457867
1.3907348838124933 103.85803415463587 356.98648013313556
1.3907431503763747 103.85803373786811 357.01678983728505
1.3907491090945026 103.85803343745286 357.0386377370345
1.3907537831365528 103.85803320180595 357.0557753165945
1.3907589016017274 103.85803294375295 357.07454238967455
1.3907664430430704 103.85803256354295 357.10219339469626
1.390775418714209 103.85803211102466 357.1229825227565
1.3907827797102643 103.85803173991197 357.1229825227559
1.3907873971596025 103.85803150711817 357.1229825227559
1.3907938518083724 103.85803118169991 357.12298252275656
1.39079879096037 103.85803093268711 357.1229825227565
1.390805453763309 103.85803059677453 357.1229825227559
1.3908143390216159 103.85803014881436 357.1229825227565
1.3908222609091991 103.85802974942358 357.1229825227559
1.390827325468603 103.85802949408816 357.1229825227559
1.390836262114874 103.85802904353713 357.1229825227565
1.3908452675888245 103.85802858951607 357.1229825227559
1.3908541860708747 103.85802813988073 357.1229825227559
1.3908624313277824 103.8580277241868 357.1229825227565
1.3908708095480227 103.85802730178935 357.1229825227559
1.3908796090987685 103.85802685815 357.1229825227565
1.3908877963818524 103.85802644537877 357.1229825227559
1.3908961403339164 103.8580260247089 357.1229825227565
1.3909017727640132 103.85802574074347 357.1229825227559
1.3909093433638993 103.858025359063 357.1229825227559
1.3909175963307194 103.85802494298018 357.1229825227559
1.3909229114311439 103.85802467501325 357.1229825227565
1.3909315660180486 103.85802423868226 357.1229825227559
1.3909398141280356 103.85802382284423 357.1229825227559
1.3909452619100418 103.85802354818796 357.1229825227565
1.3909532066183137 103.85802314764624 357.12298252275656
1.3909582462875165 103.85802289356542 357.1229825227559
1.390967053826141 103.85802244952308 357.12298252275656
1.3909760525242763 103.85802199584315 357.1229825227559
1.390983574739604 103.85802161660182 357.1229825227565
1.3909922779628388 103.85802117781854 357.1229825227559
1.3910004994333354 103.85802076332338 357.1229825227559
1.3910064258245234 103.85802046453735 357.1229825227559
1.391014985580804 103.85802003298706 357.1229825227559
1.391021399767334 103.85801970960819 357.1229825227565
1.3910298619551198 103.85801928297688 357.1229825227565
1.3910374783487276 103.85801889898727 357.1229825227559
1.3910429175444863 103.85801862476369 357.1229825227559
1.3910497893993714 103.85801827831087 357.1229825227559
1.3910584243853474 103.85801784296763 357.1229825227559
1.391065849494911 103.85801746862175 357.1229825227565
1.3910726978700665 103.85801712335262 357.1229825227559
1.391078158321562 103.85801684805733 357.1229825227559
1.391083150299541 103.85801659638068 357.1229825227559
1.391091905478918 103.85801615497765 357.1229825227559
1.3910965901253338 103.85801591879549 357.1229825227565
1.3911039128705596 103.85801554961031 357.1229825227565
1.3911085888670127 103.85801531386423 357.1229825227565
1.3911159893386014 103.85801494076037 357.1229825227559
1.3911246758426505 103.85801450281956 357.12298252275656
1.3911330810941644 103.85801407905842 357.1229825227559
1.3911399179109811 103.85801373437184 357.1229825227559
1.3911445444270463 103.8580135011203 357.1229825227565
1.391149164365007 103.8580132682004 357.1229825227559
1.3911541520918353 103.85801301673796 357.1229825227559
1.3911615693317438 103.85801264278855 357.1229825227559
1.3911685239293297 103.85801229216382 357.1229825227565
1.3911762058235193 103.8580119048715 357.1229825227565
1.3911850333142475 103.85801145982249 357.1229825227559
1.3911934886414639 103.85801103353654 357.12298252275656
1.3911992509364368 103.85801074302316 357.1229825227565
1.3912075640844237 103.85801032390529 357.1229825227565
1.3912150485088453 103.85800994656856 357.1229825227565
1.391223276854437 103.85800953172607 357.1229825227565
1.3912299021046257 103.85800919770564 357.1229825227559
1.3912365872435755 103.85800886066583 357.1229825227565
1.391245539336459 103.85800840933463 357.1229825227559
1.3912514627742893 103.85800811069691 357.1229825227565
1.3912563523301706 103.85800786418369 357.1229825227565
1.3912649531483774 103.85800743056237 357.1229825227565
1.39127213784483 103.85800706833663 357.1229825227565
1.3912782779550683 103.85800675877505 357.12298252275656
1.39128589421731 103.85800637479133 357.1229825227559
1.3912931538512354 103.85800600878746 357.1229825227559
1.3912981699067826 103.8580057558965 357.1229825227565
1.39130381781584 103.85800547114981 357.1229825227565
1.3913087526818433 103.8580052223521 357.1229825227565
1.3913148770185995 103.85800491358567 357.1229825227559
1.3913218303560002 103.85800456302405 357.1229825227559
1.3913300471015917 103.85800414876607 357.1229825227559
1.3913375834135728 103.85800376881298 357.12298252275656
1.3913425880942447 103.85800351649543 357.1229825227559
1.391347946899162 103.85800324632419 357.1229825227565
1.391353546756909 103.85800296399997 357.1229825227565
1.3913608426326323 103.85800259616873 357.1229825227559
1.391369710830984 103.85800214906675 357.1229825227559
1.391375182658463 103.85800187319728 357.1229825227559
1.3913822934653586 103.8580015146965 357.12298252275656
1.3913884288446556 103.85800120537316 357.1229825227565
1.3913933709441924 103.8580009562106 357.1229825227559
1.3914020021327778 103.85800052105768 357.1229825227565
1.3914071715350855 103.85800026043532 357.1229825227559
1.3914159010703149 103.85799982032405 357.1229825227565
1.391420805397076 103.85799957306581 357.1229825227565
1.3914272450765455 103.85799924840069 357.1229825227565
1.391434001902367 103.85799890774618 357.1229825227565
1.391441933180206 103.85799850788004 357.12298252275656
1.391446780400159 103.85799826350086 357.1229825227559
1.3914520132780925 103.85799799967822 357.1229825227565
1.3914595413242141 103.85799762014152 357.1229825227565
1.391466959444608 103.85799724614684 357.1229825227559
1.3914721897256783 103.85799698245508 357.1229825227559
1.3914799074385098 103.857996593356 357.1229825227559
1.3914846047351142 103.85799635653534 357.1229825227565
1.391490789719477 103.85799604471086 357.1229825227565
1.391498977056549 103.857995631935 357.12298252275656
1.3915068798060144 103.85799523350697 357.1229825227565
1.3915138029462946 103.85799488446727 357.1229825227565
1.3915217008688483 103.85799448628255 357.1229825227559
1.3915264642171437 103.85799424613174 357.1229825227565
1.3915340721821836 103.85799386256559 357.1229825227565
1.3915413488091541 103.8579934957043 357.1229825227559
1.3915481629190396 103.85799315216143 357.1229825227565
1.3915535526888763 103.85799288042864 357.1229825227565
1.391560556971069 103.85799252729794 357.1229825227559
1.3915694297977084 103.85799207996192 357.1229825227565
1.391574491817582 103.85799182475307 357.1229825227565
1.391579036700231 103.8579915956164 357.12298252275656
1.3915864456425173 103.85799122208411 357.1229825227559
1.3915918411315438 103.85799095006291 357.1229825227565
1.3916000698895175 103.85799053519843 357.1229825227559
1.3916088172407541 103.85799009418828 357.1229825227559
1.3916143514328017 103.85798981517411 357.1229825227559
1.3916214709037198 103.85798945623586 357.1229825227559
1.3916288902984246 103.85798908217646 357.1229825227559
1.39163528593224 103.85798875973144 357.1229825227559
1.3916415792976373 103.85798844244242 357.1229825227559
1.3916500033442372 103.85798801773201 357.1229825227559
1.3916566620837592 103.85798768202206 357.1229825227565
1.3916627822478471 103.85798737346516 357.1229825227559
1.3916709994196994 103.85798695918457 357.1229825227565
1.3916785012885953 103.857986580967 357.1229825227565
1.3916831854548883 103.85798634480797 357.1229825227565
1.3916893013102127 103.85798603646823 357.1229825227559
1.3916955048492428 103.85798572370778 357.1229825227565
1.3917023818671357 103.85798537699291 357.1229825227565
1.3917075273679922 103.85798511757498 357.1229825227565
1.3917154254755344 103.85798471938035 357.1229825227565
1.391721338083844 103.85798442128754 357.1229825227565
1.3917293340383274 103.85798401815977 357.1229825227559
1.3917372484944397 103.85798361914082 357.12298252275656
1.3917453177097892 103.85798321231945 357.1229825227565
1.3917522586116617 103.85798286238362 357.1229825227559
1.3917595917873482 103.85798249267073 357.12298252275656
1.3917662033667508 103.85798215933816 357.12298252275656
1.391772695470084 103.85798183202913 357.1229825227559
1.3917773508963913 103.8579815973189 357.1229825227559
1.3917855343439378 103.85798118473821 357.12298252275656
1.3917934128907836 103.8579807875295 357.1229825227559
1.3917986663741506 103.85798052266728 357.1229825227559
1.3918068138410236 103.85798011190055 357.1229825227559
1.3918145154329755 103.85797972361324 357.1229825227559
1.3918194695292119 103.85797947384503 357.1229825227559
1.3918250750359582 103.85797919123497 357.1229825227559
1.3918309479241746 103.85797889514446 357.1229825227559
1.3918399482470116 103.85797844137959 357.1229825227565
1.3918468526112395 103.85797809328561 357.1229825227559
1.3918552416803303 103.85797767033799 357.1229825227559
1.3918636198344925 103.85797712243941 356.9630748045219
1.3918699656698326 103.85797662740733 356.73995834871084
1.3918781110354048 103.85797599199569 356.45355404227314
1.391884948004093 103.85797545865074 356.2131497712144
1.3918916976122344 103.85797493212068 355.97582133459724
1.391898714943755 103.85797438470578 355.7290922878754
1.3919062093152366 103.85797380007746 355.53859018040544
1.3919145674113582 103.85797314807081 355.53859018040544
1.3919225326075495 103.85797252671387 355.53859018040487
1.39193152359821 103.85797182533571 355.53859018040544
1.3919397756533387 103.85797118160112 355.53859018040544
1.3919477341536775 103.85797056076643 355.53859018040544
1.3919532791305254 103.85797012820828 355.53859018040544
1.3919584713428828 103.85796972316896 355.53859018040544
1.3919661425984877 103.85796912474189 355.53859018040544
1.3919732445353363 103.85796857072678 355.53859018040544
1.3919794587200245 103.85796808596433 355.5385901804054
1.3919884387149803 103.85796738544371 355.53859018040544
1.3919938879541556 103.85796696035388 355.5385901804048
1.392001302743757 103.85796638193335 355.53859018040544
1.3920080966130455 103.85796585195021 355.5385901804055
1.3920159552518427 103.8579652389054 355.53859018040544
1.3920225294822328 103.85796472605603 355.53859018040544
1.3920281761019662 103.85796428556866 355.5385901804054
1.392036528600722 103.85796363399821 355.53859018040544
1.3920411630758325 103.85796327246726 355.5385901804048
1.3920500198001924 103.85796258156263 355.53859018040544
1.392056146050703 103.85796210365964 355.5385901804055
1.3920621999853817 103.85796163139793 355.53859018040487
1.392066724978078 103.85796127840753 355.53859018040487
1.3920754449646469 103.85796059816961 355.53859018040544
1.392083354148748 103.85795998118158 355.53859018040475
1.392090165540086 103.85795944983131 355.5385901804048
1.392096605290153 103.85795894747243 355.53859018040544
1.3921055538009055 103.85795824940742 355.5385901804054
1.3921107799571344 103.85795784171982 355.5385901804054
1.3921193690325768 103.857957171694 355.53859018040544
1.392126067124683 103.85795664918199 355.53859018040544
1.3921337531669506 103.8579560496009 355.5385901804054
1.3921405536501694 103.85795551910142 355.53859018040544
1.3921477037917214 103.8579549613254 355.5385901804048
1.3921527218566556 103.85795456987073 355.5385901804048
1.3921607961685531 103.85795394000098 355.53859018040544
1.3921655431148416 103.857953569696 355.5385901804048
1.3921742212637642 103.85795289272141 355.53859018040544
1.3921794120703361 103.85795248779127 355.53859018040544
1.3921843713379805 103.85795210092326 355.53859018040544
1.3921908363655926 103.85795159659222 355.5385901804054
1.3921991441603105 103.85795094850856 355.53859018040544
1.3922057234745389 103.85795043526211 355.5385901804054
1.3922137955441305 103.8579498055671 355.53859018040475
1.3922217430190773 103.85794918559158 355.53859018040544
1.3922278321332546 103.85794871058513 355.5385901804054
1.392233666553351 103.85794825544716 355.53859018040544
1.3922421091237183 103.85794759684958 355.53859018040544
1.3922497605740258 103.85794699996661 355.5385901804054
1.3922579221519729 103.857946363289 355.53859018040544
1.3922634662624989 103.85794593079773 355.53859018040544
1.3922691839143035 103.85794548476863 355.53859018040475
1.3922755229249926 103.85794499026785 355.5385901804048
1.3922824129657179 103.8579444527817 355.53859018040544
1.392287294169709 103.85794407200312 355.5385901804055
1.3922945949709822 103.85794350247386 355.53859018040544
1.392300834525149 103.85794301573151 355.53859018040544
1.3923057578187308 103.85794263166956 355.5385901804048
1.3923124282269561 103.85794211131665 355.53859018040544
1.392321227380192 103.8579414249021 355.5385901804048
1.392327317255601 103.85794094983602 355.53859018040544
1.3923326005989687 103.85794053768682 355.53859018040544
1.3923391523162245 103.8579400265928 355.5385901804054
1.3923447903452015 103.85793958677485 355.5385901804048
1.3923511532851263 103.85793909040717 355.53859018040544
1.3923558409324244 103.85793872472767 355.53859018040544
1.3923637803577316 103.85793810537963 355.5385901804054
1.3923700836721944 103.85793761366327 355.5385901804054
1.3923762565332007 103.85793713212341 355.5385901804055
1.3923835966186928 103.85793655952932 355.5385901804048
1.3923887762853357 103.85793615546773 355.5385901804048
1.392395436438633 103.85793563591456 355.5385901804054
1.3924036821976238 103.85793499266956 355.5385901804054
1.3924088208419207 103.85793459180805 355.5385901804054
1.3924172871663771 103.85793393135685 355.5385901804055
1.3924237636138665 103.85793342613434 355.53859018040544
1.3924287860768776 103.857933034336 355.5385901804048
1.3924347235123258 103.85793257116138 355.53859018040544
1.392439696611816 103.85793218321382 355.53859018040544
1.3924477696878927 103.85793155343953 355.53859018040544
1.3924528763952042 103.8579311550693 355.53859018040475
1.3924616032516848 103.85793047429406 355.53859018040544
1.3924704169713173 103.85792978674264 355.53859018040544
1.3924751829331659 103.85792941495366 355.5385901804055
1.3924800762296656 103.8579290332314 355.5385901804048
1.3924847624359216 103.85792866766405 355.5385901804054
1.392490668948112 103.8579282069016 355.53859018040544
1.3924956671864759 103.85792781699286 355.53859018040544
1.3925046403569137 103.85792711700269 355.53859018040544
1.392512005617471 103.85792654244433 355.5385901804055
1.3925180887303108 103.85792606790531 355.5385901804055
1.3925268179427293 103.85792538694605 355.53859018040544
1.3925355797778187 103.85792470344187 355.53859018040544
1.3925418371403846 103.85792421530971 355.53859018040544
1.3925498400662375 103.85792359100743 355.5385901804055
1.3925556797814258 103.8579231354556 355.53859018040544
1.3925625430771809 103.85792260005498 355.53859018040544
1.3925675952217982 103.85792220594091 355.5385901804054
1.3925747957198877 103.85792164423533 355.53859018040487
1.3925813409707473 103.8579211336451 355.5385901804054
1.3925898239426866 103.85792047189466 355.53859018040544
1.3925977797083358 103.85791985127115 355.5385901804055
1.3926061599569635 103.85791919753402 355.53859018040475
1.3926122100079341 103.85791872557391 355.53859018040544
1.3926176301449937 103.85791830275289 355.53859018040487
1.392624191367009 103.85791779091666 355.5385901804048
1.3926292753179839 103.85791739432126 355.53859018040475
1.392636859659717 103.85791680267215 355.53859018040475
1.3926444208820836 103.85791621282654 355.5385901804054
1.3926501036519532 103.85791576951765 355.53859018040487
1.392657584964877 103.85791518590567 355.53859018040487
1.3926650046378284 103.85791460710217 355.5385901804054
1.3926701597053925 103.85791420495894 355.5385901804055
1.3926770482190733 103.85791366759075 355.5385901804055
1.3926816100936326 103.85791331172207 355.5385901804054
1.3926883978455187 103.85791278221421 355.5385901804055
1.39269517957867 103.85791225317587 355.53859018040475
1.3927007152646906 103.85791182134078 355.53859018040487
1.3927057808305354 103.85791142617943 355.5385901804054
1.3927114537444165 103.85791098363927 355.53859018040475
1.3927160907567624 103.85791062190908 355.5385901804054
1.3927206608677414 103.8579102653978 355.53859018040487
1.392727319116731 103.85790974599227 355.53859018040475
1.392733035791373 103.8579093000383 355.53859018040475
1.3927384568842969 103.85790887714248 355.5385901804054
1.3927453714731723 103.85790833773999 355.5385901804055
1.3927499787755664 103.85790797832739 355.53859018040475
1.3927588320274034 103.85790728769105 355.53859018040487
1.3927654953243576 103.8579067678916 355.5385901804055
1.3927715232074998 103.85790629766039 355.5385901804055
1.392779713773727 103.85790565871964 355.5385901804054
1.392785472584386 103.85790520947856 355.5385901804055
1.3927944354477806 103.85790451029136 355.5385901804055
1.392801464115514 103.8579039619895 355.53859018040487
1.3928071578461332 103.85790351782522 355.53859018040487
1.392811735492621 103.85790316072593 355.5385901804055
1.3928197721099926 103.8579025337945 355.5385901804055
1.3928266783934438 103.85790199503971 355.5385901804054
1.3928342921235746 103.85790140109738 355.5385901804054
1.3928391446223938 103.857901022557 355.5385901804055
1.3928474345754627 103.85790037586291 355.5385901804054
1.3928520334029573 103.85790001711123 355.5385901804054
1.3928577192801703 103.85789957355946 355.53859018040475
1.3928642573722434 103.85789906352693 355.5385901804055
1.392869046823636 103.85789868990476 355.53859018040487
1.3928739748244332 103.85789830547444 355.5385901804055
1.392880125878832 103.85789782563441 355.5385901804054
1.392888647060494 103.8578971609022 355.5385901804054
1.392895348029435 103.85789663816364 355.53859018040487
1.3929011185935323 103.85789618800541 355.53859018040487
1.3929087715568143 103.85789559100229 355.5385901804054
1.3929138200870421 103.85789519716947 355.53859018040475
1.3929187839451216 103.85789480994184 355.5385901804054
1.3929252735734807 103.85789430368976 355.5385901804055
1.392930418004026 103.85789390237575 355.5385901804054
1.3929375672624893 103.85789334466628 355.53859018040475
1.3929449869294035 103.85789276586239 355.5385901804054
1.3929505610715285 103.85789233102679 355.5385901804054
1.3929580505165 103.8578917467795 355.5385901804054
