633589056
1.3899800173653405 103.8580451141355 13.455840509679108
1.3899863567603676 103.85804099953481 3.2548958784611046
1.3899934481607326 103.85803639684302 351.3108090331626
1.3899997667787827 103.85803229572757 340.9693441988328
1.3900038205093677 103.85802966464317 334.785699129094
1.3900078721687157 103.8580270349031 329.0816340606504
1.3900138133580764 103.8580231787586 326.8738491023729
1.390020190915161 103.85801903938847 326.8738491023736
1.390026460715909 103.85801542761287 327.36410133112787
1.3900343854464035 103.85801299828427 330.29210742819294
1.3900396343044508 103.85801138924516 332.2457000342907
1.3900466875778978 103.85800922706193 334.87973235608064
1.3900522302788778 103.85800752794515 336.95019567082375
1.3900585715525287 103.85800558402562 339.3120280305894
1.3900632513498317 103.85800414943219 341.0458541526684
1.3900684722913517 103.85800254895082 342.88144201039586
1.390075491901657 103.8580003970869 342.8814420103965
1.3900803406584483 103.85799891069885 342.8814420103965
1.3900883792409362 103.8579964464686 342.8814420103965
1.3900942611391658 103.857994661006 342.90297920169274
1.3901025407800607 103.85799324502578 344.2752750922366
1.3901070331805114 103.85799247673758 345.02106630422594
1.3901128044709619 103.85799148973422 345.9799047868758
1.3901180698096387 103.85799058925848 346.85498762201837
1.3901240325739885 103.8579895695093 347.8457990297107
1.3901327421679148 103.85798807999856 349.29150992585846
1.3901406049629024 103.857986735307 350.2616068618637
1.3901485958855875 103.85798536870301 350.2616068618643
1.3901544178647314 103.85798437303077 350.2616068618643
1.390162633496353 103.85798296799715 350.26160686186364
1.39017068169002 103.85798159159862 350.2616068618643
1.3901762264314288 103.8579806433394 350.2616068618637
1.3901812392547397 103.85797978604855 350.2616068618643
1.3901881084876588 103.85797861127531 350.2616068618637
1.3901951492692362 103.85797740716387 350.26160686186427
1.3901997976877343 103.85797661219334 350.26160686186427
1.3902056985122975 103.85797560303683 350.2616068618637
1.3902104236863746 103.85797479493957 350.2616068618643
1.3902164974833182 103.85797375620137 350.2616068618643
1.3902247886781236 103.85797233824469 350.26160686186427
1.3902321438925933 103.85797108035894 350.2616068618643
1.3902399881898848 103.85796973883042 350.2616068618643
1.3902466660352284 103.85796859678801 350.26160686186427
1.3902541594426923 103.85796731526848 350.2616068618643
1.3902599632436143 103.85796632270477 350.26160686186427
1.3902658653314377 103.85796531333203 350.2616068618643
1.3902737567211443 103.85796396374965 350.2616068618643
1.3902798905084741 103.85796291475174 350.26160686186427
1.3902849999312226 103.85796204094022 350.26160686186427
1.3902911268229001 103.85796099312155 350.26160686186364
1.3902975400280213 103.85795989633765 350.2616068618643
1.3903027076739993 103.85795901256878 350.2616068618643
1.3903081072663213 103.85795808913252 350.2616068618637
1.390314195573633 103.85795704791245 350.26160686186427
1.390320245801796 103.85795601320469 350.2616068618637
1.390326644763343 103.8579549188566 350.2616068618644
1.3903310964825384 103.8579541575252 350.26160686186427
1.3903356015789163 103.85795338706525 350.26160686186364
1.3903410208734883 103.85795246025941 350.2616068618644
1.390346876542909 103.85795145882491 350.26160686186375
1.3903526917422597 103.85795046431156 350.26160686186427
1.3903611344733342 103.85794902043862 350.2616068618644
1.390368124802382 103.85794782495496 350.26160686186364
1.3903728379152256 103.85794701892002 350.26160686186364
1.39037857452841 103.85794603784635 350.26160686186427
1.3903845715704772 103.85794501223423 350.2616068618644
1.390389800301603 103.85794411801838 350.2616068618644
1.3903976824102806 103.85794277002276 350.26160686186364
1.390403695588093 103.85794174165105 350.26160686186427
1.3904106690400337 103.85794054905355 350.26160686186427
1.3904175379773278 103.85793937433007 350.26160686186364
1.3904246966940341 103.8579381500486 350.26160686186364
1.3904321845871233 103.85793686947147 350.26160686186375
1.3904377172926066 103.85793592326988 350.26160686186364
1.3904441422122242 103.85793482448209 350.26160686186364
1.390452401241836 103.85793341202535 350.26160686186427
1.3904593445466717 103.85793222458344 350.26160686186427
1.3904681939906567 103.85793071115411 350.2616068618644
1.3904759840616794 103.85792937889843 350.26160686186364
1.3904811515264612 103.85792849516007 350.26160686186427
1.3904868338826986 103.85792752336513 350.2616068618644
1.3904952431951618 103.85792608520687 350.26160686186375
1.3905031549408178 103.85792473214231 350.2616068618644
1.3905109400233426 103.85792340073962 350.2616068618644
1.3905186019037779 103.85792209040689 350.26160686186364
1.3905253790565306 103.85792093138002 350.2616068618644
1.390534186682691 103.8579194251021 350.26160686186427
1.390539149495257 103.85791857636316 350.26160686186375
1.3905478852681439 103.8579170823735 350.26160686186364
1.3905559893455315 103.85791569641621 350.26160686186427
1.3905631050397764 103.85791447949195 350.26160686186375
1.3905685033541637 103.85791355627352 350.26160686186375
1.3905746526785352 103.85791250461754 350.2616068618644
1.3905833900949423 103.85791101034664 350.2616068618644
1.3905885148624908 103.85791013391011 350.26160686186427
1.3905947017428988 103.85790907583124 350.26160686186364
1.3906016993273882 103.85790787910591 350.26160686186427
1.3906092211644403 103.85790659272303 350.26160686186427
1.3906177075939659 103.85790514137571 350.2616068618644
1.3906231775307136 103.8579042059083 350.26160686186427
1.3906292841820385 103.85790316155008 350.2616068618644
1.390635524610864 103.85790209431325 350.2616068618644
1.3906411222599886 103.85790113700446 350.26160686186427
1.3906495956727984 103.85789968788312 350.26160686186427
1.390654078673794 103.85789892120117 350.26160686186427
1.3906609999976918 103.85789773751773 350.26160686186427
1.3906696173315605 103.85789626378295 350.26160686186427
1.3906749326429637 103.8578953547594 350.2616068618644
1.3906815137245547 103.85789422926405 350.26160686186375
1.3906874684888848 103.85789321088136 350.26160686186427
1.3906941838106313 103.85789206242823 350.26160686186427
1.390702112718156 103.85789070642785 350.26160686186427
1.3907068609960007 103.8578898943782 350.2616068618644
1.39071169385728 103.85788906786308 350.26160686186427
1.3907173172238732 103.85788810615588 350.2616068618644
1.3907235871553818 103.85788703387324 350.26160686186427
1.390728794755635 103.85788614327028 350.2616068618644
1.3907339726869306 103.85788525774129 350.26160686186427
1.3907399875011082 103.85788422908873 350.26160686186427
1.390746251430787 103.85788315783243 350.2616068618644
1.3907513813584793 103.85788228051297 350.26160686186427
1.3907590164840788 103.85788097475492 350.26160686186427
1.390765731413376 103.85787982636867 350.2616068618644
1.3907743728644404 103.85787834850892 350.2616068618644
1.3907788242053751 103.8578775872412 350.26160686186427
1.3907864205362046 103.85787628811772 350.26160686186427
1.3907911381009093 103.85787548132042 350.2616068618644
1.3907985562117595 103.85787421267605 350.26160686186375
1.3908055943982796 103.85787300900627 350.26160686186427
1.390810562261946 103.85787215940283 350.2616068618644
1.390819110583371 103.85787069746989 350.2616068618644
1.39082433410181 103.85786980414436 350.26160686186427
1.390831343442902 103.85786860540762 350.2616068618644
1.390837147849498 103.85786761273863 350.2616068618644
1.39084258411822 103.85786668302853 350.2616068618644
1.3908488636066396 103.85786560911107 350.26160686186427
1.3908539049238364 103.85786474694548 350.26160686186427
1.390861715011763 103.85786341126501 350.26160686186415
1.3908701764162177 103.85786196419639 350.26160686186375
1.3908768687779232 103.8578608196693 350.26160686186427
1.3908841503903622 103.85785957436853 350.26160686186427
1.390889390090557 103.85785867827542 350.26160686186427
1.390893956313192 103.8578578973604 350.26160686186364
1.3908987527998884 103.8578570770656 350.26160686186427
1.3909073359699402 103.8578556091725 350.26160686186427
1.3909138515125947 103.85785449488485 350.26160686186375
1.3909219735720797 103.85785310585075 350.2616068618644
1.3909283640511247 103.85785201295143 350.26160686186364
1.3909355479979526 103.85785078435326 350.26160686186375
1.390944346819735 103.85784927957924 350.2616068618644
1.390951869052551 103.85784799312736 350.26160686186427
1.3909593544887997 103.8578467129684 350.26160686186427
1.3909671926127423 103.85784537249278 350.26160686186375
1.3909760544895062 103.85784385693496 350.26160686186364
1.3909834151627818 103.85784259811287 350.26160686186427
1.3909897391189459 103.85784151659009 350.2616068618644
1.3909983552812597 103.85784004305424 350.26160686186375
1.3910046766713526 103.85783896197024 350.26160686186364
1.3910099423149012 103.85783806143999 350.26160686186415
1.3910159118403957 103.85783704053185 350.26160686186427
1.3910215577475185 103.85783607496892 350.26160686186375
1.3910298035450241 103.85783466477271 350.26160686186427
1.3910366978812092 103.8578334857034 350.2616068618635
1.3910433726562805 103.8578323441834 350.26160686186427
1.391051792440117 103.85783090423195 350.26160686186427
1.3910585087894385 103.85782975560187 350.26160686186427
1.3910672810093452 103.85782825537676 350.2616068618644
1.3910756230409487 103.85782682872241 350.2616068618644
1.391081377810636 103.85782584454161 350.26160686186427
1.3910882405421414 103.85782467087715 350.2616068618644
1.3910938401147477 103.8578237132381 350.26160686186375
1.3911025278436722 103.8578222274625 350.26160686186427
1.3911077126550588 103.85782134075589 350.26160686186364
1.3911137294121183 103.85782031176993 350.26160686186427
1.3911207285752731 103.8578191147728 350.26160686186415
1.3911278967657628 103.8578178888686 350.26160686186427
1.39113295172055 103.85781702437001 350.26160686186364
1.3911393242750536 103.85781593453545 350.26160686186375
1.3911467469081529 103.8578146651164 350.26160686186375
1.3911539586255188 103.8578134317681 350.26160686186364
1.391162745565439 103.85781192902516 350.26160686186364
1.3911679188498385 103.85781104428976 350.26160686186427
1.391176262624277 103.85780961733693 350.2616068618644
1.3911826425735523 103.85780852623758 350.26160686186427
1.3911881748994646 103.85780758009882 350.26160686186364
1.3911926818922074 103.8578068093126 350.26160686186427
1.3911976634530083 103.85780595736571 350.26160686186427
1.3912030254702388 103.8578050403531 350.2616068618644
1.3912109298824682 103.85780368853989 350.2616068618644
1.3912176592049683 103.8578025376906 350.2616068618644
1.391224948693361 103.85780129104165 350.26160686186427
1.3912330167850815 103.85779991123589 350.26160686186427
1.3912379102230952 103.85779907435963 350.2616068618644
1.3912428675849695 103.85779822655114 350.26160686186427
1.3912505030401643 103.85779692073481 350.2616068618644
1.3912587995347265 103.85779550186747 350.26160686186427
1.3912672789125784 103.85779405172335 350.26160686186427
1.3912722551339312 103.85779320068941 350.2616068618644
1.3912768886635867 103.85779240826264 350.26160686186427
1.3912815756861792 103.8577916066875 350.26160686186427
1.3912898765700838 103.85779018706936 350.26160686186364
1.3912976447234036 103.8577888585588 350.2616068618644
1.3913022343792838 103.85778807363526 350.2616068618644
1.3913070220927504 103.85778725483989 350.26160686186415
1.3913138142565122 103.85778609324316 350.26160686186415
1.3913193016191652 103.85778515479365 350.26160686186375
1.3913256224064128 103.85778407381173 350.26160686186427
1.391332869365015 103.85778283443585 350.2616068618644
1.3913376691432637 103.85778201357707 350.26160686186427
1.391342629125421 103.85778116532019 350.2616068618644
1.3913484372265588 103.85778017201787 350.26160686186364
1.391353797158784 103.85777925536145 350.26160686186427
1.3913617252011947 103.8577778995064 350.26160686186415
1.391369826671818 103.8577765139916 350.26160686186427
1.3913756956942132 103.85777551027041 350.26160686186427
1.391381113881694 103.8577745836511 350.26160686186364
1.3913880343562341 103.85777340011037 350.2616068618644
1.3913939444126506 103.8577723893715 350.26160686186364
1.391398685511782 103.85777157854791 350.26160686186415
1.3914068423723385 103.85777018356016 350.2616068618635
1.391413588313315 103.85776902986811 350.26160686186364
1.3914202154773287 103.85776789648926 350.2616068618635
1.3914254680547056 103.8577669981925 350.26160686186427
1.3914317378642365 103.85776592592848 350.26160686186427
1.391437136763738 103.85776500260762 350.26160686186375
1.391442140654438 103.85776414684128 350.2616068618644
1.3914486930137953 103.85776302625545 350.26160686186427
1.3914542927168037 103.8577620685931 350.26160686186375
1.391462329151813 103.85776069420034 350.26160686186415
1.3914681526260697 103.85775969826854 350.2616068618644
1.3914750838190273 103.85775851289445 350.2616068618644
1.3914825283674572 103.85775723972615 350.26160686186427
1.3914902913100209 103.857755912106 350.2616068618635
1.3914970249694791 103.85775476051407 350.26160686186364
1.3915036971586396 103.85775361943475 350.26160686186427
1.3915104445251854 103.85775246549856 350.26160686186427
1.3915176483657505 103.85775123349606 350.26160686186364
1.3915221593953926 103.8577504620187 350.26160686186427
1.3915276547956394 103.85774952219403 350.26160686186375
1.3915322293563315 103.85774873985154 350.26160686186375
1.3915403529892811 103.85774735054584 350.2616068618644
1.391545848090572 103.85774641077225 350.2616068618644
1.39155260741197 103.85774525479141 350.26160686186427
1.391560676952987 103.85774382234112 350.1956144959476
1.3915677740616048 103.85774250430815 350.06426580285734
1.3915758756889283 103.85774099972191 349.9143234694736
1.3915820394613074 103.85773985502257 349.80024564793666
1.3915907310853328 103.85773824086557 349.63938376829395
1.391598315629839 103.85773683230879 349.49901401269875
1.3916041071086755 103.85773575674955 349.4407583033909
1.3916098128792578 103.85773469710752 349.440758303391
1.3916182135401551 103.85773313698634 349.4407583033917
1.3916269171467914 103.8577315206038 349.4407583033917
1.3916335042870818 103.85773029727892 349.4407583033916
1.3916420378259111 103.85772871248032 349.4407583033917
1.3916469821835051 103.85772779424333 349.4407583033917
1.391651782678999 103.85772690272353 349.4407583033917
1.3916563943804872 103.85772604626546 349.440758303391
1.3916630812253172 103.85772480442392 349.4407583033917
1.3916680480665138 103.85772388201134 349.4407583033916
1.3916742184828506 103.85772273607783 349.4407583033909
1.3916802237593222 103.85772162081314 349.440758303391
1.3916860036566976 103.85772054740447 349.4407583033917
1.3916916473142273 103.85771949929747 349.4407583033917
1.3916979619355807 103.85771832658298 349.4407583033917
1.3917029439314683 103.85771740135588 349.4407583033916
1.3917082146698334 103.85771642250519 349.4407583033916
1.3917154472052844 103.85771507932101 349.4407583033917
1.391721117336757 103.85771402629734 349.4407583033916
1.3917288770797596 103.85771258520319 349.4407583033917
1.3917343353235156 103.85771157153005 349.4407583033917
1.3917389430970837 103.85771071580123 349.4407583033917
1.391746203104555 103.85770936751497 349.440758303391
1.3917532174331777 103.85770806485478 349.4407583033917
1.3917618378637078 103.85770646391863 349.4407583033917
1.3917677993290467 103.85770535678998 349.4407583033916
1.3917742141861833 103.85770416546004 349.4407583033917
1.3917821529092396 103.85770269112655 349.440758303391
1.3917876912639584 103.85770166257548 349.4407583033916
1.391795027491673 103.85770030013389 349.4407583033916
1.3918010897944868 103.8576991742782 349.440758303391
1.3918092861774964 103.85769765209349 349.4407583033917
1.3918161416755968 103.85769637893011 349.4407583033916
1.39182431784465 103.85769486049935 349.4407583033909
1.3918303583387968 103.85769373869374 349.4407583033917
1.3918357769982508 103.85769273237167 349.4407583033917
1.391841660643383 103.85769163969513 349.4407583033917
1.391847636369599 103.8576905299178 349.4407583033917
1.391856403421338 103.85768890175159 349.4407583033909
1.3918628010044316 103.85768771362937 349.4407583033917
1.3918710389199132 103.85768618373123 349.440758303391
1.3918780522953593 103.85768488124758 349.4407583033916
1.3918865518338668 103.85768330276224 349.4407583033917
1.3918950997554653 103.85768171529145 349.440758303391
1.3919013129593036 103.85768056141097 349.440758303391
1.3919085880845374 103.85767921031653 349.440758303391
1.3919147855848972 103.85767805935237 349.4407583033917
1.3919230215434495 103.85767652981744 349.4407583033916
1.3919297254863947 103.85767528479961 349.440758303391
1.3919343362842918 103.85767442850867 349.440758303391
1.3919399758126005 103.85767338116781 349.4407583033909
1.3919471098960463 103.8576720562667 349.4407583033917
1.3919515550566377 103.85767123073693 349.4407583033917
1.3919580450614635 103.85767002545036 349.4407583033917
1.3919627339401004 103.85766915465865 349.4407583033916
1.3919679466891268 103.8576681865767 349.4407583033916
1.3919724666788473 103.85766734715004 349.4407583033916
1.3919797807617378 103.85766598882034 349.4407583033917
1.3919848655978186 103.8576650444936 349.4407583033917
1.3919914659627437 103.85766381871149 349.4407583033917
1.3920001596746199 103.85766220416488 349.4407583033917
1.3920077767834176 103.85766078955885 349.440758303391
1.3920138071602635 103.85765966963159 349.440758303391
1.3920189867157757 103.85765870771401 349.4407583033917
1.3920261203387385 103.85765738289814 349.4407583033916
1.392031322394105 103.85765641680199 349.440758303391
1.392036731907043 103.85765541217798 349.4407583033916
1.3920444701100205 103.85765397508287 349.4407583033917
1.3920527484747085 103.85765243767194 349.4407583033916
1.3920602653558305 103.8576510416794 349.4407583033917
1.3920670708544671 103.85764977780076 349.4407583033917
1.3920737281161022 103.85764854145182 349.4407583033917
1.3920802258941434 103.85764733472126 349.4407583033917
1.3920853157710569 103.85764638945813 349.440758303391
1.3920934965128637 103.857644870177 349.4407583033917
1.3921002237382423 103.8576436208347 349.4407583033917
1.3921065194559128 103.85764245162956 349.4407583033916
1.3921129572491275 103.85764125603893 349.4407583033909
1.392119788081108 103.85763998745533 349.4407583033917
1.3921243920827269 103.8576391324261 349.4407583033917
1.3921292720332146 103.85763822614918 349.4407583033917
1.3921353003609502 103.8576371066021 349.440758303391
1.3921432976609918 103.85763562138854 349.4407583033909
1.3921519169046586 103.85763402067107 349.4407583033917
1.3921576588020743 103.85763295431815 349.4407583033917
1.3921634163571561 103.85763188505734 349.4407583033917
1.3921708706979452 103.85763050067902 349.440758303391
1.3921755358219257 103.85762963429836 349.4407583033909
1.392183467287416 103.85762816131106 349.4407583033916
1.392189741825978 103.8576269960389 349.440758303391
1.3921985985881067 103.85762535121063 349.4407583033917
1.3922032740303316 103.85762448291366 349.4407583033916
1.3922112792505856 103.85762299622893 349.4407583033917
1.3922197618106673 103.85762142089526 349.440758303391
1.3922250508450715 103.85762043864534 349.4407583033916
1.3922298091086243 103.85761955496717 349.4407583033917
1.3922343803431452 103.857618706023 349.4407583033917
1.3922406315228828 103.85761754508876 349.4407583033917
1.3922456173983009 103.85761661913976 349.4407583033917
1.392253390501268 103.85761517556237 349.4407583033917
1.3922591591500235 103.85761410424104 349.440758303391
1.3922655941012083 103.8576129091777 349.4407583033916
1.3922704913691242 103.85761199968434 349.4407583033916
1.3922757516271305 103.85761102277846 349.4407583033917
1.3922808472550126 103.85761007644676 349.4407583033916
1.3922878777821173 103.8576087707763 349.4407583033917
1.3922963437695828 103.85760719852009 349.4407583033917
1.3923014029341616 103.85760625896008 349.4407583033917
1.3923060640190916 103.85760539332921 349.4407583033917
1.392312948580737 103.85760411476654 349.4407583033916
1.3923174348025111 103.8576032816103 349.4407583033917
1.3923261870924903 103.85760165618342 349.4407583033917
1.3923350424888856 103.85760001160814 349.4407583033916
1.3923421208442028 103.8575986970551 349.4407583033916
1.3923485174630925 103.85759750911035 349.440758303391
1.3923567003949495 103.85759598942138 349.4407583033916
1.3923626208178734 103.85759488991306 349.4407583033917
1.392367140018137 103.8575940506321 349.440758303391
1.392372863927445 103.8575929876192 349.440758303391
1.3923792880251087 103.85759179457114 349.4407583033917
1.392387063630907 103.85759035052841 349.4407583033917
1.3923951008082138 103.857588857908 349.4407583033917
1.3924029053472822 103.85758740849188 349.440758303391
1.3924116678925522 103.85758578116005 349.4407583033917
1.3924169310340824 103.85758480371828 349.4407583033917
1.3924228052753191 103.8575837127864 349.4407583033917
1.3924306354545748 103.8575822586084 349.440758303391
1.3924357801720086 103.85758130315965 349.4407583033917
1.3924434491039803 103.85757987892755 349.4407583033917
1.3924508001319253 103.85757851373484 349.4407583033915
1.3924558503168518 103.85757757584209 349.4407583033917
1.3924608300824788 103.8575766510272 349.4407583033917
1.3924683830925928 103.8575752483234 349.4407583033917
1.3924748636182716 103.8575744785049 349.9857779832905
1.3924829072548748 103.85757356098334 350.71037854104634
1.3924891934434436 103.85757284393038 351.2768403548434
1.3924956161353987 103.85757211130671 351.8556388830124
1.3925012821791596 103.85757146499238 352.36618675856533
1.392508973837934 103.85757058762013 353.0590101799866
1.3925174708479788 103.85756961838305 353.47874378233405
1.3925253344259272 103.8575687214003 353.478743782334
1.3925299759880605 103.85756819194648 353.478743782334
1.3925381158720542 103.85756726344599 353.47874378233405
1.3925441938315268 103.85756657014512 353.4787437823339
1.3925488109183237 103.85756604348313 353.478743782334
1.3925539799902384 103.85756545385726 353.4787437823333
1.3925592284751145 103.8575648551729 353.478743782334
1.3925648002833901 103.85756421960767 353.478743782334
1.392572467021454 103.85756334507788 353.4787437823334
1.3925773613627122 103.85756278678993 353.478743782334
1.3925834146933147 103.85756209629834 353.478743782334
1.3925880007930473 103.85756157317091 353.478743782334
1.3925968686254906 103.85756056163453 353.4787437823333
1.392601901654415 103.85755998752671 353.478743782334
1.3926090204923218 103.8575591754947 353.478743782334
1.392614774612032 103.85755851913342 353.4787437823333
1.3926192925226364 103.85755800378412 353.47874378233405
1.392626173225227 103.85755721891569 353.4787437823339
1.3926331284562503 103.85755642554591 353.4787437823333
1.3926397669684139 103.85755566830365 353.4787437823339
1.3926467468338293 103.85755487212383 353.4787437823334
1.3926539603264467 103.85755404929459 353.4787437823334
1.392658923928193 103.85755348310607 353.4787437823339
1.3926647408418744 103.85755281958188 353.4787437823339
1.3926698426056194 103.85755223763346 353.47874378233405
1.3926751555854846 103.857551631592 353.4787437823339
1.3926805542079328 103.85755101578145 353.4787437823334
1.3926888472955947 103.85755006980477 353.4787437823334
1.3926973554726927 103.85754909929318 353.4787437823339
1.3927044588304331 103.85754828902668 353.47874378233405
1.3927115034430149 103.85754748546107 353.4787437823334
1.3927186000506777 103.85754667596447 353.4787437823334
1.3927267015242293 103.85754575184471 353.47874378233405
1.392731917611971 103.85754515685542 353.4787437823339
1.3927381266568382 103.85754444860137 353.47874378233405
1.3927454284413032 103.85754361570055 353.47874378233405
1.3927518750743542 103.85754288034524 353.47874378233325
1.3927602161885246 103.85754192888997 353.4787437823339
1.3927651655021978 103.85754136433103 353.47874378233405
1.3927738041976399 103.8575403789312 353.47874378233405
1.392780980932888 103.8575395602944 353.4787437823334
1.3927870203493717 103.8575388713894 353.4787437823334
1.3927950751143001 103.85753795259734 353.47874378233405
1.3928024173046822 103.85753711508731 353.4787437823339
1.3928099491230739 103.85753625594674 353.4787437823334
1.3928185359805902 103.85753527645979 353.47874378233325
1.3928252251221644 103.85753451344175 353.4787437823334
1.3928304876805981 103.85753391315141 353.4787437823334
1.3928389843534692 103.85753294395155 353.47874378233405
1.3928448301742657 103.85753227712952 353.4787437823334
1.3928507249598083 103.85753160472214 353.47874378233325
1.3928558859014781 103.85753101602299 353.4787437823339
1.3928615214745375 103.85753037318347 353.47874378233325
1.392870213916799 103.85752938165245 353.47874378233405
1.3928778559567079 103.85752850993889 353.47874378233405
1.3928835158819246 103.85752786432151 353.4787437823339
1.3928885576873304 103.85752728921193 353.4787437823339
1.3928966796363567 103.85752636275593 353.4787437823334
1.392902469992169 103.85752570226053 353.4787437823334
1.3929096277318962 103.85752488579011 353.47874378233405
1.392914566350475 103.85752432245081 353.47874378233405
1.3929233309422535 103.8575233226896 353.47874378233405
1.3929301107925 103.85752254932429 353.47874378233325
1.3929377345855933 103.85752167969189 353.4787437823339
1.3929466019520722 103.8575206682073 353.47874378233325
1.3929514712915003 103.85752011277046 353.47874378233405
1.3929564807132906 103.85751954135465 353.47874378233325
1.3929654063974555 103.85751852321779 353.4787437823339
1.392974050158289 103.8575174868741 353.4147954027807
1.3929811243341288 103.85751655237462 353.25282788627777
1.3929883997930317 103.85751559128563 353.0862471283274
1.3929940666549339 103.85751484269248 352.95649567263405
1.3930015596324559 103.85751385286919 352.78493289187486
1.3930085480030316 103.85751292970453 352.62492670736475
1.3930154619429458 103.85751201637216 352.4666299293243
1.3930217412083663 103.85751118688033 352.4546820374971
1.3930266856654305 103.85751053371686 352.4546820374979
1.3930320619039656 103.857509823515 352.45468203749726
1.3930399655953216 103.85750877943622 352.4546820374979
1.3930472789447557 103.85750781334168 352.45468203749726
1.393055213491835 103.8575067651868 352.45468203749726
1.3930618719237429 103.85750588560691 352.45468203749726
1.3930690928077498 103.857504931727 352.45468203749726
1.3930750916564296 103.85750413927812 352.4546820374977
1.3930804471418508 103.85750343181762 352.45468203749726
1.3930869924494986 103.8575025671814 352.45468203749726
1.3930945645327018 103.85750156690791 352.4546820374971
1.3931026486476084 103.85750049899492 352.45468203749726
1.3931075017794343 103.85749985789535 352.45468203749726
1.39311318392183 103.85749910728333 352.45468203749726
1.3931217546186205 103.85749797509271 352.45468203749726
1.3931300689571477 103.85749687676706 352.4546820374979
1.393137553900845 103.85749588800458 352.45468203749726
1.3931421934017076 103.85749527512561 352.4546820374971
1.393148147798241 103.85749448854867 352.4546820374977
1.3931547636867014 103.85749361458848 352.45468203749726
1.3931618843608267 103.857492673946 352.45468203749726
1.393166657619563 103.85749204339756 352.45468203749726
1.3931742314496622 103.85749104289302 352.4546820374977
1.3931821297285112 103.85748999952871 352.45468203749726
1.3931879212330527 103.85748923446972 352.4546820374979
1.3931951126188595 103.85748828448611 352.45468203749726
1.3932002234579541 103.85748760934312 352.45468203749726
1.3932066602388853 103.85748675904296 352.4546820374979
1.3932136671175133 103.8574858334327 352.4546820374971
1.3932217881465985 103.85748476064289 352.4546820374971
1.3932306357130755 103.8574835918773 352.4546820374979
1.3932368230169412 103.85748277453301 352.4546820374979
1.3932419369427727 103.85748209898217 352.45468203749726
1.393249615706436 103.85748108461564 352.45468203749726
1.393255576842864 103.85748029714804 352.45468203749726
1.3932637816726732 103.85747921328799 352.45468203749726
1.3932726605827768 103.85747804038174 352.4546820374979
1.3932807004181067 103.85747697831744 352.45468203749726
1.393286294069761 103.85747623939459 352.45468203749726
1.3932923780643867 103.8574754356973 352.45468203749726
1.3932988095644772 103.85747458609443 352.45468203749726
1.3933046814621182 103.85747381041519 352.45468203749726
1.3933107825971227 103.8574730044536 352.45468203749726
1.3933165055683825 103.85747224844752 352.45468203749726
1.3933231608522196 103.85747136928268 352.45468203749726
1.393328711298326 103.8574706360672 352.45468203749726
1.3933347444828454 103.85746983908183 352.45468203749726
1.3933409935670273 103.85746901357602 352.4546820374979
1.393346801171083 103.85746824638987 352.45468203749726
1.3933539599101168 103.85746730071835 352.4546820374979
1.3933623992722275 103.85746618587613 352.4546820374979
1.3933700346186086 103.85746517724459 352.45468203749726
1.393377473820092 103.85746419452386 352.4546820374979
1.3933862466150526 103.85746303563495 352.45468203749726
1.3933920863548692 103.85746226420352 352.4546820374979
1.3934009322051235 103.85746109566394 352.4546820374971
1.393409006345847 103.85745995707919 352.3634810506892
1.393416524417044 103.857458833159 352.1977918622994
1.3934239055968973 103.85745772970347 352.0351157566743
1.3934298544093386 103.85745684038085 351.90400706988794
1.3934359868284676 103.85745592360979 351.7688524501258
1.3934423191644798 103.85745497695197 351.6292940739379
1.393451218242459 103.8574536465769 351.47134574279846
1.3934564385275312 103.85745286616603 351.47134574279863
1.393464421915416 103.85745167268276 351.47134574279846
1.3934709588707663 103.8574506954351 351.47134574279846
1.3934787227282603 103.85744953477067 351.47134574279846
1.393484709650369 103.85744863975069 351.47134574279914
1.3934896821212035 103.8574478963869 351.47134574279846
1.393497743860996 103.85744669119022 351.47134574279846
1.3935065527959132 103.85744537429095 351.47134574279914
1.3935110792171843 103.85744469760968 351.47134574279846
1.3935184867163073 103.85744359021919 351.47134574279914
1.3935250654022102 103.85744260673283 351.47134574279863
1.393533152628856 103.85744139772584 351.47134574279846
1.3935396405456382 103.85744042780904 351.47134574279914
1.3935482938513795 103.8574391341755 351.47134574279846
1.3935536355417504 103.85743833561479 351.47134574279914
1.3935594141752652 103.85743747173284 351.47134574279846
1.3935677499835144 103.85743622556379 351.47134574279846
1.3935732298314416 103.85743540634903 351.47134574279914
1.3935786438709425 103.85743459697235 351.47134574279846
1.3935840594178184 103.85743378737031 351.47134574279846
1.393589652708545 103.85743295119627 351.47134574279846
1.393595532037515 103.85743207226069 351.47134574279846
1.3936022664231118 103.85743106549761 351.47134574279846
1.393607474070822 103.8574302869756 351.47134574279846
1.39361541232396 103.8574291002392 351.47134574279846
1.3936230861763976 103.8574279530296 351.47134574279846
1.393627678894324 103.85742726643703 351.47134574279846
1.3936344257610878 103.85742625780797 351.47134574279846
1.3936394217906947 103.8574255109219 351.47134574279846
1.3936444851343521 103.85742475397265 351.47134574279863
1.393652688150201 103.85742352765517 351.47134574279846
1.393659254092395 103.85742254607351 351.47134574279846
1.39366771345627 103.85742128143298 351.47134574279846
1.3936764547683214 103.85741997464233 351.47134574279846
1.3936816661118214 103.8574191955676 351.47134574279863
1.3936862031452624 103.8574185172995 351.47134574279846
1.3936910489835221 103.85741779286631 351.47134574279846
1.3936997880808553 103.85741648640662 351.47134574279846
1.3937061925042102 103.85741552897125 351.47134574279846
1.3937148947677893 103.85741422801802 351.47134574279846
1.39372242093134 103.85741310288692 351.47134574279914
1.3937303089270148 103.85741192366338 351.47134574279846
1.3937379122156013 103.85741078700238 351.47134574279914
1.3937465645527132 103.85740949351282 351.47134574279914
1.3937553214406155 103.85740818439328 351.47134574279846
1.393762891325806 103.85740705272586 351.47134574279846
1.3937704886291626 103.8574059169595 351.47134574279846
1.3937755983367042 103.8574051530787 351.47134574279863
1.3937825165503586 103.85740411883349 351.47134574279846
1.3937869879190081 103.85740345038178 351.4713457427988
1.3937923290789695 103.85740265189975 351.4713457427988
1.3937987126352775 103.85740169758361 351.47134574279846
1.3938070628464179 103.85740044926041 351.47134574279846
1.3938149918511404 103.85739926390585 351.47134574279846
1.3938237340590462 103.85739795698065 351.47134574279846
1.3938320371330828 103.85739671570417 351.47134574279846
1.3938379535890537 103.85739583121754 351.47134574279846
1.3938429261523517 103.8573950878391 351.47134574279846
1.393849583118101 103.85739409264919 351.47134574279846
1.3938543614744345 103.8573933783039 351.47134574279846
1.3938607536272347 103.85739242270243 351.47134574279846
1.3938696684620513 103.85739108996998 351.4713457427988
1.393878345134402 103.85738979284184 351.4713457427988
1.3938851409738227 103.85738876967673 351.4622286704963
1.3938902579351315 103.8573877943117 351.1963025738125
1.3938982494215657 103.85738627102165 350.78091746903834
1.3939028619806064 103.8573853918028 350.5411389118738
1.3939098558013445 103.85738405868184 350.1775611740647
1.393917300742217 103.85738263957099 349.7905449690258
1.3939259007640623 103.85738100028537 349.3435456526364
1.3939344429894265 103.85737937201652 349.1680481534745
1.3939414608293008 103.85737803431708 349.1680481534745
1.3939475680619289 103.8573768701922 349.16804815347484
1.3939554796400335 103.85737536213357 349.1680481534743
1.3939642815353368 103.85737368436781 349.1680481534745
1.3939728787948846 103.85737204560851 349.16804815347484
1.3939811538970786 103.85737046825692 349.1680481534745
1.393987980288666 103.85736916705004 349.1680481534743
1.3939931364972755 103.85736818420368 349.1680481534745
1.3940000081965176 103.85736687436047 349.1680481534743
1.3940046271525748 103.85736599392203 349.16804815347484
1.3940105973747847 103.85736485591309 349.1680481534745
1.3940178753787222 103.85736346862238 349.1680481534745
1.394023072634528 103.85736247795175 349.1680481534743
1.3940305116013452 103.85736105997918 349.1680481534745
1.3940356933499458 103.85736007226443 349.1680481534745
1.3940430079477466 103.85735867799832 349.1680481534743
1.394049435985501 103.85735745272312 349.16804815347484
1.3940577118957893 103.85735587521717 349.1680481534743
1.3940622242350331 103.85735501510126 349.1680481534743
1.3940701914625322 103.85735349643456 349.1680481534745
1.3940755463790167 103.85735247571142 349.1680481534745
1.3940825523355629 103.85735114027658 349.1680481534743
1.3940903950479278 103.85734964534416 349.1680481534745
1.3940954525965215 103.8573486813035 349.1680481534743
1.39410004721749 103.85734780550344 349.1680481534743
1.3941076891751947 103.85734634883762 349.16804815347484
1.394112215938277 103.85734548597222 349.1680481534745
1.3941186536875763 103.85734425884561 349.1680481534743
1.3941272934975029 103.8573426119749 349.1680481534743
1.3941320961025705 103.85734169653001 349.1680481534743
1.3941390951283104 103.8573403624161 349.1680481534745
1.394145912576396 103.8573390629134 349.1680481534745
1.3941546249589971 103.85733740220918 349.16804815347484
1.394160632862692 103.85733625701715 349.1680481534745
1.3941687349082226 103.85733471265182 349.1680481534745
1.3941752378017755 103.85733347310759 349.1680481534745
1.3941796889673022 103.85733262465199 349.16804815347456
1.3941853975646252 103.85733153651194 349.1680481534745
1.3941933808795355 103.85733001477823 349.1680481534745
1.3941991278271082 103.85732891932804 349.1680481534743
1.3942042303196305 103.85732794672013 349.1680481534745
1.3942107972605178 103.85732669496747 349.1680481534745
1.3942171020871286 103.85732549317751 349.1680481534743
1.3942236119513027 103.85732425230444 349.1680481534743
1.3942281674894637 103.8573233839538 349.1680481534745
1.3942365982366844 103.85732177693293 349.1680481534745
1.3942433347910388 103.8573204928494 349.1680481534745
1.3942494490535131 103.85731932738358 349.1680481534745
1.394254767693806 103.85731831357471 349.1680481534745
1.3942626738902186 103.8573168065406 349.1680481534745
1.3942676173032613 103.85731586425536 349.1680481534745
1.3942733583267761 103.85731476993415 349.16804815347484
1.3942786297895124 103.85731376511794 349.16804815347456
1.3942852519797297 103.85731187839454 348.38377496486197
1.394293042852075 103.85730952144877 347.28735773217824
1.394300521277163 103.85730725902653 346.23410405408436
1.3943075357152566 103.85730513697267 345.24612102843787
1.3943148282737439 103.85730293077994 344.2195305155853
1.394320944723879 103.85730108039121 343.35942178633326
1.3943292586375047 103.85729856521137 343.0936763935886
1.3943345076860592 103.85729697723464 343.0936763935886
1.3943429785099146 103.85729441458518 343.0936763935886
1.3943494448349452 103.8572924583499 343.0936763935886
1.3943558616355767 103.85729051709703 343.0936763935886
1.3943616293672998 103.85728877220475 343.0936763935886
1.3943665204785995 103.85728729251345 343.0936763935886
1.3943739421983044 103.85728504724575 343.0936763935886
1.3943792750453228 103.85728343391762 343.0936763935886
1.3943854177895476 103.85728157557396 343.0936763935886
1.3943921195406865 103.85727954811584 343.0936763935886
1.3943988525319733 103.8572775112067 343.0936763935886
1.3944032640200679 103.85727617661409 343.0936763935882
1.394409557303404 103.85727427272828 343.0936763935886
1.394414041835459 103.85727291603787 343.0936763935882
1.3944190389658313 103.85727140427281 343.0936763935886
1.3944238817863197 103.85726993919059 343.0936763935886
1.394430692263151 103.85726787883986 343.0936763935886
1.3944375709727612 103.85726579784689 343.0936763935886
1.3944452073202123 103.85726348764823 343.0936763935882
1.3944532653758062 103.85726104987158 343.0936763935886
1.3944606663143702 103.85725881089031 343.0936763935886
1.3944685339125455 103.85725643073202 343.0936763935886
1.3944734368285443 103.85725494746917 343.0936763935886
1.3944786761561034 103.85725336243279 343.0936763935886
1.3944854354773253 103.85725131755778 343.0936763935885
1.3944913873216145 103.85724951696605 343.0936763935886
1.3944962470378803 103.85724804677217 343.0936763935882
1.3945048481019402 103.85724544472069 343.0936763935886
1.3945113467392594 103.8572434787094 343.0936763935889
1.394517534214051 103.85724160683306 343.0936763935886
1.3945239218075605 103.85723967441541 343.0936763935883
1.3945321279507203 103.85723719183791 343.0936763935887
1.394537025798652 103.85723571010806 343.0936763935886
1.3945422460384198 103.85723413084607 343.0936763935883
1.3945492305394473 103.85723201784783 343.0936763935882
1.3945564898878922 103.85722982170091 343.09367639358896
1.394561556117129 103.85722828903113 343.0936763935883
1.3945682760389808 103.85722625607511 343.0936763935886
1.394576595163631 103.85722373931745 343.0936763935885
1.3945847202088915 103.85722128127395 343.0936763935882
1.3945916775250982 103.85721917649968 343.0936763935883
1.3945973903391093 103.8572174482206 343.0936763935885
1.3946018404512364 103.85721610194261 343.0936763935885
1.3946091200016548 103.85721389968379 343.0936763935889
1.3946175281195434 103.85721135600306 343.0936763935886
1.3946248812494835 103.8572091314844 343.0936763935887
1.3946323232236397 103.85720688008796 343.0936763935889
1.3946375676193057 103.85720529351781 343.0936763935882
1.3946449062768078 103.85720307337733 343.0936763935886
1.3946523988207076 103.85720080668209 343.0936763935887
1.3946596402178097 103.85719861596544 343.0936763935882
1.3946652191762183 103.85719692818101 343.0936763935886
1.3946716113075683 103.85719499438994 343.0936763935882
1.3946765968075954 103.85719348614256 343.0936763935883
1.394682655510605 103.85719131208124 342.6764856378158
1.3946901134447458 103.85718841288451 341.8896946306366
1.394696440767976 103.85718595320137 341.2218684885761
1.394703731028716 103.85718311918592 340.45230297870694
1.3947080462210573 103.85718144169833 339.9968423561552
1.3947125314981237 103.857179698092 339.52354827746785
1.3947194075637672 103.85717702509064 338.7983548698958
1.394726796511565 103.85717415271145 338.66027799182785
1.3947346299928 103.85717110752435 338.660277991828
1.3947409277582166 103.85716865933126 338.66027799182774
1.3947455186711324 103.85716687465997 338.6602779918274
1.3947535447611392 103.85716375459799 338.660277991828
1.394758729814993 103.8571617389603 338.66027799182757
1.3947668199058094 103.85715859401857 338.66027799182723
1.3947730805061918 103.85715616027288 338.66027799182757
1.3947811401657262 103.85715302716095 338.66027799182785
1.394787919036829 103.85715039194264 338.66027799182785
1.394793420357733 103.85714825335916 338.66027799182785
1.3947985117460604 103.85714627413284 338.66027799182757
1.394806611429786 103.85714312546173 338.66027799182757
1.394813128092679 103.85714059217412 338.660277991828
1.3948176145749602 103.8571388480989 338.66027799182785
1.3948222849848197 103.8571370325237 338.66027799182785
1.3948303263102346 103.85713390653865 338.66027799182757
1.3948372613070354 103.85713121062777 338.66027799182774
1.394842355241218 103.85712923041162 338.6602779918274
1.3948470081437652 103.85712742164209 338.66027799182785
1.3948514822910334 103.8571256823619 338.66027799182774
1.3948559280820112 103.85712395410492 338.66027799182723
1.394862580345643 103.8571213681036 338.66027799182757
1.3948707228727428 103.85711820277717 338.66027799182757
1.3948788457091137 103.85711504510526 338.66027799182774
1.394886244282358 103.85711216898339 338.66027799182785
1.3948922865877 103.85710982009718 338.66027799182785
1.3948985381171313 103.85710738987716 338.66027799182774
1.3949061604411614 103.85710442677427 338.66027799182785
1.3949133505294604 103.85710163169871 338.66027799182774
1.3949202168355792 103.85709896249023 338.6602779918274
1.3949247556264797 103.85709719808021 338.66027799182757
1.3949325487953224 103.85709416856295 338.66027799182723
1.3949379714150925 103.85709206057317 338.66027799182785
1.3949435149089071 103.85708990559476 338.660277991828
1.3949481868995446 103.85708808940458 338.660277991828
1.3949559354547045 103.85708507723031 338.66027799182757
1.3949620340449178 103.85708270646359 338.66027799182785
1.3949678507161671 103.85708044529005 338.6602779918274
1.3949739810448065 103.85707806218525 338.66027799182785
1.3949810795094288 103.85707530272714 338.66027799182785
1.3949870050838877 103.85707299921847 338.660277991828
1.394991823895607 103.85707112595288 338.6602779918274
1.3949968026840402 103.85706919049792 338.660277991828
1.395004941172403 103.85706602674068 338.66027799182785
1.3950127714135367 103.85706298281146 338.660277991828
1.3950173543094657 103.85706120125572 338.66027799182785
1.395022166993123 103.85705933037224 338.66027799182785
1.3950295057216606 103.85705647751364 338.66027799182757
1.3950364083708293 103.85705379417654 338.66027799182785
1.3950420808610773 103.85705158905162 338.6602779918277
1.3950491722330967 103.8570488323503 338.6602779918274
1.39505483393687 103.85704663141848 338.66027799182723
1.3950615683173064 103.85704401349408 338.6602779918274
1.3950698664082541 103.85704078769248 338.660277991828
1.3950752329393967 103.85703870150603 338.66027799182785
1.3950824003868594 103.85703591523097 338.66027799182723
1.3950878806392055 103.85703378483646 338.66027799182785
1.3950955304490458 103.85703081104765 338.66027799182774
1.3950999988002204 103.85702907401978 338.6602779918274
1.3951062054535404 103.8570266612439 338.66027799182785
1.3951140890692124 103.85702359656527 338.66027799182785
1.3951199027172576 103.8570213365663 338.66027799182757
1.395125690675839 103.85701908655385 338.6602779918274
1.3951336541353594 103.85701599083656 338.6602779918274
1.395139220112307 103.85701382711726 338.66027799182785
1.395146229762322 103.85701110218405 338.66027799182785
1.3951527320702497 103.85700857447512 338.66027799182774
1.3951609232101734 103.85700539024913 338.6602779918274
1.3951666154908051 103.85700317743036 338.66027799182814
1.3951744550054412 103.8570001298952 338.66027799182814
1.3951804059802408 103.85699781651152 338.660277991828
1.3951869683281004 103.85699526546249 338.66027799182757
1.3951951870289756 103.85699207052224 338.66027799182785
1.395200831381839 103.85698987633477 338.66027799182785
1.3952050774568565 103.85698822571425 338.66027799182785
1.3952125305334093 103.85698532840293 338.66027799182723
1.3952187161754372 103.85698292379448 338.66027799182785
1.3952262218472422 103.85698000603718 338.6602779918274
1.3952337464660498 103.85697708091438 338.66027799182785
1.3952409445496667 103.85697428272894 338.66027799182723
1.3952456989654267 103.85697243449575 338.66027799182785
1.395251248321213 103.85697027723725 338.660277991828
1.39525686940792 103.85696809209406 338.66027799182785
1.3952616595068266 103.8569662299893 338.66027799182785
1.3952667240743506 103.85696426118754 338.66027799182723
1.3952735280328177 103.85696161621426 338.6602779918274
1.3952798526708923 103.85695915757215 338.6602779918274
1.3952857815047608 103.85695685279508 338.66027799182785
1.3952903941164283 103.8569550596867 338.66027799182723
1.3952956747397327 103.8569529703621 338.6167972616768
1.3953007935803117 103.85695092763343 338.55392159834264
1.3953065567637326 103.85694862777281 338.4831309258229
1.3953145873797999 103.8569454230686 338.38448843139884
1.3953216949739375 103.85694258670623 338.2971837687416
1.3953258940283424 103.8569409110281 338.24560575746216
1.3953312101106805 103.85693878958787 338.1803073958793
1.3953356991356227 103.85693699819385 338.14598422510016
1.3953439193127046 103.85693371784306 338.1459842250999
1.3953510923689294 103.85693085535719 338.14598422510045
1.395359369780325 103.85692755216637 338.1459842251003
1.3953668136342563 103.85692458161564 338.1459842251
1.3953713318961751 103.85692277855414 338.1459842251
1.395375648027276 103.85692105615513 338.14598422510045
1.3953815227660404 103.85691871177676 338.1459842251
1.3953895071613422 103.85691552551701 338.1459842251
1.395393998616649 103.8569137331529 338.1459842250999
1.3954023590777276 103.8569103968199 338.14598422510016
1.3954081072308193 103.85690810295682 338.1459842250999
