652141654
1.3912673218498304 103.85691292017457 281.28733653217387
1.3912687770496994 103.85690565753966 281.28733653217387
1.3912697325433783 103.85690088884634 281.2873365321733
1.3912707754173377 103.85689568405404 281.2873365321732
1.3912718791059708 103.85689017574683 281.2873365321733
1.391273200008238 103.85688358336614 281.2873365321732
1.3912746391393453 103.8568764009269 281.2873365321739
1.3912757900514783 103.85687065693557 281.28733653217387
1.3912769288443714 103.85686497342904 281.2873365321739
1.3912785049940561 103.85685710715481 281.2873365321733
1.391279636504938 103.85685145999128 281.2873365321732
1.391280519644192 103.85684705240497 281.2873365321733
1.391282186976359 103.85683873105529 281.2873365321733
1.3912830760674095 103.8568342937645 281.2873365321732
1.3912846381858615 103.85682649751696 281.2873365321739
1.3912858275410571 103.8568205500672 281.2844486437012
1.3912871755634706 103.85681380886655 281.28109459750965
1.3912887360773805 103.85680600503666 281.27721184612113
1.3912903581746647 103.85679789324 281.2731758675906
1.3912920695501956 103.85678933497978 281.26891775368443
1.3912930234333338 103.8567845647934 281.2665443744896
1.3912945080161372 103.8567771406798 281.26541600324924
1.3912955471638253 103.85677194410162 281.26541600324924
1.3912968627611346 103.85676536505181 281.26541600324924
1.391297847540253 103.85676044036026 281.2654160032493
1.3912987755565966 103.85675579952839 281.2654160032487
1.3912996846853605 103.85675125314965 281.26541600324924
1.3913011045138102 103.8567441528595 281.2654160032493
1.3913027770866808 103.85673578864275 281.2654160032486
1.3913036590682508 103.85673137802168 281.2654160032493
1.3913048877420817 103.85672523365885 281.2654160032493
1.391306212833056 103.85671860713222 281.26541600324924
1.3913072765484098 103.85671328769502 281.26541600324924
1.3913090229204008 103.85670455442228 281.26541600324924
1.3913105197374498 103.85669706912593 281.26541600324924
1.3913114674853424 103.85669232961959 281.2654160032486
1.3913125785783176 103.85668677325556 281.2654160032493
1.391313818924848 103.85668057051906 281.26541600324924
1.3913154609851477 103.85667235888846 281.2654160032487
1.3913164732053396 103.85666729696807 281.26541600324924
1.3913180560284575 103.85665938157105 281.26541600324924
1.3913192440423257 103.85665344053979 281.2654160032487
1.3913206939724923 103.85664618971482 281.26541600324924
1.3913218431018008 103.85664044313764 281.2654160032486
1.391323392606888 103.85663269435717 281.26541600324924
1.3913249402199626 103.85662495503813 281.26541600324924
1.3913264461641957 103.85661742409692 281.26541600324924
1.3913274584152358 103.85661236202155 281.26541600324924
1.3913287885280357 103.85660571037972 281.26541600324924
1.3913300673701234 103.85659931513291 281.2654160032486
1.3913311083152793 103.85659410956346 281.26541600324924
1.391332235413277 103.85658847315987 281.2654160032486
1.3913339022383606 103.85658013768325 281.2654160032486
1.3913352063091564 103.856573616272 281.26541600324924
1.3913367773979277 103.85656575955423 281.2654160032486
1.3913382601348838 103.85655834466702 281.26541600324924
1.3913391621045046 103.85655383408739 281.26541600324924
1.3913405167921726 103.85654705955027 281.2654160032487
1.3913415036713965 103.8565421243536 281.2654160032493
1.3913432409299384 103.8565334366515 281.26541600324924
1.39134498353138 103.85652472223036 281.26541600324924
1.3913460892332956 103.85651919282351 281.26541600324924
1.3913473500982152 103.85651288747566 281.2654160032486
1.3913485432080401 103.85650692095814 281.2654160032493
1.391349689064196 103.85650119074725 281.26541600324924
1.3913507138167465 103.85649606615262 281.2654160032486
1.3913522726840375 103.85648827055053 281.2654160032486
1.3913539103807948 103.85648008073696 281.26541600324924
1.3913554895182731 103.85647218376717 281.2654160032486
1.3913563715144974 103.8564677730697 281.26541600324924
1.3913577988858414 103.8564606350536 281.2654160032493
1.3913594074978128 103.85645259068697 281.26541600324924
1.3913609855895552 103.85644469894612 281.2654160032493
1.3913623841471778 103.85643770502159 281.26541600324924
1.391363799985859 103.85643062467759 281.2654160032493
1.3913649772255137 103.85642473752252 281.2654160032486
1.3913664629737315 103.85641730757376 281.2654160032493
1.3913679761403037 103.85640974051081 281.26541600324924
1.3913695558635713 103.8564018406101 281.2654160032486
1.3913713130488077 103.85639305325506 281.2654160032487
1.3913724699025187 103.85638726804572 281.26541600324924
1.3913739183797655 103.8563800244814 281.2654160032486
1.391375594052094 103.8563716447567 281.26541600324924
1.39137695970438 103.85636481538425 281.26541600324924
1.3913782108270496 103.85635855875297 281.26541600324924
1.3913795852116757 103.85635168571149 281.2654160032493
1.3913812100484726 103.8563435602052 281.2654160032487
1.3913825003496016 103.85633710764938 281.2654160032486
1.3913840393268455 103.85632941151043 281.26541600324924
1.3913849263517517 103.85632497566378 281.2654160032486
1.39138584074117 103.85632040297224 281.26541600324924
1.3913869387757076 103.85631491190551 281.26541600324924
1.39138823990191 103.85630840521502 281.26541600324924
1.3913897807462616 103.85630069973841 281.2654160032486
1.3913915396552141 103.85629190376103 281.2654160032493
1.391393179600448 103.85628370269895 281.2654160032487
1.3913943924708656 103.85627763735873 281.2654160032486
1.3913954267576303 103.85627246508218 281.2654160032486
1.3913966650999126 103.85626627236171 281.2654160032487
1.3913976767848837 103.85626121311239 281.26541600324924
1.391398734227545 103.85625592503726 281.26541600324924
1.3913997226403134 103.85625098216781 281.2654160032492
1.3914007495236747 103.85624584691396 281.2654160032492
1.3914021817024902 103.85623868485233 281.26541600324924
1.3914036005514467 103.85623158945076 281.2654160032493
1.3914047943171033 103.85622561964907 281.26541600324924
1.3914061444094354 103.85621886808644 281.26541600324924
1.3914077789996393 103.85621069380227 281.2654160032487
1.3914094379232609 103.85620239783098 281.2654160032493
1.3914104795268054 103.85619718896355 281.2654160032493
1.3914121591729491 103.85618878936245 281.2654160032493
1.3914137625680718 103.85618080019417 281.27265348832265
1.3914152446930397 103.85617410112322 281.44983521806404
1.3914163841636065 103.85616895081914 281.5860593997394
1.391417365978407 103.85616451310484 281.70343818068966
1.3914185240679966 103.85615927864434 281.841892579237
1.3914203382869603 103.8561510785381 282.0587894343302
1.3914222249825272 103.85614255084396 282.2843445822748
1.39142388933998 103.85613502809794 282.4257945625475
1.3914250370020245 103.85612984076862 282.42579456254737
1.3914267660439332 103.85612202565441 282.42579456254737
1.391428094181873 103.85611602259007 282.42579456254805
1.3914294553948472 103.85610987002944 282.4257945625475
1.3914311237906731 103.85610232902971 282.42579456254737
1.3914330593884363 103.85609358030099 282.4257945625475
1.391434094656087 103.85608890098376 282.42579456254737
1.3914353645042197 103.85608316138364 282.4257945625475
1.3914368946220221 103.85607624538773 282.42579456254737
1.3914388216132714 103.85606753555913 282.42579456254737
1.3914403943059317 103.8560604271284 282.42579456254737
1.3914422280831622 103.85605213861852 282.4257945625475
1.3914433503327341 103.85604706615025 282.42579456254737
1.3914446239111384 103.85604130968903 282.42579456254737
1.3914456723281654 103.85603657093718 282.42579456254737
1.3914468309445374 103.856031334094 282.42579456254737
1.3914481437497654 103.85602540033078 282.4257945625475
1.3914497599936226 103.85601809505177 282.4257945625475
1.3914508627277518 103.85601311079112 282.4257945625475
1.3914526204102653 103.85600516622168 282.4257945625481
1.3914539285447514 103.85599925356942 282.42579456254737
1.3914557145020292 103.85599118120025 282.4257945625475
1.3914570190943292 103.85598528455816 282.4257945625475
1.3914586386185406 103.8559779644515 282.42579456254805
1.3914603185665053 103.85597037123465 282.42579456254805
1.3914616317227397 103.85596443588403 282.42579456254805
1.3914627356853322 103.85595944607019 282.4257945625475
1.391464261214811 103.85595255081101 282.4257945625475
1.3914660706092694 103.85594437250688 282.42579456254737
1.391467630744501 103.85593732083247 282.4257945625475
1.3914692363442724 103.85593006366217 282.42579456254737
1.3914705963366911 103.85592391661551 282.4257945625481
1.3914725165258148 103.85591523752862 282.4257945625475
1.391474312003084 103.85590712212822 282.42579456254805
1.391475599502171 103.85590130274473 282.42579456254737
1.3914770031700396 103.85589495828839 282.42579456254737
1.3914786310078964 103.85588760060313 282.4257945625475
1.3914801997307935 103.85588051011221 282.42579456254737
1.3914820095926714 103.85587232969395 282.42579456254737
1.391483577919334 103.85586524099371 282.4257945625481
1.3914851471560432 103.85585814818 282.42579456254805
1.3914865114909116 103.85585198150476 282.4257945625481
1.391488271817804 103.85584402497973 282.42579456254737
1.391490087289892 103.85583581920304 282.4257945625481
1.3914919591253867 103.85582735866849 282.4257945625475
1.3914935442071557 103.85582019423582 282.4257945625475
1.391495008000447 103.85581357801648 282.4257945625475
1.3914963433102605 103.85580754253127 282.42579456254737
1.3914982442284745 103.85579895054471 282.4257945625475
1.391500038048027 103.85579084263472 282.42579456254737
1.3915011862754074 103.85578565274568 282.42579456254737
1.3915025287606568 103.85577958482772 282.42579456254737
1.3915036113564483 103.85577469158768 282.42579456254737
1.3915053888532958 103.85576665745442 282.42579456254805
1.3915067097508427 103.85576068711073 282.4257945625475
1.3915081857840326 103.85575401556711 282.42579456254805
1.3915092533579336 103.85574919022444 282.42579456254737
1.3915110433342712 103.85574109968444 282.42579456254737
1.3915123413815196 103.85573523262177 282.42579456254737
1.3915136617497248 103.85572926467019 282.42579456254805
1.3915149136338687 103.85572360626063 282.42579456254805
1.3915159078284314 103.85571911258594 282.4257945625475
1.3915176455754084 103.8557112581176 282.4257945625475
1.3915190175391403 103.85570505695826 282.42579456254737
1.39152088309142 103.85569662482055 282.42579456254737
1.3915220029049336 103.85569156335856 282.42579456254737
1.3915236703787621 103.85568402651838 282.42579456254805
1.3915254106545476 103.85567616061934 282.42579456254805
1.3915273329391815 103.85566747205556 282.4257945625481
1.391528770745011 103.85566097329486 282.4257945625474
1.3915306474071485 103.85565249094059 282.42579456254737
1.3915316591429214 103.85564791798032 282.42579456254805
1.3915332066297883 103.85564092347026 282.4257945625475
1.3915343038267955 103.85563596423228 282.42579456254737
1.3915355166700853 103.85563048228276 282.42579456254737
1.3915370043227828 103.85562375821782 282.4257945625475
1.3915381768907318 103.85561773083883 282.2265426675428
1.3915388088657616 103.85561325271327 281.78220947946284
1.3915394930543454 103.85560840460646 281.30095502404123
1.3915405970486683 103.85560058178886 280.5241184165191
1.3915416439970214 103.85559316319433 279.7873141689729
1.3915427062961356 103.85558563582534 279.0398533144191
1.391543346137543 103.8555811019587 278.5898216717311
1.3915443218184218 103.85557418835951 278.0098834173881
1.3915455627651963 103.85556539510645 278.0098834173881
1.391546700295931 103.85555733465122 278.0098834173888
1.391547385317987 103.85555248063756 278.00988341738866
1.3915483750731157 103.8555454673086 278.0098834173887
1.3915492937115006 103.85553895790729 278.00988341738866
1.3915502924256449 103.85553188109508 278.00988341738866
1.3915511788684496 103.85552559982888 278.00988341738804
1.3915520257463456 103.8555195989165 278.00988341738804
1.3915528860826918 103.85551350263842 278.0098834173887
1.3915538884846441 103.85550639969406 278.00988341738804
1.391554829554394 103.8554997313449 278.00988341738866
1.3915560115486594 103.8554913558226 278.00988341738866
1.3915569252722508 103.8554848812459 278.0098834173887
1.391557963964281 103.85547752115207 278.00988341738866
1.3915588538312675 103.85547121562117 278.0098834173887
1.3915595700744512 103.85546614037546 278.0098834173881
1.3915606468760398 103.85545851023964 278.00988341738866
1.3915614650902144 103.85545271243484 278.0098834173887
1.3915624254237986 103.85544590758231 278.00988341738804
1.3915635010710652 103.85543828562541 278.00988341738866
1.3915644033515429 103.85543189213257 278.00988341738866
1.3915656225892101 103.85542325270426 278.0098834173881
1.3915662852209905 103.85541855734417 278.0098834173881
1.3915674267468154 103.85541046857588 278.00988341738866
1.391568564994719 103.85540240303449 278.00988341738804
1.3915696494741305 103.85539471849249 278.00988341738804
1.3915708372393945 103.8553863020742 278.00988341738866
1.3915715971850695 103.8553809171543 278.00988341738866
1.3915722883590849 103.8553760195453 278.00988341738866
1.3915732563556145 103.85536916039187 278.00988341738866
1.391574158230209 103.85536276977355 278.0098834173887
1.3915748090882811 103.85535815784009 278.00988341738866
1.3915760536466748 103.85534933898873 278.0098834173881
1.3915770936933602 103.85534196929238 278.00988341738804
1.3915779802498545 103.85533568721642 278.0098834173888
1.391578958842333 103.85532875297989 278.00988341738866
1.3915801543515267 103.85532028168674 278.0098834173881
1.3915808081813072 103.85531564869531 278.0098834173881
1.3915816033106712 103.85531001446493 278.0098834173887
1.391582551378766 103.85530329652138 278.00988341738866
1.3915837590745948 103.85529473887385 278.0098834173887
1.3915846405538455 103.85528849277385 278.0098834173888
1.3915858535420238 103.85527989762464 278.0098834173887
1.3915868641576958 103.85527273647263 278.00988341738866
1.3915877863189683 103.85526620210216 278.00988341738866
1.3915886118365728 103.85526035254185 278.00988341738804
1.3915898381861078 103.85525166271417 278.0098834173887
1.3915904699604842 103.85524718600466 278.00988341738866
1.3915911032602706 103.85524269848615 278.00988341738866
1.3915919251688913 103.8552368744984 278.00988341738804
1.3915926815506698 103.85523151482919 278.00988341738866
1.3915934457296946 103.85522609990913 278.0098834173881
1.3915946860969592 103.85521731075173 278.0098834173887
1.391595655423055 103.85521044217327 278.00988341738866
1.3915969059642117 103.85520158092388 278.0098834173888
1.39159774409946 103.85519564195448 278.0098834173881
1.391598444141308 103.85519068150542 278.0098834173881
1.39159936290887 103.85518417118067 278.00988341738866
