594262546#0
1.321154263947312 103.82517925978217 106.99280914320931
1.3211521521529936 103.82518613747386 106.99280914320931
1.321149536456823 103.82519465627297 106.99280914320931
1.321148153710466 103.82519915960115 106.99280914320931
1.3211458785295793 103.82520640621637 107.05356501107268
1.3211435087693986 103.82521388352563 107.14311170730596
1.3211417901422433 103.82521930631341 107.20805423250862
1.3211396661708883 103.8252260080845 107.28831380575075
1.32113808961264 103.82523098260188 107.34788792255746
1.321136464341137 103.82523611082422 107.4093025639054
1.3211341113557467 103.82524353520351 107.49821486703401
1.3211325483765484 103.8252484668747 107.50578702506445
1.3211304081468724 103.82525521994532 107.50578702506445
1.3211284875976155 103.82526127985784 107.50578702506445
1.3211266194335924 103.8252671744791 107.50578702506445
1.3211243021460624 103.82527448622042 107.50578702506445
1.321122437604642 103.8252803694111 107.50578702506475
1.321120922708385 103.82528514936575 107.50578702506475
1.3211185790122841 103.82529254443385 107.50578702506475
1.321116218634118 103.82529999213877 107.50578702506445
1.321113940133964 103.82530718149377 107.50578702506445
1.321111648837628 103.8253144112245 107.50578702506466
1.3211091602991951 103.82532226331337 107.50578702506475
1.3211076037022327 103.82532717484594 107.50578702506466
1.3211059953464448 103.82533224969315 107.50578702506434
1.3211045956844225 103.82533666604859 107.50578702506445
