1119699710 1.2775736959294133 103.78850172347926
1363068215 1.2781104579201465 103.78663542271575
1363294705 1.2773594958547412 103.79153680687865
1363294706 1.2774240951070412 103.79137995432153
1363301322 1.2773541211699633 103.79069239517774
2117806794 1.2757382537991264 103.79312708618176
246294799 1.276607251742 103.791257753887
2640951799 1.2788678689088555 103.79189342330295
4600564515 1.276397596046132 103.79052074215431
4600564523 1.2761224184715745 103.79047566637315
4600564535 1.2760114506468483 103.79070335759894
4685900497 1.2766903091695612 103.7903489546277
4721228428 1.2764024959208864 103.79189178913202
4723220000 1.277619144297361 103.78763607965267
4941625386 1.2749509637648526 103.7918038549172
5135512091 1.277062888224125 103.78997887758443
5176601535 1.2771296482093466 103.78980090476291
5176817453 1.2756674938349466 103.79077469484315
5176817456 1.27603482183407 103.79020277371518
5176817458 1.2768143212233602 103.7888256989784
5176817476 1.2808713728803176 103.78160476242476
5176841022 1.2759209963695375 103.7893618286099
5176841023 1.2764437886672642 103.78931449254345
5176841034 1.2746406958500278 103.79062122771983
5176841044 1.276050271712904 103.78997476767093
5176841049 1.2758468911496976 103.78950062166038
5176841055 1.274888421341596 103.79076247675661
5222330256 1.2752118816329725 103.78866504314111
5222330292 1.2761788852878533 103.78728266914999
5222330304 1.2748588651795938 103.78946971891841
5222330305 1.2747629582940345 103.78941188782444
5229033059 1.2749787108026671 103.79175755919755
5229033060 1.2750510921936569 103.79179868567111
597080517 1.27109049191568 103.80891233624921
597080542 1.2709767816364912 103.80888902217754
597080562 1.2778107663017684 103.78715752494493
6696315241 1.2802244982181583 103.78206430018753
6989250130 1.2753764130354177 103.78980828484728
6989250131 1.2751690177840487 103.78964266251772
cluster_1794017111_4600564507_4600564518_6062570942_#2more 1.2765151619592314 103.79085599031524
cluster_1794019239_6062570943 1.2767247066206968 103.79059392280102
cluster_4600564522_4600564538_5176817454_5176817455 1.2758204815398435 103.79046133843102
cluster_5176840719_5176840720_5176841045_5176841046 1.2762964273360322 103.78966595101913
:1363294705_6_0 1.2773297361130374 103.79153493352223
:5176841049_4_0 1.275920819113821 103.78956053001716
:5176841049_5_0 1.2758563159411032 103.78953809280966
:cluster_1794017111_4600564507_4600564518_6062570942_#2more_11_0 1.2766981541192772 103.79067949097698
:cluster_1794019239_6062570943_10_0 1.2766585012013911 103.79079714868874
:cluster_4600564522_4600564538_5176817454_5176817455_10_0 1.2759449758398655 103.79052850264507
:cluster_4600564522_4600564538_5176817454_5176817455_11_0 1.2757431070139715 103.79057281270697
:cluster_4600564522_4600564538_5176817454_5176817455_12_0 1.2758861764687919 103.79032614406819
:cluster_5176840719_5176840720_5176841045_5176841046_10_0 1.2762364139968254 103.78976528482703
:cluster_5176840719_5176840720_5176841045_5176841046_11_0 1.2762054981499382 103.78961413885801
:cluster_5176840719_5176840720_5176841045_5176841046_12_0 1.276366388638685 103.78956283803998
