533637087
1.280827987995506 103.78162597409963 136.42560446225033
1.2808238797939717 103.78162986130354 136.42560446225212
1.2808197479117402 103.78163377091421 136.42560446225212
1.2808153875989077 103.78163789666718 136.42560446225212
1.2808109252520803 103.78164211896528 136.42560446225033
1.2808059383530235 103.78164683759768 136.42560446225212
1.2808009149554607 103.7816515907651 136.42560446225212
1.2807965121985427 103.78165575667877 136.42560446225212
1.2807931695360655 103.78165891952503 136.42560446225212
1.2807872611194084 103.78166451010244 136.42560446225212
1.2807811422031523 103.78167029985572 136.42560446225212
1.2807777428370124 103.7816735163552 136.42560446225212
1.280772672541138 103.78167831389783 136.42560446225212
1.2807672820337195 103.78168341442638 136.42560446225212
1.280762747413071 103.78168770510999 136.42560446225212
1.2807590681002783 103.78169118649646 136.42560446225212
1.2807526303263166 103.78169727795438 136.42560446225212
1.2807488422658169 103.78170086223848 136.42560446225212
1.2807452442675027 103.78170426668464 136.42560446225212
1.2807406726178814 103.78170859240511 136.42560446225212
1.280737354456142 103.78171173206829 136.42560446225212
1.2807331554703913 103.78171570517206 136.42560446225212
1.280728036544699 103.78172054872807 136.42560446225036
1.280723623641383 103.78172472424178 136.42560446225033
1.2807175949271765 103.78173042864466 136.42560446225036
1.2807142324242913 103.78173361026354 136.42560446225212
1.2807085628671735 103.7817389748299 136.42560446225212
1.280705244248037 103.78174211492569 136.42560446225036
1.2807011195768399 103.7817460177124 136.4256044622503
1.280697359982406 103.78174957506138 136.4256044622521
1.280690996022606 103.78175559667523 136.42560446225212
1.2806858998849124 103.78176041866874 136.42560446225036
1.2806806491251268 103.78176538696647 136.4256044622503
1.2806766004579802 103.78176921783754 136.42560446225036
1.2806700956640107 103.78177537270919 136.42560446225212
1.2806655355595058 103.78177968750498 136.42560446225212
1.2806607854480179 103.7817841820864 136.42560446225212
1.2806545189899647 103.78179011144313 136.4256044622503
1.2806483310255086 103.78179596652873 136.42560446225212
1.2806435549967055 103.7818004856331 136.4256044622521
1.2806400311418586 103.78180381992364 136.4256044622521
1.2806353433873465 103.78180825550233 136.4256044622521
1.2806294429229932 103.78181383855356 136.42560446225212
1.2806233265955618 103.78181962585555 136.42560446225212
1.2806172666142306 103.78182535984249 136.42560446225028
1.2806131146010191 103.78182928849968 136.4256044622521
1.2806085783088836 103.78183358076363 136.4256044622521
1.2806045619698971 103.78183738104508 136.4256044622521
1.2805984388308274 103.781843174792 136.4256044622503
1.280592002485826 103.78184926489598 136.42560446225215
1.2805871592792182 103.78185384756387 136.42560446225212
1.2805814230637604 103.78185927520143 136.4256044622521
1.280577847078233 103.7818626588179 136.4256044622521
1.2805732660813725 103.78186699338141 136.4256044622521
1.280568063015934 103.78187191654946 136.42560446225215
1.2805627431991298 103.7818769501882 136.42560446225212
1.2805592828078023 103.78188022442875 136.42560446225212
1.2805534534113217 103.78188574023439 136.4256044622521
1.2805474459825807 103.78189142449503 136.42560446225212
1.2805419573597192 103.78189661785878 136.42560446225036
1.280536247536635 103.78190202052326 136.42560446225212
1.2805329268090533 103.78190516261306 136.4256044622521
1.2805284739368146 103.78190937594402 136.42560446225025
1.2805245424103548 103.78191309597486 136.42560446225036
1.2805202565248477 103.78191715130203 136.4256044622521
1.2805142687033604 103.78192281700984 136.42560446225028
1.280508484679823 103.78192828988291 136.4256044622521
1.2805038974407925 103.78193263035223 136.4256044622521
1.28049878042074 103.78193747210304 136.42560446225215
1.2804947585093172 103.78194127765637 136.42560446225215
1.280490710699258 103.78194510771513 136.42560446225204
1.2804852763894938 103.78195024968699 136.42560446225215
1.2804789320870429 103.78195625269852 136.42560446225215
1.2804729059555335 103.78196195465503 136.42560446225215
1.2804669915215938 103.78196755092266 136.4256044622521
1.2804607942631858 103.78197341480018 136.4256044622521
1.2804547005108615 103.78197918073964 136.4256044622503
1.2804495672284388 103.78198403787755 136.4256044622521
1.2804438629726094 103.78198943527336 136.42560446225215
1.2804397955026658 103.78199311153024 136.58468514566292
1.2804351730720185 103.78199719525269 136.8523430439697
1.2804297618246625 103.78200197586136 137.16570649768718
1.2804233992046188 103.7820075969676 137.5341805091388
1.2804189516296132 103.78201152621234 137.7917453058596
1.280414731064211 103.78201525490364 138.03614938839982
1.2804080163072185 103.78202118710784 138.38414844485752
1.2804030786879799 103.78202554928585 138.3841484448558
1.2803968415059992 103.78203105957259 138.3841484448558
1.280392132898298 103.7820352194285 138.38414844485757
1.2803887425041054 103.78203821469845 138.3841484448559
1.2803851738433338 103.78204136745937 138.3841484448558
1.2803788027443344 103.78204699605595 138.3841484448558
1.2803751042675375 103.78205026350379 138.38414844485757
1.2803705644463772 103.78205427424375 138.38414844485584
1.280365298133819 103.7820589268081 138.3841484448558
1.2803612926479646 103.78206246548538 138.3841484448558
1.2803554473414958 103.78206762956624 138.3841484448558
1.2803519939772752 103.78207068046736 138.38414844485746
1.280347442535125 103.78207470147382 138.38414844485752
1.2803436003181632 103.7820780959098 138.38414844485752
1.280336947779279 103.78208397314617 138.3841484448558
1.2803315805056832 103.78208871490503 138.3841484448558
1.2803260689379705 103.78209358414158 138.3841484448558
1.2803216520659213 103.78209748626085 138.38414844485573
1.2803157062995683 103.78210273909339 138.38414844485752
1.2803095082659888 103.7821082147933 138.3841484448558
1.2803055216449553 103.78211173680393 138.3841484448558
1.280300297904289 103.78211635175725 138.3841484448558
1.2802950615689748 103.78212097783738 138.38414844485573
1.2802892637704522 103.7821260999464 138.3841484448558
1.280284196613793 103.78213057656426 138.3841484448558
1.2802780749300693 103.78213598481199 138.38414844485584
1.280271900193092 103.78214143992994 138.38414844485752
1.2802668515085538 103.78214590022833 138.38414844485584
1.2802612001016127 103.78215089300632 138.3841484448558
1.2802546026305648 103.7821567215917 138.3841484448558
1.2802509756994127 103.78215992583125 138.38414844485584
1.2802443621690407 103.78216576860424 138.38414844485752
1.2802399761697503 103.78216964344816 138.38414844485757
1.2802344029330932 103.7821745671658 138.38414844485573
1.2802286692729175 103.78217963261072 138.38414844485752
1.280223666173335 103.78218405263638 138.38414844485658
1.280219660103072 103.78218759182904 138.3841484448567
1.2802158838017066 103.7821909280306 138.3841484448567
1.280211670646493 103.78219465017395 138.38414844485573
1.2802077514162002 103.7821981126471 138.38414844485666
1.2802029355686653 103.78220236724339 138.3841484448567
1.2801982759083261 103.78220648385489 138.38414844485573
1.280193127171674 103.78221103254447 138.38414844485658
1.2801864464224983 103.78221693470178 138.38414844485658
1.280182566744007 103.78222036223245 138.38414844485658
1.2801776790625634 103.78222468029072 138.38414844485658
1.2801713014287337 103.78223031465839 138.38414844485584
1.2801648053903818 103.78223605363137 138.3841484448567
1.2801607199641218 103.78223966293127 138.3841484448567
1.280157314037783 103.78224267192194 138.38414844485658
1.280151517645487 103.78224779278729 138.38414844485658
1.2801449809705594 103.78225356766073 138.3841484448567
1.2801414810314669 103.78225665970757 138.38414844485573
1.2801380077474307 103.78225972820579 138.38414844485658
1.2801331733410035 103.78226399919751 138.38414844485584
1.2801278525814446 103.78226869986143 138.38414844485584
1.2801211309322045 103.78227463815152 138.38414844485658
1.2801145694212746 103.78228043496617 138.3841484448567
1.280108006965397 103.78228623261556 138.3841484448567
1.2801015989758338 103.78229189380052 138.38414844485658
1.2800965231498926 103.78229637807577 138.38414844485584
1.2800907321991741 103.78230149413316 138.38414844485595
1.280084956490181 103.78230659672508 138.3841484448567
1.2800802040356167 103.78231079531544 138.3841484448568
1.2800735838456816 103.78231664397005 138.3841484448567
1.2800690941973734 103.78232061038223 138.3841484448567
1.2800630758373324 103.78232592734577 138.38414844485658
1.2800566250464047 103.78233162634342 138.38414844485658
1.2800521010851311 103.78233562306951 138.3841484448567
1.280048084036806 103.78233917195968 138.3841484448567
1.2800430317495237 103.7823436354391 138.38414844485573
1.2800377886765943 103.78234826746946 138.38414844485658
1.280031754390991 103.78235359850223 138.3841484448567
1.2800254386418968 103.78235917819588 138.3841484448567
1.2800219710708078 103.7823622416463 138.38414844485658
1.280018407718048 103.78236538971571 138.3841484448567
1.2800143254431755 103.78236899623052 138.38414844485658
1.2800088875354372 103.7823738003888 138.38414844485584
1.2800031572954482 103.78237886281003 138.3841484448568
1.2799995646927436 103.7823820367204 138.38414844485584
1.2799937175249703 103.78238720244224 138.3841484448568
1.279988082452236 103.78239218078717 138.38414844485595
1.2799833702272607 103.78239634383564 138.38414844485658
1.2799789003913074 103.7824002927438 138.3841484448567
1.2799733743532666 103.78240517476111 138.38414844485584
1.2799691203068717 103.78240893302839 138.38414844485573
1.2799643526916455 103.78241314501166 138.38414844485658
1.279960541897809 103.78241651168427 138.38414844485658
1.2799553523417337 103.78242109643406 138.38414844485573
1.279948779423638 103.78242690332469 138.3841484448567
1.2799422198055646 103.78243269846524 138.3841484448567
1.2799366634427793 103.78243760727284 138.38414844485584
1.2799326529686925 103.7824411503542 138.3841484448567
1.2799269133152131 103.78244622109116 138.38414844485658
1.2799216870922698 103.78245083823425 138.38414844485573
1.2799169629884963 103.78245501177665 138.3841484448568
1.2799114886062013 103.78245984815777 138.38414844485658
1.279907638900481 103.78246324920705 138.3841484448567
1.279903571081212 103.78246684295023 138.38414844485658
1.2798973005974794 103.78247238265257 138.38414844485658
1.2798927943412313 103.78247636373587 138.3841484448567
1.2798880652896112 103.78248054164924 138.38414844485658
1.279883216476011 103.78248482536712 138.38414844485573
1.2798788301255253 103.78248870051874 138.3841484448568
1.2798728208392574 103.78249400946413 138.3841484448568
1.2798666964759995 103.78249942007501 138.3841484448568
1.2798618951368528 103.78250366185111 138.38414844485658
1.2798557297448312 103.78250910870905 138.3841484448567
1.2798502256218378 103.78251397136424 138.3841484448567
1.279843479823432 103.78251993098604 138.38414844485573
1.2798374309974088 103.78252527486275 138.38414844485658
1.2798331797313542 103.7825290306728 138.3841484448567
1.2798288568802132 103.78253284972511 138.38414844485658
1.279825446854252 103.7825358623358 138.38414844485658
1.2798212519829235 103.78253956832344 138.38414844485658
1.2798153533428411 103.78254477951715 138.38414844485658
1.2798098278802985 103.78254966102456 138.3841484448567
1.2798046827108356 103.7825541090054 138.47703960893014
1.2797984559097646 103.78255918726227 138.87973780743016
1.2797924384600345 103.78256409478293 139.26895699389635
1.2797854487425577 103.78256979523482 139.72109029242156
1.2797799962104894 103.78257424203778 140.07377508403567
1.2797753454833953 103.78257803493005 140.3745645240221
1.2797711508731036 103.78258145583708 140.645814102104
1.2797657661206303 103.78258584736237 140.64677598247482
1.2797611224459038 103.78258963450301 140.64677598247494
1.2797552281769438 103.7825944415635 140.64677598247494
1.2797510525227809 103.78259784701075 140.64677598247482
1.2797455442944787 103.78260233923639 140.64677598247494
1.2797390056856133 103.78260767178698 140.64677598247494
1.2797339577826923 103.782611788595 140.64677598247494
1.2797299528936443 103.78261505477495 140.64677598247494
1.2797245896116038 103.78261942878974 140.64677598247494
1.2797208623762855 103.78262246852965 140.64677598247482
1.2797144145466408 103.78262772704518 140.64677598247494
1.279710512449553 103.7826309093932 140.64677598247494
1.2797058459686175 103.78263471513303 140.64677598247482
1.2797017026913031 103.78263809417508 140.64677598247494
1.2796975807485504 103.78264145581777 140.64677598247414
1.279693200996513 103.78264502771628 140.64677598247482
1.2796883330979083 103.7826489977218 140.64677598247482
1.2796818978027398 103.78265424601454 140.64677598247482
1.2796779475802535 103.78265746761097 140.64677598247482
1.2796726066316397 103.78266182341139 140.64677598247414
1.2796667703480502 103.78266658318125 140.64677598247482
1.2796622931105723 103.78267023458365 140.64677598247494
1.2796586540391621 103.7826732024213 140.64677598247494
1.2796538012480232 103.78267716010568 140.646775982474
1.279647956974868 103.78268192639126 140.64677598247494
1.2796440794971535 103.78268508866064 140.64677598247482
1.2796404095551 103.78268808167468 140.64677598247482
1.279636101748229 103.78269159489808 140.646775982474
1.2796314328647846 103.78269540259677 140.646775982474
1.2796276135823605 103.78269851740498 140.64677598247414
1.279621202722848 103.78270374576871 140.64677598247482
1.2796162977660919 103.7827077459964 140.64677598247494
1.2796108447120822 103.78271219322367 140.64677598247494
1.2796047637920058 103.78271715250581 140.64677598247482
1.279600053707199 103.78272099380597 140.646775982474
1.2795957777726101 103.78272448103576 140.64677598247494
1.2795898877874154 103.78272928460119 140.64677598247494
1.2795855727631058 103.78273280371046 140.64677598247482
1.2795815688471757 103.78273606909589 140.64677598247482
1.2795777343155315 103.78273919634029 140.64677598247494
1.2795709297278626 103.78274474580776 140.646775982474
1.2795661135649903 103.78274867361941 140.646775982474
1.2795606362055771 103.78275314066849 140.64677598247494
1.2795566018964413 103.7827564308409 140.64677598247414
1.2795504107777786 103.78276147999478 140.64677598247414
1.2795437369676088 103.78276692280664 140.64677598247494
1.2795381250149918 103.78277149962275 140.64677598247482
1.2795341790841945 103.78277471771825 140.64677598247482
1.279529991672936 103.78277813275261 140.64677598247494
1.2795249316025061 103.78278225948226 140.64677598247482
1.2795204206057031 103.78278593841608 140.64677598247508
1.2795140687899336 103.7827911186258 140.64677598247482
1.27950899471817 103.7827952567741 140.64677598247482
1.2795048440849641 103.78279864181405 140.64677598247482
1.2795003581242865 103.78280230032956 140.64677598247482
1.2794938471775006 103.78280761031805 140.64677598247482
1.2794899380527975 103.78281079839617 140.64677598247482
1.2794829647485324 103.7828164854592 140.64677598247425
1.2794767448819488 103.7828215580577 140.64677598247508
1.2794704096523901 103.78282672474016 140.64677598247508
1.2794665789442947 103.78282984886566 140.64677598247508
1.2794619053027034 103.78283366044367 140.64677598247482
1.2794565239764275 103.78283804917231 140.64677598247482
1.2794530130104846 103.78284091253272 140.64677598247482
1.2794488033130655 103.78284434574203 140.646775982474
1.279445031009562 103.78284742223566 140.64677598247482
1.2794404547683804 103.78285115437883 140.64677598247482
1.2794353840268788 103.78285528981061 140.64677598247482
1.2794287596554683 103.78286069230167 140.64677598247482
1.2794224045696159 103.78286587517745 140.64677598247482
1.2794177651397027 103.7828696588539 140.646775982474
1.2794110630203896 103.78287512475193 140.64677598247425
1.2794047824270396 103.78288024687535 140.64677598247508
1.2793978608245835 103.7828858917722 140.646775982474
1.27939349722102 103.78288945049896 140.64677598247482
1.2793866970979884 103.78289499632344 140.64677598247482
1.2793824514182006 103.78289845887764 140.64677598247482
1.279378901889891 103.78290135368714 140.646775982474
1.2793722861461918 103.78290674914135 140.64677598247508
1.2793674828076842 103.78291066649274 140.64677598247482
1.2793638116842259 103.78291366046878 140.64677598247482
1.2793578793315268 103.78291849858493 140.64677598247482
1.2793543805990022 103.7829213519679 140.646775982474
1.2793478434025205 103.78292668336287 140.646775982474
1.2793414857095369 103.78293186836414 140.64677598247508
1.2793362158258994 103.78293616620506 140.64677598247508
1.2793326392693458 103.78293908305712 140.64677598247482
1.279326908293597 103.78294375694053 140.64677598247482
1.2793207517955103 103.78294877785758 140.64677598247482
1.2793140035595747 103.78295428136495 140.646775982474
1.2793077036684564 103.78295941922572 140.64677598247482
1.2793007131712282 103.78296512030855 140.64677598247482
1.2792969161084398 103.78296821699375 140.64677598247508
1.2792911988499618 103.78297287968977 140.64677598247508
1.2792846726778386 103.78297820209325 140.646775982474
1.2792781934883075 103.78298348618013 140.646775982474
1.2792729730838714 103.78298774366792 140.64677598247457
1.2792693456598272 103.7829907020045 140.64677598247482
1.279265758489198 103.78299362751251 140.64677598247482
1.279259989866076 103.78299833209856 140.64677598247425
1.279256430348268 103.78300123505433 140.64677598247508
1.2792519439244643 103.7830048939459 140.64677598247482
1.2792457950681828 103.78300990863 140.64677598247508
1.2792420388793926 103.78301297198023 140.64677598247482
1.2792351793698102 103.78301856623575 140.64677598247482
1.2792315062633444 103.7830215618283 140.64677598247508
1.279227621823981 103.78302472977288 140.64677598247482
1.2792240219198152 103.78302766566544 140.64677598247482
1.279218819765708 103.78303190826881 140.646775982474
1.2792118353712503 103.78303760437363 140.64677598247482
1.2792055576719572 103.78304272413499 140.64677598247482
1.2792018775536782 103.78304572544586 140.646775982474
1.2791983127343294 103.78304863272497 140.64677598247482
1.2791928858953492 103.78305305856931 140.64677598247482
1.2791884743249333 103.78305665641398 140.64677598247482
1.2791838699656215 103.7830604114871 140.64677598247482
1.2791778907147864 103.78306528784933 140.64677598247482
1.2791738720867316 103.783068625724 140.5871972913967
1.279169242249517 103.78307281053429 140.18434811522567
1.2791646212013792 103.78307698740026 139.78216559660603
1.2791605349077302 103.78308068091314 139.4264743301204
1.2791544041182845 103.7830862224017 138.8927943918849
1.2791487301381246 103.78309135099013 138.3989231989837
1.2791425392819171 103.78309694677165 137.86019899851885
1.2791364725553414 103.78310243035497 137.73311474862575
1.279133009171886 103.78310556083257 137.7331147486249
1.2791264978344812 103.78311144628995 137.73311474862575
1.2791225478242918 103.78311501661888 137.733114748626
1.2791180417018484 103.78311908960566 137.733114748626
1.2791117473496854 103.78312477893459 137.73311474862575
1.2791053618144543 103.78313055068186 137.73311474862575
1.2791017363271642 103.78313382768143 137.73311474862575
1.2790977575964744 103.78313742397005 137.73311474862575
1.2790942054493533 103.78314063467897 137.73311474862575
1.2790889132120538 103.78314541821773 137.73311474862552
1.2790847544382544 103.78314917724332 137.733114748626
1.2790788676594866 103.78315449817516 137.73311474862575
1.2790737332773778 103.7831591390319 137.73311474862575
1.279068954643844 103.78316345833515 137.73311474862552
1.2790622842366455 103.78316948757156 137.733114748626
1.279057738438994 103.78317359641943 137.73311474862516
1.2790527266831282 103.7831781264368 137.733114748626
1.2790487146588914 103.7831817528184 137.7331147486249
1.2790424120190627 103.78318744963764 137.73311474862552
1.2790384368843424 103.78319104267554 137.73311474862575
1.2790324347406026 103.7831964678828 137.733114748626
1.2790277915399815 103.78320066477087 137.733114748626
1.2790219596356351 103.78320593610235 137.73311474862575
1.2790157229626085 103.78321157329535 137.73311474862575
1.2790103177340717 103.78321645896375 137.73311474862575
1.2790065724992339 103.78321984419993 137.73311474862575
1.2790021816732542 103.78322381297187 137.733114748626
1.278998334763292 103.78322729010993 137.73311474862516
1.2789921650343978 103.78323286679336 137.73311474862552
1.2789869051997809 103.78323762104316 137.73311474862575
1.2789831153970643 103.78324173960547 137.07933770161276
1.2789788602184182 103.78324710938111 135.63852616740846
1.278975613313292 103.78325120677708 134.53675929779686
1.2789708732663365 103.78325718842677 132.92649175465164
1.2789658494217988 103.78326352821165 131.21997394125577
1.2789622905339102 103.78326801931068 130.01279512338832
1.2789586290442165 103.78327263988686 128.77357641126707
1.2789545860308595 103.78327774192257 128.24141653606551
1.278949801106853 103.78328378020412 128.2414165360657
1.2789447178351854 103.78329019498209 128.24141653606657
1.2789402641358072 103.78329581527827 128.24141653606551
1.2789353378548842 103.78330203194339 128.24141653606637
1.278932137843247 103.78330607016227 128.24141653606677
1.2789282462011287 103.78331098117644 128.2414165360657
1.278923590825584 103.78331685597541 128.24141653606657
1.2789200885799066 103.78332127559501 128.24141653606637
1.2789154271634904 103.7833271580171 128.2414165360657
1.278912527793763 103.78333081684411 128.24141653606677
1.2789084355062477 103.78333598106028 128.24141653606532
1.2789051917917478 103.78334007442923 128.24141653606532
1.2789001030915874 103.783346496057 128.2414165360657
1.2788948390423165 103.78335313896454 128.2414165360657
1.2788894581394126 103.78335992933414 128.24141653606657
1.27888587349122 103.78336445294033 128.24141653606677
1.2788817444307714 103.78336966356139 128.2414165360657
1.2788773313077835 103.78337523265189 128.24141653606677
1.2788740455399057 103.78337937908937 128.24141653606677
1.2788691017781184 103.78338561781337 128.24141653606532
1.2788639825243435 103.78339207799745 128.2414165360657
1.2788594852038224 103.78339775333984 128.2414165360657
1.2788555741079786 103.78340268890265 128.24141653606637
1.2788504580897624 103.78340914500345 128.24141653606532
1.2788455345498675 103.78341535820834 128.24141653606637
1.2788423568614724 103.78341936825586 128.24141653606637
1.2788373341231927 103.78342570664294 128.24141653606677
1.2788338055724466 103.78343015945711 128.24141653606637
1.278829658258024 103.78343539311297 128.24141653606657
1.2788256732552545 103.78344042194144 128.24141653606637
1.2788220911680954 103.78344494231517 128.24141653606551
1.2788174787013835 103.78345076296446 128.24141653606551
1.2788140105336439 103.7834551395788 128.2414165360657
1.2788095984146042 103.78346070740157 128.2414165360657
1.2788056246943362 103.78346572199202 128.24141653606677
1.2788002198666923 103.78347254255183 128.24141653606657
1.2787948128869133 103.78347936582742 128.24141653606637
1.2787914028277865 103.78348366911206 128.2414165360657
1.2787865204417612 103.78348983038252 128.24141653606532
1.2787817263698653 103.78349670224256 127.59308728919225
1.2787785822906483 103.78350180346149 126.69793491275759
1.278775244573823 103.78350721885435 125.74668679924902
1.2787714258454883 103.78351341468074 124.65779197968193
1.27876850417396 103.78351815504658 123.82475372962212
1.2787650561422121 103.78352374942351 122.84223584140918
1.2787613388381018 103.78352978069054 121.78434359521586
1.2787587981373274 103.78353390293724 121.50909551256672
1.2787559713662955 103.7835384893284 121.50909551256639
1.2787532724284585 103.78354286831215 121.50909551256639
1.2787500458132042 103.78354810344412 121.50909551256657
1.2787472894743033 103.78355257556015 121.50909551256639
1.2787439565824723 103.78355798312408 121.50909551256751
1.2787409080073437 103.78356292938865 121.50909551256639
1.2787383010191722 103.7835671591854 121.50909551256751
1.2787336178110382 103.78357475761584 121.50909551256657
1.278730647839148 103.78357957634776 121.50909551256639
1.278726163985453 103.78358685132868 121.50909551256639
1.2787217752092312 103.78359397204781 121.50909551256751
1.2787183769277928 103.78359948570497 121.50909551256751
1.278714269342237 103.78360615019662 121.50909551256751
1.2787095687998655 103.78361377675112 121.50909551256639
1.27870710335156 103.78361777690134 121.50909551256672
1.2787026793087637 103.78362495483957 121.50909551256784
1.2786984234141112 103.78363185996007 121.50909551256751
1.2786941071398534 103.78363886304543 121.50909551256639
1.278691724730872 103.78364272846552 121.50909551256672
1.2786876466603634 103.78364934506902 121.50909551256639
1.278683445471604 103.7836561614298 121.50909551256672
1.278679675204894 103.78366227862648 121.50909551256672
1.2786762533465919 103.78366783053612 121.50909551256639
1.2786728918918506 103.7836732844419 121.50909551256672
1.27866976067285 103.78367836479386 121.50909551256672
1.2786666338268002 103.78368343805077 121.50909551256672
1.2786620704478928 103.7836908420588 121.50909551256784
1.2786589673926363 103.78369587671541 121.50909551256639
1.2786544441394982 103.7837032156199 121.50909551256639
1.278650369905106 103.7837098259987 121.50909551256672
1.2786474926124958 103.78371449435895 121.50909551256639
1.2786431410123857 103.78372155475898 121.50909551256657
1.2786391743745869 103.78372799056389 121.50909551256639
1.2786367639407488 103.7837319014533 121.50909551256784
1.2786335562873423 103.78373710581836 121.50909551256672
1.27863025042692 103.78374246952264 121.50909551256672
1.278627263884273 103.78374731513905 121.50909551256751
1.2786225752812295 103.78375492232041 121.50909551256672
1.2786197621147208 103.78375948663678 121.50909551256657
1.2786171068339613 103.78376379478608 121.50909551256672
1.2786143479676946 103.78376827100116 121.50909551256657
1.2786107313447659 103.78377413891222 121.50909551256672
1.2786063473811238 103.78378125182086 121.50909551256672
1.2786031959769777 103.78378636492198 121.50909551256639
1.278600691952964 103.78379042765954 121.50909551256765
1.2785965613729184 103.78379712945731 121.50909551256672
1.278592810792708 103.78380321471155 121.50909551256657
1.2785897947270808 103.78380810822803 121.50909551256657
1.278585224786495 103.78381552288076 121.50909551256784
1.2785818537720337 103.7838209922957 121.50909551256751
1.2785777013449193 103.78382772953964 121.50909551256639
1.278574885898798 103.7838322975541 121.50909551256639
1.2785716958578464 103.7838374733424 121.50909551256672
1.2785688664338295 103.7838420640357 121.50909551256672
1.2785653590327977 103.78384775473535 121.50909551256639
1.278561319452938 103.78385430888619 121.50909551256657
1.278557958956141 103.78385976123606 121.50909551256657
1.2785551189408817 103.78386436911329 121.50909551256639
1.2785523907756176 103.78386879551576 121.50909551256751
1.2785488808659453 103.78387449028538 121.50909551256639
1.2785457927640498 103.78387950067892 121.50909551256672
1.2785417122415035 103.78388612125825 121.50909551256751
1.2785389346367402 103.78389062787531 121.50909551256639
1.278535811738912 103.78389569472452 121.50909551256672
1.2785322471435787 103.78390147822046 121.50909551256751
1.2785276402640962 103.78390895280481 121.50909551256751
1.278523068139025 103.78391637100064 121.50909551256639
1.2785201226267953 103.78392115004449 121.50909551256657
1.278516226556309 103.78392747135304 121.5090955125669
1.278513178563349 103.78393241667004 121.50909551256657
1.278509503799132 103.78393837891281 121.50909551256639
1.2785067349411938 103.7839428713379 121.50909551256657
1.2785023122246613 103.78395039861158 121.27520394378442
1.278499511254505 103.78395517640291 121.11997551423207
1.2784959777433398 103.7839612037356 120.92414522658201
1.2784928781371454 103.78396649092917 120.75236129011034
1.2784883224072738 103.78397426192454 120.49988218836464
1.2784854486578234 103.78397916385993 120.34062557669769
1.2784816167108535 103.7839857002531 120.24666539647303
1.2784791128623934 103.78398997122501 120.2466653964727
1.2784751106375818 103.78399679807167 120.24666539647303
1.2784722523635985 103.78400167360941 120.24666539647336
1.2784694547935576 103.78400644560057 120.24666539647303
1.2784661197451714 103.78401213440229 120.24666539647303
1.2784618074110325 103.78401949022172 120.24666539647336
1.2784586582751951 103.78402486190059 120.24666539647303
1.2784556609966171 103.78402997454697 120.24666539647336
1.2784517011344778 103.78403672913254 120.24666539647224
1.278448243298683 103.78404262738017 120.24666539647303
1.278444568207926 103.7840488962132 120.24666539647224
1.278441923545121 103.78405340738051 120.24666539647303
1.278437944118256 103.78406019533861 120.24666539647336
1.2784346403316502 103.78406583081467 120.24666539647224
1.2784313918418604 103.78407137196741 120.24666539647336
1.2784281623357043 103.78407688073852 120.24666539647303
1.2784252130024796 103.78408191160109 120.24666539647336
1.2784220546194391 103.78408729905297 120.24666539647419
1.278419603149133 103.78409148067946 120.24666539647303
1.2784173192653019 103.78409537644318 120.24666539647303
1.278414472363272 103.78410023258229 120.24666539647303
1.2784106139194578 103.78410681417148 120.24666539647336
1.2784072591918962 103.78411253654028 120.24666539647303
1.2784027374901044 103.78412024949 120.24666539647303
1.278399776615884 103.78412530003838 120.24666539647336
1.278397023283593 103.78412999656949 120.24666539647303
1.2783940999717682 103.78413498304528 120.24666539647336
1.278389751765001 103.7841424000534 120.24666539647336
1.2783868279569797 103.7841473873755 120.24666539647303
1.278383744007398 103.78415264786099 120.24666539647303
1.2783811093311828 103.78415714199281 120.24666539647336
1.2783788007108177 103.78416107995075 120.24666539647303
1.2783760086290117 103.78416584257906 120.24666539647303
1.2783722864107878 103.78417219179906 120.24666539647224
1.2783684035163996 103.78417881509438 120.24666539647303
1.2783651604466062 103.78418434700087 120.24666539647303
1.2783612525702266 103.7841910129094 120.24666539647303
1.27835759476772 103.78419725225126 120.24666539647336
1.2783536205248707 103.78420403136505 120.24666539647303
1.2783506985108115 103.78420901562657 120.24666539647336
1.2783468124631896 103.78421564430015 120.24666539647336
1.2783434943488907 103.7842213042144 120.24666539647303
1.2783402490443054 103.78422683993256 120.24666539647303
1.278336948256885 103.78423247029117 120.24666539647303
1.2783338579720591 103.78423774158239 120.24666539647303
1.2783308578098669 103.78424285914575 120.24666539647303
1.2783279412164374 103.78424783416064 120.24666539647303
1.2783256418218465 103.78425175638102 120.24666539647224
1.2783211576541902 103.7842594053047 120.24666539647336
1.2783181928375411 103.78426446257677 120.24666539647303
1.2783155242186615 103.78426901460588 120.24666539647303
1.2783110205744082 103.78427669675176 120.24666539647303
1.2783070909842933 103.78428339969776 120.24666539647303
1.278303119753041 103.78429017367354 120.24666539647303
1.2783006663459988 103.78429435860225 120.24666539647303
1.278296313489429 103.78430178353993 120.24666539647224
1.278293242489534 103.78430702193504 120.24666539647336
1.2782899027319383 103.78431271876676 120.24666539647336
1.278287043989344 103.78431759510131 120.24666539647303
1.2782827370278131 103.78432494175269 120.24666539647336
1.2782786364266407 103.7843319364023 120.24666539647336
1.2782750330091472 103.78433808297484 120.24666539647303
1.2782721790330314 103.78434295117871 120.24666539647303
1.278269101146015 103.78434820132127 120.24666539647336
1.2782648275992703 103.78435549097458 120.24666539647303
1.2782606368250065 103.78436263943769 120.24666539647336
1.2782580502702907 103.78436705148414 120.24666539647303
1.2782540590518214 103.78437385955243 120.24666539647303
1.2782509944531806 103.78437908702792 120.24666539647303
1.278248453559959 103.78438342118662 120.24666539647336
1.2782447708845976 103.78438970295367 120.24666539647336
1.2782408044805087 103.7843964686943 120.24666539647303
1.2782365263166433 103.78440376622277 120.24666539647303
1.278232357636789 103.7844108769975 120.24666539647303
1.2782287768272769 103.78441698500541 120.24666539647303
1.2782252282198936 103.7844230380841 120.24666539647303
1.2782224705586922 103.78442774199702 120.24666539647336
1.2782179610662554 103.78443543411653 120.24666539647303
1.278214117688617 103.78444199000283 120.24666539647336
1.2782102645094566 103.78444856260816 120.24666539647303
1.2782061576520292 103.78445556792805 120.24666539647303
1.278203100384561 103.7844607828976 120.24666539647224
1.2781986770380824 103.78446832807222 120.24666539647303
1.2781959015630449 103.78447306237095 120.24666539647303
1.2781923113942084 103.78447918634302 120.24666539647303
1.2781895573319024 103.78448388411664 120.24666539647191
1.2781866430889726 103.7844888551202 120.2466653964727
1.278184325210517 103.78449280886811 120.24666539647336
1.2781813277759546 103.78449792177669 120.24666539647303
1.2781780255804598 103.78450355453465 120.24666539647336
1.2781736199826423 103.78451106943378 120.24666539647303
1.2781700491561858 103.78451716041198 120.24666539647336
1.278167131005194 103.78452213808148 120.24666539647336
1.278164228934215 103.78452708832228 120.24666539647303
1.2781611862416373 103.78453227842994 120.24666539647336
1.2781573438799185 103.7845388325823 120.24666539647303
1.2781541032796753 103.78454436027309 120.24666539647303
1.278151396590012 103.78454897723981 120.24666539647336
1.2781476920956913 103.7845552962231 120.24666539647303
1.2781442052876468 103.78456124388552 120.24666539647303
1.2781403068502617 103.7845678936893 120.24666539647303
1.2781370051767729 103.78457352555621 120.24666539647336
1.278132646936033 103.78458095967461 120.24666539647303
1.2781292199856178 103.78458680523394 120.24666539647224
1.2781249984757264 103.78459400612198 120.24666539647303
1.2781226613066667 103.7845979927744 120.24666539647336
1.2781192028752664 103.78460453238213 119.83594422217352
1.278116677898068 103.78460937133661 119.49467328622544
1.2781131718043892 103.78461609053693 119.02072461217918
1.2781090601450533 103.7846239702643 118.46488951054384
1.2781064155501274 103.78462903845822 118.10741029296359
1.2781037631483827 103.78463412161334 117.7489330262277
1.2781010779068511 103.78463926770374 117.43113455635694
1.278098715358506 103.78464379537363 117.43113455635664
1.278095666867534 103.78464963760781 117.43113455635608
1.2780925804184373 103.78465555258622 117.43113455635577
1.27808967481058 103.78466112099412 117.43113455635608
1.2780863046745348 103.78466757963993 117.43113455635549
1.2780833162508694 103.7846733067588 117.43113455635694
1.2780809650604128 103.78467781266181 117.43113455635664
1.278077578104424 103.78468430354177 117.43113455635577
1.2780746139907047 103.78468998407207 117.43113455635549
1.278072328699334 103.78469436368366 117.43113455635577
1.278069021115337 103.78470070245218 117.43113455635664
1.278065888574906 103.78470670576112 117.43113455635577
1.2780627160637783 103.78471278567122 117.43113455635694
1.2780588356566172 103.78472022221769 117.43113455635664
1.278055876051152 103.7847258941079 117.43113455635549
1.2780533187670202 103.78473079497553 117.43113455635608
1.278050963341631 103.78473530899407 117.43113455635608
1.2780485745171815 103.78473988701971 117.43113455635608
1.278044607722248 103.78474748912234 117.43113455635577
1.2780408401848196 103.78475470936094 117.43113455635694
1.2780370434764952 103.78476198550358 117.43113455635608
1.2780341160180715 103.78476759578568 117.43113455635694
1.2780300502930633 103.78477538748099 117.43113455635577
1.2780264069943363 103.78478236962395 117.43113455635664
1.278024094992945 103.78478680042286 117.43113455635694
1.2780202022924307 103.78479426052785 117.43113455635577
1.2780176457390087 103.78479915999458 117.43113455635694
1.2780141501108009 103.78480585913643 117.43113455635694
1.278010298631558 103.78481324024331 117.43113455635577
1.2780078272786164 103.78481797642878 117.43113455635608
1.2780044771876347 103.78482439665788 117.43113455635577
1.278000724006965 103.7848315893818 117.43113455635608
1.2779973403874356 103.78483807386601 117.43113455635664
1.2779947858586602 103.78484296945231 117.43113455635577
1.2779921432294081 103.78484803387732 117.43113455635724
1.2779894744271891 103.78485314846107 117.43113455635608
1.2779861504667882 103.78485951861227 117.43113455635664
1.2779829224963908 103.78486570480489 117.43113455635608
1.2779801058191715 103.78487110278117 117.43113455635577
1.2779768301351682 103.78487738041365 117.43113455635608
1.2779745515204113 103.78488174722861 117.43113455635664
1.2779723307243356 103.78488600323784 117.43113455635549
1.277968476335962 103.78489338991893 117.43113455635608
1.2779648446332357 103.78490034983757 117.43113455635608
1.2779607015057315 103.78490828986794 117.43113455635664
1.2779583471435318 103.78491280184765 117.43113455635694
1.2779562596077259 103.78491680247217 117.43113455635577
1.2779525884970218 103.78492383791331 117.43113455635608
1.2779492966467114 103.78493014652693 117.43113455635694
1.277946982050619 103.78493458229735 117.43113455635608
1.2779440834043079 103.78494013736137 117.43113455635694
1.2779399384598884 103.78494808087326 117.43113455635608
1.2779361360549646 103.78495536793073 117.43113455635608
1.2779322789474936 103.78496275982195 117.43113455635549
1.2779300045193103 103.78496711861301 117.43113455635694
1.2779275679438669 103.7849717881485 117.43113455635664
1.2779251867168524 103.78497635161239 117.43113455635608
1.2779224766094779 103.78498154535365 117.43113455635694
1.2779200073557881 103.78498627751476 117.43113455635608
1.2779171920415417 103.78499167287792 117.43113455635724
1.277913810122667 103.78499815410126 117.43113455635694
1.2779110880250792 103.78500337082079 117.43113455635577
1.2779085459013224 103.78500824263237 117.43113455635577
1.277906230650131 103.7850126796577 117.43113455635608
1.2779027192442065 103.78501940903412 117.43113455635694
1.2778990416133347 103.78502645696959 117.43113455635577
1.2778961707875038 103.78503195871667 117.43113455635608
1.2778933621780015 103.78503734123025 117.43113455635694
1.2778901562575862 103.78504348516375 117.43113455635577
1.2778865856100377 103.7850503280725 117.43113455635608
1.2778835946400318 103.78505606006769 117.43113455635549
1.2778795991542082 103.7850637171506 117.43113455635694
1.2778774132009165 103.7850679063847 117.43113455635577
1.2778745310932373 103.78507381137801 117.20731019206339
1.2778722069447688 103.78507891601862 116.82566408285047
1.2778695760872583 103.78508469429919 116.39355617198886
1.2778674949932392 103.78508926510737 116.05170248032516
1.2778645502066557 103.78509573288555 115.56796039623791
1.2778623787492984 103.78510050216305 115.21128002314866
1.2778588622076947 103.78510822571447 114.633783300507
1.2778558171630698 103.78511491369407 114.36753192183569
1.277852831381754 103.78512147151069 114.36753192183635
1.2778500803192614 103.78512751380289 114.36753192183569
1.2778474457189617 103.78513330030347 114.36753192183596
1.2778439343826027 103.78514101242193 114.36753192183716
1.277840378438721 103.78514882251396 114.36753192183569
1.2778379545510008 103.78515414621609 114.36753192183635
1.277834849478944 103.78516096603633 114.36753192183689
1.2778326906617634 103.78516570755107 114.36753192183716
1.2778302953077232 103.78517096858313 114.36753192183596
1.2778269280170247 103.78517836432667 114.36753192183569
1.2778235531646231 103.78518577667826 114.36753192183569
1.2778216823794764 103.78518988557411 114.36753192183569
1.2778180430209565 103.78519787887312 114.36753192183662
1.2778146151872853 103.78520540758979 114.36753192183689
1.2778125356506027 103.78520997497658 114.36753192183689
1.277810657230572 103.78521410064116 114.36753192183596
1.2778071263524162 103.78522185567918 114.36753192183689
1.2778046602483772 103.78522727210238 114.36753192183716
1.277802345099329 103.78523235697583 114.36753192183662
1.2778000646403544 103.78523736565775 114.36753192183689
1.2777981008272983 103.78524167887493 114.36753192183596
1.277795811423405 103.78524670720292 114.36753192183689
1.2777922056707078 103.78525462669108 114.36753192183689
1.2777896536896918 103.78526023172971 114.36753192183635
1.2777872224378382 103.78526557160507 114.36753192183596
1.277783649982463 103.78527341796045 114.36753192183716
1.277780753938131 103.78527977868171 114.36753192183689
1.2777773719232899 103.78528720676324 114.36753192183716
1.2777743604307468 103.78529382104878 114.36753192183596
1.2777712768783935 103.78530059360267 114.36753192183569
1.2777693745168848 103.78530477185043 114.36753192183662
1.2777670671309596 103.7853098396727 114.36753192183689
1.2777649116252157 103.78531457391321 114.36753192183689
1.2777618967064537 103.78532119572363 114.36753192183662
1.2777590988559102 103.78532734077665 114.36753192183689
1.2777565055186182 103.78533303664739 114.36753192183689
1.277753356101315 103.78533995386317 114.36753192183662
1.277751323206588 103.78534441880701 114.36753192183662
1.2777490504749938 103.78534941051596 114.36753192183716
1.2777461041272966 103.78535588172011 114.36753192183689
1.277743133265105 103.78536240676652 114.36753192183596
1.277739555902228 103.78537026389922 114.36753192183596
1.2777374189512924 103.78537495738645 114.36753192183569
1.2777346730010246 103.7853809884479 114.36753192183569
1.2777314564763318 103.78538805305428 114.36753192183662
1.2777279096902388 103.7853958430294 114.36753192183635
1.2777241937222072 103.78540400458678 114.36753192183716
1.2777222629323282 103.78540824527241 114.36753192183716
1.2777190323762737 103.78541534069623 114.36753192183596
1.2777169476309178 103.7854199195215 114.36753192183596
1.277714166258648 103.78542602838151 114.36753192183716
1.2777115693039613 103.78543173219636 114.36753192183689
1.2777089146424212 103.78543756275545 114.36753192183596
1.2777055324509872 103.78544499122289 114.36753192183596
1.2777024831784023 103.7854516884848 114.36753192183689
1.2777007281152897 103.78545658626568 113.8195632831033
1.27769895397523 103.78546158479443 113.24030082439903
1.277697301793073 103.78546623971437 112.70061084189697
1.2776954164933967 103.7854715514283 112.08460639168838
1.2776925210152827 103.78547970925669 111.13850620829068
1.277690241352206 103.78548613206468 110.39389427673875
1.2776875676318864 103.78549366510417 109.52124099580833
1.2776853977084388 103.78549977872746 109.45204256599006
1.2776826602861024 103.78550749124322 109.45204256599128
1.2776801799828503 103.78551447934197 109.45204256598984
1.2776777811644409 103.78552123786223 109.45204256599006
1.2776755183359614 103.7855276132393 109.45204256598984
1.2776737688657482 103.78553254226168 109.45204256599006
1.2776710444540516 103.7855402181203 109.45204256598963
1.277668602114935 103.78554709925709 109.45204256598984
1.2776657517955239 103.7855551298526 109.45204256599006
1.2776637908736301 103.78556065462651 109.45204256598984
1.2776615720270725 103.78556690608683 109.45204256599006
1.2776591677663038 103.78557367993994 109.45204256598984
1.2776570949140604 103.78557952007036 109.45204256599084
1.2776551238978369 103.78558507328417 109.45204256599006
1.2776534030668811 103.78558992161673 109.45204256599006
1.2776507129533174 103.78559750084176 109.45204256599006
1.277648057309414 103.78560498295059 109.45204256598963
1.2776451841959955 103.7856130777659 109.45204256599006
1.2776421896818728 103.78562151461992 109.45204256599084
1.2776397171681326 103.78562848077077 109.45204256599006
1.277636859219379 103.78563653286028 109.45204256599006
1.2776347787975972 103.78564239431674 109.45204256599006
1.2776321641943917 103.78564976079541 109.45204256599006
1.2776295366626251 103.78565716369936 109.45204256599084
1.2776266626533193 103.78566526103803 109.45204256598963
1.2776244195092192 103.78567158095396 109.45204256598984
1.2776217855408172 103.78567900199245 109.45204256599006
1.277619691208147 103.7856849026415 109.45204256599084
1.2776179019753897 103.78568994369091 109.45204256598963
1.2776162573592822 103.78569457729208 109.45204256599006
1.2776138412700502 103.78570138446959 109.45204256599006
1.277612213053923 103.78570597186473 109.45204256599006
1.2776099112031023 103.78571245718267 109.45204256599006
1.2776081502431256 103.78571741857508 109.45204256599084
1.2776053311412188 103.78572536121476 109.45204256598963
1.2776035703506383 103.78573032212978 109.45204256598984
1.2776020588418948 103.78573458070913 109.45204256599084
1.2775993843014766 103.78574211605581 109.45204256599006
1.2775972146461871 103.78574822892088 109.45204256599006
1.2775954396423195 103.78575322988071 109.45204256599006
1.2775937103644694 103.78575810201038 109.45204256599006
1.2775920985615457 103.78576264316196 109.45204256599006
1.2775893096065445 103.78577050086403 109.45204256599006
1.2775864470098621 103.7857785660467 109.45204256598984
1.2775840898652855 103.78578520715038 109.45204256599062
1.2775821990604943 103.78579053437159 109.45204256599006
1.277580040520831 103.78579661591853 109.45204256598984
1.277577838317257 103.78580282048567 109.45204256599006
1.2775751224362935 103.78581047230578 109.45204256598984
1.2775732805901807 103.7858156615888 109.45204256599105
1.2775715758410648 103.7858204646098 109.45204256598984
1.2775690746592487 103.78582751152864 109.45204256598984
1.2775672745487647 103.78583258322405 109.45204256599006
1.277564889154285 103.78583930391936 109.45204256599006
1.2775621366239982 103.78584705899607 109.45204256598984
1.2775595688314896 103.78585429358588 109.45204256598984
1.2775569690282207 103.78586161836388 109.45204256598984
1.2775543894544965 103.78586888614633 109.45204256599006
1.2775524278094224 103.78587441295464 109.45204256598984
1.2775502662650406 103.78588050296626 109.45204256599006
1.2775476454526973 103.78588788693561 109.45204256598984
1.2775452717162366 103.78589457478456 109.45204256598984
1.277542935703709 103.78590115634866 109.45204256598984
1.2775412299423465 103.78590596222087 109.45204256599006
1.2775385531611503 103.78591350387848 109.45204256599006
1.2775367697759472 103.78591852845072 109.45204256598942
1.2775347435306625 103.78592451502115 109.3343376741906
1.2775334025406733 103.78592910121812 108.9918433752682
1.2775311157846656 103.78593692194265 108.40761978867786
1.277529607474565 103.78594208037565 108.0222023902034
1.277527625681192 103.78594885812528 107.5157765266808
1.2775253998399108 103.78595647052065 106.94705098139768
1.2775237464267881 103.78596212520696 106.52469433464373
1.2775220738108706 103.78596784556693 106.22632486513741
1.2775207811609937 103.78597226643993 106.22632486513619
1.27751826017976 103.78598088821595 106.22632486513619
1.2775168902116931 103.78598557351765 106.22632486513741
1.2775147694203473 103.78599282664085 106.22632486513619
1.2775124958250896 103.78600060235455 106.22632486513726
1.27751081286857 103.78600635807904 106.22632486513619
1.2775092498179603 103.78601170372428 106.22632486513635
1.2775077505890675 103.78601683109872 106.22632486513635
1.2775061612080936 103.78602226679394 106.22632486513581
1.2775040736566121 103.78602940623604 106.22632486513619
1.2775018374983809 103.78603705391426 106.22632486513619
1.277500003245947 103.78604332707148 106.22632486513619
1.2774979523425634 103.78605034117652 106.22632486513635
1.2774955889526516 103.7860584239877 106.22632486513619
1.2774940182643946 103.78606379575322 106.22632486513761
1.2774925667087529 103.78606876008428 106.22632486513619
1.2774904338994928 103.78607605430766 106.22632486513741
1.2774890269407204 103.78608086611695 106.22632486513581
1.2774868619390873 103.78608827043831 106.22632486513619
1.2774854209617634 103.78609319859119 106.22632486513619
1.2774837967893053 103.7860987532727 106.22632486513707
1.2774815212498514 103.78610653563393 106.22632486513619
1.277479090959718 103.78611484724347 106.22632486513741
1.277476791392743 103.78612271177873 106.22632486513741
1.277474555703098 103.78613035785298 106.22632486513741
1.27747314463657 103.7861351837103 106.22632486513619
1.2774711157631018 103.7861421224716 106.22632486513761
1.2774688782154864 103.78614977489981 106.22632486513761
1.2774673799717806 103.78615489890352 106.22632486513581
1.2774652696372135 103.78616211626206 106.22632486513741
1.2774638400976384 103.78616773049349 105.96852652729292
1.2774621545715938 103.78617438223826 105.65308401930552
1.2774609139029334 103.78617927840179 105.42087667661212
1.2774589287733615 103.78618711249898 105.04932131421751
1.277457562032836 103.78619250619121 104.79351452156321
1.2774557868904368 103.78619951159676 104.46129420806903
1.2774540390318436 103.78620640932967 104.15834857716929
1.277451905769682 103.78621482801547 104.15834857716946
1.2774507468384895 103.7862194016106 104.15834857717073
1.277448901037891 103.78622668586058 104.15834857716946
1.2774476375137283 103.78623167222031 104.1583485771704
1.2774455252218944 103.78624000814855 104.15834857717024
1.2774437171004358 103.78624714370164 104.1583485771704
1.27744216607763 103.78625326464298 104.15834857716929
1.2774400601101847 103.78626157561234 104.15834857717087
1.2774382597427647 103.78626868056463 104.15834857716929
1.2774364045277171 103.78627600196695 104.15834857717057
1.2774343926314833 103.78628394169421 104.1583485771696
1.2774324902659564 103.78629144917046 104.15834857717057
1.2774308830373908 103.78629779192106 104.1583485771696
1.2774295923321566 103.78630288554714 104.1583485771696
1.2774284286999629 103.78630747769338 104.15834857716929
1.2774267478266366 103.78631411107472 104.15834857717087
1.277425268798691 103.78631994789542 104.15834857716898
1.2774235449623288 103.78632675082544 104.1583485771696
1.2774216029918504 103.78633441459755 104.15834857716929
1.2774198547861404 103.78634131369832 104.15834857716929
1.2774182685790612 103.78634757348927 104.15834857716929
1.2774165774471913 103.78635424735424 104.15834857717087
1.2774146273434375 103.78636194322299 104.15834857716929
1.2774135005018823 103.78636639017847 104.15834857716929
1.277412209443281 103.78637148519832 104.15834857717087
1.2774101634789328 103.78637955937 104.15834857716929
1.2774086946285164 103.78638535602538 104.15834857717087
1.2774066353374003 103.78639348278944 104.15834857717087
1.277404658305696 103.78640128492573 104.15834857716929
1.2774032709483283 103.78640675997758 104.15834857716929
1.277401488201365 103.78641379539047 104.1583485771696
1.2773994514069842 103.78642183337318 104.1583485771696
1.2773979705712544 103.78642767732674 104.15834857716929
1.2773960671658409 103.78643518890448 104.15834857717057
1.2773940583761108 103.78644311636957 104.1583485771696
1.277392072716944 103.78645095255234 104.1583485771696
1.2773903635073085 103.78645769775771 104.15834857716929
1.2773881967560008 103.78646624860016 104.15834857716898
1.2773861745486217 103.78647422901598 104.15834857717057
1.277384556572231 103.7864806141792 104.1583485771696
1.2773826147290492 103.78648827744644 104.15834857717057
1.2773806665592482 103.78649596568087 104.15834857716929
1.2773794181394138 103.78650089243015 104.15834857716898
1.2773781040770538 103.7865060782303 104.15834857717057
1.277376863722891 103.78651097314923 104.15834857717087
1.2773755648772769 103.78651609889806 104.15834857716929
1.2773738919110071 103.78652270107213 104.15834857717087
1.277372172414777 103.78652948687134 104.15834857716929
1.2773710361278163 103.78653397110048 104.15834857717057
1.277369101851437 103.78654160450532 104.1583485771696
1.2773671206906194 103.78654942293419 104.1583485771696
1.2773654490888453 103.78655601972295 104.15834857716929
1.2773633321355748 103.78656437404125 104.15834857717057
1.2773614726473597 103.7865717123025 104.15834857717057
1.277359591640767 103.78657913548349 104.15834857716929
1.277357989103998 103.78658545971456 104.15834857717024
1.2773565226838328 103.78659219549877 103.86317456552591
1.2773551227300883 103.78659984036902 103.20326217216893
1.2773535845613821 103.78660824000364 102.47791229906117
1.27735233717994 103.78661505170646 101.88962342836471
1.277350804372578 103.78662342206349 101.16683884723852
1.2773494799174483 103.78663065465014 100.54257010485325
1.27734847205624 103.78663615838015 100.33883400273388
1.2773472760976445 103.7866426892725 100.33883400273365
1.2773462267298596 103.7866484196615 100.33883400273388
1.277344879456151 103.78665577685538 100.33883400273494
1.2773433161335959 103.78666431384892 100.33883400273388
1.2773424205910402 103.78666920422859 100.33883400273237
1.277341046151001 103.78667670977201 100.33883400273388
1.2773401148614465 103.78668179535877 100.33883400273365
1.2773389496448935 103.78668815837419 100.33883400273258
1.2773379426875333 103.7866936571676 100.33883400273388
1.2773363880353557 103.78670214681307 100.33883400273388
1.2773349151339375 103.78671019003376 100.33883400273365
1.2773337247183436 103.78671669065562 100.33883400273388
1.2773321633415946 103.7867252170221 100.33883400273237
1.277330551023697 103.78673402156781 100.33883400273365
1.277329318823346 103.78674075036744 100.33883400273339
1.2773280446164694 103.78674770855619 100.33883400273365
1.2773266735255129 103.78675519580938 100.33883400273258
1.2773251357081041 103.78676359352215 100.33883400273388
1.2773237986970118 103.7867708946717 100.33883400273237
1.2773221837044364 103.78677971382223 100.33883400273339
1.2773212776590168 103.78678466155444 100.33883400273388
1.277319991260595 103.78679168631794 100.33883400273365
1.2773185692621132 103.78679945156603 100.33883400273494
1.2773176085239912 103.78680469796382 100.33883400273365
1.2773166008811756 103.78681020049865 100.33883400273365
1.277315740125705 103.78681490091117 100.33883400273365
1.2773141876479015 103.78682337868007 100.33883400273388
1.2773129817813058 103.78682996367476 100.33883400273365
1.2773115258939611 103.7868379139823 100.33883400273388
1.277310530481137 103.78684334973111 100.33883400273388
1.2773093995424334 103.78684952555936 100.33883400273365
1.2773085368931363 103.78685423631318 100.33883400273388
1.2773071437573154 103.78686184394678 100.33883400273258
1.2773059357088083 103.78686844085578 100.33883400273388
1.2773050466355889 103.78687329590508 100.33883400273388
1.2773035916501856 103.78688124128635 100.33883400273339
1.2773019799644076 103.78689004237654 100.33883400273388
1.2773005641862236 103.78689777365477 100.33883400273388
1.2772994522126335 103.78690384591746 100.33883400273388
1.2772979677131 103.78691195246881 100.33883400273258
1.2772967529513275 103.7869185860367 100.33883400273388
1.2772955331643598 103.78692524704607 100.33883400273388
1.277294573513184 103.78693048750652 100.33883400273365
1.2772930269294531 103.78693893308647 100.33883400273365
1.2772914280132817 103.78694766444306 100.33883400273388
1.2772903086851657 103.78695377686653 100.33883400273388
1.2772892346186537 103.7869596421255 100.33883400273388
1.2772880769178923 103.78696596409397 100.33883400273365
1.2772867845111202 103.78697302166448 100.33883400273339
1.2772856223183782 103.78697936816252 100.33883400273365
1.2772841962706365 103.78698715551889 100.33883400273258
1.277282745713302 103.78699507671696 100.33883400273365
1.2772817887825392 103.78700030232083 100.33883400273388
1.2772805071267264 103.7870073011819 100.33883400273365
1.2772794619760335 103.7870130085366 100.33883400273388
1.2772785684699075 103.78701788779122 100.33883400273365
1.2772777549155476 103.7870223304455 100.33883400273388
1.2772764486867634 103.78702961786985 100.30362380737247
1.2772756933731721 103.78703460237107 100.10748868157596
1.2772746587569974 103.787041430059 99.83880244221515
1.2772734198720332 103.78704960576698 99.51704764118408
1.277272482282004 103.78705579315512 99.27353980096954
1.277271750631954 103.78706062149439 99.08352235672542
1.2772709810983767 103.78706569983633 98.883675259224
1.2772701667593962 103.78707107386009 98.67220772419648
1.2772689454263013 103.78707913373822 98.58895653103359
1.2772680773486984 103.78708486239617 98.58895653103211
1.277267276149089 103.78709014970966 98.58895653103359
1.2772662251997997 103.78709708518268 98.58895653103339
1.2772655351863653 103.78710163875107 98.58895653103339
1.2772643769931158 103.78710928195308 98.58895653103359
1.277263398131362 103.78711574170231 98.58895653103211
1.2772626570453256 103.78712063231109 98.58895653103339
1.2772614945489489 103.78712830391005 98.58895653103339
1.277260261278003 103.78713644256754 98.58895653103359
1.2772593968333983 103.78714214724943 98.58895653103359
1.27725824913966 103.78714972116165 98.58895653103359
1.277257456038288 103.78715495503182 98.58895653103359
1.2772564318100488 103.78716171416471 98.58895653103359
1.2772550992214657 103.78717050824277 98.58895653103339
1.2772542480328526 103.78717612544453 98.58895653103339
1.2772531787197239 103.78718318210315 98.58895653103211
1.2772520706292656 103.78719049466268 98.58895653103339
1.2772512576659762 103.78719585960584 98.58895653103359
1.2772501916836898 103.78720289428301 98.58895653103339
1.27724951724766 103.78720734505083 98.58895653103211
1.2772485942885798 103.78721343588275 98.58895653103339
1.2772472887122361 103.78722205169905 98.5889565310332
1.2772460191988968 103.7872304295266 98.58895653103359
1.277244931630311 103.78723760665623 98.58895653103231
1.2772439254247983 103.78724424685102 98.5889565310332
1.2772427617169353 103.78725192644195 98.58895653103359
1.2772416103360038 103.78725952468427 98.58895653103339
1.277240675938057 103.78726569100307 98.58895653103359
1.2772398606148745 103.78727107151852 98.58895653103339
1.277238840517839 103.78727780338615 98.58895653103339
1.277237837817217 103.7872844204505 98.58895653103211
1.2772366895927678 103.78729199786169 98.58895653103339
1.2772357202419546 103.78729839484228 98.58895653103339
1.2772347973653941 103.7873044851279 98.58895653103339
1.2772336494744514 103.78731206033775 98.58895653103339
1.2772326864690262 103.78731841544321 98.5889565310332
1.277231575190647 103.78732574903756 98.5889565310332
1.2772303285893871 103.78733397566006 98.58895653103359
1.2772292798127336 103.78734089679011 98.58895653103211
1.277228481692379 103.7873461637787 98.5889565310332
1.2772276266871962 103.78735180616387 98.58895653103359
1.2772268262534108 103.78735708841917 98.5889565310332
1.2772258352183612 103.78736362849797 98.58895653103339
1.2772248256363115 103.78737029097277 98.58895653103339
1.2772234888360194 103.78737911283923 98.58895653103339
1.277222461928159 103.7873858896509 98.58895653103359
1.2772212698672807 103.78739375634682 98.58895653103359
1.2772205184471472 103.78739871514858 98.58895653103339
1.2772193314253584 103.78740654859004 98.58895653103339
1.2772181425335052 103.7874143943723 98.58895653103339
1.2772173054299092 103.78741991861945 98.58895653103359
1.277216590051119 103.78742463957535 98.58895653103359
1.277215338019806 103.78743290202956 98.58895653103339
1.2772142815663612 103.78743987381849 98.58895653103359
1.2772129859787553 103.78744842371071 98.58895653103339
1.2772117859260923 103.78745634314481 98.58895653103359
1.2772107579613914 103.78746312692918 98.58895653103359
1.277209539181896 103.78747116994577 98.58895653103231
1.2772083056708323 103.78747931017928 98.58895653103231
1.2772073661842467 103.78748551007503 98.5889565310332
1.2772058656890242 103.78749418628156 98.82153740472344
1.2772041617268166 103.78750174422832 99.52134254696887
1.2772026779727166 103.78750832543902 100.13098446106444
1.2772007438483746 103.78751690427262 100.92581919012731
1.2771997059778584 103.78752150776072 101.35230657049294
1.2771978703952265 103.78752964951107 102.10636612300537
1.2771967174979737 103.78753476320158 102.57973122802015
1.2771952286879769 103.78754136683726 102.65287730739055
1.2771937112323932 103.78754809753069 102.65287730739055
1.2771924956535214 103.78755348924608 102.65287730739028
1.277190893890989 103.78756059388387 102.65287730739055
1.27718970950137 103.78756584725879 102.65287730739028
1.277188061825779 103.78757315554431 102.65287730739
1.2771865568589371 103.78757983084328 102.65287730739155
1.2771850679614114 103.78758643486653 102.65287730739155
1.2771834643602316 103.7875935476591 102.65287730739055
1.2771822645311326 103.78759886951562 102.65287730739055
1.277180355399055 103.78760733749398 102.65287730739126
1.27717932899155 103.78761189013676 102.65287730739028
1.277177984139549 103.78761785524388 102.65287730739028
1.2771765506628292 103.78762421344689 102.65287730739155
1.2771751953841852 103.78763022480133 102.65287730739028
1.2771738766221878 103.78763607418567 102.65287730739028
1.2771727910726312 103.78764088915341 102.65287730739028
1.277171398713635 103.78764706497795 102.65287730739
1.2771700215372155 103.78765317345989 102.65287730739028
1.27716873133776 103.78765889615445 102.65287730739155
1.277167502571683 103.78766434636046 102.65287730739126
1.2771656116172527 103.78767273371038 102.65287730739126
1.2771645029941312 103.78767765102077 102.65287730739155
1.277163176509737 103.78768353465725 102.65287730739155
1.277162132417027 103.78768816574218 102.65287730739055
1.2771608427567074 103.78769388604492 102.65287730739155
1.2771595729051883 103.78769951848543 102.65287730739155
1.2771576086465102 103.78770823097646 102.65287730739155
1.2771559075579502 103.7877157761734 102.65287730739185
1.2771542932627393 103.78772293639733 102.65287730739055
1.2771531785908448 103.78772788053656 102.65287730739
1.2771520223382749 103.78773300910728 102.65287730739028
1.277150059376236 103.78774171584638 102.65287730739126
1.277148174969532 103.7877500741523 102.65287730739028
1.2771466960318214 103.78775663399607 102.65287730739
1.2771454654069423 103.7877620924456 102.65287730739155
1.2771437940232093 103.7877695058855 102.65287730739155
1.2771418358807383 103.78777819124663 102.65287730739055
1.2771399101112246 103.78778673301701 102.65287730739028
1.2771380097055387 103.78779516228569 102.65287730739155
1.2771363624466796 103.78780246871894 102.65287730739185
1.2771348309510548 103.78780818077948 102.95395432726814
1.2771324302134566 103.78781681302843 103.51571455382559
1.2771308841398432 103.78782237219161 103.87755032666648
1.277128852889408 103.78782967588819 104.35295251008912
1.277127021056484 103.78783626254605 104.78164982469572
1.2771251820759146 103.78784287490437 105.2119389109697
1.2771229602710215 103.78785086377061 105.4735843934225
1.2771215721770126 103.7878558548917 105.4735843934225
1.2771202083478501 103.78786075876448 105.47358439342376
1.2771180179616939 103.7878686346592 105.4735843934225
1.2771161547331304 103.78787533420474 105.4735843934225
1.2771147421112625 103.78788041351953 105.47358439342182
1.2771131612063724 103.78788609792363 105.4735843934225
1.2771107699259991 103.78789469616619 105.47358439342216
1.2771084334254879 103.7879030974386 105.47358439342376
1.2771061979410627 103.78791113549089 105.4735843934225
1.2771043567476117 103.78791775580498 105.47358439342376
1.277102111685142 103.78792582829648 105.4735843934225
1.27709986111166 103.78793392060359 105.47358439342376
1.2770977495710194 103.78794151299513 105.47358439342342
1.2770960118170052 103.78794776137532 105.47358439342216
1.2770940293536515 103.78795488964806 105.47358439342342
1.2770920232991145 103.78796210274666 105.47358439342342
1.2770901419674425 103.78796886738363 105.47358439342376
1.2770888414896564 103.78797354346501 105.47358439342376
1.277087186519034 103.78797949418352 105.47358439342342
1.2770849260330412 103.78798762213182 105.47358439342376
1.2770829754110402 103.78799463591318 105.4735843934225
1.2770816539681964 103.78799938737761 105.47358439342342
1.2770803722241095 103.78800399609862 105.47358439342376
1.27707841892034 103.78801101952249 105.47358439342376
1.2770770260750055 103.78801602772613 105.47358439342216
1.2770751758210657 103.78802268061727 105.47358439342376
1.2770732481272205 103.7880296119562 105.47358439342376
1.2770711883621482 103.78803701817873 105.47358439342216
1.2770697756172031 103.78804209793442 105.4735843934225
1.277068418490095 103.78804697770701 105.47358439342342
1.2770663192371943 103.78805452591423 105.47358439342376
1.2770647081587185 103.78806031881037 105.47358439342342
1.2770629282427315 103.78806671878932 105.47358439342376
1.2770605463581977 103.78807528324447 105.47358439342342
1.2770583247746938 103.78808327131094 105.47358439342376
1.2770561063393187 103.78809124805767 105.47358439342216
1.2770537324382951 103.78809978380636 105.47358439342342
1.2770524112420152 103.78810453438324 105.47358439342307
1.2770509249770259 103.78810987849153 105.47358439342182
1.2770496206784818 103.78811456830974 105.47358439342342
1.2770473310924026 103.78812280088991 105.47358439342342
1.2770458745204591 103.78812803823182 105.47358439342216
1.277044618537999 103.7881325543215 105.47358439342216
1.277042782932488 103.78813915454027 105.47358439342342
1.2770406799472738 103.78814671616624 105.4735843934225
1.2770386173667063 103.78815413251058 105.4735843934225
1.2770367417459871 103.78816087661026 105.47358439342342
1.277034348630747 103.7881694814456 105.47358439342342
1.2770327568895494 103.78817520481007 105.47358439342342
1.2770313911777929 103.78818011544885 105.4735843934225
1.2770287713302964 103.78818816912946 105.93738122637788
1.2770262968303472 103.7881954243754 106.49499503339518
1.277023506816332 103.78820360471 107.12384245827923
1.2770216431481567 103.78820906899406 107.54390624825372
1.2770195102983248 103.78821532251995 108.02458268951571
1.2770168565333355 103.78822310337146 108.62246946322968
1.2770140608817446 103.78823130023505 108.7467646218887
1.2770123101112214 103.7882364335024 108.74676462188992
1.2770105489350723 103.78824159727903 108.74676462188911
1.2770090246442865 103.78824606650663 108.74676462188911
1.277006321052802 103.78825399344922 108.74676462188954
1.277003852446011 103.78826123141552 108.74676462188911
1.2770023874978196 103.78826552665019 108.7467646218887
1.2769995414154252 103.78827387137649 108.74676462188911
1.2769980433145647 103.78827826381487 108.7467646218887
1.276995278324481 103.78828637077795 108.74676462188911
1.2769930675652235 103.78829285273373 108.74676462189036
1.2769904293156298 103.78830058809294 108.74676462188954
1.2769886661057581 103.78830575783186 108.74676462188911
1.2769870719245409 103.78831043197798 108.74676462188911
1.2769847156360792 103.78831734062572 108.74676462188992
1.2769820512983958 103.78832515247497 108.74676462188954
1.276980365147102 103.78833009627758 108.7467646218887
1.2769786980153952 103.78833498431462 108.74676462188992
1.2769764423022232 103.7883415980749 108.74676462188911
1.2769737068714508 103.78834961836901 108.74676462189036
1.276971643468514 103.78835566827473 108.74676462188911
1.2769697936958375 103.78836109181559 108.74676462188911
1.2769679947587234 103.78836636630635 108.74676462188911
1.2769665368681 103.78837064084739 108.74676462188911
1.2769648416479626 103.78837561123946 108.74676462188911
1.2769623109526438 103.78838303124796 108.7467646218887
1.2769595199618442 103.78839121444368 108.74676462188911
1.2769576004044467 103.78839684259329 108.74676462188911
1.2769555447489893 103.78840286978284 108.74676462188911
1.2769540449745176 103.7884072671272 108.74676462188911
1.276951267241852 103.78841541144966 108.74676462188992
1.2769494400092882 103.78842076890226 108.74676462188911
1.2769475947834767 103.78842617911104 108.74676462188911
1.276944742997803 103.78843454055693 108.7467646218887
1.2769431564328027 103.78843919237117 108.74676462188954
1.2769404822061945 103.78844703321306 108.74676462188954
1.2769383550513562 103.78845327003849 108.7467646218887
1.2769359533688796 103.78846031177983 108.74676462188954
1.2769331214606126 103.78846861494456 108.74676462188911
1.276931002185391 103.78847482866666 108.74676462188911
1.2769293583187327 103.78847964848923 108.74676462188911
1.276927042686522 103.78848643793057 108.74676462188911
1.276925234518582 103.78849173948491 108.74676462188992
1.276923507046903 103.78849680443751 108.74676462188911
1.2769213643669974 103.78850308678194 108.74676462188992
1.2769197541787962 103.78850780785888 108.74676462188911
1.2769181902215017 103.78851239338664 108.74676462188911
1.2769155310572768 103.78852019006453 108.74676462188911
1.2769130298346902 103.78852752365691 108.74676462188911
1.2769111326181033 103.78853308630177 108.74676462188911
1.2769093725618024 103.78853824679219 108.74676462188911
1.2769070316373612 103.78854511038969 108.74676462189036
1.2769043787463854 103.78855288867392 108.74676462188954
1.2769022898601243 103.78855901329456 108.74676462188911
1.2769007583129224 103.7885635037954 108.74676462188911
1.2768979481824534 103.788571743106 108.74676462188954
1.2768952079714768 103.78857977741232 108.74676462189036
1.2768932961243606 103.7885853829534 108.74676462188954
1.27689086293077 103.78859251708371 108.74676462189036
1.27688829336316 103.78859903305566 109.16311838496871
1.2768862115031572 103.78860429954554 109.50573543621684
1.2768834832568714 103.7886112012014 109.95479133713062
1.2768814794207264 103.78861627031391 110.2846280115135
1.2768785826347049 103.78862359832527 110.76142016180975
1.2768768589309532 103.78862795878561 111.04509189551551
1.2768748639880907 103.7886330054006 111.3733434873908
1.276873189539035 103.78863724126107 111.46969839316282
1.2768715044446375 103.78864150405107 111.46969839316452
1.276868295488846 103.78864962175923 111.46969839316402
1.2768660888181964 103.78865520398261 111.46969839316452
1.2768633099973643 103.78866223357649 111.46969839316402
1.276861335326011 103.78866722891026 111.46969839316452
1.2768583274120544 103.78867483804174 111.4696983931633
1.2768555123547922 103.78868195930283 111.4696983931633
1.2768522994208378 103.78869008707397 111.46969839316402
1.2768503665127686 103.78869497675876 111.46969839316452
1.2768483650994047 103.78870003974161 111.46969839316452
1.2768463238198224 103.78870520357414 111.46969839316452
1.276843709832297 103.78871181618801 111.46969839316402
1.2768416630274748 103.78871699399762 111.46969839316402
1.2768391805837642 103.78872327384448 111.46969839316282
1.2768367033479895 103.78872954051674 111.46969839316282
1.2768336857875497 103.78873717405015 111.4696983931633
1.2768315737707905 103.78874251682643 111.46969839316452
1.276829638707606 103.78874741196256 111.46969839316452
1.276826758401975 103.78875469828179 111.46969839316452
1.276824027387182 103.78876160693936 111.4696983931633
1.2768221525195933 103.78876634979834 111.46969839316402
1.2768193383935047 103.7887734687027 111.46969839316402
1.2768170098430263 103.78877935924471 111.46969839316452
