655788340
1.277531470590703 103.78853586470758 108.7666240978188
1.277528773321222 103.78854376410884 108.7666240978188
1.2775271461439854 103.78854852956734 108.7666240978188
1.2775244310674168 103.78855648111944 108.76662409781758
1.277522057627444 103.78856343213201 108.7666240978188
1.27752005660794 103.7885692924494 108.7666240978188
1.2775172004477358 103.788577657188 108.7666240978188
1.2775150675093376 103.78858390385156 108.7666240978188
1.2775132907939455 103.788589107257 108.7666240978188
1.2775105590596676 103.78859710759335 108.7666240978188
1.2775080205828644 103.78860454194307 108.7666240978188
1.277505384029745 103.78861226352544 108.7666240978188
1.277503165160873 103.78861876185024 108.7666240978188
1.2775015426718401 103.7886235135779 108.7666240978188
1.2774987841837806 103.78863159226664 108.7666240978188
1.2774959383581037 103.78863992673793 108.7666240978188
1.2774941399628914 103.78864519363574 108.7666240978184
1.2774918422431056 103.78865192288809 108.7666240978188
1.2774901702031434 103.78865681973355 108.7666240978188
1.2774877974031373 103.7886637688706 108.7666240978188
1.277485460406996 103.78867061315 108.7666240978184
1.2774831987486293 103.78867723679022 108.7666240978184
1.2774811835158093 103.78868313873244 108.7666240978188
1.2774796683554792 103.78868757612972 108.7666240978188
1.2774776514926918 103.78869348284545 108.7666240978188
1.277474944526289 103.78870141064347 108.7666240978188
1.277472828131562 103.78870760885476 108.7666240978188
1.277471354848474 103.78871193169478 108.7633097254702
1.2774697321114803 103.78871672520053 108.7464854003481
1.2774672896423236 103.78872394016504 108.72116218273005
1.2774653145430277 103.78872977453601 108.70068458935967
1.2774630822433333 103.78873636866749 108.67754037085771
1.277461033207495 103.78874242144416 108.65629621449058
1.2774584165608855 103.78875015092213 108.62916715350407
1.277455715340402 103.7887581302281 108.61720499887839
1.2774539452222817 103.78876335909187 108.61720499887879
1.2774515819102645 103.7887703402285 108.61720499887839
1.277450083651777 103.78877476602882 108.61720499887839
1.2774479589485581 103.78878104232375 108.61720499887839
1.277446513209031 103.78878531298488 108.61720499887839
1.2774442798640626 103.7887919102034 108.61720499887839
1.2774421869280157 103.78879809265905 108.61720499887839
1.2774398777721014 103.7888049138201 108.61720499887839
1.2774384317365266 103.7888091853556 108.61720499887839
1.277436977655567 103.78881348065684 108.61720499887839
1.277434372272096 103.78882117686292 108.61720499887839
1.2774318282097106 103.78882869192866 108.61720499887839
1.2774292100235842 103.78883642595311 108.61720499887839
1.2774268202194001 103.78884348534565 108.61720499887839
1.2774244583263477 103.78885046228969 108.61720499887839
1.277421623096297 103.78885883745346 108.61720499887839
1.2774191319638715 103.78886619616557 108.61720499887839
1.2774163484486565 103.78887438768218 108.62976430692518
1.2774140446183562 103.78888111034337 108.66342338293393
1.2774119084624902 103.78888734372433 108.69463276433959
1.2774090071582207 103.78889580983623 108.73702103901202
1.2774063015786288 103.78890370481626 108.77654974848078
1.277404211340811 103.78890980420643 108.80708823811494
1.2774017092467775 103.78891710540798 108.83008586542911
1.2773995008710655 103.78892354952868 108.83008586543033
1.2773968345756257 103.78893132987571 108.83008586542911
1.2773950678655095 103.78893648520001 108.83008586543033
1.2773931398072023 103.78894211134413 108.8300858654287
1.2773902402191497 103.78895057244719 108.83008586542911
1.2773885324738394 103.78895555570985 108.83008586543033
1.2773867595809063 103.78896072907561 108.83008586542992
1.277384735034303 103.78896663677581 108.83008586542911
1.2773819077705002 103.7889748868337 108.83008586542911
1.2773800038834051 103.78898044244497 108.83008586543033
1.2773771405173837 103.78898879785025 108.83008586542911
1.277374339385371 103.78899697165433 108.8300858654287
1.277371776890496 103.78900444910654 108.83008586543033
1.2773693252219496 103.78901160316344 108.83008586542992
1.2773673586676417 103.78901734163951 108.83008586543033
1.2773646635745974 103.78902520601766 108.83008586543033
1.2773621133164343 103.78903264776231 108.8300858654287
1.2773601200101454 103.7890384643014 108.83008586543033
1.2773582990879668 103.7890437778174 108.8300858654287
1.277356818586563 103.78904809797339 108.83008586542911
1.2773548201821578 103.78905392938879 108.83008586542911
1.2773521140105166 103.78906182609414 108.83008586542911
1.2773501042520825 103.78906769064086 108.8300858654287
1.2773481060101457 103.78907352158197 108.83008586543033
1.2773456124233875 103.78908079795677 108.8300858654287
1.2773433673599213 103.78908734913173 108.8300858654287
1.2773415543159976 103.78909263965826 108.83008586543033
1.2773390070368353 103.78910007270916 108.83008586542911
1.277337069138836 103.78910572756416 108.83008586543033
1.277334879529984 103.78911211692028 108.83008586542911
1.2773323695859742 103.78911944102563 108.8300858654287
1.2773307515510408 103.78912416250873 108.83008586542911
1.2773290241702042 103.78912920306699 108.83008586542992
1.2773275496499918 103.78913350576899 108.8300858654287
1.277325368512661 103.78913987040458 108.83008586542911
1.2773226257273553 103.78914787394866 108.83008586543033
1.277319869978105 103.78915591532187 108.83008586543033
1.2773172955663992 103.78916342754563 108.83008586542992
1.2773158015399257 103.7891677871673 108.83008586543033
1.277313316414869 103.78917503884934 108.83008586543033
1.2773117705123531 103.78917954984703 108.83008586543033
1.2773094975901094 103.78918618231368 108.83008586542992
1.277307105665338 103.7891931620338 108.83008586543033
1.2773050237020187 103.78919923727548 108.83008586542911
1.2773026104085998 103.78920627934987 108.83008586543033
1.2773003305628365 103.78921293201928 108.8300858654287
1.2772987274304897 103.78921761001529 108.83008586542911
1.2772961109467034 103.78922524500601 108.8300858654287
1.2772938500211257 103.78923184246543 108.83008586543033
1.2772915313699629 103.78923860837001 108.83008586542911
1.277289522750057 103.78924446959257 108.83008586543033
1.2772866503668292 103.78925285130634 108.83008586542911
1.2772843153353557 103.78925966500898 108.83008586542911
1.2772820796474902 103.78926618882346 108.83008586542911
1.2772796149596888 103.78927338086758 108.83008586542911
1.277276734475163 103.7892817862208 108.83008586542911
1.2772750090935678 103.78928682094374 108.83008586542911
1.2772734633292628 103.7892913315372 108.83008586543033
1.2772717056995573 103.78929646036116 108.83008586542911
1.2772694556127873 103.78930302619167 108.83008586542911
1.27726657034319 103.78931144550744 108.83008586542911
1.2772643792281253 103.78931783925636 108.8300858654287
1.2772619141072923 103.7893250325634 108.83008586543033
1.2772590221352997 103.78933347143662 108.83008586542911
1.2772566989056675 103.78934025070009 108.83008586542911
1.2772550866392949 103.78934495534841 108.83008586542911
1.2772529208895516 103.78935127508005 108.83008586543033
1.277250432962543 103.78935853493586 108.83008586542911
1.277247686419547 103.78936654944181 108.83008586543033
1.2772449217486137 103.78937461684558 108.83008586542911
1.2772424051230133 103.78938196044454 108.83008586542992
1.2772405640999767 103.78938733261221 108.8300858654287
1.277237866721056 103.7893952036553 108.83008586543033
1.2772362202964231 103.78940000797812 108.83008586542911
1.277234046604238 103.78940635088544 108.83008586542911
1.2772317407712217 103.78941307938409 108.83008586542911
1.2772288706310966 103.78942145454984 108.83008586543033
1.2772262443922193 103.78942911800341 108.83008586542911
1.2772245495467467 103.78943406361957 108.83008586543033
1.2772226745980126 103.78943953478307 108.83008586543033
1.2772205011901339 103.7894458768603 108.83008586543033
1.2772182203936384 103.78945253230106 108.83008586543033
1.277216276296506 103.7894582052417 108.8300858654287
1.2772139538423322 103.78946498224082 108.83008586542911
1.2772120022474371 103.78947067706007 108.83008586542911
1.2772094587322802 103.78947809912235 108.83008586542911
1.277206937561756 103.78948545598217 108.83008586542911
1.2772048798440825 103.789491460471 108.83008586542911
1.2772031015273566 103.78949666902069 108.82212488054854
1.2772011065714672 103.78950267315051 108.74697160637093
1.2771992900584934 103.78950814022856 108.67854001460195
1.2771970250026548 103.78951495726598 108.59321049934124
1.2771948619519533 103.78952146730303 108.51172360783457
1.2771927099378135 103.78952794412373 108.43065269487445
1.2771903194443583 103.78953513868488 108.34059840016992
1.277188783398689 103.78953976165273 108.29621839303486
1.2771867343962158 103.78954592844366 108.29621839303447
1.2771849616397841 103.78955126382917 108.29621839303321
1.2771828783579566 103.78955753378897 108.29621839303486
1.2771807751998643 103.7895638635694 108.29621839303321
1.2771782615291556 103.7895714288511 108.29621839303486
1.2771759415322033 103.78957841124155 108.29621839303447
1.2771742354355438 103.78958354600383 108.29621839303321
1.2771727364122716 103.78958805754661 108.29621839303447
1.2771705653258252 103.7895945917676 108.29621839303486
1.2771679593341807 103.78960243490303 108.29621839303361
1.277166335271369 103.78960732277152 108.29621839303486
1.2771648232475206 103.78961187344134 108.29621839303486
1.277162981791801 103.78961741558736 108.29621839303486
1.277160334007655 103.78962538450347 108.29621839303447
1.2771579763184493 103.78963248033386 108.29621839303361
1.2771561308422612 103.78963803457988 108.29621839303321
1.27715424542961 103.7896437090208 108.29621839303486
1.2771526536926407 103.7896484995993 108.29621839303321
1.2771502784798725 103.78965564816926 108.29621839303447
1.277148334880752 103.78966149773115 108.29621839303486
1.277145684860215 103.78966947337736 108.29621839303361
1.277143438672097 103.78967623362743 108.29621839303321
1.2771415769668872 103.78968183671675 108.29621839303361
1.2771389873906005 103.78968963044636 108.29621839303321
1.2771362260717543 103.7896979410616 108.29621839303447
1.2771341632522868 103.78970414943508 108.29621839303447
1.2771319097123908 103.78971063620862 108.4144307780566
1.2771301859240412 103.78971533478057 108.61017120917329
1.2771282143081737 103.78972070886194 108.8340689706225
1.2771255495090132 103.78972797236982 109.13670028484313
1.2771235988465182 103.78973328933797 109.35823207604165
1.2771209135684574 103.78974060866554 109.66318198178884
1.2771189432537746 103.7897459792 109.8869214467719
