479758807
1.3222378616003696 103.66388874718973 345.2714662213767
1.3222423740318094 103.66388756601611 345.2714662213761
1.322249475781577 103.66388709344278 346.9869914663462
1.3222550281026746 103.66388709047366 348.79263047843415
1.3222615001577462 103.66388708701268 350.9068083989789
1.3222703082080607 103.6638870823025 353.7905304454009
1.3222764257322022 103.66388707903107 355.79082113888796
1.3222825900469322 103.66388707573462 357.7986446277465
1.3222891069421525 103.66388707224958 359.9074780217858
1.3222976396320665 103.66388706768655 0.0
1.3223044465996354 103.66388706404636 0.0
1.322311465688881 103.6638887494973 2.1645467643192267
1.3223180544557076 103.66389066736349 4.647381493291313
1.322322765011054 103.66389203851762 6.431178880022811
1.322327229876743 103.66389333815607 8.12512895512183
1.322334955859991 103.66389558704455 11.054856492613485
1.3223423190525825 103.6638977303315 13.833309895916171
1.3223493538545497 103.66389977803007 16.359516347518174
1.3223541667013294 103.66390117895928 16.359516347518174
1.3223614124415735 103.66390328805798 16.35951634751809
1.3223673675696548 103.66390502148379 16.35951634751881
1.3223737706747356 103.66390688530726 16.359516347518174
1.3223796942937305 103.66390860956133 16.35951634751881
1.322385711611087 103.66391036108922 16.35951634751881
1.322392578176549 103.66391235981727 16.359516347518174
1.3223991861750528 103.66391428328133 16.35951634751881
1.3224074924010976 103.66391670106746 16.35951634751881
1.322413294466953 103.66391838993967 16.359516347518174
1.3224196805184192 103.66392121265042 17.543745345082463
1.3224255497113264 103.66392600510379 21.388795294826668
1.3224323316018156 103.66393154281475 25.903925198692892
1.32243887848592 103.66393688863268 30.286853212195833
1.3224429242839966 103.66394019220424 32.98474200132708
1.3224498960998858 103.66394588499763 37.57490238025142
1.3224567827043139 103.66395150821214 39.44506307986462
1.3224593606537287 103.66395801237391 43.8734452672578
1.322461605150864 103.66396565419487 49.95778091150551
1.322462889192533 103.66397002596102 53.51666936348681
1.3224652667047354 103.66397812065742 60.14868091634422
1.3224673824394404 103.66398532408218 65.97716378482579
1.322469136036068 103.66399129453839 70.66931327029248
1.3224715729836727 103.6639995915942 73.7622812298487
1.3224732997105892 103.66400547056746 73.76228122984851
1.3224749739485708 103.66401117083207 73.76228122984851
1.3224774495452027 103.66401959947613 73.76228122984838
1.3224793460160578 103.66402605637533 73.7622812298487
1.3224818178882978 103.66403447233913 73.7622812298487
1.3224837756168264 103.66404113780197 73.7622812298487
1.322485307758945 103.66404635427416 73.7622812298487
1.322486933656732 103.66405188995557 73.7622812298487
1.3224889341152237 103.66405870090092 73.7622812298487
1.3224907152613983 103.66406476515539 73.76228122984851
1.3224923552047347 103.6640703486577 73.7622812298487
1.322493838220079 103.66407658066578 74.18518882071534
1.3224939939734628 103.66408552684477 77.21450261979204
