654212120
1.3233106719395278 103.66408416803696 214.66605700699168
1.3233050325467952 103.66408029759671 214.66605700699253
1.32329788178591 103.66407538987097 214.66605700699168
1.323293904253189 103.6640726600021 214.66605700699222
1.3232870417368008 103.66406795010496 214.66605700699222
1.3232828933785834 103.66406510299477 214.66605700699168
1.3232788487884817 103.66406232710291 214.66605700699202
1.32327289657875 103.66405824196943 214.66605700699222
1.3232684361545202 103.6640551806814 214.66605700699168
1.323260967768265 103.66405005496237 214.66605700699168
1.3232550877237337 103.66404601935747 214.66605700699222
1.3232510340575063 103.66404323723648 214.66605700699222
1.323246016273324 103.66403979341999 214.66605700699222
1.3232385701615481 103.66403468298843 214.66605700699168
1.3232327979042307 103.6640307213603 214.66605700699222
1.323225631187087 103.6640258026835 214.66605700699253
1.323218494807952 103.66402090482832 214.66605700699168
1.3232134433529221 103.66401743790279 214.66605700699253
1.3232082930647735 103.6640139031459 214.66605700699222
1.3232021358078252 103.66400967728401 214.66605700699222
1.3231953943229637 103.66400505045354 214.66605700699168
1.3231901564993485 103.66400145561911 214.66605700699222
1.3231835296790888 103.66399690748555 214.66605700699222
1.3231763519478963 103.66399198124957 214.66605700699222
1.3231720142481562 103.66398900419013 214.66605700699222
1.3231677879456702 103.66398610358507 214.66605700699168
1.3231639802059447 103.66398349024894 214.66605700699222
1.323159265723366 103.66398025459507 214.66605700699222
1.3231553987733065 103.66397760062158 214.66605700699168
1.3231490566634296 103.66397324789106 214.66605700699222
1.3231428909955927 103.6639690162566 214.66605700699222
1.3231360716800955 103.6639643360093 214.66605700699168
1.3231313315085464 103.66396108272454 214.66605700699253
1.3231271747980482 103.66395822988206 214.66605700699168
1.3231216934765704 103.66395446792968 214.66605700699222
1.323114781070623 103.66394972379234 214.66605700699222
1.32310855960209 103.66394545386066 214.66605700699202
1.3231036938475325 103.66394211438553 214.66605700699222
1.3230975005265937 103.66393786377218 214.66605700699222
1.3230917358632246 103.66393390735601 214.66605700699222
1.3230867403753455 103.66393047884203 214.66605700699168
1.323082293885115 103.66392742711729 214.66605700699168
1.3230775918521809 103.66392420000794 214.66605700699202
1.3230720442747268 103.66392039258265 214.66605700699222
1.323064937223873 103.66391551485624 214.66605700699253
1.3230580434962085 103.66391078353827 214.66605700699253
1.3230524822478613 103.66390696673034 214.66605700699168
1.3230462943687282 103.66390271985186 214.66605700699253
1.3230411363985866 103.66389917982272 214.66605700699168
1.323036975852818 103.66389632434802 214.66605700699253
1.323030981352029 103.66389221018937 214.66605700699222
1.3230236271714813 103.6638871628524 214.66605700699222
1.3230177603259958 103.66388313630644 214.66605700699222
1.3230113990158956 103.66387877039844 214.66605700699222
1.3230056467519484 103.6638748828804 214.603049111204
1.3230003283841159 103.66387243296369 213.3485566919105
