666819045
1.3177468983273664 103.9064711567873 261.25820770822577
1.3177461673720283 103.9064664474846 261.25820770822577
1.3177448308722548 103.9064578368602 261.25820770822577
1.3177435845588286 103.90644980727664 261.25820770822577
1.3177424109820324 103.90644224631119 261.25820770822577
1.3177416853704975 103.90643757143715 261.25820770822577
1.3177404470227307 103.9064295931741 261.25820770822577
1.3177395446438769 103.90642377944717 261.258207708226
1.3177384825766505 103.90641693690125 261.25820770822577
1.3177375546810872 103.90641095877882 261.25820770822577
1.3177362047848384 103.90640226184651 261.25820770822577
1.317735034333809 103.90639472102019 261.2582077082259
1.3177340258342818 103.90638822359361 261.25820770822577
1.3177331155396887 103.90638235886877 261.25820770822577
1.3177318719940347 103.90637434711849 261.25820770822577
1.3177307100715119 103.90636686123898 261.25820770822577
1.31772953840796 103.90635931260141 261.25820770822577
1.3177282078184476 103.90635074005705 261.25820770822577
1.3177275040623293 103.90634620599121 261.2582077082259
1.3177261274317782 103.90633733682009 261.25820770822577
1.3177254037728496 103.90633267452722 261.25820770822577
1.3177244882394656 103.90632677605139 261.25820770822577
1.3177234043107957 103.9063197926611 261.25820770822577
1.3177226479617306 103.90631491975678 261.25820770822577
1.317721693016175 103.90630876736176 261.25820770822577
1.3177203573854093 103.9063001623393 261.25820770822577
1.317719502726871 103.9062946560602 261.25820770822577
1.3177185595826695 103.90628857969764 261.25820770822577
1.317717329176859 103.90628065260479 261.25820770822577
1.3177161931164614 103.90627333334798 261.25820770822577
1.3177148473861935 103.90626466325854 261.25820770822577
1.3177136842455364 103.90625716953298 261.25820770822577
1.3177127122194454 103.90625090709464 261.2582077082259
1.3177118465629203 103.90624532995983 261.25820770822577
1.3177110721471346 103.90624034065858 261.25820770822577
1.3177100970467759 103.906234058414 261.25820770822577
1.3177091913037144 103.90622822301535 261.25820770822565
1.3177080098424443 103.90622061125684 261.25820770822577
1.3177069151797474 103.9062135587126 261.25820770822577
1.3177059345934776 103.90620724112453 261.2582077082259
1.317705145231284 103.90620215552904 261.25820770822577
1.3177043658075982 103.90619713396411 261.2582077082259
1.3177033462649328 103.90619056539333 261.25820770822577
1.3177019673908918 103.90618168177144 261.25820770822577
1.3177007085974681 103.90617357178876 261.2582077082259
1.3176994626420795 103.90616554451736 261.25820770822577
1.3176985893760376 103.90615927844291 261.3824849595945
1.3176975437174308 103.90615074340849 261.7317489986054
1.317696658992356 103.9061435219705 262.027285636627
1.3176959098705285 103.90613740737417 262.27753152081505
1.3176952281973089 103.90613184331723 262.5052427731375
1.3176943706510065 103.90612484372238 262.79168813953584
1.3176936300720283 103.90611879885613 263.03903859907683
1.3176926503368427 103.90611080191292 263.0849060297267
1.3176916224790785 103.90610241217651 263.0849060297267
1.3176907612144697 103.90609538223215 263.0849060297267
1.3176898352356388 103.90608782406774 263.0849060297267
1.3176890674174848 103.90608155686647 263.0849060297267
1.3176884253409977 103.90607631601291 263.0849060297267
1.3176875021636907 103.90606878071598 263.0849060297267
1.3176866631065494 103.90606193203747 263.0849060297267
1.3176858829855784 103.90605556441679 263.0849060297267
1.317685287864835 103.90605070683286 263.0849060297267
1.317684209546672 103.90604190522255 263.08490602972654
1.317683362601203 103.90603499215733 263.0849060297267
1.3176825524466669 103.90602837939271 263.0849060297267
1.3176817424211182 103.90602176768107 263.0849060297267
1.3176806688441993 103.90601300477122 263.08490602972677
1.3176798324456722 103.90600617779444 263.0849060297267
1.317679206618629 103.90600106957571 263.08490602972677
1.3176784519435014 103.90599490965407 263.0849060297267
1.3176777100651509 103.90598885418427 263.0849060297267
1.3176768757584127 103.9059820442819 263.0849060297267
1.3176762325876985 103.90597679449846 263.0849060297267
1.317675284499296 103.90596905587078 263.0849060297267
1.3176742683471707 103.9059607616835 263.0849060297267
1.3176733985513343 103.90595366210736 263.08490602972677
1.3176727638307182 103.90594848129702 263.0849060297267
1.3176721789257342 103.90594370709925 263.0849060297267
1.3176711508103063 103.90593531526399 263.0849060297267
1.3176702559477058 103.90592801108474 263.0849060297267
1.317669616804563 103.90592294154189 263.0622171831787
1.3176686652387783 103.9059164224037 262.870083437123
1.3176675004453493 103.90590844245183 262.63488314451706
1.317666585508215 103.90590217425526 262.4501296927988
1.3176654929527047 103.90589468920265 262.2295094798961
1.3176645213494504 103.90588803278906 262.03331798081604
1.3176634983297841 103.90588102412389 261.82675431657344
1.3176626982708968 103.90587554295385 261.77327753589185
1.317661539980164 103.90586760755247 261.77327753589174
1.3176607357215613 103.90586209761052 261.77327753589174
1.3176599249741647 103.9058565432142 261.77327753589174
1.3176591156393997 103.90585099849585 261.77327753589174
1.3176578168616646 103.90584210062448 261.77327753589174
1.3176570231113778 103.90583666267491 261.77327753589174
