666806812
1.3193027151712868 103.904429557969 75.67983256510874
1.3193039214865117 103.90443424459674 75.67983256510816
1.3193056837106938 103.90444109097375 75.67983256510878
1.319307098346945 103.90444658694484 75.67983256510816
1.3193089495757315 103.90445377911172 75.67983256510878
1.319311001856384 103.90446175238071 75.67983256510816
1.31931247662991 103.90446748198995 75.6798325651081
1.3193136873513138 103.9044721857363 75.67983256510816
1.3193158500060709 103.90448058781745 75.6798325651081
1.3193180327866358 103.90448906808903 75.67983256510874
1.3193199821622326 103.90449664156432 75.67983256510878
1.3193219287730877 103.90450420429845 75.6798325651081
1.3193236434806563 103.9045108660704 75.67983256510816
1.319325116571341 103.90451658914205 75.6798325651081
1.3193269603424946 103.90452375233616 75.6798325651081
1.3193283951578711 103.90452932670537 75.6798325651081
1.3193296513655002 103.90453420716965 75.6798325651081
1.3193313206788968 103.904540692582 75.6798325651081
1.3193325937565914 103.90454563858788 75.67983256510816
1.3193345956394622 103.9045534160586 75.6798325651081
1.3193366651061755 103.90456145609792 75.67983256510816
1.3193380349024104 103.90456677786302 75.67983256510878
1.319339190418814 103.90457126713429 75.67983256510816
1.3193405242869864 103.90457644931612 75.6798325651081
1.3193426163744064 103.90458457723891 75.67983256510878
1.3193438818549121 103.90458949372942 75.67983256510816
1.3193454677246148 103.90459565495702 75.67983256510878
1.3193475488704711 103.90460374037119 75.6798325651081
1.319349227756986 103.90461026297649 75.67983256510874
1.3193505833630992 103.90461552961222 75.67983256510878
1.3193524335280573 103.90462271764777 75.67983256510878
1.319354388489557 103.90463031282617 75.6798325651081
1.3193562329108748 103.90463747854739 75.6798325651081
1.3193578134538262 103.90464361908055 75.6798325651081
1.319359265629048 103.90464926089506 75.6798325651081
1.319361244319208 103.90465694826145 75.67983256510874
1.3193632340113013 103.90466467837129 75.6798325651081
1.319365195485579 103.9046722988528 75.6798325651081
1.3193669310548373 103.90467904167564 75.6798325651081
1.3193685104748245 103.90468517784635 75.67983256510816
1.3193696473834966 103.90468959482588 75.67983256510874
1.3193709550282868 103.9046946751287 75.6798325651081
1.3193722332645832 103.90469964117722 75.67983256510878
1.31937338338885 103.90470410950047 75.6798325651081
1.319374866627309 103.9047098719986 75.67983256510874
1.3193762841648693 103.90471537924361 75.67983256510878
1.3193781787203056 103.90472273974069 75.6798325651081
1.3193801494085273 103.90473039601973 75.67983256510874
1.3193822164519065 103.9047384266462 75.67983256510874
1.3193835295501817 103.90474352813659 75.67983256510874
1.3193851729638084 103.90474991292822 75.6798325651081
1.3193863756779498 103.9047545855676 75.67983256510816
1.3193881645766514 103.90476153558033 75.6798325651081
1.3193895972730163 103.90476710171892 75.6798325651081
1.3193914338887953 103.90477423711637 75.6798325651081
1.319393335459335 103.9047816248683 75.6798325651081
1.3193947604730458 103.9047871611593 75.6798325651081
1.3193969255693987 103.90479557273002 75.6798325651081
1.3193985891595297 103.90480203590943 75.6798325651081
1.3194005717096828 103.90480973827388 75.67983256510819
1.319401961928662 103.90481513938482 75.67983256510881
1.3194034716533665 103.90482100478503 75.67983256510874
