234371325
1.3173015511087869 103.90501449402704 324.18541082032135
1.317307976878821 103.90501027118712 324.690551434626
1.3173152693754095 103.90500547875823 325.2638925182089
1.317322054765416 103.90500101958581 325.797330569238
1.3173286862709903 103.90499666154199 326.3185483750316
1.3173354496482674 103.90499221683564 326.5435531141313
1.3173407130945196 103.90498875784284 326.5435531141313
1.3173446553655654 103.90498616709021 326.5435531141313
1.3173497101616318 103.90498284521655 326.54355311413156
1.3173536961266452 103.90498022574941 326.5435531141313
1.3173594276807903 103.90497555851618 325.5842547419947
1.3173652603784753 103.90497041173973 324.1819830705606
1.317370828998434 103.9049654979856 322.84127068205055
1.3173761948051361 103.90496076319397 321.5489968977324
1.3173807262886315 103.90495676460971 320.4583415642517
1.3173853575589964 103.90495267797338 319.3451873929397
1.3173895888331286 103.90494894429402 318.4165881917713
1.3173962479866392 103.90494306825205 318.4165881917713
1.317401899682444 103.90493808119146 318.4165881917713
1.3174056658023279 103.90493475796443 318.4165881917713
1.317412339634804 103.90492886896958 318.41658819177115
1.3174161418415569 103.90492343409589 316.4236740384782
1.3174199088021736 103.90491743984292 313.8433231496456
1.3174238949694652 103.90491109677275 311.09689067006485
1.3174263429887085 103.90490720131206 309.4074013508668
1.3174300924391678 103.9049012349223 306.8234463559857
1.3174331369715993 103.90489639024773 304.7349053747971
1.3174357988196985 103.90489215452742 302.9205751456707
1.317439664627045 103.90488600298224 302.0053832080834
