173768001
1.3108380761679521 103.80269048889149 285.09892447260654
1.3108393435538843 103.80268581271999 285.0989244726062
1.3108411949921115 103.80267898161782 285.0989244726063
1.3108426812454705 103.80267349790871 285.0989244726062
1.3108446261942008 103.80266632178821 285.0989244726063
1.3108467823731873 103.80265836630834 285.0989244726062
1.3108483318082778 103.80265264948244 285.0989244726062
1.310849603823392 103.80264795623064 285.09892447260654
1.3108518759642043 103.80263957289544 285.09892447260654
1.3108541692496842 103.80263111154429 285.09892447260654
1.310856217313871 103.80262355496633 285.0989244726062
1.3108582624733283 103.8026160091056 285.0989244726062
1.3108600639892092 103.80260936219692 285.09892447260654
1.3108616116561636 103.80260365189419 285.09892447260654
1.3108635487695346 103.80259650468213 285.09892447260654
1.3108650562234396 103.80259094275011 285.09892447260654
1.3108663760274473 103.80258607317485 285.09892447260654
1.3108681298509741 103.80257960223243 285.0989244726062
1.3108694673790864 103.80257466726185 285.09892447260654
1.3108715706086103 103.80256690714383 285.0989244726062
1.3108737448434309 103.80255888504314 285.09892447260654
1.3108751839864858 103.80255357515179 285.0989244726062
1.3108763980016458 103.80254909589682 285.09892447260654
1.3108777993977374 103.80254392527732 285.0989244726062
1.3108799973983876 103.80253581548935 285.09892447260654
1.3108813269446205 103.80253090996841 285.09892447260654
1.310882993099939 103.80252476248765 285.0989244726062
1.3108851796050462 103.80251669511354 285.0989244726062
1.3108869434861758 103.80251018706143 285.0989244726062
1.3108883677206333 103.8025049321766 285.0989244726062
1.310890311551247 103.802497760179 285.0989244726063
1.3108923654837665 103.802490181947 285.09892447260654
1.3108943032799274 103.80248303221398 285.0989244726062
1.3108959638387203 103.80247690538168 285.09892447260654
1.3108974895310852 103.80247127615526 285.09892447260654
1.3108995683934703 103.8024636059411 285.09892447260654
1.310901658814745 103.80245589307889 285.09892447260654
1.3109037195896427 103.80244828960045 285.0989244726062
1.3109055430229486 103.80244156182242 285.09892447260665
1.3109072024018356 103.80243543934297 285.09892447260654
1.3109083968670503 103.80243103221879 285.0989244726062
1.310909770711971 103.80242596325141 285.0989244726062
1.3109111136595712 103.80242100828337 285.0989244726062
1.3109123225241246 103.80241655006785 285.099599149048
1.3109138819278814 103.80241080071525 285.10100911523597
1.3109153722569435 103.80240530603348 285.1023566261732
1.3109173640990504 103.80239796232736 285.10415759022624
1.310919435983392 103.8023903235141 285.10603092610404
1.310921609170769 103.80238231120734 285.1079958571876
1.3109229896974666 103.8023772213547 285.1092440881871
1.3109247175014045 103.80237085112836 285.1095751223405
1.3109259819756554 103.80236618914843 285.1095751223405
1.310927862735389 103.80235925499044 285.10957512234046
1.3109293690015678 103.80235370154963 285.1095751223405
1.310931299928648 103.80234658242988 285.1095751223405
1.310933299145935 103.80233921153135 285.1095751223405
1.310934797334911 103.80233368787012 285.1095751223405
1.3109370736101744 103.8023252954885 285.1095751223405
1.310938822626573 103.80231884705341 285.1095751223405
1.3109409069817473 103.80231116226022 285.10957512234023
1.310942368589209 103.80230577347076 285.1095751223405
1.310943955839066 103.80229992145127 285.1095751223405
1.3109461271981444 103.80229191588373 285.1095751223405
1.3109484736291885 103.80228326484455 285.1095751223405
1.310949850140376 103.80227818979562 285.10957512234023
1.310951527875147 103.80227200416759 285.10957512234023
1.3109527083574686 103.80226765185594 285.1095751223405
1.3109541236754625 103.80226243373028 285.1095751223405
1.3109563549280858 103.80225420734106 285.1095751223405
1.3109583222147567 103.8022469541659 285.1095751223405
1.310960500258433 103.8022389239521 285.10957512234023
1.3109628484296865 103.80223026649598 285.1095751223405
1.3109642401475383 103.80222513538112 285.1095751223405
1.3109656561468166 103.8022199147432 285.1095751223405
1.310967095852122 103.8022146067036 285.1095751223405
1.310968294595584 103.80221018706456 285.1095751223405
1.3109695077064591 103.80220571445432 285.1095751223405
1.3109715210175341 103.80219829159137 285.1095751223405
1.310973553277203 103.80219079886683 285.1095751223405
1.310975218362619 103.8021846598745 285.10957512234063
1.3109772643931932 103.80217711637789 285.1095751223405
1.3109788089652232 103.80217138031917 285.0958573807289
1.3109804021022597 103.80216545981024 285.0803510501887
1.310982274582908 103.80215850118815 285.06212580553415
1.3109836842775828 103.80215326239832 285.04840495161704
1.3109854967288859 103.80214652686062 285.03076398368455
1.310986677753724 103.80214213786691 285.01926882359203
1.310988819253694 103.8021341794991 284.99842516672487
1.310990863532004 103.802126582432 284.9957684017116
1.3109931675294002 103.80211802018145 284.9957684017116
1.3109954071475987 103.8021096971805 284.9957684017113
1.3109969758625104 103.80210386742975 284.9957684017116
1.3109981734367082 103.80209941693393 284.9957684017116
1.3109995991221226 103.8020941187177 284.9957684017112
1.311001396433243 103.80208743944401 284.99576840171153
1.311002836170094 103.80208208900888 284.9957684017113
1.311005095453328 103.80207369292692 284.9957684017113
1.3110073614043765 103.80206527206552 284.9957684017116
1.3110088912084457 103.80205958691698 284.9957684017113
1.311010333223656 103.80205422801457 284.9957684017112
1.3110120373721685 103.80204789495674 284.9957684017113
1.3110140071226477 103.80204057485301 284.9957684017113
1.311015263859708 103.80203590449206 284.9957684017118
1.3110174005299162 103.80202796407112 284.9957684017119
1.3110195421214152 103.80202000536124 284.9957684017119
1.3110212143214572 103.8020137910318 284.9957684017113
1.311023523653138 103.8020052089556 284.9957684017112
1.3110250578149583 103.80199950761182 284.9957684017112
1.3110272040116149 103.80199153178752 284.9957684017113
1.3110288792703686 103.80198530609073 284.9957684017119
1.3110306308006783 103.80197879694892 284.9957684017113
1.3110320791936212 103.80197341434425 284.9957684017113
1.311033717482104 103.80196732603834 284.9957684017113
1.311034965374738 103.80196268854485 284.9957684017119
1.3110362104836457 103.80195806139635 284.9957684017113
1.3110376055834199 103.80195287684275 284.9957684017112
1.3110395695708563 103.80194557815453 284.9957684017113
1.3110414893124822 103.80193844389515 284.9957684017119
1.311042792073666 103.80193360249557 284.9957684017112
1.3110444274601258 103.8019275349027 284.99903513028096
1.311045696712477 103.80192321430077 285.1294163824488
1.31104794620281 103.80191555691695 285.36050282527475
1.3110493156707024 103.80191089517592 285.50119106097685
1.311050997086862 103.80190517154647 285.6739286148795
1.3110533211574154 103.80189726028735 285.91268676975517
1.3110548073820154 103.80189220110013 286.06536639988474
1.311056342678949 103.80188697486803 286.2230809653668
1.3110587144806805 103.80187892245287 286.3064070560204
1.3110610159257838 103.80187115168894 286.3290628985684
1.3110630338486002 103.80186433822986 286.3489277052898
1.3110653018097425 103.80185668052337 286.37125393946843
1.3110668983487768 103.80185128985453 286.3869705675657
1.3110683661647495 103.80184633381536 286.40142001868696
1.3110707833386244 103.80183817229602 286.42460011472195
1.311072801911908 103.8018313566402 286.4246001147219
1.3110742020601835 103.80182662907896 286.4246001147219
1.311076564503154 103.80181865235664 286.4246001147225
1.3110788376714035 103.8018109770678 286.42460011472195
1.3110813568554365 103.80180247111343 286.4246001147219
1.3110836815781648 103.80179462175207 286.4246001147219
1.3110862317738239 103.80178601108751 286.42460011472195
1.311088232940831 103.80177925420281 286.4246001147225
1.3110906921556218 103.80177096824531 286.4308976889762
1.311092655130916 103.80176435639977 286.43668218985334
1.3110951888858167 103.80175582200997 286.4441486659164
1.3110969116499855 103.80175001926199 286.4492253122916
1.3110994145199648 103.80174158890095 286.45660077662313
1.3111008924923648 103.80173661067947 286.46095606974416
1.3111033665942906 103.801728277217 286.4623430642473
1.311104867298693 103.8017232224277 286.46234306424793
1.3111066947369123 103.80171706710806 286.4623430642473
1.3111085212841185 103.80171091478951 286.46234306424793
1.3111107525438945 103.80170339928648 286.46234306424793
1.3111122784114182 103.80169825974052 286.46234306424793
1.311114167418364 103.80169189703999 286.4623430642473
1.3111157489451724 103.80168657001796 286.4623430642473
1.3111181949020931 103.80167833135486 286.4623430642473
1.3111205423261982 103.80167042457758 286.462343064248
1.3111227536870609 103.80166297609902 286.4623430642479
1.3111242813157349 103.8016578306206 286.46234306424793
1.311125808493225 103.80165268666185 286.46234306424793
1.3111273191264046 103.80164759842889 286.46234306424793
1.3111294266035447 103.80164049985927 286.462343064248
1.3111315467971063 103.80163335845712 286.4623430642473
1.3111340660237374 103.80162487300038 286.46234306424793
1.3111355069435573 103.80162001958114 286.462343064248
1.311137727666989 103.8016125395661 286.46234306424793
1.3111395932387573 103.80160625580066 286.462343064248
1.3111417396839533 103.80159902597521 286.4623430642473
1.311143861537068 103.80159187898262 286.4623430642473
1.3111464139569549 103.80158328172102 286.4623430642473
1.3111482341124692 103.80157715092984 286.46234306424793
1.311150141669383 103.80157072574632 286.4623430642473
1.311152350280304 103.80156328652885 286.4623430642479
1.3111547708089246 103.80155513351335 286.462343064248
1.3111563598656137 103.80154978112714 286.462343064248
1.311157783845469 103.80154498476568 286.46234306424793
1.3111593651421276 103.80153965851734 286.46234306424736
1.3111609819326284 103.80153421271572 286.462343064248
1.3111625499652129 103.80152893114435 286.462343064248
1.3111649975823394 103.80152068688665 286.46234306424736
1.3111669067000467 103.80151425644519 286.4623430642473
1.3111681930822048 103.80150992355088 286.4623430642473
1.3111700312194141 103.80150373219145 286.462343064248
1.3111714609913612 103.8014989163202 286.4623430642473
1.311173486811703 103.80149209279139 286.4623430642479
1.311176022032607 103.80148355345906 286.4623430642473
1.311178074642515 103.8014766396953 286.4623430642474
1.3111798535823662 103.80147064772869 286.4623430642479
1.311182313434579 103.80146236225883 286.462343064248
1.3111841442350376 103.80145619561104 286.46234306424793
1.3111858568947181 103.80145042689433 286.462343064248
1.3111881054394683 103.80144285316678 286.46234306424793
1.3111896522079418 103.80143764321792 286.46234306424793
1.3111909842948102 103.80143315637669 286.4623430642479
1.3111927741107319 103.80142712777592 286.4623430642473
1.3111948498568489 103.80142013608216 286.46234306424793
1.3111974071076071 103.8014115225459 286.46234306424793
1.3111996744144863 103.80140388562165 286.4623430642473
1.3112019311389214 103.80139628434192 286.46234306424793
1.3112042355244329 103.80138852252621 286.4623430642473
1.311206750827882 103.80138005027969 286.4623430642479
1.311209123098862 103.80137205980645 286.462343064248
1.3112105640618938 103.80136720623923 286.46234306424793
1.3112125877678833 103.80136038983038 286.46234306424736
1.311214895063861 103.80135261821087 286.462343064248
1.3112173717096607 103.80134427617352 286.4623430642479
1.3112193320043783 103.80133767335131 286.46234306424793
1.311221048166495 103.80133189283605 286.4623430642479
1.311222424177353 103.80132725804557 286.46234306424793
1.3112249672769685 103.80131869217274 286.4623430642473
1.3112271517628653 103.80131133421139 286.46234306424793
1.3112287534431213 103.80130593930286 286.4623430642473
1.3112312689969636 103.80129746621157 286.46234306424793
1.3112336357302472 103.80128949438954 286.4623430642473
1.3112359383929628 103.80128173837504 286.4623430642479
1.3112383989532568 103.80127345051704 286.4623430642473
1.3112398716003384 103.80126849022808 286.4623430642473
1.3112421528553464 103.80126080632043 286.4623430642473
1.3112435739267678 103.80125601975267 286.4623430642473
1.311245693672493 103.80124887985347 286.4623430642473
1.3112476044530121 103.80124244380774 286.4623430642473
1.3112491112127957 103.80123736861731 286.4623430642479
1.3112514555075616 103.80122947237355 286.4623430642479
1.311253959001394 103.80122103990246 286.46234306424793
1.3112556482267934 103.80121535011631 286.46234306424793
1.311257339538775 103.8012096533019 286.4623430642473
1.311259090241406 103.801203756443 286.4623430642479
1.3112605207243444 103.80119893817404 286.4623430642479
1.3112625584737976 103.80119207446057 286.4623430642479
1.3112641267213918 103.80118679216137 286.4623430642473
1.3112658429806663 103.80118101131713 286.4623430642473
1.3112685327670492 103.80117280087062 286.7685474371843
1.3112705934676658 103.80116700204223 287.18035265456496
1.3112722505107552 103.80116233910937 287.5115530620047
1.3112751085946852 103.80115429643766 288.0828699204635
1.3112774521652983 103.80114770161053 288.5513262230105
1.3112799834100028 103.80114057866689 289.05720729936354
1.3112826672660631 103.80113302627352 289.47453254089993
1.31128498015628 103.80112651778104 289.47453254090044
1.3112870815104716 103.80112060455265 289.47453254090044
1.311289479374611 103.8011138569427 289.4745325408999
1.3112914661611943 103.80110826610839 289.47453254090044
1.3112943436287303 103.80110016889023 289.47453254089993
1.3112960325345462 103.80109541629481 289.47453254090044
1.311299029216099 103.80108698360719 289.4745325408999
1.311300824927758 103.80108193045912 289.4745325408999
1.3113024600106165 103.80107732932181 289.4745325408998
1.3113052237267149 103.80106955220073 289.4745325408998
1.31130775222009 103.80106243699832 289.4745325408998
1.3113092762979086 103.80105814823001 289.47453254089993
1.3113118040687541 103.80105103506067 289.47453254090044
1.3113142981284818 103.8010440167546 289.4745325408998
1.3113172609870252 103.80103567924445 289.4745325408998
1.3113200891379462 103.80102772080261 289.47453254090044
1.3113221589879451 103.80102189622625 289.47453254090044
1.3113236934377224 103.8010175782708 289.4745325408998
1.3113260871346726 103.80101084822061 289.4770069904902
1.3113283292423363 103.8010045547845 289.48373969191573
1.3113302572072862 103.80099914312449 289.48952907188163
1.311331982772318 103.80099429958653 289.4947106764468
1.311333992730272 103.80098865777792 289.50074626902
1.3113369390492982 103.80098038767044 289.5095936088688
1.311339758863909 103.8009724726517 289.5180610751261
1.3113425496651079 103.80096463907145 289.5198930735815
1.3113441005396578 103.80096028587698 289.5198930735821
1.3113469589969398 103.80095226239071 289.5198930735821
1.311348867418788 103.80094690558629 289.5198930735821
1.3113511726155955 103.80094043506269 289.51989307358144
1.3113531793229367 103.80093480237772 289.51989307358207
1.3113550599529786 103.80092952358277 289.5198930735821
1.3113577750563155 103.80092190248043 289.5198930735821
1.31135930325017 103.8009176129487 289.51989307358207
1.3113621365352273 103.80090966011848 289.5198930735821
1.3113638436074955 103.80090486848762 289.5198930735821
1.3113659736658259 103.80089888956483 289.5198930735815
1.3113684046016962 103.80089206610002 289.5198930735821
1.3113705626190164 103.80088600869817 289.51989307358207
1.3113733895736677 103.8008780736365 289.5198930735821
1.3113761355319156 103.80087036592587 289.5198930735821
1.3113777200895715 103.80086591818454 289.51989307358144
1.3113807024383222 103.80085754694231 289.5198930735821
1.3113828469709787 103.80085206520893 289.7485235824536
1.3113855276314124 103.8008458196763 290.2923778048676
1.3113887997061437 103.80083819623789 290.9564602720004
1.311390937916524 103.80083321453158 291.3904839599964
1.311392736372525 103.80082902440148 291.755538683856
1.3113954457384318 103.80082271198921 292.30541604699926
1.3113977722383514 103.80081729159664 292.77744834986794
1.3114005028804692 103.80081092961389 293.1233851458886
1.3114031471331866 103.8008047689053 293.1233851458886
1.3114054050692125 103.80079950825606 293.1233851458892
1.3114088974673197 103.8007913714969 293.1233851458886
1.3114123394490989 103.80078335220007 293.1233851458886
1.3114153181949997 103.80077641217264 293.1233851458886
1.311417324681814 103.8007717373618 293.1233851458892
1.3114191855389215 103.80076740184612 293.12338514588873
1.3114210486702806 103.80076306103173 293.1233851458886
1.3114241134849087 103.80075592047694 293.1233851458886
1.3114267591101216 103.80074975657007 293.1233851458892
1.3114297097780565 103.80074288195968 293.12338514588873
1.3114318332760628 103.80073793656561 293.1244022367629
1.3114344278043273 103.80073190426744 293.13067870590737
1.311436930241212 103.80072608608239 293.1367323955518
1.3114392841997315 103.80072061311063 293.1424268987621
