1054617352
1.3109649428133585 103.80361644531605 279.05704652597444
1.3109671312198117 103.80360942634108 281.4117200283458
1.3109689496750092 103.80360359392743 283.36524654182045
1.3109713516917894 103.80359588983019 285.93326520313656
1.310974001721898 103.80358739026843 287.2392749550236
1.3109758770152418 103.80358137555497 287.23927495502335
1.3109781421958937 103.80357411033815 287.2392749550236
1.3109798601204796 103.80356860036048 287.2392749550236
1.310981277682329 103.80356405374985 287.2392749550236
1.3109852331293645 103.80355604822157 289.011599693384
1.3109882826217483 103.80355116229872 290.8762620290255
1.3109919201226068 103.80354533426362 293.11032908684643
1.3109959405708986 103.80353889266674 295.58436472130563
1.3110001166648295 103.80353220169303 298.1499204884605
