631454252
1.3115745597759831 103.80104606549499 107.4678933268127
1.311572493906593 103.80105259913398 107.46789332681267
1.3115701930020405 103.80105987610878 107.46789332681267
1.3115688045144898 103.80106426742034 107.46789332681267
1.3115669175812639 103.80107023514519 107.46789332681267
1.3115654152942802 103.80107498636539 107.4678933268127
1.3115631587491798 103.80108212304609 107.46789332681267
1.311560587370575 103.80109025543743 107.4678933268133
1.3115590139573727 103.80109523160534 107.4678933268127
1.3115566724998675 103.80110263683466 107.46789332681331
1.3115543125970632 103.80111010040005 107.4678933268127
1.3115523213461904 103.80111639804538 107.4678933268133
1.3115505112812669 103.8011221226615 107.4678933268127
1.3115484880583501 103.80112852142332 107.4678933268127
1.3115462498536965 103.80113560009873 107.46789332681267
1.3115438780268376 103.80114310137536 107.4678933268127
1.311542063994417 103.80114883853898 107.4678933268127
1.3115399239672532 103.80115560671234 107.46789332681267
1.311537606364107 103.80116293649763 107.4678933268127
1.3115353313330373 103.80117013164191 107.4678933268133
1.31153318840191 103.80117690899921 107.4678933268133
1.3115313941684328 103.80118258354521 107.46789332681267
1.3115297692502508 103.80118772260484 107.4678933268127
1.3115277963551764 103.80119396219612 107.46789332681267
1.3115261903864361 103.80119904132508 107.46789332681267
1.3115239093773035 103.80120625537543 107.4678933268127
1.3115216688654603 103.80121334134664 107.46789332681267
1.3115199805730824 103.80121868083684 107.46789332681266
1.3115173747227828 103.80122692224816 107.46789332681267
1.3115151327723957 103.8012340127687 107.46789332681267
1.3115134437374445 103.8012393546072 107.46789332681267
1.311510927798969 103.80124731165793 107.46789332681273
1.3115093016379036 103.80125245464775 107.46789332681267
1.311506939858178 103.80126091765418 107.08814103600905
1.3115047570421852 103.80126909918093 106.59952114556768
1.3115027539771977 103.80127660697339 106.15108167220487
1.3115012839939788 103.80128211669418 105.82198521343021
1.3115000926593714 103.8012865819975 105.55528785399167
1.311498799288055 103.80129142974991 105.26577869204074
1.3114969344863694 103.80129841931016 104.87408182905611
1.311495039833747 103.80130552075616 104.8740818290561
1.311493361977371 103.80131180961676 104.87408182905612
1.3114915180339248 103.80131872099686 104.87408182905612
1.3114893149157758 103.80132697861815 104.87408182905611
1.3114875784958662 103.8013334869835 104.87408182905547
1.3114862674670864 103.80133840091827 104.87408182905612
1.3114841357664988 103.80134639085537 104.8740818290561
1.3114818288250687 103.80135503762158 104.8740818290561
1.3114799011902851 103.80136226268885 104.87408182905612
1.3114782959819875 103.80136827925271 104.87408182905612
1.3114769811072073 103.80137320760252 104.8740818290561
1.311475636926273 103.80137824579616 104.87408182905546
1.3114741556097567 103.80138379799467 104.8740818290561
1.3114721016522497 103.80139149653817 104.87408182905612
1.311470310998243 103.80139820818023 104.87408182905612
1.3114690796604775 103.80140282342037 104.8740818290561
1.311467607174886 103.80140834251894 104.87408182905617
1.3114653586538096 103.80141677031571 104.8740818290555
1.3114635845867098 103.80142341978717 104.87408182905612
1.311462172264911 103.80142871338253 104.87408182905612
1.3114602509064575 103.80143591492404 104.87408182905617
1.3114583695177224 103.80144296665291 104.87408182905546
1.3114566227495394 103.80144951380355 104.87408182905612
1.3114554561467828 103.80145388640662 104.8740818290561
1.3114540169535287 103.80145928071988 104.87408182905612
1.3114517314941723 103.80146784696599 104.87408182905612
1.3114496749701714 103.80147555512774 104.87408182905612
1.3114482465670216 103.80148090899785 104.87408182905612
1.3114469117348668 103.8014859121497 104.87408182905612
1.311445226729116 103.80149222780487 104.87408182905612
1.3114439881744346 103.80149687009417 104.87408182905612
1.3114422639660352 103.80150333268658 104.8740818290555
1.3114400524137642 103.80151162191703 104.87408182905612
1.3114380643413308 103.80151907351129 104.87408182905612
1.311436444203989 103.80152514602946 104.87408182905612
1.3114344973868024 103.80153244299267 104.87408182905612
1.311432704239266 103.80153916397883 104.8740818290561
1.3114308311598835 103.80154618456147 104.87408182905617
1.3114296084187334 103.80155076757873 104.87408182905612
1.3114276633648947 103.80155805793225 104.87408182905612
1.3114263494386187 103.80156298272496 104.87408182905612
1.3114251892284348 103.80156733136663 104.87408182905612
1.3114235811576698 103.80157335865684 104.87408182905617
1.3114215347701526 103.8015810288238 104.87408182905612
1.3114194103909111 103.80158899131531 104.87408182905617
1.3114179590827 103.80159443103572 104.87408182905612
1.3114165150972754 103.80159984330918 104.87408182905604
1.3114147150689788 103.80160659008452 104.87408182905612
1.311412463598488 103.8016150289326 104.87408182905612
1.3114109305070183 103.8016207751886 104.87408182905612
1.3114096452676047 103.801625592458 104.8740818290555
1.311407865125588 103.80163226469618 104.8740818290561
1.311406139459981 103.80163873274859 104.87408182905612
1.3114039104902204 103.80164708726001 104.87408182905604
1.3114026799124963 103.80165169964896 104.8740818290561
1.3114010794753304 103.80165769832622 104.87408182905612
1.311398949453796 103.8016656819646 104.87408182905612
1.3113976986339382 103.8016703702239 104.87408182905612
1.3113957135390615 103.80167781065535 104.8740818290561
1.311394246951284 103.80168330764484 104.8740818290561
1.3113926364304258 103.80168934411688 104.87408182905617
1.3113905358609115 103.80169721736416 104.8740818290561
1.3113882482530197 103.80170579165897 104.8740818290561
1.311386709859727 103.8017115577859 104.8740818290555
1.3113850751786453 103.80171768481368 104.87408182905612
1.3113833616972335 103.80172410719675 104.87408182905612
1.3113821234862744 103.80172854101124 104.94177694314115
1.311380090147773 103.8017358086048 105.05733347973349
1.3113781583346664 103.80174271332443 105.16712145831751
1.3113761801307813 103.80174978385466 105.27954627852144
1.3113747531482949 103.80175488419988 105.36064396902808
1.3113731081661828 103.801760763723 105.45413019633416
1.3113710285077294 103.80176819687364 105.56241984023626
1.3113695178832065 103.80177359617342 105.5624198402369
1.3113677031728925 103.80178008234172 105.5624198402369
1.311365952067321 103.80178634117281 105.5624198402369
1.3113643030111999 103.80179223525695 105.56241984023694
1.3113627982061737 103.80179761375634 105.56241984023626
1.311361180776119 103.80180339480191 105.56241984023694
1.3113596703049906 103.80180879355305 105.56241984023626
1.3113577640329575 103.80181560698232 105.56241984023694
1.3113556371490454 103.80182320892612 105.5624198402369
1.3113532836324417 103.80183162090412 105.5624198402369
1.3113520063329918 103.80183618624889 105.56241984023694
1.3113503270116313 103.80184218850694 105.56241984023694
1.311348915350998 103.80184723408755 105.5624198402369
1.311347075791811 103.80185380907012 105.5624198402369
1.3113453628695682 103.80185993142479 105.56241984023632
1.3113433950307232 103.80186696490641 105.56241984023684
1.3113416149223738 103.80187332739858 105.5624198402369
1.3113391932071035 103.80188198313249 105.56241984023623
1.3113373064959777 103.80188872664581 105.5624198402369
1.3113354066489455 103.80189551710961 105.56241984023684
1.3113340463106413 103.80190037925257 105.56241984023698
1.311331825579379 103.80190831662574 105.56241984023619
1.3113298893728187 103.80191523704607 105.56241984023681
1.3113278357102391 103.80192257727948 105.56241984023681
1.3113257075700537 103.80193018371179 105.56241984023681
1.3113243545611024 103.80193501965775 105.56241984023626
1.311322239706963 103.80194257860266 105.56241984023698
1.3113202504225547 103.80194968873417 105.56241984023636
1.3113184733997383 103.8019560401969 105.5624198402369
1.3113166978837931 103.80196238627364 105.5624198402369
1.3113144747295917 103.80197033230593 105.5624198402369
1.3113127049347617 103.80197665793399 105.5624198402369
1.3113105451104223 103.80198437761143 105.56241984023626
1.3113088038438723 103.8019906012731 105.5624198402369
1.3113064827624479 103.80199889731789 105.5624198402369
1.3113042421856616 103.80200690562164 105.56241984023681
1.311302466286832 103.80201325306624 105.5624198402369
1.311300947181282 103.80201868267632 105.56241984023619
1.3112986622063103 103.8020268496684 105.5624198402369
1.3112974133775377 103.80203131325102 105.56241984023698
1.3112950638656269 103.80203971091176 105.5624198402369
1.3112932125746883 103.80204632782353 105.56241984023698
1.311291655393296 103.80205189352449 105.5624198402369
1.3112903166504388 103.80205667847915 105.5624198402369
1.3112890510742494 103.80206120192034 105.5624198402369
1.311287686743858 103.80206607833023 105.56241984023626
1.3112863859177606 103.8020707277621 105.5624198402369
1.311284412582167 103.80207778088725 105.5624198402369
1.3112820573460915 103.80208619900658 105.56241984023698
1.3112804381481777 103.80209198636744 105.5624198402369
1.3112780823787993 103.80210040639268 105.56241984023619
1.3112758364098243 103.80210843396759 105.5624198402369
1.3112737085834925 103.80211603927525 105.5624198402369
1.3112717545199217 103.80212302351738 105.56241984023698
1.311270041969429 103.80212914453993 105.5624198402369
1.31126827305436 103.80213546702149 105.5624198402369
1.3112667969861007 103.8021407428057 105.5624198402369
1.311265225856996 103.80214635835769 105.5624198402369
1.3112635863193078 103.80215221841655 105.5624198402369
1.31126212131991 103.8021574546381 105.56241984023636
1.3112601463951872 103.80216451344191 105.5624198402369
1.3112585729727617 103.80217013719044 105.56241984023626
1.3112564930400765 103.80217757131497 105.56241984023681
1.3112552122787176 103.80218214903009 105.56241984023698
1.3112531743183953 103.80218943313622 105.56241984023681
1.3112514937526691 103.80219543983755 105.5624198402369
1.3112498478128451 103.80220132277842 105.5624198402369
1.3112477375196196 103.80220886541751 105.56241984023698
1.3112458817421846 103.8022154983627 105.5624198402369
1.311244080758138 103.80222193546449 105.56241984023698
1.31124279691126 103.8022265242075 105.56241984023681
1.3112413613843688 103.80223165508724 105.56241984023681
1.3112392761775662 103.80223910806164 105.56241984023698
1.3112374857467919 103.80224550744347 105.56241984023698
1.31123548817558 103.80225264718935 105.56241984023698
1.3112338614719619 103.80225846137523 105.56241984023626
1.311232296561247 103.80226405470002 105.5624198402369
1.3112304627050495 103.80227060929326 105.5624198402369
1.3112282393194996 103.80227855614737 105.5624198402369
1.3112260861888996 103.80228625189518 105.56241984023626
1.3112248388464884 103.80229071016285 105.56241984023636
1.31122289236024 103.80229766731954 105.56241984023636
1.3112207828412192 103.80230520718995 105.5624198402369
1.3112193943085193 103.8023101701016 105.56241984023626
1.3112175892602576 103.80231662172852 105.56241984023681
1.3112161080853089 103.80232191576317 105.56241984023698
1.311214412106287 103.80232797755326 105.56241984023681
1.3112120625391785 103.80233637540618 105.5624198402369
1.3112100114198397 103.80234370654314 105.56241984023681
1.311208252074951 103.80234999481601 105.56241984023698
1.3112060527093885 103.8023578558163 105.56241984023681
1.311204101286979 103.80236483061492 105.56241984023681
1.3112022196972168 103.80237155581669 105.5624198402369
1.3111997991555098 103.80238020734716 105.5624198402369
1.3111983653544523 103.80238533205677 105.56241984023698
1.311196448064899 103.80239218485691 105.5624198402369
1.3111950551640603 103.80239716338032 105.5624198402369
1.3111927292594685 103.80240547665719 105.56241984023681
1.3111911637928135 103.80241107196731 105.56241984023698
1.311189882978273 103.80241564987034 105.56241984023636
1.3111879245008482 103.80242264988422 105.56241984023619
1.3111864874529477 103.80242778619832 105.56241984023698
1.3111846004012149 103.80243453092146 105.5624198402369
1.311182297688437 103.80244276130523 105.56241984023681
1.3111810557055321 103.80244720041544 105.56241984023698
1.3111797591098908 103.80245183472312 105.56241984023681
1.3111781657495125 103.80245752973077 105.5624198402369
1.3111768703373927 103.8024621598082 105.56241984023681
1.3111756373549035 103.80246656674883 105.5624198402369
1.3111735748981856 103.80247393840602 105.56241984023681
1.3111719960033923 103.80247958171039 105.56241984023698
1.3111696432979274 103.80248799077783 105.56241984023698
1.3111683449045208 103.80249263151069 105.56241984023636
1.311166587059045 103.80249891442244 105.56241984023636
1.311164482891971 103.80250643516077 105.56241984023698
1.3111626358245982 103.80251303697027 105.5624198402369
1.311160304568968 103.80252136937091 105.5624198402369
1.311158619711472 103.80252739140782 105.56241984023681
1.3111569806395544 103.8025332497973 105.5624198402369
1.3111552096495562 103.80253957968985 105.5624198402369
1.3111534159029605 103.80254599091917 105.5624198402369
1.3111517066268419 103.8025521002331 105.56241984023681
1.3111493727937744 103.80256044184536 105.56241984023698
1.311147998422425 103.80256535413875 105.56241984023619
1.3111464499399241 103.8025708887421 105.5624198402369
1.3111445467844243 103.80257769102153 105.56241984023698
1.3111423395216806 103.8025855802443 105.56241984023681
1.3111406437809923 103.80259164117925 105.56241984023681
1.3111386661733577 103.802598709566 105.5624198402369
1.3111368882601016 103.80260506420287 105.5624198402369
1.311134633290384 103.80261312393999 105.5624198402369
1.3111323503202466 103.80262128375638 105.5624198402369
1.3111301433625986 103.80262917188797 105.56241984023681
1.3111288850444909 103.80263366938193 105.56241984023626
1.3111275080433562 103.80263859107399 105.5624198402369
1.3111262374972301 103.80264313227339 105.5624198402369
1.311124020451444 103.80265105646177 105.56241984023681
1.311121772936676 103.80265908955256 105.5624198402369
1.3111201029798736 103.80266505832955 105.56241984023698
1.311118247948116 103.80267168860328 105.56241984023619
1.3111165942335377 103.802677599327 105.5624198402369
1.3111143240550978 103.8026857134221 105.56241984023626
1.3111130237723143 103.8026903609061 105.56241984023619
1.3111106165041464 103.80269896498847 105.56241984023619
1.311108617377211 103.80270611028817 105.56241984023681
1.3111064105263617 103.80271399803668 105.56241984023698
1.31110401061388 103.80272257582787 105.56241984023619
1.3111021798980729 103.80272911919052 105.5624198402369
1.3111005673015532 103.80273488294894 105.56241984023681
1.3110991738271018 103.80273986351907 105.56241984023681
1.3110976961710346 103.8027451449719 105.56241984023698
1.3110958990709833 103.80275156818446 105.5624198402369
1.3110945438515642 103.8027564120229 105.5624198402369
1.3110930309553865 103.80276181943108 105.5624198402369
1.3110911983243188 103.80276836963876 105.5624198402369
1.3110890077551132 103.80277619919224 105.5624198402369
1.3110867449771955 103.80278428683465 105.56241984023681
1.3110850486885848 103.80279034972551 105.56241984023636
1.311082999726376 103.80279767314558 105.56241984023698
1.3110807692441044 103.80280564535624 105.5624198402369
1.3110789283088744 103.80281222524412 105.56241984023619
1.3110769882520859 103.8028191594131 105.5624198402369
1.3110751821509858 103.80282561479635 105.56241984023681
1.3110735685646098 103.8028313820916 105.56241984023681
1.3110714489272786 103.8028389581187 105.56241984023698
1.31106993600874 103.8028443656059 105.56241984023681
1.3110683117105155 103.80285017118733 105.5624198402369
1.3110660441260948 103.80285827600794 105.56241984023636
1.3110648296077094 103.80286261695043 105.56241984023681
1.311063135244925 103.802868672957 105.5624198402369
1.3110619211176706 103.80287301250142 105.5624198402369
1.3110601080882314 103.80287949264726 105.56241984023698
1.3110579897073444 103.80288706418284 105.56241984023619
1.311056763398393 103.802891447267 105.56241984023698
1.3110545274649283 103.80289943895986 105.56241984023698
1.3110530820628474 103.80290460512845 105.56241984023698
1.3110511288154907 103.80291158644197 105.56241984023636
1.3110496574911545 103.80291684526199 105.56241984023636
1.311047911781902 103.80292308479086 105.56241984023681
1.311046669373537 103.80292752541737 105.56241984023626
1.3110442984780464 103.80293599949204 105.5624198402369
1.3110422890290043 103.8029431816816 105.56241984023681
1.3110400544203937 103.80295116863829 105.5624198402369
1.3110376580046683 103.80295973392715 105.56241984023698
1.311035937172894 103.8029658845382 105.56241984023698
1.311034069223782 103.80297256097714 105.56241984023698
1.3110324899487056 103.80297820563491 105.56241984023626
1.3110302469366526 103.80298622262667 105.56241984023636
1.311027960150479 103.80299439607612 105.56241984023619
1.3110262909496972 103.8030003621468 105.5624198402369
1.3110248067358898 103.80300566703553 105.56241984023681
1.3110227453198497 103.80301303496493 105.56241984023698
1.3110212860630133 103.80301825065213 105.56241984023671
1.3110193208356185 103.80302527478315 105.56241984023698
1.3110170603250446 103.80303335431746 105.56241984023708
1.3110149898972934 103.80304075445618 105.56241984023708
1.311013047046887 103.80304769860687 105.5624198402369
1.3110116354111916 103.80305274408583 105.56241984023698
1.3110101579197424 103.80305802494688 105.5624198402369
1.311008313258466 103.80306461814901 105.56241984023681
1.3110063097283917 103.80307177918108 105.56241984023663
1.3110042399389747 103.80307917703767 105.56241984023636
1.311002604986882 103.80308502069542 105.56241984023681
1.3110013119299584 103.80308964234888 105.56241984023619
1.3109998179262088 103.80309498222793 105.56241984023654
1.3109985437413607 103.8030995364286 105.56241984023619
1.3109965441609457 103.80310668334326 105.56241984023681
1.3109945736204387 103.80311372646315 105.56241984023681
1.3109922557213463 103.80312201111447 105.56241984023681
1.3109899637068425 103.80313020324873 105.56241984023715
1.3109884750271665 103.80313552409798 105.56241984023636
1.310986994924347 103.80314081429171 105.56241984023681
1.3109848812173615 103.80314836911772 105.5624198402373
1.3109828103505012 103.80315577082416 105.56241984023666
1.3109806519768046 103.803163485298 105.56241984023681
1.3109783558349064 103.80317169218374 105.56241984023666
1.310976592384506 103.80317799511988 105.56241984023684
1.3109745998309785 103.80318511691783 105.56241984023681
1.3109724386525876 103.80319284141576 105.56241984023663
1.3109709172558235 103.80319827920195 105.56241984023649
1.3109696000436533 103.80320298719019 105.56241984023649
1.310967939534332 103.80320892219324 105.56241984023666
1.3109659652150916 103.80321597881763 105.56241984023666
1.3109639946319525 103.80322302208835 105.56241984023698
1.3109618426048295 103.80323071387716 105.56241984023666
1.3109604503868553 103.8032356899513 105.56241984023663
1.3109587668176206 103.80324170737484 105.56241984023681
1.310957468082923 103.80324634932036 105.56241984023714
1.3109560037521253 103.80325158314042 105.56241984023663
1.3109539466166664 103.80325893576644 105.56241984023681
1.310952505262488 103.80326408746319 105.56241984023649
1.3109505608000909 103.80327103737228 105.56241984023698
1.310948167242908 103.80327959243849 105.56241984023684
1.3109469501244706 103.80328394267033 105.56241984023666
1.3109451219766077 103.80329047684705 105.56241984023698
1.310943532998249 103.80329615618267 105.56241984023681
1.3109412985074271 103.80330414271256 105.56241984023649
1.3109395554620793 103.80331037271512 105.56241984023666
1.3109374762957577 103.80331780408305 105.56241984023666
1.3109353189863533 103.80332551475033 105.56241984023666
1.310933946192501 103.8033304213977 105.56241984023698
1.3109323330662466 103.8033361870424 105.56241984023666
1.3109299959450842 103.80334454039354 105.56241984023666
1.3109281081592192 103.8033512877279 105.56241984023666
1.3109259539490428 103.80335898731737 105.56241984023681
1.3109238812216912 103.80336639567038 105.56241984023681
1.310921984141555 103.80337317622407 105.56241984023715
1.3109198525211068 103.80338079507288 105.56241984023715
1.310918003681208 103.80338740320587 105.56241984023666
1.310916311730029 103.80339345058633 105.56241984023698
1.3109149516542375 103.80339831177604 105.56241984023681
1.310913032290887 103.80340517197408 105.56241984023681
1.3109116427270286 103.80341013856007 105.56241984023698
1.310910013016754 103.8034159634785 105.56241984023681
1.3109076453257256 103.80342442609124 105.56241984023666
1.3109059512229169 103.8034304811616 105.56241984023663
1.3109038739170793 103.80343790587797 105.56241984023666
1.3109020203637547 103.80344453085694 105.56241984023698
1.3108998760071702 103.80345219522617 105.56241984023715
1.310898013409872 103.80345885252997 105.56241984023663
1.3108965469307212 103.80346409402641 105.56241984023681
1.3108946419730578 103.80347090273463 105.56241984023715
1.3108931396104184 103.80347627248585 105.56241984023684
1.3108912197212959 103.803483134562 105.56241984023698
1.3108897935018495 103.80348823216177 105.56241984023681
1.310887986406026 103.80349469109144 105.56241984023681
1.3108860296245968 103.80350168502797 105.56241984023681
1.31088375633634 103.80350981022444 105.56241984023681
1.310882005644554 103.8035160675543 105.56241984023663
1.3108798386719331 103.80352381275672 105.56241984023681
1.310878265290973 103.80352943634134 105.56241984023681
1.3108764188008377 103.80353603607378 105.56241984023681
1.3108741270386868 103.80354422729913 105.56241984023649
1.3108718700609576 103.80355229419773 105.56241984023698
1.310870072990843 103.80355871729265 105.56241984023698
1.3108684656353795 103.80356446230864 105.56241984023649
1.3108668609931389 103.80357019762697 105.56241984023698
1.3108644993927885 103.80357863846768 105.56241984023681
1.3108632128199362 103.8035832369411 105.56241984023715
1.310861288470523 103.8035901149577 105.56241984023649
1.310859863358685 103.80359520859753 105.56241984023681
1.3108579214488765 103.80360214937842 105.56241984023649
1.3108564528626623 103.80360739840437 105.56241984023666
1.3108541279757295 103.80361570802323 105.56241984023649
1.3108520335516365 103.80362319392088 105.56241984023663
1.310850292977549 103.80362941508659 105.56241984023715
1.3108480975258667 103.80363726207716 105.56241984023681
1.3108461542974654 103.80364420757036 105.56241984023666
1.310844085174886 103.80365160303482 105.56241984023663
1.31084220737066 103.80365831468855 105.56241984023681
1.310840861571747 103.80366312484715 105.56241984023666
1.310839180054048 103.80366913493279 105.56241984023666
1.3108369135415923 103.80367723590837 105.56241984023663
1.3108345084323374 103.80368583225689 105.56241984023684
1.3108331681050827 103.8036906228584 105.56241984023663
1.3108315293434512 103.80369648012486 105.56241984023714
1.3108302531066542 103.80370104165398 105.56241984023666
1.3108290178671445 103.80370545665043 105.56241984023681
1.3108270248564513 103.80371258007467 105.56241984023666
1.3108248792762944 103.803720248813 105.56241984023666
1.3108235034357314 103.80372516634593 105.56241984023698
1.3108217643010236 103.80373138236567 105.56241984023698
1.310820410226319 103.80373622210291 105.56241984023681
1.310818256550768 103.80374391977541 105.56241984023715
1.310815977404194 103.80375206590664 105.56241984023666
1.3108135741563522 103.80376065560077 105.56241984023715
1.3108115027836442 103.80376805910589 105.56241984023715
1.3108097463681132 103.80377433689023 105.56241984023666
1.3108077546438297 103.80378145571557 105.56241984023681
1.3108059966020027 103.80378773931245 105.56241984023649
1.3108047216036547 103.80379229641426 105.56241984023663
1.31080252267571 103.80380015582708 105.56241984023666
1.3108007024687875 103.80380666161435 105.56241984023681
1.3107990002405618 103.80381274572183 105.56241984023666
1.3107969426272572 103.80382010004728 105.56241984023681
1.3107949846807294 103.80382709814342 105.56241984023698
1.3107931741484249 103.80383356935128 105.56241984023715
1.3107909509434446 103.80384151553446 105.56241984023681
1.3107889464589886 103.80384867996622 105.56241984023666
1.3107867252154086 103.80385661913873 105.56241984023649
1.3107854450295167 103.8038611947812 105.56241984023649
1.3107839390655152 103.80386657740011 105.56241984023663
1.3107827208395075 103.80387093158538 105.56241984023715
1.310780335476212 103.80387945735445 105.56241984023698
1.3107781209244393 103.80388737260857 105.56241984023715
1.3107761190499614 103.8038945277111 105.56241984023681
1.3107739830581484 103.80390216217585 105.56241984023698
1.3107720952175395 103.80390890969815 105.56241984023681
1.3107698474352174 103.80391694372446 105.56241984023715
1.31076851859799 103.80392169325603 105.56241984023684
1.3107665320273068 103.80392879365921 105.56241984023681
1.3107649010026499 103.8039346232693 105.56241984023666
1.310762843617563 103.80394197677718 105.56241984023663
1.3107604281312333 103.80395061021079 105.56241984023666
1.3107584614429568 103.80395763954981 105.56241984023649
1.3107566023702175 103.8039642842492 105.56241984023684
1.3107552469383599 103.80396912883486 105.56241984023715
1.3107538785681792 103.80397401966465 105.56241984023681
1.310751592175505 103.80398219169102 105.56241984023663
1.3107502274019815 103.8039870696655 105.56241984023681
1.3107480533150795 103.8039948402883 105.56241984023698
1.3107462822686724 103.8040011703634 105.56241984023681
1.310743998620559 103.80400933257972 105.56241984023663
1.31074158868571 103.80401794617002 105.56241984023649
1.3107401618532462 103.80402304595522 105.56241984023681
1.3107379987112813 103.80403077745805 105.56241984023681
1.310736091626152 103.80403759376235 105.56241984023649
1.3107337111478155 103.80404610206864 105.56241984023681
1.3107318481828543 103.8040527606784 105.56241984023649
1.3107301108501153 103.80405897025337 105.56241984023649
1.310728578256542 103.8040644480495 105.56241984023681
1.310726237029511 103.80407281606334 105.56241984023646
1.3107242427224808 103.80407994411554 105.56241984023681
1.3107226530716938 103.80408562584535 105.56241984023681
1.3107212910134063 103.80409049411398 105.56241984023715
1.310719768693388 103.80409593519003 105.56241984023649
1.310718139137202 103.8041017595495 105.56241984023681
1.3107161614307499 103.8041088282675 105.56241984023681
1.310714657673569 103.80411420299606 105.56241984023681
1.3107131954853932 103.80411942914863 105.56241984023681
1.3107108016732703 103.80412798511112 105.56241984023649
1.3107089282936046 103.804134680944 105.56241984023649
1.3107070399102139 103.80414143040309 105.56241984023684
1.3107047699496956 103.80414954369483 105.56241984023681
1.3107030000601148 103.80415586963323 105.56241984023681
1.3107010718408625 103.80416276147334 105.56241984023646
1.3106990675914363 103.80416992506034 105.56241984023681
1.310696658828125 103.80417853446046 105.56241984023681
1.3106949485639132 103.80418464728551 105.56241984023649
1.3106936932234832 103.80418913412227 105.56241984023649
1.3106917407261676 103.80419611273655 105.56241984023681
1.3106901480768047 103.80420180518249 105.56241984023681
1.3106879991584142 103.8042094858446 105.56241984023681
1.3106861080150067 103.8042162451675 105.56241984023681
1.3106837192882832 103.80422478295206 105.56241984023684
1.310682375074181 103.80422958744063 105.56241984023681
1.3106806778979936 103.80423565348585 105.56241984023715
1.3106793053715349 103.80424055916829 105.56241984023681
1.3106771269878912 103.80424834514446 105.56241984023684
1.3106749034686742 103.80425629244401 105.56241984023715
1.3106733010042586 103.8042620199702 105.56241984023681
1.3106718953435952 103.8042670440806 105.56241984023715
1.3106696280309125 103.80427514790638 105.56241984023714
1.3106673852711044 103.8042831639752 105.56241984023715
1.3106656173550237 103.80428948285814 105.56241984023649
1.3106637375456793 103.80429620166976 105.56241984023646
1.3106621050686602 103.80430203646645 105.56241984023684
1.3106601488808647 103.80430902826961 105.56241984023681
1.3106581226468152 103.80431627043187 105.56241984023681
1.3106568702706494 103.80432074667254 105.56241984023681
1.3106551016738925 103.80432706798788 105.56241984023681
1.3106533109101015 103.8043334685325 105.56241984023684
1.3106517068494976 103.80433920176289 105.56241984023714
1.3106502945521783 103.80434424959323 105.56241984023649
1.3106483417539945 103.80435122928063 105.56241984023681
1.3106459571606608 103.80435975228927 105.56241984023681
1.3106436848889265 103.80436787383815 105.56241984023649
1.3106417147741032 103.80437491541831 105.56241984023715
1.3106394353766404 103.80438306243569 105.56241984023681
1.3106371707150515 103.80439115678399 105.56241984023684
1.310635619346277 103.80439670168268 105.56241984023684
1.3106335332524774 103.8044041577942 105.56241984023681
1.310631603617727 103.80441105469006 105.56241984023681
1.3106299745898382 103.80441687715752 105.56241984023715
1.3106284616097141 103.8044222848473 105.56241984023649
1.3106260438025874 103.80443092656733 105.56241984023649
1.3106241814110924 103.80443758312214 105.56241984023681
1.3106228932590305 103.80444218723183 105.56241984023681
1.3106213189404234 103.80444781415716 105.56241984023681
1.3106196153299257 103.80445390319713 105.56241984023681
1.3106176630544246 103.80446088101479 105.56241984023684
1.3106155458641264 103.80446844827036 105.56241984023649
1.3106138828102547 103.80447439235272 105.56241984023715
1.3106124643580734 103.80447946218034 105.56241984023654
1.3106103993273905 103.80448684300686 105.56241984023649
1.3106091084020062 103.80449145702848 105.56241984023681
1.3106077744051154 103.80449622499609 105.56241984023715
1.310606105348463 103.80450219053321 105.56241984023684
1.3106043278093709 103.80450854380787 105.56241984023714
1.310602310097701 103.80451575550647 105.56241984023681
1.310600420801982 103.80452283000851 105.45252065818235
1.3105990460218397 103.80452808979959 105.33432986024789
1.310596922682649 103.80453621351332 105.15178092868382
1.3105951201054682 103.80454311001898 104.99680734565321
1.310593813391844 103.80454810939317 104.88446538521897
1.3105918060562787 103.80455578928667 104.71189206325099
1.3105900458565134 103.80456252365971 104.58516827274306
1.3105887805078804 103.80456736477478 104.58516827274273
1.3105875452301712 103.80457209084103 104.58516827274306
1.3105861668102055 103.8045773645572 104.5851682727432
1.3105849118312998 103.80458216599843 104.5851682727432
1.3105836545292315 103.80458697632784 104.58516827274306
1.3105825102888282 103.80459135409299 104.58516827274273
1.3105805711569112 103.80459877304452 104.58516827274273
1.3105783473906287 103.80460728098241 104.58516827274306
1.3105768562811622 103.80461298583846 104.58516827274306
1.3105748237293877 103.80462076220594 104.58516827274306
1.310573520323028 103.80462574892599 104.5851682727429
1.3105719496048487 103.80463175835786 104.5851682727429
1.3105699736850853 103.80463931805583 104.58516827274306
1.3105679999146473 103.80464686953054 104.58516827274306
1.3105663596310346 103.80465314511349 104.58516827274306
1.3105651565705492 103.80465774791857 104.58516827274306
1.3105629619955972 103.8046661441719 104.58516827274306
1.3105613904603026 103.80467215672947 104.5851682727429
1.3105594439435206 103.80467960393355 104.58516827274306
1.3105577661268537 103.80468602311424 104.58516827274306
1.3105560648575634 103.80469253202254 104.58516827274273
1.310554429336998 103.80469878938183 104.58516827274306
1.3105528748032143 103.80470473689269 104.5851682727432
1.310551533383749 103.80470986904668 104.58516827274306
1.3105503625667436 103.80471434849046 104.58516827274306
1.3105481770649738 103.80472271002955 104.58516827274273
1.3105470244598667 103.8047271197961 104.58516827274258
1.3105449920220755 103.80473489572556 104.5851682727429
1.3105437001154778 103.8047398384473 104.58516827274306
1.3105423528790758 103.80474499285597 104.58516827274306
1.3105404269303516 103.80475236136732 104.5851682727429
1.3105387457786097 103.8047587933067 104.58516827274306
1.3105373000615683 103.80476432449348 104.58516827274306
1.3105351015115931 103.80477273595298 104.58516827274273
1.310533728758392 103.80477798798634 104.58516827274306
1.3105317696770629 103.80478548325958 104.58516827274306
1.3105304174144852 103.80479065689747 104.58516827274306
1.3105292614689361 103.8047950794436 104.5851682727429
1.3105280843520764 103.80479958298925 104.58516827274306
1.3105268320753276 103.80480437408997 104.58516827274306
1.3105245858265127 103.80481296804034 104.58516827274306
1.3105224334602412 103.80482120280418 104.58516827274306
1.3105205584950619 103.80482837625576 104.58516827274306
1.310518769501201 103.80483522078856 104.5851682727432
1.3105167070271413 103.80484311163234 104.58516827274306
1.310514864896757 103.80485015946054 104.58516827274306
1.310513245712511 103.80485635431644 104.5851682727432
1.310512087738333 103.8048607846233 104.5851682727429
1.3105107701624368 103.80486582555217 104.58516827274306
1.3105087071131434 103.80487371859624 104.58516827274273
1.3105070534072747 103.80488004552849 104.58516827274306
1.3105050918604737 103.80488755023276 104.58516827274306
1.3105038389956023 103.80489234358271 104.5851682727429
1.3105021882056194 103.80489865935878 104.58516827274306
1.3105001568132872 103.80490643128557 104.58516827274306
1.310498360886155 103.8049133023433 104.58516827274306
1.3104971546999264 103.80491791710462 104.58516827274306
1.3104949695385892 103.80492627733766 104.5851682727429
1.3104930820791956 103.80493349858936 104.58516827274273
1.3104918162564703 103.80493834151443 104.5851682727429
1.3104903937995664 103.80494378370786 104.58516827274306
1.3104883056307073 103.80495177285583 104.5851682727429
1.31048632898992 103.8049593353072 104.5851682727429
1.310484805963076 103.80496516227201 104.58516827274323
1.3104834863294814 103.80497021107232 104.5851682727429
1.3104813420527113 103.8049784148837 104.5851682727429
1.3104793530452887 103.80498602464829 104.5851682727432
1.3104775265842015 103.80499301252502 104.5851682727429
1.310475837022776 103.80499935966054 104.62266111908177
1.3104736756838278 103.80500746425814 104.67538402518232
1.3104717051309052 103.80501485344539 104.72345304406798
1.3104696700277108 103.8050224846834 104.77309668382706
1.3104682139326982 103.80502794475417 104.80861614874742
1.3104665460550073 103.80503419896836 104.84930168538106
1.3104646769460595 103.8050412077602 104.86771747916043
1.310463052762526 103.80504729812971 104.86771747916025
1.3104617364677724 103.80505223397667 104.86771747916025
1.310459443027612 103.80506083392697 104.86771747916043
1.3104578918717462 103.80506665045681 104.86771747916059
1.3104562646418532 103.80507275224925 104.86771747916058
1.3104543493448235 103.80507993423676 104.86771747916043
1.3104522216803833 103.80508791256018 104.86771747916059
1.310449907095327 103.80509659179903 104.86771747916043
1.3104481255744385 103.80510327215197 104.86771747916025
1.3104469402491472 103.80510771688861 104.86771747916025
1.3104449327242242 103.80511524471206 104.86771747916073
1.3104428306214995 103.80512312718348 104.86771747916059
1.3104408946015094 103.80513038687725 104.86771747916025
1.310438763627747 103.80513837760913 104.86771747916059
1.3104369419958262 103.80514520836994 104.86771747916012
1.3104352139670281 103.80515168813737 104.86771747916043
1.3104333436191522 103.80515870157323 104.86771747916012
1.310431994557519 103.80516376028835 104.86771747916025
1.3104302257567768 103.80517039294229 104.86771747916025
1.3104286478834288 103.80517630965606 104.86771747916043
1.3104266393317767 103.80518384132843 104.86771747916043
1.3104245125329852 103.8051918164041 104.86771747916059
1.3104225701820418 103.80519909983663 104.86771747916058
1.310420746394501 103.80520593867972 104.86771747916059
1.310418494915879 103.80521438127974 104.86771747916043
1.3104167621218066 103.80522087891508 104.86771747916073
1.3104148813032297 103.80522793161296 104.86771747916043
1.3104135296884543 103.80523299990112 104.86771747916073
1.3104116273129707 103.80524013343295 104.86771747916058
1.3104102621100386 103.80524525267387 104.86771747916025
1.3104083094790027 103.80525257465389 104.86771747916059
1.3104063837994626 103.80525979557103 104.86771747916058
1.3104046473526527 103.8052663069028 104.86771747916043
1.3104028554147031 103.80527302631523 104.86771747916059
1.3104013114984157 103.8052788156955 104.86771747916043
1.3103998957878544 103.80528412432962 104.86771747916043
1.3103983049638421 103.8052900896044 104.86771747916043
1.3103963100937543 103.8052975699718 104.86771747916059
1.3103949308921068 103.80530274170451 104.86771747916012
1.3103936967205805 103.805307369603 104.86771747916043
1.310392497135229 103.80531186781013 104.86771747916025
1.3103907195766633 103.8053185333021 104.86771747916025
1.3103884362266975 103.80532709541131 104.86771747916043
1.3103865227622356 103.8053342705232 104.86771747916025
1.310384253837543 103.80534277854024 104.86771747916025
1.3103829865100352 103.80534753076665 104.86771747916043
1.3103814223953962 103.8053533958858 104.86771747916043
1.3103793608566607 103.8053611262464 104.86771747916059
1.3103780698728251 103.80536596717914 104.86771747916059
1.3103768598814984 103.80537050440607 104.86771747916073
1.3103749213118439 103.80537702412683 105.11252996145983
1.3103730250090173 103.805383335922 105.37351414688953
1.3103708025005856 103.80539073348405 105.67941283319392
1.3103688406359706 103.80539726349977 105.94944164796479
1.310367372827142 103.8054021490635 106.15146427660957
1.3103653195492544 103.80540898334579 106.43405069820629
1.3103638757467932 103.80541378900485 106.63273797537384
1.3103624226841382 103.80541862548615 106.64799332195655
1.310360222502274 103.80542594873428 106.64799332195687
1.310358747968891 103.80543085668025 106.6479933219568
1.3103565474542667 103.80543818103578 106.64799332195687
1.3103544215070853 103.8054452571954 106.6479933219565
1.310352541174458 103.80545151583334 106.6479933219565
1.3103508739755623 103.80545706506118 106.64799332195693
1.3103492660518221 103.80546241699314 106.64799332195687
1.3103473799444307 103.805468694852 106.64799332195687
1.3103451165777664 103.80547622840834 106.64799332195719
1.310343395987472 103.80548195534774 106.64799332195693
1.3103420879147327 103.80548630923333 106.6479933219565
1.3103407833735845 103.80549065136404 106.64799332195693
1.31033863508367 103.80549780189016 106.64799332195687
1.3103365724236842 103.8055046673992 106.64799332195693
1.310334689648898 103.80551093416506 106.64799332195693
1.3103327814113248 103.80551728568305 106.64799332195693
1.3103303850245362 103.8055252619926 106.64799332195693
1.3103280775238377 103.80553294244704 106.64799332195693
1.3103255763992099 103.80554126737346 106.64799332195655
1.3103241464204636 103.80554602701939 106.64799332195687
1.3103224607966606 103.80555163757299 106.64799332195655
1.3103202730936356 103.80555891928368 106.64799332195693
1.3103178063515486 103.80556712976829 106.64799332195687
1.3103157125592064 103.80557409889963 106.64799332195687
1.3103133672825455 103.80558190508961 106.6479933219565
1.310311152557476 103.80558927674204 106.6479933219565
1.3103087948713916 103.8055971242362 106.64799332195719
1.3103072104617115 103.80560239790077 106.6479933219565
1.3103049268540312 103.8056099988268 106.64799332195719
1.3103029916787068 103.80561644000511 106.64799332195687
1.3103007214084945 103.80562399653753 106.64799332195687
1.3102983411339548 103.80563191921621 106.64799332195655
1.310296746371706 103.80563722733866 106.6479933219565
1.3102945595029039 103.80564450627145 106.6479933219565
1.3102930648922297 103.80564948104201 106.6479933219565
1.3102915159278303 103.8056546367274 106.64799332195687
1.3102894370978517 103.80566155605571 106.6479933219565
1.310287443402735 103.80566819201488 106.6479933219565
1.3102850005669127 103.80567632292637 106.64799332195687
1.310282694558044 103.805683998413 106.64799332195687
1.3102809858145459 103.80568968591832 106.64799332195687
1.3102789522731002 103.80569645450454 106.64799332195625
1.3102770543679538 103.805702771629 106.6479933219565
1.3102746858539427 103.80571065516186 106.64799332195687
1.3102733082121023 103.80571524060427 106.64799332195655
1.310271541696837 103.80572112040096 106.64799332195693
1.3102695313101085 103.80572781191692 106.64799332195687
1.310268022596654 103.80573283362735 106.64799332195687
1.3102662241804528 103.80573881960521 106.6479933219565
1.3102643945234762 103.80574490956703 106.64799332195687
1.310261823188488 103.80575346818314 106.64799332195687
1.3102599674798447 103.80575964485702 106.64799332195687
1.3102579022439635 103.80576651893632 106.64799332195687
1.310256308692837 103.80577182302618 106.6479933219565
1.310254383819175 103.80577822991363 106.64799332195719
1.3102528860293032 103.80578321526474 106.64799332195687
1.3102507269889747 103.80579040156915 106.64799332195687
1.3102484704349995 103.80579791244486 106.64799332195687
1.3102467280571046 103.80580371190004 106.64799332195687
1.310244165153647 103.80581224245104 106.64799332195687
1.3102425375471185 103.80581765989285 106.64799332195687
1.310240946395704 103.8058229559948 106.64799332195687
1.3102390943752042 103.80582912039193 106.64799332195693
1.3102369820330688 103.80583615126211 106.64799332195687
1.310234889624212 103.80584311578484 106.64799332195687
1.3102329239262447 103.80584965855392 106.6479933219565
1.3102312029022924 103.80585538693254 106.6479933219565
1.3102290418873295 103.80586257980842 106.64799332195655
1.3102273747188447 103.80586812893053 106.64799332195687
1.310225083611624 103.80587575481454 106.6479933219565
1.3102233341781595 103.80588157775308 106.64799332195687
1.3102215842091631 103.80588740247408 106.6479933219565
1.3102193689107626 103.80589477603036 106.6479933219565
1.3102170923211065 103.8059023535927 106.64799332195693
1.3102147531127035 103.80591013957958 106.64799332195687
1.310212413932624 103.80591792547207 106.6479933219568
1.3102100587321095 103.80592576468801 106.64799332195693
1.3102074905400343 103.80593431283998 106.64799332195719
1.3102052508046282 103.80594176773344 106.64799332195687
1.3102026695258975 103.80595035944367 106.64799332195687
1.3102008870168695 103.80595629247239 106.64799332195693
1.3101993775925576 103.80596131654664 106.64799332195693
1.3101973192833982 103.8059681675678 106.6479933219565
1.3101950357454741 103.80597576825613 106.64799332195687
1.310192608346595 103.8059838477813 106.6479933219565
1.3101909856016307 103.80598924903968 106.64799332195693
1.3101888220752091 103.805996450273 106.64799332195687
1.3101866303845742 103.80600374524995 106.64799332195687
1.3101843044674504 103.80601148699566 106.64799332195655
1.3101829529792093 103.80601598538385 106.64799332195687
1.3101806298346246 103.80602371790107 106.6479933219565
1.3101784931235527 103.8060308298798 106.64799332195687
1.3101765687303488 103.8060372351648 106.6479933219565
1.3101740097492354 103.80604575265646 106.64799332195693
1.3101714926699928 103.80605413067889 106.6479933219565
1.3101700482115763 103.80605893851512 106.6479933219565
1.31016780259995 103.80606641296558 106.64799332195693
1.3101662908758072 103.80607144469366 106.64799332195724
1.3101649303513354 103.80607597315814 106.64799332195687
1.3101626005204532 103.80608372792956 106.64799332195693
1.3101602850953336 103.80609143475174 106.64799332195687
1.3101584130540502 103.80609766578418 106.6479933219568
1.3101566628906134 103.80610349114987 106.6479933219565
1.3101545395439371 103.80611055864449 106.64799332195687
1.3101531154371926 103.8061152987403 106.6479933219565
1.310151621024634 103.80612027284678 106.64799332195693
1.310150186704366 103.8061250469379 106.6479933219565
1.3101488457260204 103.80612951034324 106.64799332195687
1.3101472044817997 103.80613497317427 106.64799332195693
1.3101456613336253 103.80614010949559 106.64799332195687
1.310143383889297 103.806147689899 106.6479933219565
1.3101414213397151 103.80615422218483 106.64799332195687
1.3101389896094646 103.80616231612396 106.64799332195693
1.3101367750889545 103.80616968708705 106.64799332195663
1.3101342256064201 103.80617817296077 106.64799332195663
1.3101324155981815 103.8061841975171 106.64799332195655
1.310131007751464 103.8061888834912 106.64799332195693
1.3101294504609329 103.80619406688437 106.6479933219565
1.3101274197896973 103.80620082591041 106.64799332195687
1.3101251160670573 103.80620849377944 106.64799332195687
1.3101226815107945 103.80621659712402 106.64799332195655
1.3101203824158159 103.80622424958977 106.64799332195693
