1.3091612381973525 103.80291569013933 19.493598956709615 0.0 1.0
1.3091833999948443 103.80292347297308 19.493598956709615 2.6 2.0
1.3092277235901228 103.80293903864052 19.493598956709615 5.2 3.0
1.3092942089837782 103.80296238714156 19.493598956709615 7.800000000000001 4.0
1.3093794466692483 103.80299232111699 19.493598956709615 10.0 5.0
1.3094646843561741 103.80302225509213 19.49359895670956 10.0 6.0
1.3095499220445557 103.803052189067 19.493598956709615 10.0 7.0
1.309635159734393 103.80308212304159 19.493598956709615 10.0 8.0
1.3097203974256848 103.80311205701591 19.493598956709665 10.0 9.0
1.3098056351184333 103.80314199098994 19.493598956709665 10.0 10.0
1.3098909972466781 103.8031715601746 19.002222495976557 10.0 11.0
1.309976988314006 103.80319928557401 18.006069614461016 10.0 12.0
1.3100629793827159 103.80322701097292 18.006069614461744 10.0 13.0
1.3101489704528089 103.80325473637131 18.00606961446164 10.0 14.0
1.3102349615242834 103.8032824617692 18.006069614461016 10.0 15.0
1.310320952597141 103.8033101871666 18.00606961446164 10.0 16.0
1.3104069436713812 103.8033379125635 18.00606961446122 10.0 17.0
1.3104929498325404 103.80336558965074 17.941546334970013 10.0 18.0
1.3105796343242149 103.80339109449122 16.523001650791343 10.0 19.0
1.310666318817191 103.80341659933099 16.523001650791258 10.0 20.0
1.3107530033114683 103.80344210416999 16.52300165079188 10.0 21.0
1.3108396878070476 103.8034676090083 16.523001650791343 10.0 22.0
1.3109263723039282 103.80349311384587 16.523001650791343 10.0 23.0
1.3110130568021099 103.80351861868272 16.523001650791343 10.0 24.0
1.3110997413015935 103.80354412351885 16.523001650791258 10.0 25.0
1.311186425802378 103.80356962835424 16.523001650791258 10.0 26.0
1.311273110304464 103.8035951331889 16.523001650791258 10.0 27.0
1.3113597948078506 103.80362063802285 16.52300165079081 10.0 28.0
1.3114466601023893 103.80364552694832 16.050034762749746 10.0 29.0
1.3115335535532284 103.80367031995556 16.050034762749927 10.0 30.0
1.3116204470053414 103.80369511296205 16.050034762749746 10.0 31.0
1.3117073404587278 103.8037199059677 16.050034762749746 10.0 32.0
1.3117942339133875 103.80374469897257 16.050034762749927 10.0 33.0
1.3118811273693212 103.80376949197664 16.050034762749746 10.0 34.0
1.311968020826528 103.80379428497993 16.050034762749746 10.0 35.0
1.3120549142850084 103.80381907798241 16.050034762749746 10.0 36.0
1.3121418077447624 103.80384387098407 16.050034762749927 10.0 37.0
1.312228701205789 103.80386866398496 16.050034762749746 10.0 38.0
1.3123155946680896 103.80389345698507 16.050034762749746 10.0 39.0
1.3124024881316634 103.80391824998435 16.050034762749927 10.0 40.0
1.3124893815965102 103.80394304298285 16.050034762749124 10.0 41.0
1.3125762750626295 103.80396783598056 16.050034762749124 10.0 42.0
1.3126635881436324 103.8039911251351 14.995079129176451 10.0 43.0
1.3127509263116026 103.80401432438453 14.99507912917566 10.0 44.0
1.3128382644807826 103.80403752363299 14.995079129175826 10.0 45.0
1.3129256026511718 103.80406072288051 14.99507912917566 10.0 46.0
1.3130129408227695 103.80408392212708 14.995079129176451 10.0 47.0
1.3131002789955761 103.80410712137268 14.995079129175826 10.0 48.0
1.3131876171695918 103.80413032061733 14.995079129175991 10.0 49.0
