479116246
1.318857572695898 103.84264426757649 52.682956342264944
1.3188620580817674 103.84265010839785 52.682956342264944
1.3188657852108612 103.84265496182537 52.682956342264944
1.3188707084153317 103.84266137276947 52.68295634226474
1.3188761399512041 103.84266844565728 52.68295634226468
1.3188799835766756 103.84267345078521 52.682956342264944
1.3188846263202818 103.84267949651624 52.682956342265
1.3188881474008143 103.84268408162961 52.682956342265
1.3188910528540139 103.8426878650797 52.682956342264944
1.31889653885797 103.84269500889538 52.68295634226468
1.3189000482331505 103.84269957876623 52.68295634226468
1.3189042342922481 103.84270502980766 52.682956342264944
1.3189088610497297 103.84271105472182 52.68295634226468
1.318913666925252 103.84271731288163 52.682956342265
1.3189177314844283 103.8427226057072 52.682956342264944
1.3189216006442028 103.84272764408578 52.682956342265
1.3189269983853427 103.84273467296674 52.682956342265
1.3189322204802088 103.842741473123 52.68295634226474
1.318936362244785 103.8427468664847 52.68295634226474
1.318940100657204 103.84275173460554 52.68295634226474
1.3189441288905253 103.84275698012809 52.68295634226468
1.3189480795850157 103.8427621246804 52.68295634226474
1.318951569996048 103.84276666985652 52.682956342265
1.3189565549218503 103.8427731611739 52.682956342265
1.3189620181588209 103.84278027534299 52.682956342264944
1.318966249595866 103.84278578547537 52.68295634226478
1.3189705559108302 103.84279139311298 52.68295634226468
1.3189743800666336 103.84279637288807 52.68295634226468
1.3189776419622488 103.84280062049393 52.682956342264944
1.3189806970581073 103.84280459880733 52.68295634226468
1.3189836451343904 103.842808437761 52.68295634226478
1.3189884281614594 103.84281466616815 52.68295634226468
1.3189937909516705 103.84282164953672 52.68295634226468
1.318997698111382 103.84282673739871 52.68295634226468
1.319000894855529 103.84283090016508 52.68295634226504
1.319005299996303 103.84283663649276 52.682956342264944
1.3190088364566142 103.84284124163396 52.68295634226468
1.3190135810583044 103.84284742000409 52.68295634226478
1.3190188972481982 103.84285434269037 52.682956342264944
1.319021766769388 103.84285807935053 52.68295634226468
1.3190261165256438 103.84286374355717 52.68295634226468
1.3190313593559821 103.84287057071548 52.682956342264944
1.3190348255130437 103.84287508430862 52.68295634226468
1.31904023179922 103.84288212431743 52.68295634226459
1.3190444009345432 103.84288755332149 52.68295634226504
1.3190497473877483 103.84289451541648 52.68295634226468
1.3190550349771688 103.84290140085972 52.68295634226468
1.319059880369071 103.842907710478 52.68295634226468
1.3190649465330195 103.84291430758337 52.68295634226478
1.3190685452898547 103.84291899384665 52.682956342264944
1.3190735247407446 103.84292547803523 52.68295634226468
1.3190777374405165 103.84293096376857 52.682956342264944
1.3190817441072418 103.84293618120788 52.68295634226468
1.3190865015518507 103.84294237630228 52.68295634226468
1.3190909410250742 103.84294815733769 52.682956342264944
1.3190951534874595 103.84295364276198 52.68295634226468
1.3191004875119254 103.84296058867267 52.68295634226468
