630417483#0
1.3192916577158087 103.8432692628682 235.61089713199934
1.3192878831682942 103.84326351258112 235.81003882654284
1.3192853677885148 103.84325899411692 236.43777099973246
1.3192819830785203 103.84325291404467 237.28314711961934
1.3192794856880685 103.84324842789535 237.9072206652019
1.319277126809121 103.8432441905591 238.49677946454963
1.3192740002494145 103.84323857421123 239.27813569508461
1.319270197610594 103.84323174339897 240.22795463543102
1.3192663614476932 103.84322485236629 241.07917237142925
1.3192626938494363 103.84321826413215 241.07917237142937
1.3192585971724922 103.84321090512911 241.07917237142937
1.3192554992165662 103.84320607675959 240.62454880189355
1.319250872289744 103.84319929971737 239.67668045935005
1.3192481796191402 103.84319535577293 239.12472654248032
1.3192441885621504 103.8431895100869 238.3064336722391
1.3192394041260131 103.84318250234146 237.32559406927646
1.3192368210743959 103.84317871895558 236.79629608776227
1.3192339151402088 103.84317446264484 236.2011829978869
1.3192288799954954 103.84316708768758 235.87574187605765
1.3192253184056026 103.84316187104046 235.87574187605765
1.3192202875908485 103.84315450242534 235.8757418760579
1.3192167466410156 103.84314931600967 235.87574187605765
1.3192124112651562 103.84314296600128 235.8757418760579
1.3192081861244844 103.84313677745396 235.8757418760579
1.3192043268182467 103.84313112474297 235.8757418760579
1.3191994839026184 103.8431240313431 235.8757418760579
1.3191952076996682 103.84311776800513 235.87574187605765
1.3191919445404374 103.84311298846842 235.8757418760578
1.3191880310189104 103.84310725634857 235.8757418760578
1.3191853215648506 103.8431032878217 235.8757418760578
1.3191807362782793 103.84309657177025 235.8757418760578
1.3191763529080511 103.84309015146489 235.8757418760576
1.3191729762058235 103.84308520562226 235.8757418760578
