176174735
1.3899672235881955 103.74603085924261 77.20690633226701
1.389968270423427 103.74603542874289 77.20690633226701
1.3899694336486625 103.74604050629274 77.2069063322667
1.3899705596216256 103.74604542123417 77.2069063322667
1.389972529617578 103.7460540203881 77.20690633226701
1.3899741184558354 103.74606095576527 77.2069063322667
1.3899759836899992 103.74606909762774 77.2069063322667
1.389977905974104 103.74607748851685 77.2069063322667
1.3899797809899965 103.74608567307739 77.2069063322667
1.3899809419464029 103.74609074072409 77.2069063322667
1.3899825311579281 103.746097677731 77.20690633226701
1.3899842073337896 103.74610499434273 77.2069063322667
1.3899861854765434 103.74611362905883 77.2069063322667
1.389987551391964 103.7461195913646 77.2069063322667
1.389989306272426 103.74612725152707 77.20690633226701
1.3899909126987184 103.74613426367794 77.20690633226701
1.3899920195216038 103.74613909502887 77.20690633226688
1.3899933207113635 103.74614477480334 77.20690633226656
1.3899951239891428 103.74615264622345 77.20690633226701
1.389996198633041 103.74615733711121 77.20690633226701
1.3899974416635252 103.74616276301701 77.20690633226656
1.389998908435678 103.74616916556921 77.20690633226656
1.3899999147212694 103.74617355806883 77.20690633226701
1.3900014659013242 103.74618032906693 77.2069063322667
1.3900033136059045 103.7461883944133 77.2069063322667
1.390004618871367 103.74619409197894 77.2069063322667
1.3900057486108768 103.7461990233628 77.2069063322667
1.3900069495948948 103.74620426573352 77.2069063322667
1.3900086349986522 103.74621162262687 77.2069063322667
1.3900102623867403 103.74621872627829 77.20690633226701
1.3900118851594934 103.74622580978354 77.2069063322667
1.3900135191611331 103.74623294230366 77.2069063322667
1.3900147281822723 103.74623821975722 77.20690633226701
1.3900164168688178 103.74624559098056 77.2069063322667
1.390018398650086 103.74625424158097 77.2069063322667
1.3900195631014163 103.74625932448465 77.2069063322667
1.390020631029987 103.74626398606041 77.2069063322667
1.3900218986423025 103.7462695192684 77.2069063322667
1.390022915421827 103.74627395757541 77.2069063322667
1.3900245761998342 103.74628120697666 77.2069063322667
1.3900258460410828 103.74628674991423 77.20690633226732
1.3900268931947097 103.74629132080628 77.2069063322667
1.3900279216083844 103.74629580989726 77.2069063322667
1.3900292474615437 103.74630159733053 77.2069063322667
1.3900312199076506 103.74631020718317 77.2069063322667
1.3900324728902653 103.746315676532 77.2069063322667
1.3900342466769111 103.74632341922367 77.2069063322667
1.3900356430071898 103.74632951429432 77.2069063322667
1.3900373178196146 103.74633682495735 77.2069063322667
