1.3919456645331492 103.74513094365582 188.75537158169374 17.6702 1.0
1.3918279917350815 103.74511692246364 185.92041628485134 13.170200000000001 2.0
1.3917503611264892 103.74510896514134 185.92041628485143 8.670200000000001 3.0
1.3917055269677294 103.74510526337865 184.78069346015798 5.0 4.0
1.3916605637202728 103.7451033094243 182.5348034802015 5.0 5.0
1.3916156004728653 103.74510135546923 182.5348034802012 5.0 6.0
1.3885841905951977 103.74511290741071 245.89232283400514 5.0 7.0
1.391525677783652 103.7450984921699 181.19663692098948 5.0 8.0
1.3914807299505532 103.74510076948884 177.11137845015693 5.0 9.0
1.391435782117357 103.74510304680692 177.11137845015722 5.0 10.0
1.391390834284063 103.74510532412413 177.11137845015693 5.0 11.0
1.3913461048132971 103.74511005296826 173.95695867737206 5.0 12.0
1.3913014530905774 103.74511565468063 172.8343195134877 5.0 13.0
1.391256801367636 103.74512125639201 172.83431951348803 5.0 14.0
1.3912121534173505 103.74512688744588 172.79641741307103 5.0 15.0
1.3911675184536978 103.74513261950351 172.66595218334706 5.0 16.0
1.3911228834898173 103.74513835156019 172.66595218334697 5.0 17.0
1.3910782485257092 103.74514408361588 172.6659521833474 5.0 18.0
1.3910345905863786 103.74515467654285 166.3075843887542 5.0 19.0
1.3909911636956638 103.74516641897868 164.80685615596627 5.0 20.0
1.3909477368044827 103.74517816141342 164.80685615596627 5.0 21.0
1.390905099200149 103.7451922949955 161.58094100946565 5.0 22.0
1.3908631084455203 103.74520838821151 158.9376425843261 5.0 23.0
1.3908211176902463 103.74522448142638 158.93764258432589 5.0 24.0
1.3907791269343273 103.74524057464009 158.9376425843261 5.0 25.0
1.3907371361777638 103.74525666785267 158.9376425843261 5.0 26.0
1.3906951454205552 103.74527276106411 158.93764258432589 5.0 27.0
1.3906531546627015 103.74528885427443 158.93764258432589 5.0 28.0
1.3906111639042025 103.7453049474836 158.9376425843261 5.0 29.0
1.3905691731450587 103.74532104069164 158.9376425843261 5.0 30.0
1.3905271823852705 103.74533713389854 158.93764258432589 5.0 31.0
1.3904851916248373 103.74535322710429 158.9376425843261 5.0 32.0
1.3904507890204174 103.7453835935745 138.41374512536314 5.0 33.0
1.390414284135608 103.74541095650947 142.99970359958942 5.0 34.0
1.3903720127132164 103.7454269330398 159.20439450984122 5.0 35.0
1.3903297412901823 103.74544290956895 159.20439450984145 5.0 36.0
1.3902874698665044 103.745458886097 159.20439450984207 5.0 37.0
1.3902451984421833 103.74547486262388 159.20439450984122 5.0 38.0
1.3902029270172198 103.74549083914962 159.20439450984145 5.0 39.0
1.3901606555916126 103.74550681567422 159.20439450984207 5.0 40.0
1.3901183841653624 103.74552279219766 159.20439450984122 5.0 41.0
1.390080758143622 103.7455468260606 147.2947091522077 5.0 42.0
1.3900483688540548 103.74557816247683 135.79319070474298 5.0 43.0
1.3900167843297462 103.74561030983693 134.340611399043 5.0 44.0
1.3899950277817406 103.74564884661628 119.32083915709379 5.0 45.0
1.38997832167898 103.74569059739262 111.71214193170908 5.0 46.0
1.389961821793704 103.74573242917631 111.4311672762335 5.0 47.0
1.3899507078014965 103.74577571088997 104.34349654589595 5.0 48.0
1.389945060512684 103.74582029302954 97.20401704726922 5.0 49.0
1.3899431472967 103.74586518727062 92.4550766594361 5.0 50.0
1.3899455087055226 103.74591004942421 87.03657176538644 5.0 51.0
1.3899515835208671 103.74595452854325 82.30242494873399 5.0 52.0
1.3899316384442866 103.74600509367795 111.43160802194274 5.0 53.0
1.3899416775594022 103.74604891503523 77.2069063322667 5.0 54.0
1.389951716674036 103.74609273639356 77.2069063322667 5.0 55.0
1.3899617557881891 103.74613655775299 77.2069063322667 5.0 56.0
1.3899717949018602 103.74618037911347 77.2069063322667 5.0 57.0
1.3899818340150503 103.74622420047503 77.20690633226656 5.0 58.0
1.3899918731277598 103.74626802183766 77.2069063322667 5.0 59.0
1.3900019122399871 103.74631184320135 77.2069063322667 5.0 60.0
1.3900124511268448 103.74635551619512 76.54716314909909 5.0 61.0
1.3900323288730698 103.74639560221333 63.80073418977927 5.0 62.0
1.3900407216603117 103.74643966058417 79.31261864721992 5.0 63.0
1.3900468246848814 103.74648418664668 82.27504977084435 5.0 64.0
1.390052927708814 103.74652871271017 82.27504977084435 5.0 65.0
1.3900571739565135 103.7465734084036 84.6379172376487 5.0 66.0
1.3900593447966374 103.74661829370025 87.27919398104882 5.0 67.0
1.3900615156359768 103.74666317899776 87.27919398104947 5.0 68.0
1.3900636864745328 103.74670806429613 87.27919398104882 5.0 69.0
1.3900658573123048 103.74675294959536 87.27919398104947 5.0 70.0
1.3900680281492923 103.74679783489542 87.27919398104952 5.0 71.0
1.3900690432357878 103.746842747733 88.74395060490161 5.0 72.0
1.3900690401377562 103.74688768483036 90.03432940243056 5.0 73.0
1.3900690370388635 103.74693262192851 90.03432940243056 5.0 74.0
1.39006903393911 103.74697755902743 90.03432940243056 5.0 75.0
1.3900690308384949 103.74702249612713 90.03432940243056 5.0 76.0
1.3900690277370191 103.7470674332276 90.03432940243121 5.0 77.0
1.3900690246346825 103.74711237032885 90.03432940243056 5.0 78.0
1.3900657180589542 103.74715716687312 94.22501355311132 5.0 79.0
1.3900618548231387 103.74720193973302 94.93056264459328 5.0 80.0
1.3900579915863354 103.74724671259355 94.93056264459335 5.0 81.0
1.3900541283485441 103.74729148545468 94.93056264459395 5.0 82.0
1.3900502651097657 103.74733625831642 94.93056264459335 5.0 83.0
1.39004640187 103.74738103117879 94.93056264459328 5.0 84.0
1.3900425386292463 103.74742580404178 94.93056264459328 5.0 85.0
1.390038675387505 103.74747057690539 94.93056264459335 5.0 86.0
1.390034812144776 103.74751534976963 94.93056264459328 5.0 87.0
1.3900309489010603 103.74756012263447 94.93056264459399 5.0 88.0
1.3900270856563561 103.74760489549993 94.93056264459328 5.0 89.0
1.3900232224106652 103.74764966836602 94.93056264459328 5.0 90.0
1.3900193591639858 103.7476944412327 94.93056264459328 5.0 91.0
1.3900154959163196 103.74773921410004 94.93056264459328 5.0 92.0
1.3900116326676653 103.74778398696797 94.9305626445934 5.0 93.0
1.390007769418024 103.74782875983652 94.93056264459395 5.0 94.0
1.3900039061673952 103.74787353270568 94.93056264459328 5.0 95.0
1.3900000429157784 103.7479183055755 94.93056264459328 5.0 96.0
1.3899958631373353 103.74796304966475 95.33323631117828 5.0 97.0
1.3899914832799045 103.74800777556187 95.58776762819865 5.0 98.0
1.3899871034214708 103.74805250145958 95.58776762819865 5.0 99.0
1.3899827235620328 103.7480972273579 95.5877676281982 5.0 100.0
1.389978343701592 103.74814195325682 95.58776762819878 5.0 101.0
1.3899739638401478 103.74818667915632 95.58776762819865 5.0 102.0
1.3899695839777002 103.74823140505642 95.5877676281982 5.0 103.0
1.3899652041142494 103.74827613095711 95.58776762819878 5.0 104.0
1.3899608242497954 103.74832085685841 95.58776762819865 5.0 105.0
1.389956444384338 103.7483655827603 95.5877676281982 5.0 106.0
1.3899520645178776 103.74841030866278 95.58776762819878 5.0 107.0
1.3899476846504135 103.74845503456585 95.58776762819852 5.0 108.0
1.3899433047819467 103.74849976046953 95.58776762819832 5.0 109.0
1.389938924912477 103.74854448637377 95.58776762819865 5.0 110.0
1.389934545042003 103.74858921227865 95.58776762819865 5.0 111.0
1.389930165170527 103.74863393818413 95.58776762819832 5.0 112.0
1.389925785298047 103.74867866409016 95.58776762819865 5.0 113.0
1.3899214054245639 103.74872338999681 95.58776762819878 5.0 114.0
1.3899170255500777 103.74876811590406 95.5877676281982 5.0 115.0
1.3899131234626116 103.74881288424199 94.98005366248707 5.0 116.0
1.389909451260089 103.7488576729956 94.68765856562167 5.0 117.0
