119933253
1.3136922627894807 103.70995242341269 251.07933863136458
1.3136901789384163 103.7099442154661 254.17035301413503
1.313687968038745 103.70993550709608 255.87208336308055
1.3136864182817696 103.70992940285839 255.87208336308024
1.3136848091535414 103.70992306476717 255.87208336308055
1.3136832949965478 103.70991710075207 255.87208336308024
1.313681259159322 103.7099090819245 255.87208336308055
1.3136799279990354 103.70990383870338 255.87208336308055
1.3136779395582778 103.70989600656284 255.87208336308055
1.3136766055763849 103.70989075222796 255.87208336308024
1.3136746352327449 103.70988299136913 255.87208336308055
1.3136734679573565 103.70987395163283 257.18778972833235
