119889068
1.315988832768373 103.70975226250198 182.64953313812907
1.3159817826252718 103.70975194197753 182.64953313812907
1.3159749936936074 103.70975163332868 182.64953313812873
1.3159661050401108 103.70975122921901 182.64953313812907
1.315960105092221 103.70975095644012 182.64953313812907
1.3159551623395156 103.70975073172505 182.64953313812907
1.3159493264163644 103.70975046640326 182.64953313812907
1.3159435590240547 103.70975020419714 182.64953313812907
1.315938733544039 103.70974998481367 182.64953313812907
1.3159326554994715 103.70974970848415 182.64953313812907
1.315925296597056 103.70974937392229 182.64953313812907
1.3159205269424785 103.70974915707683 182.64953313812907
1.3159135145507772 103.70974883826852 182.64953313812907
1.315907420275741 103.70974856120105 182.64953313812907
1.3159024331407336 103.70974833446813 182.64953313812907
1.3158963269771222 103.70974805686015 182.64953313812907
1.3158907851428505 103.70974780490857 182.64953313812907
1.3158858491363987 103.70974758050009 182.64953313812907
1.3158769530272036 103.70974717605118 182.64953313812907
1.3158710199255064 103.70974690631115 182.64953313812907
1.3158620879776683 103.70974650023287 182.64953313812907
1.3158547179906146 103.70974616516683 182.64953313812907
1.315847364068664 103.7097458308312 182.64953313812907
1.3158396297045807 103.70974547919926 182.64953313812907
1.3158323597288843 103.70974514868006 182.64953313812907
1.3158265237151539 103.70974488335392 182.64953313812907
1.3158213198460247 103.70974464676733 182.64953313812907
1.315815435379459 103.70974437923832 182.64953313812907
1.3158080053508818 103.70974404144249 182.64953313812907
1.3158024401028823 103.70974378842628 182.64953313812907
1.3157952118464993 103.70974345980369 182.64953313812907
1.315786964074314 103.70974308483024 182.64953313812907
1.315781876110061 103.70974285351302 182.64953313812907
1.3157767444270927 103.7097426202082 182.64953313812907
1.3157713312810853 103.70974237410704 182.64953313812907
1.3157637371824007 103.70974202885185 182.64953313812907
1.3157555490164727 103.70974165658822 182.64953313812907
1.3157477339515493 103.70974130128708 182.64953313812907
1.3157419354491642 103.70974103766615 182.64953313812907
1.3157356947438295 103.70974075394106 182.64953313812907
1.3157279425714212 103.70974040149922 182.64953313812907
1.3157203372194897 103.70974005573231 182.64953313812907
1.315715059397916 103.70973981578337 182.64953313812907
1.315707142158519 103.70973945583691 182.64953313812907
1.3157011937839858 103.70973918540217 182.64953313812907
1.3156966449079768 103.7097389785937 182.64953313812907
1.3156878229367035 103.7097385775148 182.64953313812907
1.3156799253833946 103.70973821846323 182.64953313812907
1.3156720186796498 103.70973785899565 182.64953313812873
1.3156642572930837 103.70973750613469 182.64953313812907
1.3156593451296388 103.70973728280981 182.64953313812907
1.3156534181170623 103.70973701334614 182.64953313812907
1.3156477019729564 103.70973675346936 182.64953313812907
1.3156417166210457 103.70973648135336 182.64953313812907
1.3156370901435337 103.70973627101677 182.64953313812907
1.3156309690055619 103.70973599272743 182.64953313812907
1.3156247037541753 103.70973570788615 182.64953313812907
1.3156164320786614 103.70973533182546 182.64953313812907
1.315609054482607 103.70973499641288 182.64953313812907
1.3156013292623847 103.709734645196 182.64953313812873
1.3155959529407197 103.70973440076865 182.64953313812907
1.315588218758978 103.70973404914433 182.64953313812907
1.315582637429787 103.70973379539657 182.64953313812907
1.3155761425213428 103.70973376028417 182.31791284857357
1.3155689793777121 103.7097339949468 181.60329682098148
1.3155621096507684 103.70973421999719 180.9175967815815
1.3155537595177378 103.70973449354523 180.08394792399932
1.3155452141982713 103.7097347734875 179.23095164116384
1.3155395847512632 103.70973495790656 178.6692770287722
1.315533450212747 103.70973515887229 178.141173093817
1.3155264224879617 103.70973538909854 178.141173093817
1.315519482430298 103.70973561645279 178.141173093817
1.3155114659675151 103.70973587906977 178.141173093817
1.315504811144684 103.70973609707977 178.141173093817
1.3154992467668722 103.70973627936712 178.141173093817
1.315492869945959 103.70973648826985 178.14117309381734
1.3154840045687928 103.7097367786969 178.141173093817
1.3154750739796546 103.70973707126022 178.141173093817
1.315467172182336 103.70973733012063 178.14117309381734
1.3154609598170022 103.70973753363575 178.141173093817
1.3154546697741833 103.70973773969556 178.141173093817
1.3154476168079412 103.70973797074845 178.141173093817
1.3154424147329797 103.70973814116674 178.141173093817
1.3154377625659535 103.70973829357021 178.141173093817
1.3154313299277558 103.70973850430133 178.141173093817
1.3154239849664857 103.70973874491982 178.141173093817
1.3154192377794862 103.7097389004361 178.141173093817
1.3154113655427413 103.70973915832792 178.141173093817
1.3154052283871929 103.70973935937904 178.141173093817
1.315400095404869 103.70973952753378 178.141173093817
1.3153942795364646 103.70973971805964 178.141173093817
1.3153891312336552 103.70973988671626 178.141173093817
1.3153825813128042 103.70974010128937 178.141173093817
1.315373988239956 103.70974038279542 178.141173093817
1.3153683729090915 103.70974056675165 178.141173093817
1.3153596153308904 103.70974085364679 178.141173093817
1.3153509930301568 103.70974113611024 178.141173093817
1.3153450609191275 103.70974133044402 178.14117309381734
1.3153389643753282 103.70974153016458 178.141173093817
1.3153319667195722 103.70974175940518 178.141173093817
1.3153271794272596 103.70974191623509 178.141173093817
1.31532222129407 103.70974207866168 178.141173093817
1.315313366991355 103.7097423687253 178.141173093817
1.31530658216861 103.7097425909935 178.141173093817
1.3153006926977584 103.70974278393031 178.141173093817
1.3152939213805408 103.70974300575605 178.141173093817
1.3152860336204542 103.709743264156 178.141173093817
1.3152789486212855 103.7097434962578 178.14117309381734
1.3152706108371934 103.70974376940032 178.14117309381732
1.3152657790107443 103.70974392768903 178.141173093817
1.3152609678895035 103.70974408529943 178.141173093817
1.3152530722955722 103.7097443439559 178.14117309381734
1.3152483485086095 103.70974449870526 178.141173093817
1.315240248717694 103.70974476405111 178.14117309381732
1.3152334992261816 103.70974498516166 178.141173093817
1.315226942072802 103.70974519997131 178.141173093817
1.3152185185755927 103.70974547592157 178.141173093817
1.315210748492614 103.70974573046621 178.141173093817
1.315204967199084 103.70974591985893 178.141173093817
1.3151967880566198 103.70974618780416 178.141173093817
1.3151890360888001 103.7097464417553 178.141173093817
1.3151800531003757 103.70974673603412 178.141173093817
1.3151745615770247 103.70974691593403 178.141173093817
1.3151683111403858 103.7097471206956 178.14117309381734
1.3151613690367865 103.70974734811583 178.141173093817
1.3151559340191943 103.70974752616459 178.141173093817
1.3151470483858212 103.709747817254 178.141173093817
1.3151417741482216 103.70974799003562 178.141173093817
1.315134316457462 103.70974823434621 178.141173093817
1.3151279414824877 103.7097484431875 178.141173093817
1.3151197322339814 103.70974871211871 178.141173093817
1.3151118277452452 103.7097489710661 178.141173093817
1.3151052710659428 103.70974918585986 178.141173093817
1.3151001664939717 103.70974935308328 178.141173093817
1.31509163085837 103.70974963270669 178.141173093817
1.315085433467046 103.7097498357303 178.141173093817
1.3150799594918843 103.70975001505512 178.14117309381734
1.3150753751770035 103.70975016523509 178.141173093817
1.3150697694934557 103.70975034887459 178.141173093817
1.3150617648485932 103.70975061110289 178.141173093817
1.3150560009745025 103.7097507999246 178.141173093817
1.315050181530467 103.70975099056676 178.141173093817
1.3150427119319357 103.70975123526715 178.14117309381734
1.3150350851113344 103.709751485118 178.141173093817
1.31502878459316 103.70975169151987 178.141173093817
1.3150232431997695 103.70975187305314 178.141173093817
1.3150170778643178 103.70975207502644 178.141173093817
1.315011890668654 103.7097524739411 177.84912839491523
1.3150041062124231 103.70975370551706 176.60189620996786
1.314998702067062 103.7097545605049 175.73482942735694
1.3149918842543622 103.70975563914851 174.6402294851261
1.3149854992494185 103.70975664931773 173.6150495083976
1.3149809634886127 103.70975736691871 172.88711479960003
1.3149720922875836 103.70975877042801 171.46517132233984
1.314963175001363 103.7097601812284 170.98217133350232
1.3149555554065337 103.70976138672151 170.98217133350266
1.3149489854334306 103.70976242615436 170.98217133350232
1.3149436260997291 103.70976327405239 170.98217133350232
1.3149379525380216 103.7097641716643 170.98217133350266
1.3149305189937135 103.70976534772232 170.98217133350266
1.31492440760119 103.70976631460323 170.98217133350232
1.3149167599006364 103.70976752454278 170.98217133350232
1.3149091250697715 103.70976873244618 170.98217133350266
1.3149016004859542 103.70976992290743 170.9821713335022
1.3148942989977437 103.70977107807276 170.98217133350232
1.3148873837494135 103.70977217213122 170.9821713335022
1.3148789771704026 103.70977350213245 170.98217133350232
1.3148737262039514 103.70977433288556 170.98217133350266
1.3148663250388926 103.70977550382062 170.98217133350266
1.3148609333064254 103.70977635684423 170.98217133350232
1.3148559074874253 103.70977715197681 170.98217133350266
1.3148510179150028 103.70977792555385 170.98217133350232
1.3148451360878448 103.70977885611508 170.9821713335022
1.3148368664218004 103.70978016445518 170.9821713335022
1.3148305309895632 103.70978116678101 170.98217133350258
1.314823765948142 103.70978223707507 170.98217133350266
1.314818082233489 103.70978313629293 170.9821713335022
1.314812452563235 103.70978402696042 170.98217133350266
1.3148069617394922 103.70978489566103 170.98217133350232
1.3147982620132326 103.70978627204059 170.98217133350232
1.3147937334572797 103.70978698850125 170.98217133350266
1.314786523306115 103.7097881292158 170.98217133350232
1.314779484064173 103.70978924289084 170.98217133350232
1.3147741982889654 103.70979007915075 170.98217133350232
1.3147689599185306 103.70979090791076 170.98217133350232
1.3147638170733142 103.70979172155775 170.98217133350266
1.3147553380798227 103.7097930630151 170.98217133350232
1.3147484089198647 103.709794159274 170.9821713335022
1.3147406839192466 103.70979538144245 170.98217133350232
1.3147322510262147 103.70979671560613 170.98217133350232
1.3147244738864694 103.7097979460234 170.9821713335022
1.3147177583511696 103.70979900848475 170.98217133350266
1.3147098110849171 103.7098002658176 170.98217133350232
1.3147040281326432 103.70980118073543 170.98217133350232
1.314699445421273 103.70980190576377 170.98217133350266
1.314693814506617 103.7098027966278 170.98217133350266
1.3146849986044928 103.70980419138692 170.98217133350266
1.3146762758529116 103.70980557140875 170.98217133350266
1.3146675059492348 103.70980695889043 170.98217133350266
1.314662581922279 103.70980773791804 170.98217133350266
1.31465753343355 103.70980853663666 170.98217133350266
1.3146527630444478 103.70980929135726 170.98217133350232
1.314646747976931 103.70981024299775 170.98217133350266
1.3146395573981966 103.70981138061518 170.98217133350232
1.3146323752222904 103.70981251690317 170.98217133350232
1.3146250800454466 103.70981367106897 170.98217133350232
1.3146182245299511 103.70981475567615 170.98217133350232
1.3146123814308674 103.7098156801095 170.98217133350258
1.3146060617456452 103.70981667994324 170.98217133350232
1.3146002739544622 103.70981759562632 170.98217133350266
1.3145922717614018 103.7098188616486 170.98217133350266
1.3145846872021203 103.70982006159727 170.98217133350266
1.3145801716749652 103.70982075931053 171.0031921231781
1.3145714258059236 103.70982210512126 171.05089893104318
1.3145648206599858 103.70982312151838 171.08692861368493
1.3145569748439068 103.70982432882928 171.12972590634598
1.3145513369995943 103.70982519637838 171.16047915789017
1.314544085130885 103.70982631229286 171.2000365217087
1.3145360777464437 103.70982754446574 171.22584593475813
1.31452727337547 103.70982889927853 171.22584593475813
1.314522438566381 103.70982964325684 171.22584593475813
1.31451792024732 103.70983033853378 171.22584593475813
1.3145099614291216 103.70983156323318 171.2258459347584
1.3145052262356174 103.70983229188265 171.2258459347584
1.3144988975650675 103.70983326573564 171.22584593475813
1.314491266127395 103.70983444005782 171.22584593475813
1.314485005560049 103.70983540343106 171.22584593475813
1.3144802781717237 103.7098361308794 171.22584593475824
1.3144716560565097 103.70983745764649 171.22584593475813
1.3144661137937945 103.70983831048729 171.22584593475813
1.3144603182387729 103.70983920230458 171.22584593475813
1.314455397650621 103.70983995948234 171.22584593475824
1.314447353338534 103.70984119733725 171.22584593475813
1.3144410560199966 103.70984216636562 171.22584593475813
1.3144327180110236 103.70984344941442 171.22584593475813
1.3144275772484844 103.70984424047244 171.2258459347584
1.3144221258553372 103.70984507933015 171.22584593475824
1.3144152327675254 103.7098461400351 171.22584593475813
1.314408919508303 103.7098471115163 171.22584593475813
1.314403785617774 103.7098479015168 171.22584593475813
1.3143967170663973 103.70984898922194 171.22584593475813
1.314388746137188 103.70985021578448 171.22584593475813
1.3143819497686087 103.7098512616062 171.22584593475813
1.3143731339820883 103.7098526181749 171.22584593475813
1.314365598028285 103.70985377780356 171.22584593475815
1.3143566654051169 103.70985515235093 171.22584593475813
1.314351971150869 103.70985587470032 171.22584593475815
1.3143431582683145 103.709857230822 171.22584593475813
1.314335637309057 103.70985838814319 171.22584593475813
1.314327435887234 103.70985965017356 171.22584593475813
1.314320722038552 103.70986068329695 171.22584593475815
1.3143136349130788 103.70986177385994 171.22584593475813
1.3143058906506615 103.70986296554277 171.22584593475813
1.3142982365230933 103.70986414335567 171.22584593475815
1.3142930703481168 103.70986493832382 171.22584593475813
1.3142861228001832 103.70986600740858 171.22584593475813
1.314280793297779 103.7098668275094 171.22584593475813
1.3142751040413827 103.70986770296896 171.22584593475813
1.3142694492760711 103.70986857312101 171.22584593475813
1.3142630888248983 103.7098695518636 171.22584593475813
1.314255248018189 103.70987075840243 171.22584593475813
1.314246765091265 103.70987206375027 171.22584593475815
1.3142415138456682 103.70987287180888 171.22584593475815
1.314233866887911 103.70987404851824 171.22584593475815
1.3142271027710763 103.70987508937654 171.22584593475813
1.3142197799971498 103.70987621620063 171.22584593475813
1.3142124322628768 103.70987734686557 171.22584593475813
1.3142043528025886 103.70987859012804 171.22584593475813
1.314198031769893 103.70987956280472 171.22584593475813
1.3141906018764928 103.70988070611216 171.22584593475813
1.3141847114371898 103.70988161252934 171.22584593475813
1.314180105088148 103.70988232135149 171.2258459347584
1.314175490577549 103.70988303142953 171.22584593475815
1.314166985810994 103.7098843401377 171.22584593475813
1.3141611644714295 103.70988523592179 171.22584593475813
1.3141563000968568 103.70988598444869 171.22584593475813
1.3141485335081253 103.70988717956645 171.22584593475813
1.3141404303837139 103.70988842647007 171.22584593475815
1.314132408520155 103.70988966086928 171.22584593475813
1.3141273079699067 103.70989044573867 171.22584593475815
1.3141209323810905 103.70989142681016 171.22584593475813
1.3141162589349362 103.70989214595699 171.22584593475815
1.3141091162846332 103.70989324506336 171.22584593475813
1.3141002721142685 103.70989460599849 171.22584593475824
1.314092439973745 103.70989581120308 171.22584593475813
1.3140840836872565 103.70989709706286 171.22584593475813
1.3140774805428457 103.70989811315029 171.22584593475813
1.3140696549499322 103.70989931734726 171.22584593475815
1.314060985159082 103.70990065144879 171.22584593475813
1.3140544823849603 103.70990165209122 171.22584593475815
1.314049682481591 103.70990239069705 171.22584593475815
1.3140425015081696 103.70990349570032 171.22584593475813
1.314035242259094 103.70990461274853 171.22584593475813
1.3140298818696998 103.70990543760152 171.22584593475815
1.3140216426727027 103.7099067054434 171.22584593475815
1.3140168088798387 103.70990744926404 171.22584593475813
1.3140091279153578 103.70990863120544 171.22584593475815
1.3140045928579496 103.70990932905686 171.22584593475813
1.3139986790582838 103.70991023906814 171.22584593475815
1.3139927622984653 103.7099111495349 171.22584593475813
1.313984471611426 103.70991242529986 171.22584593475813
1.3139767600841499 103.7099136119441 171.22584593475813
1.313968910749712 103.70991481979398 171.22584593475813
1.3139629050621597 103.70991574394478 171.22584593475815
1.3139549590925763 103.70991696666475 171.22584593475815
1.3139488446641823 103.70991790754847 171.22584593475787
1.313941293689753 103.70991906948682 171.22584593475815
1.3139353347986986 103.70991998643655 171.22584593475815
1.3139273086769097 103.70992122149015 171.22584593475813
1.3139206709167173 103.70992224290369 171.22584593475815
1.3139121407226297 103.70992355552349 171.22584593475815
1.3139057520535915 103.70992453860703 171.22584593475813
1.3139004135084993 103.70992536009827 171.22584593475815
1.3138918011161869 103.70992668536658 171.22584593475813
1.313884260836116 103.70992784565907 171.22584593475813
1.3138773604612641 103.70992890748339 171.22584593475815
1.313872829484176 103.70992960470663 171.22584593475813
1.3138653986792235 103.70993074815307 171.2258459347584
1.3138586619998245 103.709931784788 171.22584593475813
1.313851303996897 103.7099329170317 171.22584593475815
1.3138434507587016 103.70993412548175 171.2258459347584
1.3138366242146908 103.7099351759449 171.22584593475813
1.3138288996734087 103.70993636459114 171.22584593475813
1.3138241526236119 103.70993709506334 171.22584593475813
1.3138193542705006 103.70993783343005 171.22584593475813
1.31381174525908 103.70993900429858 171.22584593475813
1.3138055979105296 103.70993995024756 171.22584593475813
1.3137984482672258 103.70994105042884 171.22584593475813
1.3137922958108434 103.70994199716377 171.22584593475813
1.3137848546048332 103.70994314221042 171.22584593475813
1.3137771588725635 103.70994432642334 171.22584593475813
1.3137709785804397 103.70994527744153 171.2258459347584
1.3137663732842386 103.70994598610068 171.22584593475813
1.313758794781251 103.70994715227437 171.22584593475813
1.3137508290469193 103.70994837803485 171.22584593475813
1.3137430257661404 103.70994957879711 171.22584593475815
1.313736152706027 103.70995063641777 171.22584593475813
1.3137311968909253 103.70995139901436 171.22584593475813
1.3137232947132464 103.7099526149947 171.22584593475813
1.3137157174231122 103.70995378098159 171.22584593475824
1.3137076327448385 103.7099550250449 171.22584593475813
1.3137022714417885 103.70995585003756 171.22584593475813
1.313697698415057 103.70995655373092 171.22584593475813
1.3136891824173809 103.70995786416519 171.22584593475813
1.3136809176706312 103.70995913593718 171.2258459347584
1.313673673835774 103.70996011336986 171.39886659266034
1.3136686104192214 103.70996078042667 171.5401933016562
1.313663012024345 103.70996151796179 171.69645630450935
1.3136562902434616 103.70996240349227 171.88407821537933
1.31364929047514 103.7099633256449 172.0794586511182
1.313641060111035 103.70996440991678 172.30918085651248
1.313635151385082 103.70996518833496 172.47409389548164
1.3136270169446533 103.70996625996973 172.4766180751991
1.3136218886908766 103.70996693556812 172.47661807519881
1.3136173198354222 103.70996753747114 172.4766180751991
1.3136114957529244 103.70996830473828 172.47661807519881
1.3136028371790427 103.70996944542254 172.4766180751991
1.3135956359766332 103.709970394112 172.4766180751991
1.3135904655288055 103.709971075269 172.47661807519881
1.3135851000518253 103.70997178211917 172.47661807519881
1.3135783111848023 103.70997267648734 172.4766180751992
1.3135729021096352 103.70997338908113 172.4766180751991
1.3135658321722148 103.7099743204776 172.4766180751991
1.3135608017952767 103.7099749831815 172.4766180751991
1.3135532881477994 103.70997597303247 172.4766180751991
1.3135480449979393 103.70997666376714 172.4766180751991
1.313540346129111 103.70997767801917 172.4766180751991
1.3135319062087454 103.70997878989759 172.4766180751991
1.3135231998543686 103.70997993687611 172.4766180751991
1.3135144478606513 103.70998108986713 172.47661807519881
1.3135080262204517 103.70998193585646 172.4766180751991
1.3135025759371595 103.70998265387885 172.4766180751991
1.313495962620731 103.70998352511963 172.4766180751991
1.3134892144869277 103.70998441412128 172.4766180751991
1.313481155886505 103.70998547576427 172.47661807519884
1.3134746857207393 103.70998632814627 172.4766180751991
1.313469353243562 103.70998703064872 172.4766180751991
1.3134623873971325 103.70998794833184 172.4766180751991
1.313453962961402 103.70998905816998 172.4766180751991
1.3134476873225929 103.70998988492485 172.47661807519881
1.3134414505970975 103.70999070655323 172.4766180751991
1.313434596814618 103.70999160947288 172.47661807519881
1.3134299806073237 103.70999221761362 172.4766180751991
1.3134221425160204 103.70999325020641 172.4766180751991
1.3134134011869227 103.70999440179204 172.4766180751991
1.3134075326142913 103.70999517491973 172.47661807519876
1.3133989959804824 103.70999629953864 172.47661807519881
1.3133902335698617 103.70999745390145 172.4766180751991
1.3133841176827648 103.70999825961036 172.4766180751991
1.313378003555268 103.70999906508744 172.4766180751991
1.3133698421300137 103.71000014027615 172.4766180751991
1.3133621077635274 103.71000115920398 172.4766180751991
1.3133534016571125 103.71000230614908 172.4766180751991
1.3133486235780587 103.71000293561467 172.4766180751991
1.31334037799364 103.71000402189038 172.47661807519876
1.3133330991837011 103.71000498080294 172.47661807519881
1.313325494774709 103.71000598260999 172.4766180751991
1.3133194552215939 103.71000677826245 172.4766180751991
1.3133142636775204 103.71000746219792 172.4766180751991
1.3133065227933964 103.71000848198416 172.4766180751991
1.3132997586946356 103.71000937308841 172.4766180751991
1.3132921851345432 103.71001037083128 172.4766180751991
1.3132859158478116 103.71001119674881 172.4766180751991
1.3132805752204997 103.71001190032446 172.4766180751991
1.3132751150082629 103.71001261965425 172.47661807519876
1.3132677505729102 103.7100135898469 172.4766180751991
1.3132610591988692 103.71001447137022 172.4766180751991
1.3132535886625478 103.71001545554057 172.4766180751991
1.3132464481762094 103.71001639623 172.47661807519881
1.3132413487172745 103.710017068034 172.4766180751991
1.313233092243194 103.7100181557439 172.4766180751991
1.3132249289629068 103.71001923117637 172.4766180751991
1.3132187562223103 103.71002004437469 172.4766180751991
1.3132105576701323 103.71002112445385 172.4766180751991
1.3132017620366048 103.71002228319263 172.4766180751991
1.3131967536557578 103.71002294299784 172.47661807519876
1.313189691510742 103.71002387336638 172.47661807519876
1.313182219522088 103.71002485772779 172.4766180751991
1.3131769140128602 103.71002555667668 172.4766180751991
1.3131706433316817 103.71002638277756 172.47661807519881
1.3131640987847923 103.71002724495752 172.47661807519881
1.3131593904520071 103.71002786523425 172.4766180751991
1.3131508223371569 103.71002899399943 172.4766180751991
1.3131429469547122 103.71003003150388 172.4766180751991
1.3131340930127433 103.7100311979239 172.4766180751991
1.3131278643660316 103.710032018487 172.47661807519881
1.313123345151291 103.71003261384918 172.4766180751991
1.313116872554573 103.71003346655026 172.4766180751991
1.3131105322501608 103.71003430182311 172.4766180751991
1.3131035957337716 103.71003521564103 172.47661807519881
1.3130955350157085 103.7100362775614 172.4766180751991
1.3130878347891028 103.71003729199057 172.4766180751991
1.313081597923712 103.71003811363624 172.4766180751991
1.3130727510598754 103.71003927912354 172.4766180751991
1.3130677339702128 103.71003994007573 172.4766180751992
1.3130620269010693 103.7100406919259 172.4766180751991
1.3130543047223928 103.7100417092469 172.4766180751991
1.313049475205119 103.71004234548823 172.4766180751988
1.3130438784935414 103.71004308279983 172.4766180751991
1.313037559621988 103.71004391524889 172.47661807519884
1.313032339132147 103.71004460299696 172.4766180751988
1.313025676520057 103.71004548073039 172.4766180751991
1.313019643396352 103.7100462755349 172.4766180751991
1.3130113521776374 103.71004736782116 172.4766180751991
1.313002911779489 103.71004847976027 172.4766180751991
1.3129973770498329 103.71004920890626 172.4766180751991
1.3129901238692743 103.71005016444113 172.4766180751991
1.312983625573261 103.7100510205274 172.47661807519881
1.3129762952385533 103.71005198622653 172.4766180751991
1.3129707814777698 103.71005271261 172.4766180751988
1.3129620031367732 103.71005386906957 172.47661807519881
1.31295305487693 103.71005504791422 172.4766180751988
1.3129468405278464 103.71005586659317 172.4766180751991
1.312941027862516 103.71005663235427 172.4766180751988
1.31293405778408 103.71005755059304 172.47661807519881
1.3129294952503519 103.71005815166166 172.4766180751991
1.312922271522803 103.71005910331613 172.4766180751991
1.3129148588596908 103.71006007986097 172.4766180751991
1.3129101126220357 103.7100607051307 172.4766180751991
1.3129042489813332 103.71006147760717 172.4766180751991
1.3128984790982092 103.71006223773202 172.4766180751988
1.3128936013234616 103.7100628803304 172.4766180751991
1.3128886437853589 103.71006353343681 172.4766180751991
1.3128798445593766 103.71006469264742 172.4766180751988
1.3128733510750008 103.71006554809945 172.4766180751991
1.3128666176712445 103.71006643515845 172.4766180751988
1.3128582624470106 103.71006753587614 172.4766180751991
1.3128509326150082 103.71006850150857 172.4766180751988
1.3128425083230464 103.71006961132518 172.4766180751991
1.31283765281276 103.7100702509903 172.4766180751988
1.312830456183237 103.71007119907456 172.4766180751991
1.3128245762223196 103.71007197370083 172.4766180751991
1.3128183734308136 103.7100727908568 172.4766180751991
1.3128106914499638 103.71007380288118 172.47661807519918
1.3128033461375483 103.71007477055284 172.4766180751988
1.3127954848042795 103.7100753091084 173.105449747082
1.3127907675073927 103.71007563034225 173.4853827051951
1.3127850449083442 103.71007602003418 173.94637523790286
1.3127790942977073 103.71007642525299 174.4257823020798
1.3127737820806158 103.7100767869991 174.85374389150059
1.3127661314762156 103.71007730798239 175.46996780014902
1.3127594024261096 103.71007776621055 176.01174407052977
1.312751717534325 103.71007828952864 176.10876722920477
1.3127461457808747 103.71007866894834 176.10876722920477
1.3127399414039653 103.71007909144775 176.1087672292051
1.3127333770344107 103.7100795384616 176.1087672292051
1.3127253331663347 103.7100800862248 176.10876722920477
1.312719935783275 103.71008045377033 176.1087672292051
1.3127147841311813 103.71008080458232 176.10876722920477
1.3127068127313861 103.7100813474106 176.1087672292051
1.3126985023124407 103.710081913325 176.10876722920514
1.3126939303655245 103.71008222466077 176.1087672292051
1.3126874152030636 103.71008266832361 176.10876722920477
1.3126807589839575 103.71008312159196 176.10876722920514
1.3126720460216958 103.71008371491827 176.1087672292051
1.312664810027574 103.7100842076675 176.1087672292051
1.3126602351779637 103.71008451920083 176.1087672292051
1.312652015622088 103.7100850789276 176.1087672292051
1.3126453429832983 103.71008553331397 176.10876722920477
1.3126406807891415 103.71008585079518 176.1087672292051
1.312632591356379 103.71008640166089 176.10876722920477
1.312626167201403 103.71008683912622 176.1087672292051
1.3126215189495658 103.71008715565796 176.1087672292051
1.3126169279656157 103.71008746828991 176.1087672292051
1.3126081966857044 103.71008806286335 176.1087672292051
1.3125992776389712 103.7100886702231 176.1087672292051
1.3125913973637662 103.71008920684564 176.10876722920477
1.312584257863837 103.71008969302366 176.1087672292051
1.3125778443290221 103.71009012976565 176.1087672292051
1.3125721262314296 103.71009051915051 176.1087672292051
1.3125667142104247 103.71009088769246 176.1087672292051
1.312558471812247 103.71009144897435 176.1087672292051
1.312551578648941 103.7100919183775 176.1087672292051
1.3125462303255528 103.7100922825818 176.1087672292051
1.3125391669292088 103.71009276357724 176.1087672292051
1.3125307002575106 103.71009334013137 176.1087672292051
1.3125225486319427 103.7100938952318 176.1087672292051
1.3125180329169195 103.71009420273798 176.1087672292051
1.312512077173827 103.7100946083056 176.1087672292051
1.312504995076697 103.71009509057438 176.1087672292051
1.3124961175815475 103.71009569510419 176.1087672292051
1.3124876143008226 103.71009627415111 176.10876722920477
1.312481830772416 103.71009670777617 176.05813284002122
1.3124732731788322 103.71009735871274 175.97134492748225
1.3124643001527447 103.7100980412493 175.88034341176117
1.3124591270808679 103.71009843474091 175.82787976751322
1.3124521244364284 103.71009896739962 175.75686133851096
1.3124444324875852 103.71009955249049 175.67885266471004
1.3124372102933377 103.71010010184928 175.65165943923165
1.3124307210474073 103.71010059545607 175.65165943923165
1.312423898763698 103.71010111439548 175.65165943923165
1.3124183567876837 103.71010153594781 175.65165943923165
1.3124105970483027 103.71010212619508 175.65165943923165
1.3124044454538841 103.71010259411823 175.65165943923134
1.3123956371585601 103.7101032641242 175.65165943923134
1.3123910417693367 103.71010361367402 175.65165943923165
1.3123848197572965 103.71010408695344 175.65165943923134
1.312376105666894 103.71010474979362 175.65165943923165
1.3123677983478201 103.71010538169256 175.65165943923134
1.3123596004272675 103.71010600527003 175.65165943923134
1.3123538931887502 103.71010643939296 175.65165943923165
1.3123493751703448 103.71010678305747 175.65165943923165
1.3123409787642542 103.71010742173274 175.65165943923165
1.3123334617988154 103.71010799351305 175.65165943923128
1.3123256410490516 103.71010858840077 175.65165943923128
1.3123187203503053 103.71010911482584 175.65165943923128
1.3123131994461412 103.71010953477507 175.65165943923128
1.312306215255667 103.71011006602961 175.65165943923165
1.3122983559178145 103.71011066385245 175.65165943923128
1.3122902382540511 103.71011128132493 175.65165943923134
1.3122820567066271 103.7101119036567 175.65165943923165
1.3122732615371315 103.71011257266375 175.65165943923128
1.312268240463874 103.71011295459309 175.65165943923165
1.3122594580983233 103.71011362262618 175.65165943923134
1.3122535715037305 103.71011407039161 175.65165943923134
1.3122480221572517 103.71011449250416 175.65165943923128
1.3122390900892817 103.7101151719243 175.65165943923165
1.3122341410970317 103.71011554837071 175.65165943923165
1.3122295960950248 103.7101158940875 175.65165943923165
1.3122207430131558 103.71011656749947 175.65165943923165
1.3122144512755207 103.7101170460821 175.65165943923165
1.3122065212885354 103.71011764927857 175.65165943923165
1.3121993317028888 103.7101181961562 175.65165943923128
1.3121916821369657 103.71011877802232 175.65165943923134
1.3121856642445122 103.71011923577477 175.65165943923128
