238927296
1.3142128787946168 103.70894069480624 93.00671224394611
1.3142125449280744 103.70894707318392 93.00671224394611
1.3142122001511036 103.70895366000032 93.00671224394578
1.314211769059984 103.70896189581107 93.00671224394578
1.3142114516173904 103.70896796041518 93.00671224394611
1.3142111296834522 103.70897411082419 93.00671224394611
1.3142107928997928 103.70898054493038 93.00671224394611
1.314210348925522 103.70898902686635 93.00671224394578
1.3142101153073649 103.70899349003972 93.00671224394611
1.3142097382213072 103.70900069410467 93.00671224394577
1.3142094193445037 103.7090067861068 93.00671224394611
1.314209026926708 103.70901428307708 93.00671224394611
1.3142086420191506 103.7090216365671 93.00671224394611
1.3142082826832617 103.70902850152122 93.00671224394611
1.314207838967786 103.70903697850973 93.00671224394578
1.3142075475870696 103.7090425452095 93.00671224394611
1.3142071787288516 103.70904959208232 93.00671224394611
1.314206945009136 103.70905405719373 93.00671224394611
1.3142065177654252 103.70906221949473 93.00671224394611
1.3142062775355838 103.70906680897873 93.00671224394611
1.3142060305031147 103.7090715284237 93.00671224394611
1.3142056009446048 103.70907973494674 93.00671224394611
1.3142052037295258 103.7090873235625 93.00671224394611
1.3142047879189758 103.7090952674359 93.00671224394578
1.3142043821438834 103.70910301958592 93.00671224394578
1.3142039343823577 103.70911157386722 93.00671224394577
1.3142036451319035 103.7091170998659 93.00671224394611
1.3142031984493119 103.70912563353369 93.00671224394611
1.3142027522458934 103.70913415804648 93.00671224394611
1.3142023723484717 103.709141415813 93.00671224394611
1.3142019751782228 103.70914900356851 93.00671224394611
1.3142015182492583 103.70915773298627 93.00671224394611
1.314201112660559 103.70916548157139 93.00671224394611
1.314200719355712 103.7091729954787 93.00671224394611
1.3142003447367157 103.70918015240105 93.00671224394611
1.314199974614259 103.70918722341865 93.00671224394611
1.3141996572957386 103.70919328564129 93.00671224394578
1.3141993262658125 103.70919960981362 93.00671224394577
1.3141991279421894 103.70920831818559 92.67507554125015
1.3142001949766517 103.70921499439062 90.84455444943929
1.3142011104360323 103.70922072222304 89.26764426255534
1.3142024274961102 103.70922896278479 86.99355379381039
1.314203305113043 103.70923445384534 85.47780433428551
1.3142040038467313 103.70923882567192 84.27243307809033
1.3142052542018696 103.7092466488755 82.1221924317346
1.3142065362775295 103.70925467054774 81.0064459691548
1.314207314125066 103.7092595373729 81.00644596915483
1.314208201361639 103.70926508862185 81.00644596915483
1.314209183048556 103.70927123082643 81.00644596915483
1.314210294633326 103.70927818577414 81.00644596915483
1.314211204013539 103.70928387557133 81.00644596915483
1.3142122937660101 103.70929069391921 81.00644596915483
1.3142131588901265 103.70929610681563 81.00644596915483
1.3142141595726435 103.70930236787206 81.00644596915483
1.3142153537087629 103.70930983932637 81.00644596915515
1.3142164835093346 103.70931690824706 81.00644596915483
1.3142175741333908 103.70932373204874 81.00644596915477
1.3142187028004826 103.70933079387773 81.00644596915515
1.314219767237678 103.70933745383402 81.00644596915483
1.314220923159271 103.70934468618881 81.00644596915483
1.3142220424577595 103.70935168940073 81.00644596915477
1.3142238147467042 103.70935984054796 80.40767783698874
1.3142278789820356 103.70936695474425 76.63126034421413
