119889070
1.3128682636103124 103.70982583000966 353.49550795309403
1.3128728995452925 103.70982530243427 353.4955079530943
1.31288001575958 103.70982449259984 353.495507953094
1.312885531829406 103.70982386486392 353.495507953094
1.3128919616282315 103.70982313314441 353.495507953094
1.312900712170509 103.70982213732125 353.495507953094
1.312906789753139 103.7098214456844 353.4955079530943
1.3129129138208564 103.70982074875742 353.49550795309403
1.3129193881670511 103.7098200119683 353.495507953094
1.3129278651467426 103.70981904727681 353.49550795309403
1.3129346276713842 103.70981827769253 353.495507953094
1.3129418428074284 103.70981745660046 353.495507953094
1.3129486636768688 103.70981668037645 353.495507953094
1.3129535401710293 103.7098161254249 353.495507953094
1.3129581623206112 103.70981559941809 353.495507953094
1.312966160467179 103.7098146892183 353.49550795309403
1.31297378304304 103.70981382175893 353.49550795309403
1.3129810656600407 103.7098129929873 353.495507953094
1.31298604804901 103.70981242598471 353.49550795309403
1.312993549034985 103.70981157236233 353.495507953094
1.312999713944383 103.7098108707873 353.495507953094
1.3130063426116558 103.70981011643593 353.49550795309403
1.3130124749019736 103.70980941857292 353.49550795309403
1.3130187041913555 103.7098087096713 353.49550795309403
1.313025812645289 103.70980790071951 353.495507953094
1.313032653423713 103.7098071222295 353.495507953094
1.3130412522531087 103.7098061436709 353.49550795309403
1.3130472587082747 103.709805460128 353.4955079530943
1.3130543295647026 103.70980465545476 353.49550795309403
1.3130618768763205 103.70980379656024 353.495507953094
1.313070597843839 103.70980280410201 353.495507953094
1.313079016611959 103.70980184603445 353.495507953094
1.3130842191839338 103.70980125397446 353.495507953094
1.3130931843802116 103.70980023372256 353.495507953094
1.3131020400013491 103.70979922594043 353.49550795309403
1.3131091971368123 103.70979841144832 353.49550795309403
1.3131171568800812 103.70979750561827 353.49550795309403
1.313121710524593 103.70979698740707 353.495507953094
1.3131301419841637 103.70979602789501 353.495507953094
1.3131376450925296 103.70979517403059 353.495507953094
1.3131438639372317 103.70979446631719 353.495507953094
1.3131525061748555 103.70979348281818 353.495507953094
1.3131586297305462 103.70979278594875 353.495507953094
1.3131645671427976 103.7097921102627 353.49550795309403
1.3131733464429791 103.70979111116569 353.49550795309403
1.3131800719679556 103.70979034579123 353.495507953094
1.3131888380602486 103.70978934819723 353.4955079530943
1.313195780825635 103.70978855810044 353.495507953094
1.313201214318143 103.7097879397611 353.4955079530943
1.3132069802998751 103.70978728358398 353.495507953094
1.313214074600174 103.70978647624221 353.495507953094
1.3132203911450682 103.70978575741015 353.495507953094
1.3132262069371046 103.7097850955645 353.495507953094
1.313232645963821 103.7097843627938 353.49550795309403
1.3132415925525913 103.70978334465879 353.495507953094
1.3132469208420194 103.70978273829157 353.495507953094
1.313252782262816 103.70978207125323 353.49550795309403
1.3132601016373835 103.70978123829751 353.49550795309403
1.3132648948323922 103.70978069282481 353.49550795309403
1.3132737820513167 103.70977968144605 353.495507953094
1.313279326643811 103.70977905046314 353.49550795309403
1.313285056548024 103.70977839839146 353.495507953094
1.3132940191756883 103.709777378431 353.49550795309403
1.3132995156276845 103.7097767529265 353.49550795309403
1.3133051396072866 103.70977611290914 353.49550795309403
1.3133135302162202 103.70977515804519 353.49550795309403
1.3133206475475616 103.7097743480821 353.4955079530943
1.3133260420903206 103.70977373417496 353.49550795309403
1.313332818752215 103.70977296298055 353.4955079530943
1.3133392927202736 103.70977222623311 353.49550795309403
1.313344665666164 103.70977161478368 353.495507953094
1.313351372061029 103.7097708515857 353.495507953094
1.313358207706951 103.70977007367873 353.49550795309403
1.3133669255395246 103.70976908157598 353.495507953094
1.3133755734123458 103.70976809743475 353.495507953094
1.3133840019241603 103.70976677967995 353.04117378182383
1.3133914511265279 103.70976559243867 352.61090014497466
1.313397703974764 103.70976459587028 352.2496918910112
1.313403015200278 103.70976374937611 351.9428744897384
1.3134085228406167 103.70976287157764 351.62472681505426
1.3134153812602392 103.70976177849421 351.22860400336185
1.3134230315690467 103.70976055920082 350.9164136975221
1.3134301733299225 103.7097594209589 350.9164136975218
1.313438364518911 103.70975811546086 350.9164136975218
1.3134459824479194 103.70975690132796 350.91641369752216
1.3134527866396104 103.70975581688718 350.91641369752216
1.3134594864318339 103.70975474908539 350.9164136975218
1.313466982474958 103.70975355437841 350.91641369752216
1.3134733759721504 103.70975253539335 350.9164136975218
1.3134786246460461 103.70975169886835 350.9164136975218
1.3134846262311457 103.70975074234555 350.9164136975218
1.3134933902782193 103.70974934554607 350.9164136975218
1.3135005969910478 103.70974819695195 350.91641369752216
1.3135055500141715 103.7097474075472 350.9164136975218
1.31351053878383 103.70974661244522 350.91641369752216
1.3135150211968147 103.7097458980455 350.9164136975218
1.3135216847277973 103.70974483602274 350.91641369752176
1.3135266909461158 103.70974403813977 350.91641369752176
1.3135328589851758 103.70974299319501 350.8394579538646
1.3135409240571758 103.70974162001232 350.73353563089256
1.3135501778853755 103.70974005499309 350.62909364376293
1.3135571349187494 103.70973892703948 350.61062912817596
1.3135651876333945 103.70973773777482 350.72498108055
1.3135747009522123 103.70973704958078 351.67264510502565
1.3135843693532532 103.70973678725281 353.21671299697715
1.313591032971736 103.70973683832602 354.5674135117638
1.313600570001583 103.70973691142245 356.48590934942814
1.3136072412347262 103.70973710895096 358.0172179178778
1.3136159787343193 103.7097373771757 359.75947477638715
1.3136189624254917 103.70973754577874 0.23263007756723103
1.3136194385061404 103.70973760617402 0.3484517361251941
1.313619475402817 103.70973761085472 0.3574357658828095
1.3136194910325403 103.70973761283749 0.3612418075984162
1.3136194924483218 103.70973761301711 0.36158657863935845
1.3136194924483218 103.70973761301711 0.36158657863935845
1.3136194924483218 103.70973761301711 0.36158657863935845
1.3136194924483218 103.70973761301711 0.36158657863935845
1.3136194924483218 103.70973761301711 0.36158657863935845
1.3136194924483218 103.70973761301711 0.36158657863935845
1.3136194924483218 103.70973761301711 0.36158657863935845
1.3136194924483218 103.70973761301711 0.36158657863935845
1.3136194924483218 103.70973761301711 0.36158657863935845
1.3136194924483218 103.70973761301711 0.36158657863935845
1.3136194924483218 103.70973761301711 0.36158657863935845
1.3136194924483218 103.70973761301711 0.36158657863935845
1.3136194924483218 103.70973761301711 0.36158657863935845
1.3136194924483218 103.70973761301711 0.36158657863935845
1.3136194924483218 103.70973761301711 0.36158657863935845
1.3136194924483218 103.70973761301711 0.36158657863935845
1.3136194924483218 103.70973761301711 0.36158657863935845
1.3136194924483218 103.70973761301711 0.36158657863935845
1.3136194924483218 103.70973761301711 0.36158657863935845
1.3136194924483218 103.70973761301711 0.36158657863935845
1.3136194924483218 103.70973761301711 0.36158657863935845
1.3136194924483218 103.70973761301711 0.36158657863935845
1.3136194924483218 103.70973761301711 0.36158657863935845
1.3136194924483218 103.70973761301711 0.36158657863935845
1.3136194924483218 103.70973761301711 0.36158657863935845
1.3136194924483218 103.70973761301711 0.36158657863935845
1.3136194924483218 103.70973761301711 0.36158657863935845
1.3136194924483218 103.70973761301711 0.36158657863935845
1.3136194924483218 103.70973761301711 0.36158657863935845
1.3136194924483218 103.70973761301711 0.36158657863935845
1.3136194924483218 103.70973761301711 0.36158657863935845
1.3136194924483218 103.70973761301711 0.36158657863935845
1.3136194924483218 103.70973761301711 0.36158657863935845
1.3136194924483218 103.70973761301711 0.36158657863935845
1.3136194924483218 103.70973761301711 0.36158657863935845
1.3136194924483218 103.70973761301711 0.36158657863935845
1.3136194924483218 103.70973761301711 0.36158657863935845
1.3136194924483218 103.70973761301711 0.36158657863935845
1.3136194924483218 103.70973761301711 0.36158657863935845
1.3136194924483218 103.70973761301711 0.36158657863935845
1.3136194924483218 103.70973761301711 0.36158657863935845
1.3136194924483218 103.70973761301711 0.36158657863935845
1.3136194924483218 103.70973761301711 0.36158657863935845
1.3136194924483218 103.70973761301711 0.36158657863935845
1.3136194924483218 103.70973761301711 0.36158657863935845
1.3136194924483218 103.70973761301711 0.36158657863935845
1.3136194924483218 103.70973761301711 0.36158657863935845
1.3136194924483218 103.70973761301711 0.36158657863935845
1.3136194924483218 103.70973761301711 0.36158657863935845
1.3136194924483218 103.70973761301711 0.36158657863935845
1.3136194924483218 103.70973761301711 0.36158657863935845
1.3136194924483218 103.70973761301711 0.36158657863935845
1.3136194924483218 103.70973761301711 0.36158657863935845
1.3136194924483218 103.70973761301711 0.36158657863935845
1.3136194924483218 103.70973761301711 0.36158657863935845
1.3136194924483218 103.70973761301711 0.36158657863935845
1.3136194924483218 103.70973761301711 0.36158657863935845
1.3136194924483218 103.70973761301711 0.36158657863935845
1.3136194924483218 103.70973761301711 0.36158657863935845
1.3136194924483218 103.70973761301711 0.36158657863935845
1.3136194924483218 103.70973761301711 0.36158657863935845
1.3136194924483218 103.70973761301711 0.36158657863935845
1.3136194924483218 103.70973761301711 0.36158657863935845
1.3136194924483218 103.70973761301711 0.36158657863935845
1.3136194924483218 103.70973761301711 0.36158657863935845
1.313626793378726 103.70973853920857 2.16098625758713
1.3136317487366496 103.70973921942756 2.9675682899717506
1.3136390111776803 103.70974026545493 4.192460683861229
1.3136442376738742 103.7097410182401 5.0855391918421615
1.3136530946615959 103.70974229393394 6.4180687408916155
1.313660397859149 103.70974334583154 7.406596587133802
1.313668814180045 103.70974455805501 8.131602839789068
1.3136749257352291 103.70974566225169 8.522425583809564
1.3136831053672804 103.70974773909545 9.61806752223717
1.313689931419298 103.70974947225939 10.514450081980982
1.3136955948160602 103.70975091022017 11.258474068808688
1.3137033089438057 103.70975297653244 12.4016688401233
1.3137111837207616 103.70975610643886 14.802364594977591
1.313719482520435 103.70975940487722 17.207520939856302
1.3137242182716649 103.70976128714742 18.00445631130263
1.3137321219576508 103.70976446165801 19.37348753875864
1.3137377206949834 103.70976689652753 20.56226834139728
1.313742669109764 103.70976904857424 21.611892274127673
1.3137495452269754 103.7097720389714 22.5994144507417
1.3137565522066672 103.7097750862801 22.89294124726248
1.3137640644075825 103.70977835330763 23.207623381923675
1.3137711822058316 103.70978144881093 23.505759078712636
1.3137781634554928 103.70978444809107 23.62839115101479
1.3137837566048383 103.709786845325 23.589431946722947
1.3137916974090562 103.70979024876807 23.534008338841954
1.313800357594309 103.70979396053914 23.473413847544364
1.3138085215725126 103.70979745963497 23.416147652770885
1.313816784999243 103.7098010013546 23.363767078074037
1.313821470609445 103.70980300961563 23.363767078074165
1.3138293428428272 103.70980638366908 23.363767078074165
1.313837183938057 103.70981109143771 24.868050283363395
1.3138432034327077 103.70981553594405 26.961545379087
1.31384998829163 103.70982054555866 29.330723885524197
1.3138572386232743 103.70982589885602 31.864784381260723
1.313863973708249 103.70983087171997 34.21247205872873
1.3138687565159903 103.70983440311596 35.87155370636032
1.3138760456639977 103.70983978507351 36.64674091830977
1.313882745498736 103.70984473191038 36.64674091830977
1.3138895349735886 103.70984974493322 36.6467409183097
1.3138944868193791 103.70985340113883 36.64674091830996
1.3138995864017025 103.70985716642603 36.64674091830996
1.3139066629590996 103.70986239141688 36.64674091830996
1.3139124728620548 103.70986668117081 36.64674091830977
1.3139189013086714 103.70987142762772 36.64674091830996
1.3139253110423024 103.70987616026788 36.64674091830996
1.313929640332859 103.70987935680859 36.64674091830977
1.3139359957947307 103.70988404937705 36.64674091830977
1.3139410873744783 103.70988780875557 36.64674091830977
1.3139477007273683 103.70989269173846 36.64674091830996
1.3139542155159512 103.70989750194619 36.64674091830996
1.3139604778296283 103.70990212573855 36.64674091830996
1.3139674492163995 103.70990727307652 36.64674091830977
1.3139748116145915 103.70991270911857 36.64674091830977
1.3139794062660188 103.70991610158904 36.64674091830977
1.3139851580968986 103.70992165533194 37.9217338288104
1.313988491747144 103.709925476122 39.25318402903234
1.3139923870091803 103.70992994059104 40.81381744985109
1.3139959799363494 103.70993405854566 42.25609429095117
1.3140012018980787 103.70994004358246 44.35321099845947
1.3140074147792093 103.70994716433984 46.84267706877981
1.3140108950891018 103.70995115322064 48.23129302672049
1.3140156357867658 103.70995658666727 49.107800213967145
1.3140202295221417 103.7099618516763 49.107800213967145
1.3140237792363512 103.70996592010337 49.107800213967145
1.3140296418475363 103.70997263940662 49.10780021396737
1.3140332738211602 103.70997680211354 49.107800213967145
1.3140370132360772 103.70998108796196 49.107800213967145
1.31404195557071 103.70998675251045 49.107800213967145
1.3140469427138008 103.70999246841518 49.10780021396737
1.314050685734917 103.70999675839678 49.107800213967145
1.3140539775996192 103.71000053129538 49.107800213967145
1.3140601911717802 103.71000765284495 49.107800213967145
1.3140658216938503 103.71001410614447 49.107800213967344
1.314069840668552 103.7100214938106 51.32751437395431
1.3140722966825977 103.71002652257239 53.106090820770795
1.3140751143822953 103.71003229189633 55.15477834547236
1.3140792625544828 103.71004078540231 58.17617483186708
1.314082000138137 103.71004639068633 60.16647229856453
1.314085780002339 103.71005413007083 62.8995665517808
1.31408961641507 103.71006198524016 64.14445781119689
1.314092712161871 103.710068323874 64.1444578111966
1.3140952265097332 103.71007347207617 64.1444578111966
1.3140992863292422 103.71008178467767 64.1444578111966
1.314102769078109 103.71008891570986 64.1444578111966
1.314106605060722 103.71009676999873 64.1444578111966
1.3141086915207105 103.71010104208781 64.1444578111966
1.3141122085808352 103.71010824337344 64.1444578111966
1.3141160933215532 103.71011619749608 64.1444578111966
1.314118608040713 103.71012134645872 64.14445781119689
1.3141191693793046 103.71012249581625 64.14445781119646
1.3141195343725174 103.71012324315076 64.1444578111966
1.3141195971105237 103.7101233716087 64.1444578111966
1.3141196325663032 103.71012344420546 64.1444578111966
1.3141196412862977 103.71012346205991 64.14445781119689
1.3141196423708612 103.7101234642806 64.1444578111966
1.3141196429336788 103.71012346543299 64.1444578111966
1.3141196429336788 103.71012346543299 64.1444578111966
1.3141196429336788 103.71012346543299 64.1444578111966
1.3141196429336788 103.71012346543299 64.1444578111966
1.3141196429336788 103.71012346543299 64.1444578111966
1.3141196429336788 103.71012346543299 64.1444578111966
1.3141196429336788 103.71012346543299 64.1444578111966
1.3141196429336788 103.71012346543299 64.1444578111966
1.3141196429336788 103.71012346543299 64.1444578111966
1.3141196429336788 103.71012346543299 64.1444578111966
1.3141196429336788 103.71012346543299 64.1444578111966
1.3141196429336788 103.71012346543299 64.1444578111966
1.3141196429336788 103.71012346543299 64.1444578111966
1.3141196429336788 103.71012346543299 64.1444578111966
1.3141196429336788 103.71012346543299 64.1444578111966
1.3141196429336788 103.71012346543299 64.1444578111966
1.3141196429336788 103.71012346543299 64.1444578111966
1.3141196429336788 103.71012346543299 64.1444578111966
1.3141196429336788 103.71012346543299 64.1444578111966
1.3141196429336788 103.71012346543299 64.1444578111966
1.3141196429336788 103.71012346543299 64.1444578111966
1.3141196429336788 103.71012346543299 64.1444578111966
1.3141196429336788 103.71012346543299 64.1444578111966
1.3141196429336788 103.71012346543299 64.1444578111966
1.3141196429336788 103.71012346543299 64.1444578111966
1.3141196429336788 103.71012346543299 64.1444578111966
1.3141196429336788 103.71012346543299 64.1444578111966
1.3141196429336788 103.71012346543299 64.1444578111966
1.3141196429336788 103.71012346543299 64.1444578111966
1.3141196429336788 103.71012346543299 64.1444578111966
1.3141196429336788 103.71012346543299 64.1444578111966
1.3141196429336788 103.71012346543299 64.1444578111966
1.3141196429336788 103.71012346543299 64.1444578111966
1.3141196429336788 103.71012346543299 64.1444578111966
1.3141196429336788 103.71012346543299 64.1444578111966
1.3141196429336788 103.71012346543299 64.1444578111966
1.3141196429336788 103.71012346543299 64.1444578111966
1.3141196429336788 103.71012346543299 64.1444578111966
1.3141196429336788 103.71012346543299 64.1444578111966
1.3141196429336788 103.71012346543299 64.1444578111966
1.3141196429336788 103.71012346543299 64.1444578111966
1.3141196429336788 103.71012346543299 64.1444578111966
1.3141196429336788 103.71012346543299 64.1444578111966
1.3141196429336788 103.71012346543299 64.1444578111966
1.3141196429336788 103.71012346543299 64.1444578111966
1.3141196429336788 103.71012346543299 64.1444578111966
1.3141196429336788 103.71012346543299 64.1444578111966
1.3141196429336788 103.71012346543299 64.1444578111966
1.3141196429336788 103.71012346543299 64.1444578111966
1.3141196429336788 103.71012346543299 64.1444578111966
1.3141196429336788 103.71012346543299 64.1444578111966
1.3141196429336788 103.71012346543299 64.1444578111966
1.3141196429336788 103.71012346543299 64.1444578111966
1.314122494160178 103.71012930340446 64.1444578111966
1.3141248006751536 103.7101341028143 64.1851753368535
1.3141271096835812 103.71013900749735 64.27965676259555
1.3141295594671158 103.71014421120805 64.38086031173792
1.3141323449600788 103.71015012801637 64.49715313198254
1.3141346000441183 103.71015491815592 64.59226704379729
1.3141376517273995 103.7101614003928 64.72237670510961
1.314140802573317 103.71016809326613 64.85842827534177
1.314142812844115 103.71017252934226 65.03765439627846
1.3141453874248044 103.71017918283978 65.68388796874652
1.3141482042951353 103.7101864624873 66.37727374678661
1.314149919301802 103.71019089458484 66.79953020325827
1.3141530487139712 103.71019898193536 67.57004951116966
1.314155161858375 103.71020630394055 69.09023483019791
1.3141574568305125 103.7102144458294 70.84408201530964
1.3141593742054885 103.7102212481142 71.68291862152213
1.3141612788351147 103.71022800518229 72.51527901824188
1.314162473579097 103.71023269839053 73.24404777180759
1.31416468318142 103.71024146074124 74.62853334057726
1.3141660552269352 103.71024690169502 75.04800014709159
1.3141675568817415 103.71025285662463 75.26149710347451
1.3141693180175018 103.71025984054631 75.5118820924689
1.3141705581402994 103.71026475835036 75.68818621388718
1.314172473141981 103.71027233857318 75.95599912730518
1.3141742574627775 103.71027935138066 75.9401499236394
1.3141754192124904 103.71028822381854 77.2523931035484
1.314175925132427 103.7102929333224 78.0868275195003
1.3141767408269593 103.71030052645398 79.4357235887554
1.314177583189048 103.71030836782852 80.83192823611283
1.3141781940974124 103.71031405464832 81.84561446048947
1.3141789490906173 103.7103210827243 83.1088106899343
1.3141795094987065 103.7103262994477 83.93720642759652
1.31418008722254 103.71033167735989 83.93720642759618
1.3141809236216853 103.71033946322744 83.93720642759621
1.3141814792028759 103.71034463501856 83.93720642759652
1.3141822399751988 103.71035171689192 83.9372064275965
1.3141829226592532 103.71035807185774 83.93720642759621
1.3141835867222784 103.71036425348436 83.93720642759618
1.314184410432026 103.7103719212298 83.93720642759652
1.3141850732073062 103.71037809086936 83.93720642759621
1.3141856116966912 103.71038310355704 83.93720642759621
1.3141864447936296 103.7103908586864 83.9372064275965
1.3141872838203907 103.7103986690155 83.93720642759652
1.3141880937425297 103.71040620841578 83.9372064275965
1.3141889082132059 103.71041379015769 83.93720642759621
1.3141896261054324 103.71042204018099 84.14818567032707
1.3141900518254335 103.7104272028101 84.309687756825
1.314190491701151 103.71043253710312 84.47656549931109
1.3141908745003572 103.71043717923973 84.62179223334584
1.3141913928252351 103.71044346487179 84.81843488433253
1.3141919702432607 103.71045046711598 85.03749124691181
1.314192582388066 103.7104578904858 85.26970920912596
1.3141932667970795 103.71046619019097 85.34570449414552
1.314193937433969 103.71047432288434 85.34570449414552
1.3141945317346966 103.71048152986303 85.34570449414558
1.3141951786160198 103.71048937447746 85.34570449414586
1.3141955826149319 103.71049427370036 85.34570449414586
1.314196105311496 103.71050061234872 85.34570449414552
1.3141966905958882 103.71050770998876 85.34570449414586
1.3141973134379226 103.7105152630839 85.34570449414558
1.3141980435184548 103.71052411664171 85.34570449414552
1.3141985652949055 103.71053044413287 85.34570449414586
1.314199285603895 103.71053917919347 85.34570449414552
1.3141997894057191 103.71054528870994 85.34570449414586
1.314200160977472 103.71054979469557 85.34570449414552
1.314200690958586 103.71055622168402 85.34570449414558
1.3142011592326812 103.71056190036234 85.34570449414552
1.3142018401387887 103.7105701575923 85.34570449414552
1.3142025139839146 103.71057832919527 85.34570449414552
1.3142031069342184 103.710585519801 85.34570449414586
1.314203796170449 103.71059387804982 85.34570449414589
1.3142043946488773 103.71060113569469 85.34570449414558
1.314204993406208 103.710608396722 85.34570449414586
1.3142054404669348 103.71061381815079 85.34570449414552
1.3142058369368157 103.7106186260732 85.34570449414586
1.3142062103700802 103.71062315463459 85.34570449414558
1.314206627391073 103.71062821177702 85.34570449414589
1.314207060268716 103.71063346121048 85.34570449414558
1.3142075580979795 103.71063949830132 85.34570449414552
1.3142080270853191 103.71064518563121 85.34570449414589
1.3142086756401221 103.71065305054549 85.34570449414552
1.3142092188076882 103.71065963744682 85.34570449414586
1.3142099604610136 103.71066863135175 85.34570449414586
1.3142106976127914 103.71067757066754 85.34570449414586
1.3142113402902784 103.71068536430975 85.34570449414552
1.3142119615206371 103.71069289786652 85.34570449414552
1.3142123497572038 103.71069760594662 85.34570449414552
1.3142129273476875 103.71070461029029 85.34570449414558
1.3142136319827373 103.71071315528255 85.34570449414552
1.314214168540755 103.71071966203279 85.34570449414586
1.3142147263997581 103.71072642709674 85.34570449414552
1.3142151852619142 103.71073199164246 85.34570449414558
1.3142156957522533 103.7107381822748 85.34570449414552
1.3142162394334447 103.71074477540732 85.34570449414552
1.3142167546613766 103.71075102349205 85.34570449414552
1.3142172006054973 103.71075643138346 85.3457044941458
1.31421767704506 103.71076220908827 85.34570449414552
1.3142181087762075 103.71076744462155 85.34570449414586
1.3142186925373176 103.71077452379764 85.34570449414552
1.3142193651766647 103.71078268078594 85.34570449414558
1.3142199803284558 103.71079014063223 85.34570449414552
1.3142206100484028 103.71079777714445 85.34570449414552
1.3142211324116135 103.71080411175906 85.34570449414558
1.3142218199593958 103.71081244954064 85.34570449414552
1.3142223493921652 103.71081886988708 85.34570449414586
1.3142229289547371 103.7108258981498 85.34570449414552
1.314223440616572 103.71083210299133 85.34570449414552
1.314223825185472 103.71083676659723 85.34570449414552
1.314224417924476 103.71084395464902 85.34570449414552
1.314225061452974 103.71085175861722 85.34570449414552
1.3142255852537967 103.71085811066709 85.34570449414558
1.3142262056785237 103.71086563445999 85.34570449414552
1.3142266490236487 103.71087101083664 85.34570449414586
1.3142270203850084 103.71087551427757 85.34570449414586
1.314227446354922 103.71088067994798 85.34570449414552
1.314228023691142 103.71088768121409 85.34570449414552
1.314228519672683 103.71089369590487 85.34570449414586
1.3142289429124854 103.71089882846807 85.34570449414552
1.314229515214497 103.71090576868569 85.34570449414586
1.3142300950942885 103.71091280079808 85.34570449414552
1.3142306534466102 103.7109195718504 85.34570449414552
1.3142313042777447 103.71092746437924 85.34570449414552
1.31423196331848 103.71093545646494 85.34570449414586
1.3142326629532637 103.71094394082873 85.34570449414552
1.3142332180754306 103.71095067271041 85.34570449414558
1.3142336690122078 103.71095614115194 85.34570449414586
1.3142343644990553 103.71096457521514 85.34570449414552
1.314234960303573 103.71097180044617 85.34570449414558
1.314235693005976 103.7109806858174 85.34570449414552
1.3142360986017543 103.71098560441622 85.34570449414552
1.3142366782102284 103.71099263324095 85.34570449414558
1.3142372386973074 103.7109994301836 85.34570449414552
1.314237612900948 103.7110039680951 85.34570449414586
1.3142380765255917 103.7110095904018 85.34570449414552
1.3142386047430377 103.71101599601597 85.34570449414586
1.314239217614803 103.71102342822064 85.34570449414558
1.3142397260094585 103.71102959344717 85.34570449414586
1.3142401218271205 103.71103439346932 85.34570449414552
1.314240771599527 103.71104227316324 85.34570449414552
1.314241229008351 103.71104782009262 85.34570449414552
1.3142416884161559 103.71105339126349 85.34570449414586
1.3142421587630813 103.71105909509158 85.34570449414552
1.314242594965297 103.71106438485195 85.34570449414552
1.3142432770714316 103.71107265665337 85.34570449414552
1.3142437997199323 103.71107899473557 85.34570449414586
1.3142443807028807 103.71108604023134 85.34570449414558
1.3142448579801476 103.71109182810355 85.34570449414586
1.314245591376501 103.71110072189508 85.34570449414586
1.3142460417967576 103.7111061840766 85.34570449414558
1.314246729475787 103.71111452346126 85.34570449414586
1.3142473659628946 103.71112224204916 85.34570449414552
1.3142477976342781 103.7111274768663 85.34570449414558
1.3142484890420822 103.71113586147011 85.34570449414589
1.314249065802774 103.711142855765 85.34570449414552
1.3142497647656632 103.71115133198886 85.34570449414552
1.314250249073111 103.71115720511679 85.3457044941458
1.3142509641540694 103.71116587680274 85.34570449414586
