481862792
1.3139532227194983 103.71092539895986 263.98683290232646
1.3139527397146258 103.71092086554931 263.9868329023261
1.3139518241076544 103.71091227180118 263.9868329023261
1.3139509938877063 103.7109044794829 263.9868329023261
1.3139503381974809 103.71089832527424 263.9868329023261
1.313949518320647 103.71089063003525 263.98683290232646
1.313948570824418 103.71088173698031 263.98683290232646
1.3139477218243565 103.71087376839562 263.98683290232646
1.3139469563261472 103.7108665835467 263.98683290232646
1.3139463657554813 103.71086104054103 263.98683290232646
1.3139458560369843 103.71085625640151 263.9868329023261
1.3139451956443509 103.7108500580578 263.9868329023261
1.313944512377706 103.71084364502227 263.98683290232646
1.3139439962676818 103.71083880089316 263.9868329023261
1.3139431356808506 103.71083072355799 263.98683290232646
1.3139424854431094 103.71082462052708 263.98683290232646
1.3139416461529256 103.71081674307936 263.98683290232646
1.3139410715534086 103.71081134997739 263.98683290232646
1.3139402154716844 103.71080331492723 263.98683290232646
1.3139392832283474 103.71079456503628 263.9868329023261
1.313938386693938 103.710786150304 263.9868329023261
1.3139376897702981 103.71077960908747 263.9868329023261
1.313937007583201 103.71077320618598 263.98683290232634
1.3139361915473098 103.7107655470008 263.9868329023261
1.313935607178988 103.7107600622113 263.98683290232646
1.3139348585601178 103.71075303579207 263.98683290232646
1.313933977194419 103.71074476343213 263.9868329023261
1.3139334187342662 103.71073952181303 263.9868329023261
1.3139326867807597 103.71073265181275 263.9868329023261
1.3139318785215004 103.7107250656189 263.98683290232646
1.3139312435331665 103.71071910571875 263.98683290232646
1.31393070447097 103.71071404616627 263.98683290232646
1.3139299512911222 103.71070697693952 263.98683290232646
1.3139293226690687 103.71070107679265 263.98683290232646
1.3139286247139417 103.71069452589667 263.98683290232646
1.3139278299955068 103.71068706679584 263.98683290232646
1.3139269628054038 103.7106789274877 263.9868329023261
1.3139260414592744 103.71067027987993 263.98683290232646
1.3139253194464904 103.71066350318337 263.98683290232646
1.3139243956678104 103.71065483274455 263.98683290232646
1.3139234854366764 103.7106462894611 263.98683290232646
1.3139229158128198 103.71064094306305 263.98683290232646
1.313922292206466 103.71063508999406 263.98683290232646
1.3139214476182912 103.71062716282545 263.9868329023261
1.313920770464046 103.71062080716486 263.98683290232646
1.313919929764869 103.71061291649812 263.98683290232646
1.3139190676297092 103.71060482463696 263.98683290232646
1.3139181994068698 103.71059667563802 263.98683290232646
1.3139175764415771 103.71059082858682 263.98683290232646
1.3139166273168987 103.71058192025679 263.9868329023261
1.3139156874596392 103.7105730989095 263.98683290232646
1.3139151703414562 103.7105682453225 263.98683290232646
1.3139145961742642 103.71056285628292 263.98683290232646
1.313913942665558 103.71055672255692 263.9868329023261
1.313913093501813 103.7105487524449 263.986832902326
1.313912385004642 103.71054210260648 263.98683290232646
1.3139115152833043 103.71053393954467 263.9868329023261
1.3139106367867701 103.71052569412053 263.98683290232646
1.3139097132902833 103.71051702633449 263.98683290232646
1.3139087749677936 103.71050821939428 263.9868329023261
1.3139078633889678 103.71049966346597 263.98683290232646
1.3139069222091013 103.71049082970742 263.9868329023261
1.3139060042337831 103.71048221374319 263.98683290232646
1.3139051078391888 103.71047380033231 263.98683290232646
1.313904227268384 103.71046553544113 263.9868329023261
1.3139033164405038 103.71045698656233 263.9868329023261
1.313901269698665 103.71045021861913 262.311616112851
1.3138986298380324 103.71044263837743 259.98311023686875
1.3138963572306865 103.71043611268715 257.9715683814073
1.3138937720543278 103.71042868946898 255.6821219588789
1.3138910823493364 103.71042096610158 253.30623484956664
1.3138893586129847 103.71041601646989 251.79059807182145
1.3138868614886543 103.71040884608934 250.9431198302715
1.3138853037506657 103.71040437311457 250.94311983027174
1.313883078901464 103.7103979845599 250.94311983027174
1.3138813505371856 103.71039302163943 250.94311983027174
1.313878540462963 103.71038495263747 250.94311983027174
1.3138762117191976 103.71037826575436 250.94311983027174
1.3138739760034344 103.71037184599702 250.94311983027174
1.3138713446980361 103.71036429032186 250.94311983027174
1.3138687989496223 103.71035698031982 250.94311983027163
1.3138661306567296 103.7103514580886 250.04958429861497
1.3138633159589521 103.7103468752411 248.5828450780646
1.3138603318411306 103.71034201654652 247.02240869760166
1.3138575639027599 103.71033750983199 245.5719977803482
1.3138541740052658 103.71033199045324 243.7945014624596
1.3138503017634997 103.71032568572902 241.76662637046957
1.3138468776101404 103.71032011057541 239.9795429830434
1.313843914152698 103.71031528551983 238.6366977860501
1.3138393812088696 103.71030790505078 238.63669778604992
1.313835149014138 103.71030101425681 238.63669778604978
1.3138318689363335 103.7102956736849 238.63669778604978
1.3138285795886082 103.71029031801986 238.6366977860501
1.3138260021914394 103.7102861215417 238.6366977860501
1.313821483622735 103.71027876447815 238.63669778604978
1.313819008534425 103.71027473457771 238.63669778604992
1.3138153748013521 103.71026881818987 238.63669778604978
1.3138115827834118 103.71026264408506 238.63669778605018
1.3138077152468182 103.710256347022 238.6366977860501
1.313803412157339 103.7102497531127 238.3627066405975
1.313797485336216 103.71024354961347 236.06325287528844
1.3137937198133443 103.71023960830703 234.59599493191428
1.3137881252309873 103.71023375255628 232.41171456634052
1.3137837497913998 103.71022917286079 230.70343827479158
1.3137800150451613 103.71022526376773 229.24782023980148
1.3137743677195053 103.71021935281154 227.05551974931885
1.3137686816650986 103.71021340131865 226.52076966114376
1.3137650999433876 103.7102096523937 226.5207696611435
