463485951
1.314310539187637 103.71026619341495 99.51542997378431
1.3143098551109635 103.71027299836328 97.677692358445
1.3143090932064732 103.71028057751447 95.73337475837207
1.3143086334329823 103.71028515117526 95.73337475837172
1.31430800860787 103.7102913667099 95.73337475837172
1.3143075111516616 103.71029631522451 95.73337475837207
1.3143067639359822 103.71030374825592 95.73337475837207
1.3143059124686411 103.71031221834487 95.73337475837174
1.3143053914601912 103.71031740114822 95.73337475837174
1.314304616127197 103.71032511387978 95.73337475837174
1.3143038346863458 103.71033288736982 95.73337475837174
1.3143031753181686 103.71033944652497 95.73337475837207
1.3143025759465645 103.71034540885582 95.73337475837174
1.3143019059913754 103.71035207332635 95.73337475837204
1.3143011648486973 103.71035944594391 95.73337475837204
1.3143003794593242 103.71036725871119 95.73337475837174
1.3142997787739041 103.71037323411068 95.73337475837207
1.3142990701409571 103.71038028333258 95.73337475837174
1.3142983027067814 103.7103879174874 95.73337475837172
1.314298006877633 103.71039542427569 95.15375569778887
1.3142983135080144 103.71040251163988 93.86389606204223
1.3142985702434975 103.71040844574844 92.78213879698751
1.3142988027517717 103.71041381987672 91.80174556624726
1.3142990850517713 103.71042034487668 90.61133699925315
1.3142993148485562 103.71042565633293 89.6429401696313
1.3142996412363104 103.71043320036527 88.26959717381955
1.3142999618293147 103.71044061045994 87.56817153110501
1.3143002034056726 103.71044619418684 87.56817153110501
1.3143005762746045 103.71045481257335 87.56817153110501
1.3143008970733767 103.7104622274255 87.56817153110468
1.3143011387559336 103.71046781360812 87.56817153110501
1.3143014987593775 103.71047613462699 87.56817153110501
1.3143017314453307 103.71048151286533 87.56817153110468
1.314302110593059 103.7104902763809 87.56817153110501
1.3143024759326754 103.71049872074026 87.56817153110468
1.3143028111871964 103.71050646972158 87.56817153110501
1.3143030572193963 103.71051215644289 87.56817153110501
1.3143032566139565 103.71051676519473 87.56817153110501
1.3143034730864662 103.71052176868186 87.56817153110468
1.3143037851996768 103.7105289827827 87.56817153110468
1.3143041023090354 103.71053631236366 87.56817153110468
1.3143043831330314 103.71054280325485 87.56817153110468
1.314304691755114 103.71054993666404 87.56817153110501
1.3143050604924829 103.71055845956266 87.56817153110468
1.314305351118229 103.71056517701024 87.5681715311047
1.314305570545967 103.71057024880594 87.56817153110501
1.3143059273300532 103.71057849542103 87.56817153110501
1.3143063134442756 103.71058741996598 87.56817153110502
1.3143066360736804 103.71059487713971 87.56817153110501
1.3143069047383482 103.71060108698669 87.56817153110501
1.3143071248097096 103.71060617366054 87.56817153110468
1.3143073497860465 103.71061137370701 87.56817153110501
1.3143075977148302 103.71061710427082 87.56817153110468
1.314307941486836 103.71062505013138 87.56817153110468
1.3143082411895646 103.71063197738609 87.56817153110468
1.314308447279219 103.71063674089164 87.56817153110468
1.3143086937298993 103.71064243729224 87.56817153110501
1.3143090700660136 103.71065113583347 87.56817153110501
1.3143093669925001 103.71065799892042 87.56817153110468
1.3143096033734818 103.71066346257352 87.56817153110501
1.3143099249521513 103.71067089546588 87.56817153110501
1.3143102398410453 103.71067817373289 87.56817153110468
1.3143105321984148 103.71068493121197 87.56817153110468
1.3143107274532257 103.71068944428573 87.56817153110501
1.3143109683316139 103.7106950118924 87.56817153110501
1.314311350849892 103.71070385333083 87.56817153110468
1.3143116950511333 103.71071180911879 87.56817153110501
1.31431193412352 103.71071733498307 87.56817153110468
1.314312157534881 103.7107224988622 87.56817153110501
1.3143124395549104 103.71072901740907 87.56817153110501
1.3143126468522484 103.71073380883287 87.56817153110468
1.3143129354336047 103.71074047903741 87.56817153110468
1.3143133055818432 103.71074903456112 87.56817153110501
1.314313638326158 103.71075672553944 87.56817153110468
1.3143139094890397 103.71076299313857 87.56817153110468
1.3143142353284025 103.7107705245183 87.56817153110468
1.3143145354480075 103.7107774614176 87.56817153110468
1.314314848945804 103.71078470753801 87.56817153110468
1.314315053596304 103.71078943778575 87.56817153110501
1.3143153791404425 103.71079696234352 87.56817153110468
1.3143155990525912 103.71080204534628 87.56817153110501
1.3143157932372311 103.71080653368908 87.56817153110468
1.3143160623803827 103.71081275460739 87.56817153110501
1.3143164048846776 103.71082067118026 87.56817153110502
1.3143167604424326 103.71082888946867 87.56817153110468
1.314317003348144 103.71083450394141 87.56817153110468
1.3143172450282248 103.71084009008545 87.56817153110501
1.3143175462992402 103.71084705360258 87.56817153110501
1.3143179231281743 103.7108557635507 87.56817153110468
1.31431817972189 103.71086169440657 87.56817153110501
1.3143183948325627 103.71086666643193 87.56817153110468
1.314318692775124 103.71087355301748 87.56817153110501
1.3143189815999416 103.7108802288577 87.56817153110501
1.314319354662793 103.71088885175992 87.56817153110501
1.3143195606246731 103.71089361232302 87.56817153110501
1.3143198284899371 103.71089980370934 87.56817153110501
1.3143201849917419 103.71090804382419 87.56817153110468
1.314320394341506 103.71091288269504 87.56817153110501
1.3143207265868837 103.71092056215231 87.56817153110501
1.314320972049698 103.71092623573405 87.56817153110502
1.3143212416025765 103.71093246612938 87.56817153110501
1.3143215931748722 103.71094059230686 87.56817153110468
1.3143219760517448 103.71094944205323 87.56817153110501
1.3143222335325695 103.71095539341857 87.56817153110468
1.314322507129059 103.71096171727883 87.56817153110501
1.3143227939143358 103.71096834598272 87.56817153110468
1.3143229925231878 103.71097293659267 87.56817153110501
1.3143233181108358 103.71098046216848 87.56817153110501
1.3143236274417398 103.71098761198921 87.56817153110468
1.314323944200927 103.71099493350648 87.56817153110501
1.3143241726959702 103.71100021490182 87.56817153110468
1.3143244360981068 103.71100630313407 87.56817153110501
1.3143247691026034 103.71101400014392 87.56817153110501
1.3143250109907472 103.71101959110607 87.56817153110501
1.314325301570487 103.711026307518 87.56817153110501
1.3143255819655237 103.71103278852279 87.56817153110501
1.3143258460199185 103.71103889183298 87.56817153110468
1.3143260869761537 103.71104446125639 87.5681715311047
1.3143263459664063 103.71105044751548 87.56817153110501
1.3143265878298942 103.71105603790956 87.56817153110501
1.3143268930707976 103.7110630931995 87.56817153110468
1.3143272336370462 103.71107096499443 87.56817153110501
1.3143276104927115 103.71107967557786 87.56817153110501
1.3143278150196296 103.71108440298167 87.56817153110468
1.3143280839200846 103.7110906183058 87.56817153110468
1.3143283099614922 103.7110958429927 87.56817153110501
1.3143286045199085 103.71110265137176 87.56817153110501
1.3143288788006335 103.7111089910557 87.56817153110501
1.314329193899716 103.71111627420947 87.56817153110468
1.3143294789385382 103.71112286255526 87.56817153110502
1.3143298667142653 103.71113182554754 87.56817153110501
1.3143301688227447 103.71113880843986 87.56817153110468
1.3143304730345806 103.71114583994932 87.56817153110468
1.3143306908578996 103.71115087468705 87.56817153110501
1.314331046451077 103.71115909381854 87.56817153110501
1.314331356484893 103.71116625989772 87.56817153110501
1.3143316853262514 103.71117386069238 87.56817153110468
1.3143320260932592 103.71118173713543 87.5681715311047
1.3143322427428874 103.71118674474626 87.56817153110468
1.3143325813824296 103.71119457201625 87.56817153110464
1.3143328999151809 103.71120193454102 87.56817153110501
1.3143331844596742 103.71120851146601 87.5681715311047
1.3143334661014023 103.71121508292697 87.57155133334432
1.3143338184665125 103.71122331117873 87.57614305346691
1.3143340989751255 103.71122986147434 87.5797984015767
1.3143344413025364 103.71123785533187 87.58425931962832
1.314334717289436 103.7112443000396 87.5878557450712
1.3143350851756825 103.71125289073537 87.59264972448705
1.3143353887194926 103.71126118409381 87.65860989074291
1.314335268247981 103.71126776183893 88.16853569861563
1.3143351651965232 103.71127338844829 88.6048762137078
1.3143350101908111 103.71128185175843 89.26134433579642
1.314334925474076 103.71128647729054 89.62014892323134
1.314334766090332 103.71129517963861 90.29511042045047
1.3143346405043634 103.71130203662787 90.82676552368504
1.3143345348698818 103.71130780426586 91.07207658891518
1.3143344440536002 103.71131276283018 91.07207658891517
1.3143343582007163 103.71131745039273 91.07207658891518
1.3143342656486352 103.71132250373053 91.07207658891484
1.314334177404486 103.71132732185501 91.07207658891517
1.3143340435392883 103.71133463088458 91.07207658891518
1.314333883767075 103.71134335443362 91.07207658891517
1.3143337739254857 103.71134935177395 91.07207658891518
1.3143336141170459 103.71135807729809 91.07207658891518
1.3143334617571143 103.71136639613286 91.07207658891518
1.314333317411608 103.71137427737949 91.07207658891518
1.3143331848536381 103.71138151502693 91.07207658891518
1.3143330686791945 103.71138785813503 91.07207658891518
1.3143329486811255 103.71139441001158 91.07207658891518
1.3143328485489225 103.71139987721409 91.07207658891518
1.314332741968054 103.71140569651199 91.07207658891518
1.3143326307465308 103.71141176918806 91.07207658891518
1.3143325313651717 103.7114171953925 91.07207658891518
1.314332397391923 103.7114245103069 91.07207658891517
1.314332290655428 103.71143033809878 91.07207658891518
1.3143321495587004 103.7114380419515 91.07207658891518
1.3143320626754746 103.71144278575731 91.07207658891518
1.3143319244259972 103.71145033414864 91.07207658891518
1.314331810421145 103.71145655878779 91.07207658891518
1.3143316987652018 103.71146265517618 91.07207658891518
1.3143315556088049 103.71147047148072 91.07207658891518
1.3143314297180295 103.71147734508543 91.07207658891518
1.314331307544268 103.71148401574109 91.07207658891518
1.3143312204516466 103.71148877097497 91.07207658891517
1.3143311230694625 103.71149408801564 91.07207658891517
1.3143309816147666 103.71150181140231 91.07207658891518
1.314330860156848 103.71150844296947 91.07207658891517
1.3143307246470701 103.71151584176295 91.07207658891517
1.3143306142959217 103.71152186690182 91.07207658891518
1.3143305081366234 103.71152766316622 91.07207658891518
1.314330383732776 103.7115344555763 91.07207658891517
1.3143302329042874 103.71154269076193 91.07207658891518
1.3143300868416803 103.71155066573051 91.07207658891517
1.3143300022253046 103.71155528575518 91.07207658891518
1.3143298701808637 103.71156249533472 91.07207658891518
1.31432940449656 103.71157028318666 91.48204888723002
1.3143286763623387 103.71157537588749 92.28862402465901
1.314327729811046 103.71158199623622 93.33846606042276
1.314326953096038 103.71158742871955 94.2006001902678
1.3143260637396712 103.71159364903653 95.18795865399726
1.3143248316474911 103.71160226650865 96.55511298576828
1.3143237560586654 103.71160978936824 97.74683781248552
1.3143228334737684 103.711616242091 98.11471542958266
1.3143216801459106 103.71162430867082 98.11471542958266
1.3143206568372383 103.7116314658732 98.11471542958266
1.3143196701481799 103.71163836695135 98.11471542958266
1.314318400837464 103.71164724473522 98.1147154295831
1.314317648964831 103.71165250346539 98.11471542958266
1.3143166435550848 103.71165953547884 98.11471542958266
1.3143159131301536 103.71166464419981 98.1147154295831
1.3143146934462588 103.71167317488417 98.11471542958266
1.3143138725293155 103.71167891652195 98.11471542958266
1.3143132008814322 103.71168361414554 98.11471542958266
1.3143121738730812 103.71169079722273 98.11471542958266
1.3143114202977844 103.71169606786087 98.11471542958266
1.31431043074442 103.711702988971 98.1147154295831
1.31430922322204 103.71171143459446 98.11471542958266
1.3143085719370926 103.71171598979562 98.1147154295831
1.3143078920137012 103.71172074529899 98.1147154295831
1.3143070564694754 103.71172658924166 98.11471542958276
1.3143063771667016 103.71173134040417 98.114715429583
1.314305730601475 103.71173586259447 98.11471542958266
1.3143046490672121 103.71174342703412 98.1147154295831
1.3143038211085842 103.71174921792135 98.11471542958276
1.314302587370392 103.7117578469015 98.11471542958276
1.314301906504225 103.71176260899813 98.11471542958266
1.3143009847053975 103.71176905621971 98.11471542958266
1.3142998812985338 103.71177677363929 98.114715429583
1.3142989127125007 103.71178354809838 98.11471542958276
1.3142976902223518 103.71179209840678 98.11471542958266
1.3142968066977445 103.71179827793115 98.114715429583
1.314295947182689 103.71180428952844 98.11471542958266
1.3142950184909303 103.71181078495945 98.114715429583
1.3142940778658008 103.71181736385438 98.11471542958276
1.3142931815362462 103.71182363293826 98.114715429583
1.3142919576944387 103.71183219269925 98.11471542958276
1.314291236986022 103.71183723345827 98.114715429583
1.3142904249752212 103.71184291280184 98.11471542958266
