1.3139532227194983 103.71092539895986 263.98683290232646 14.723400000000002 1.0
1.3139434880560028 103.71083403089675 263.98683290232646 10.223400000000002 2.0
1.3139339661101443 103.71074465939688 263.98683290232646 10.0 3.0
1.3139244441617393 103.71065528790079 263.98683290232646 10.0 4.0
1.3139149222107867 103.71056591640851 263.98683290232657 10.0 5.0
1.3139054002572879 103.71047654492004 263.98683290232657 10.0 6.0
1.3138804998448932 103.7103905789147 250.94311983027174 10.0 7.0
1.313840883295994 103.7103103507258 238.6366977860501 10.0 8.0
1.3137904353873673 103.71023617055626 233.31396751275787 10.0 9.0
1.313723678933035 103.71017572222284 219.2463874072584 10.0 10.0
1.3136435254629164 103.71013452682112 206.13528434152954 10.0 11.0
1.313556745932704 103.71011091984707 192.16181820845438 10.0 12.0
1.3134672724939271 103.7101018465494 180.0 10.0 13.0
1.3133769576449428 103.71010449721982 176.67319589896914 10.0 14.0
1.313286961508645 103.71011345382387 174.30955084356884 10.0 15.0
1.3131969653716142 103.71012241042413 174.30955084356884 10.0 16.0
1.3131069692338495 103.71013136702062 174.30955084356884 10.0 17.0
1.313016973095352 103.71014032361336 174.30955084356884 10.0 18.0
1.3129269769561214 103.71014928020232 174.30955084356884 10.0 19.0
1.312836980816158 103.71015823678749 174.30955084356884 10.0 20.0
1.3127469846754616 103.71016719336893 174.30955084356884 10.0 21.0
1.3126569885340311 103.71017614994656 174.30955084356884 10.0 22.0
