1.3128615452199954 103.7097686995385 353.4981917405719 20.6064 1.0
1.313005721388484 103.70975229889385 353.49819174057154 16.1064 2.0
1.313109615881392 103.70974048045268 353.49819174057154 11.6064 3.0
1.313199130711031 103.70973029775523 353.4981917405719 10.0 4.0
1.3132886455398445 103.709720115054 353.4981917405719 10.0 5.0
1.3133780987379955 103.70970948700936 352.9228017076878 10.0 6.0
1.3134670577010783 103.7096952876065 350.9029720742 10.0 7.0
1.313553724827333 103.70967324022985 340.40299757622574 10.0 8.0
1.3136262168167718 103.70962984065147 328.22522214393683 9.215399999999997 9.0
1.3136603048272413 103.70960323621618 321.87946451150265 4.715399999999997 10.0
1.3137164962514338 103.70957393072267 334.73993834527414 7.315399999999997 11.0
1.313786298262016 103.70952377380745 317.5691795713308 9.915399999999996 12.0
1.313848680064629 103.70945875729512 312.96731645662464 10.0 13.0
1.3139031470164175 103.70938718657801 304.42617003226013 10.0 14.0
1.3139424038778638 103.70930664110088 292.83864516224327 10.0 15.0
1.313966522347985 103.70922002263232 285.49395268064507 10.0 16.0
1.3139665744384454 103.70913031060454 269.3086122466322 10.0 17.0
1.3139682556873276 103.70904047183794 271.82488180489037 10.0 18.0
1.3139710894478884 103.70895064380987 271.82488180489 10.0 19.0
1.3139739232049958 103.70886081578477 271.82488180489 10.0 20.0
1.31397675695865 103.70877098776268 271.82488180489037 10.0 21.0
1.3139795907088503 103.70868115974356 271.82488180489 10.0 22.0
1.3139824244555967 103.70859133172742 271.82488180489 10.0 23.0
1.3139852581988898 103.7085015037143 271.82488180489037 10.0 24.0
