-314354009 cluster_241926223_241926371 1845246407 108.69
-445282910 cluster_241926220_241926356_6935401656 3728650727 19.26
-465236819 2507063827 2507063812 324.33
-480511018 3904772773 4735040062 20.04
-480511019 6979917296 3904772773 13.65
-480517948 1210144817 cluster_241926223_241926371 134.05
-482260934 3728650727 243988167 51.07
-669649077 1210144656 1210144817 21.21
-739856491 243988167 243988142 145.86
-740772938 1845246407 6979917296 5.8
-745720052 6979917294 5406526748 13.07
-810378361 3790462247 6045276052 282.88
173767920 cluster_241926220_241926356_6935401656 cluster_241926223_241926371 10.98
22568124 cluster_241926223_241926371 cluster_241926220_241926356_6935401656 10.88
22741310 cluster_241926220_241926356_6935401656 3203995118 12.19
314354010 3203995118 5406526740 70.18
369032100 3728650727 cluster_241926220_241926356_6935401656 20.08
369032292 3728639960 3203995118 34.33
445282910 3728650727 cluster_241926220_241926356_6935401656 19.26
445283008 3728639960 cluster_241926220_241926356_6935401656 5.45
480511018 4735040062 3904772773 20.04
480511019 3904772773 6979917296 13.65
480511021 3904772771 6979917295 17.15
480517948 cluster_241926223_241926371 1210144817 134.8
482259332 243988142 243988167 141.31
482260934 243988167 3728650727 51.07
482262402 4751045566 3728639960 20.8
482262405 4751045565 6927201374 33.3
482262408#1 6927201374 4751037746 158.68
560623912 5406526740 5406526748 52.3
636912702 5406526740 3904772771 23.2
645229998 2507063812 2507063827 322.31
669649077 1210144817 1210144656 21.21
669886915 1845246407 cluster_241926223_241926371 110.85
739808394 6927201378 4751045566 43.05
739808395 6927201378 6927201374 1.42
739808396 2507063812 739808396-AddedOffRampNode 0.2
739808396-AddedOffRampEdge 739808396-AddedOffRampNode 6927201378 95.99
739808397 4751037748 2507063812 35.99
745720052 5406526748 6979917294 13.07
745720053 6979917295 4735040063 14.4
745720054 6979917296 1845246407 5.92
753181575 cluster_241926220_241926356_6935401656 4751045565 59.1
810378361 6045276052 3790462247 278.08
