645229998
1.3196350349012405 103.77354428780426 153.8123819306565
1.3196268019318556 103.77354714691494 155.26680042971878
1.319619847186395 103.77354956212943 156.497219328534
1.3196154511765308 103.77355108875705 157.27525838784922
1.3196101074695619 103.77355294449688 158.22085857692508
1.3196056162018857 103.7735545042052 159.01511742882607
1.3195987015477195 103.77355690549683 160.23631315198054
1.3195917047638996 103.77355933531008 160.76259234705591
1.3195873054401366 103.77356086308845 160.76259234705591
1.3195815437771212 103.77356286397418 160.76259234705591
1.3195745521887234 103.77356529198308 160.76259234705643
1.31957021973368 103.77356679653951 160.76259234705591
1.3195651390049317 103.77356856095321 160.76259234705591
1.3195603742106268 103.77357021565055 160.76259234705591
1.319554600143676 103.77357222084373 160.7625923470558
1.3195480907455155 103.77357448139956 160.76259234705591
1.319539595188589 103.77357743170002 160.7625923470558
1.3195338191130956 103.77357943759064 160.76259234705591
1.3195266612457779 103.77358192334394 160.76259234705591
1.3195208725475693 103.77358393361807 160.7625923470558
1.319514124313235 103.77358627711574 160.76259234705591
1.3195089788967207 103.77358806399371 160.76259234705591
1.3195011007147162 103.77359079989465 160.76259234705591
1.3194953761132948 103.77359278790942 160.76259234705591
1.3194890786105506 103.77359497487885 160.76259234705591
1.3194813912626104 103.77359764450765 160.76259234705591
1.319475815638633 103.7735995807861 160.76259234705591
1.319471233419867 103.7736011720791 160.76259234705591
1.3194664884229892 103.77360281990093 160.76259234705591
1.3194597345053098 103.77360378756653 162.43070854050976
1.3194522476286883 103.7736031938589 166.36103272506756
1.3194461170379288 103.77360270770444 169.62608669746638
1.3194404258998054 103.77360225639845 172.6753941575287
1.3194343036467966 103.77360177090512 175.95521651423817
1.319428927017297 103.77360134453959 178.81868837012377
1.3194222240444882 103.77360081299531 182.3443721028475
1.3194154622273022 103.77360027678465 184.59150582170093
1.3194074179893809 103.77359963887828 184.591505821701
1.319400056286152 103.77359905509678 184.59150582170093
1.319395406888173 103.77359868640049 184.59150582170093
1.3193903011380113 103.77359828151555 184.59150582170093
1.3193826719117279 103.77359767651947 184.591505821701
1.3193779512101877 103.77359730216881 184.59150582170165
1.3193712495600194 103.77359677072928 184.591505821701
1.3193649595311432 103.77359627193125 184.59150582170093
1.3193585728011639 103.77359576546483 184.59150582170093
1.319353920495937 103.77359539653793 184.59150582170093
1.3193475682659646 103.77359489280731 184.59150582170093
1.3193399531708392 103.77359359182734 185.4782682302033
1.319331922054855 103.7735920014609 186.69301677899463
1.3193261099952511 103.77359085052439 187.57288724849838
1.319321104052096 103.77358985921954 188.33087850553216
1.3193166314192593 103.77358897352377 189.00801079196043
1.3193111445991321 103.77358788699298 189.83826089999891
1.319302780383405 103.77358623066421 191.10226569168904
1.3192965369452299 103.77358499430366 191.29996972337915
1.31928797829285 103.77358329947141 191.29996972337915
1.3192820441328166 103.77358212435583 191.2999697233799
1.3192774980179804 103.77358122410872 191.2999697233799
1.3192696769918086 103.77357967534533 191.2999697233798
1.3192647533913378 103.77357870034638 191.2999697233799
1.31925688212041 103.77357714163321 191.29996972337915
1.3192494707920865 103.77357567400044 191.29996972337915
1.3192420794245958 103.77357206318808 194.01318918729964
1.319238138910808 103.77356899354014 196.96022595057306
1.319232414248196 103.77356453404583 201.3119406879219
1.3192277708582103 103.77356091685954 204.87312104320003
1.3192229364204204 103.7735571508476 208.57910995838301
1.3192160949427354 103.77355182135786 213.76186126149418
1.3192118319982509 103.77354850053743 216.92268981327382
1.319205033904705 103.77354320484383 218.12597353532976
1.3191998922349195 103.77353919949917 218.12597353533027
1.319194408776091 103.77353492790189 218.12597353533027
1.3191889230261318 103.77353065451985 218.12597353533027
1.3191849182876136 103.7735275348411 218.12597353533027
1.3191802156659682 103.77352387151356 218.12597353533027
1.3191740943982222 103.77351910306518 218.12597353533027
1.3191695455110375 103.77351555949632 218.12597353533027
1.3191643919193723 103.77351154486458 218.12597353533027
1.319159892059956 103.77350803948823 218.12597353533027
1.3191539358324171 103.77350339960567 218.12597353533027
1.3191497943125619 103.77350017337471 218.12597353532976
1.319146069310608 103.7734972716099 218.12597353533027
1.3191419616807103 103.7734937302003 218.46887413518178
1.3191375958969327 103.7734890881041 219.71712765995773
1.3191340850477613 103.77348535505169 220.72295129872342
1.319128938200668 103.77347988245832 222.1993337486611
1.3191252302717216 103.7734759398529 223.26335999967876
1.3191208043123532 103.77347123377258 224.53272430824597
1.3191164572740137 103.77346661160827 225.7775669610172
1.319111832798943 103.77346169444814 226.96955470830392
1.319107198684915 103.77345676703901 226.96955470830392
1.3191031828337563 103.77345249702287 226.96955470830392
1.319098852964857 103.77344789311469 226.96955470830392
1.3190945256252045 103.77344329189584 226.96955470830392
1.3190904554776424 103.77343896414692 226.9695547083037
1.3190844248771976 103.77343255186719 226.9695547083035
1.3190811464743026 103.77342906597278 226.96955470830417
1.3190762406014855 103.77342384960521 226.96955470830392
1.3190718501947905 103.77341918132784 226.96955470830392
1.3190669463616689 103.77341396712909 226.96955470830392
1.3190623724873316 103.77340910377235 226.96955470830392
1.319057865355199 103.77340431138197 226.9695547083035
1.3190541528159414 103.77340036387459 226.9695547083035
1.3190506682534673 103.77339665877273 226.96955470830392
1.3190466287143732 103.77339236356957 226.96955470830392
1.319040849410764 103.77338621849152 226.96955470830392
1.3190370057398086 103.77338213155309 226.9695547083035
1.3190334879926646 103.77337839116635 226.96955470830417
1.3190285179718815 103.77337310659098 226.96955470830392
1.3190227529965433 103.77336697674808 226.9695547083037
1.3190188239396115 103.77336279901962 226.96955470830392
1.3190140648561346 103.7733577387319 226.96955470830375
1.31900893077907 103.77335227971713 226.96955470830392
1.3190028555766438 103.77334582001282 226.96955470830392
1.3189993749805287 103.77334211912847 226.96955470830392
1.3189933313857103 103.77333569303225 226.9695547083035
1.3189892620665304 103.77333136616434 226.9695547083035
1.3189845659470043 103.77332637282568 226.96955470830392
1.318981317393929 103.77332291867047 226.96955470830392
1.3189753158785595 103.773316537317 226.96955470830392
1.3189693686561057 103.77331021369268 226.96955470830392
1.3189635109442155 103.7733039852441 226.9695547083037
1.318957381423882 103.77329746778425 226.96955470830392
1.3189540761424698 103.7732939533104 226.96955470830392
1.3189504197412585 103.77329006549427 226.9695547083035
1.318947260254448 103.77328670604244 226.9695547083035
1.3189434601169518 103.77328266539291 226.96955470830392
1.3189389676154508 103.77327788855943 226.9695547083037
1.3189348669012189 103.77327352830959 226.96955470830392
1.3189301928548405 103.77326855844123 226.96955470830392
1.3189256779939766 103.77326375783329 226.96955470830392
1.3189224586617758 103.77326033474847 226.96955470830392
1.3189190385710674 103.77325669819908 226.96955470830417
1.3189154048802705 103.77325283453078 226.96955470830392
1.3189104479960583 103.77324756392372 226.96955470830392
1.3189072685838654 103.77324418328551 226.9695547083035
1.3189011663060466 103.77323769479254 226.96955470830392
1.3188962218282902 103.77323243737719 226.96955470830417
1.3188911457350856 103.77322704001642 226.96955470830417
1.3188859214704285 103.77322148510639 226.96955470830392
1.3188807236722313 103.77321595833793 226.96955470830392
1.3188751794922997 103.77321006326511 226.96955470830392
1.3188717757080015 103.77320644405425 226.9695547083035
1.3188683696700743 103.77320282244715 226.96955470830392
1.3188637872020954 103.77319794995337 226.9695547083035
1.3188584346434136 103.77319225862965 226.96955470830417
1.318852527211458 103.77318597731454 226.96955470830392
1.318846960209212 103.77318005797508 226.96955470830392
1.3188412274382626 103.77317396237537 226.96955470830392
1.3188360053517678 103.77316840978152 226.96955470830392
1.3188314897364428 103.7731636083716 226.9695547083037
1.3188257080109507 103.77315746071906 226.96955470830392
1.3188197936056423 103.77315117198938 226.9695547083037
1.3188143800543093 103.77314541581288 226.9695547083035
1.3188105222679924 103.7731413138662 226.96955470830392
1.3188048520582774 103.77313528478737 226.9695547083037
1.3187995966087622 103.77312969671904 226.96955470830392
1.3187935573152723 103.77312327519707 226.96955470830392
1.3187897511866982 103.77311922817759 226.9695547083035
1.3187837672990077 103.7731128655681 226.96955470830375
1.3187785525772666 103.77310732080527 226.96955470830392
1.318773400635816 103.77310184279612 226.96955470830392
1.318769626363911 103.7730978296496 226.96955470830392
1.318763623501533 103.77309144686456 226.96955470830392
1.3187586927252244 103.77308620401821 226.96955470830392
1.3187550468544933 103.77308232739942 226.9695547083035
1.318751897311918 103.77307897852153 226.96955470830392
1.3187479463326692 103.77307477748386 226.96955470830417
1.3187444186856205 103.77307102657116 226.96955470830375
1.3187386362797393 103.77306487819547 226.96955470830392
1.3187329739271294 103.77305885747123 226.96955470830375
1.3187275012326127 103.7730530384086 226.96955470830392
1.3187215597615096 103.77305092483302 223.23822863812964
1.3187130896509618 103.77304925585418 216.44089353750846
1.318708486579797 103.77304834884964 212.64502086739452
1.3187023407242224 103.77304713784972 207.5339969918323
1.3186975917025623 103.77304620208663 203.59747903826792
1.3186889999971318 103.77304548522295 195.47983300729283
1.3186837471663433 103.77304524199342 190.46510286883372
1.3186754863896484 103.77304485948254 187.46388537161977
1.3186684439187395 103.77304453338463 186.1288317338255
1.3186598819516573 103.77304413692724 184.50709529087234
1.3186513322884719 103.77304374103956 182.89161935719216
1.318644190316356 103.77304341033424 182.69652408108627
1.318635525215027 103.7730430091012 182.6965240810856
1.3186300439975864 103.77304275529625 182.69652408108627
1.3186234116405413 103.77304244818835 182.69652408108627
1.318614773024286 103.77304204818162 182.6965240810856
1.3186059266683523 103.7730416385556 182.6965240810856
1.3185993482069212 103.77304133394324 182.6965240810856
1.318591124752587 103.77304095316033 182.69652408108627
1.318582858635008 103.77304057040188 182.69652408108627
1.318576603583239 103.77304028076482 182.69652408108627
1.3185704747491798 103.77303999697217 182.6965240810856
1.3185638879403365 103.77303969197325 182.69652408108627
1.318556526947209 103.77303935112606 182.69652408108627
1.3185509063071417 103.77303909086507 182.6965240810856
1.318546070171831 103.77303886693016 182.69652408108627
1.318538865967381 103.77303853334298 182.69652408108627
1.3185303283916945 103.77303813801464 182.69652408108627
1.3185217058795702 103.77303773875335 182.69652408108627
1.3185162976554967 103.77303748832809 182.69652408108627
1.318508754513408 103.77303713904648 182.69652408108627
1.3185013394669605 103.77303679569626 182.69652408108627
1.3184925201012798 103.77303638731966 182.69652408108627
1.3184842303942366 103.77303600346863 182.69652408108627
1.3184782506826893 103.77303572658086 182.69652408108627
1.3184713822449472 103.77303540854103 182.69652408108627
1.31846607012786 103.77303516256589 182.6965240810856
1.318458395259429 103.77303480718462 182.69652408108627
1.3184536518501861 103.77303458754321 182.69652408108627
1.3184482452794268 103.77303433719437 182.69652408108627
1.3184429373967517 103.77303409141528 182.69652408108627
1.3184361750556288 103.77303377828812 182.69652408108627
1.318430683018003 103.77303352398177 182.69652408108627
1.3184243194853802 103.77303322932123 182.69652408108627
1.3184164105177 103.77303286309998 182.69652408108627
1.3184089248523818 103.77303251647955 182.69652408108627
1.3184033799130037 103.77303225972356 182.6965240810856
1.318395124989535 103.77303187748294 182.69652408108627
1.3183882274409835 103.77303155809493 182.69652408108627
1.3183810611275928 103.77303122626189 182.6965240810856
1.3183752819229058 103.7730309586583 182.69652408108627
1.3183687312754966 103.77303065533337 182.69652408108627
1.3183640979226499 103.77303044078793 182.69652408108627
1.3183558584652575 103.77303005926335 182.69652408108627
1.3183492872488067 103.77302975498593 182.6965240810856
1.31834062123935 103.77302935370999 182.69652408108627
1.3183322280630003 103.77302896506743 182.69652408108627
1.3183268370871584 103.77302871544052 182.69652408108627
1.3183192821331644 103.77302836561148 182.69652408108627
1.3183112594275552 103.77302810685111 182.55294080526377
1.3183024999714574 103.77302795137307 182.2343243737827
1.3182963427506882 103.77302784208402 182.0103471399051
1.3182877492190417 103.77302768955107 181.69774035056176
1.3182790755371514 103.77302753559545 181.38222864259313
1.318274489943341 103.77302745420232 181.21543505518773
1.3182677667863876 103.77302733486798 181.05168845230327
1.3182608325771292 103.77302721178748 181.05168845230327
1.3182519668934842 103.77302705442379 181.05168845230327
1.3182469972482747 103.77302696621379 181.05168845230327
1.3182396086181731 103.77302683506738 181.05168845230327
1.3182342273490026 103.77302673955117 181.05168845230327
1.318227657362015 103.77302662293545 181.05168845230327
1.3182208855690911 103.77302650273772 181.0516884523026
1.318214654975801 103.77302639214614 181.0516884523026
1.3182068496382784 103.77302625360319 181.0516884523026
1.3182010540085878 103.7730261507321 181.05168845230327
1.3181957995589824 103.7730260574668 181.05168845230327
1.3181887318811667 103.77302593201709 181.05168845230327
1.3181797921502765 103.77302577333886 181.0516884523026
1.3181721448740846 103.77302563760136 181.05168845230327
1.318165562671612 103.7730255207687 181.0516884523026
1.3181583746040049 103.77302539318201 181.0516884523026
1.3181523173416205 103.77302528566689 181.05168845230327
1.3181448837477379 103.77302515372216 181.05168845230327
1.3181362748998577 103.77302500091686 181.05168845230327
1.318128846041179 103.77302486905612 181.05168845230327
1.3181202742423916 103.77302496175164 180.73952510887474
1.3181128778225588 103.7730250657764 180.4394824254114
1.3181062815684554 103.77302515854743 180.1718845990475
1.3181002448662626 103.7730252434488 179.92698503884378
1.3180914357838214 103.77302536734143 179.56963041158588
1.3180866601508636 103.77302543450686 179.3759157584171
1.3180794391257875 103.77302553606474 179.2172504789609
1.318074691793994 103.7730256028321 179.2172504789609
1.3180685434662516 103.77302568930332 179.2172504789609
1.3180623041551551 103.77302577705413 179.2172504789603
1.3180534222636637 103.77302590197066 179.2172504789609
1.3180479540021983 103.77302597887727 179.2172504789609
1.318038925655697 103.77302610585352 179.2172504789609
1.3180317930225884 103.77302620616808 179.2172504789603
1.3180239671777245 103.77302631623208 179.2172504789603
1.3180182001518668 103.77302639734049 179.2172504789609
1.3180107258828917 103.77302650245983 179.2172504789603
1.318003534925589 103.77302660359462 179.2172504789609
1.3179962282598463 103.77302670635673 179.2172504789603
1.3179901354937722 103.77302679204632 179.2172504789609
1.317983277096439 103.77302688850389 179.2172504789609
1.3179780573604172 103.77302696191504 179.2172504789609
1.3179693962273176 103.77302708372649 179.2172504789603
1.317962595217431 103.77302717937688 179.2172504789603
1.3179577890034475 103.77302724697216 179.2172504789609
1.3179509403038365 103.77302734329324 179.2172504789609
1.3179426305257647 103.7730274601631 179.2172504789609
1.3179343480203825 103.77302757664937 179.2172504789609
1.3179264632438776 103.7730276875419 179.2172504789609
1.3179181202382078 103.77302780487899 179.2172504789609
1.317910632085353 103.77302791019332 179.2172504789609
1.3179034774909786 103.77302801081642 179.2172504789609
1.317896037740931 103.77302811544995 179.2172504789603
1.3178870472453303 103.77302824189333 179.2172504789609
1.3178799399325898 103.77302834185139 179.2172504789603
1.317872354408386 103.77302844853503 179.2172504789609
1.3178657437881574 103.77302854150751 179.2172504789609
1.317856794568507 103.77302866737028 179.2172504789609
1.317849763778587 103.77302876625203 179.2172504789609
1.3178444453208142 103.77302884105134 179.2172504789603
1.3178384597409236 103.77302892523312 179.2172504789609
1.3178295515736957 103.77302905051843 179.2172504789609
1.3178212068021211 103.77302916788005 179.2172504789609
1.3178130960368868 103.77302928195058 179.2172504789609
1.3178085696862878 103.77302934560954 179.2172504789609
1.3178009182664465 103.77302945321978 179.2172504789609
1.317793255188601 103.7730295609939 179.2172504789609
1.3177873367023634 103.77302964423197 179.2172504789609
1.3177784399016712 103.77302976935724 179.2172504789603
1.3177718081974925 103.77302986262599 179.2172504789603
1.3177653117162693 103.77302995399297 179.2172504789609
1.3177574290065512 103.77303006485592 179.2172504789609
1.31774871160016 103.77303018745808 179.2172504789609
1.3177430927207652 103.77303026648232 179.2172504789609
1.317736522191319 103.77303035889067 179.2172504789609
1.3177289546486362 103.773030465321 179.2172504789603
1.317724261189345 103.77303053133005 179.2172504789609
1.317718449145865 103.77303061307094 179.2172504789603
1.3177132792795274 103.7730372297718 170.23614991968884
1.3177086548297108 103.7730444597637 159.1536246883954
1.3177052653156012 103.77304975902314 150.56347240217644
1.3177004364560803 103.77305730859463 138.43911658103463
1.3176977735842605 103.77306147180146 132.1405180363051
1.3176934622089662 103.77306821232378 122.89507169400036
1.3176906010099132 103.77307268560075 122.46453682697346
1.3176859305810777 103.77307998747709 122.46453682697366
1.3176827661797246 103.77308493478877 122.46453682697366
1.3176798967600911 103.7730894209179 122.46453682697366
1.3176752019257625 103.77309676095022 122.46453682697346
1.3176719842440132 103.7731017915618 122.46453682697359
1.3176684475497715 103.77310732092616 122.46453682697359
1.3176646162712375 103.77311331085157 122.46453682697346
1.317660725784577 103.77311939334454 122.46453682697346
1.3176582106356325 103.77312332559697 122.46453682697359
1.317654514381803 103.77312910442095 122.46453682697351
1.317651389623084 103.77313398975383 122.46453682697346
1.3176469903505292 103.7731408676963 122.46453682697332
1.3176427819751044 103.77314744718491 122.46453682697366
1.3176383658061788 103.77315435154348 122.46453682697383
1.3176336102899906 103.77316178644668 122.46453682697359
1.3176297081885875 103.77316788709796 122.46453682697383
1.3176249078924418 103.7731753920112 122.46453682697346
1.31762141499979 103.77318085289428 122.46453682697383
1.317617100537799 103.77318759824107 122.46453682697346
1.3176122781665862 103.77319513766682 122.46453682697346
1.317608212620999 103.77320149385082 122.46453682697346
1.3176043954034593 103.77320746179196 122.46453682697383
1.317601333223398 103.77321224928706 122.46453682697377
1.3175966241399122 103.77321961159538 122.4645368269735
1.3175941871616754 103.77322342163295 122.46453682697346
1.3175917473409107 103.7732272361146 122.46453682697378
1.3175885195421702 103.77323228254224 122.46453682697346
1.3175854055319796 103.77323715106975 122.46453682697383
1.317582575297106 103.77324157593523 122.46453682697377
1.3175781842390883 103.77324844103362 122.4645368269735
1.3175742789139935 103.77325454672402 122.4645368269735
1.3175694282187012 103.77326213043156 122.46453682697383
1.3175649829601148 103.77326908026834 122.46453682697384
1.3175605469851097 103.77327601559084 122.46453682697346
1.3175560211620327 103.77328309138416 122.4645368269735
1.3175520768383049 103.77328925804571 122.46453682697346
1.3175481165082172 103.77329544973196 122.46453682697383
1.317543408705432 103.77330281003701 122.46453682697383
1.3175403168697073 103.77330764389579 122.46453682697346
1.3175376127836032 103.7733118715364 122.46453682697346
1.317533056530271 103.77331899490476 122.4645368269735
1.3175294334701353 103.77332465929383 122.46453682697384
1.3175246637876676 103.77333211634286 122.46453682697383
1.317521500543809 103.77333706184278 122.46453682697346
1.3175179900017442 103.77334255031795 122.46453682697384
1.3175141026516963 103.77334862790472 122.46453682697383
1.317511091419766 103.77335333574501 122.46453682697383
1.3175067124494337 103.77336018194391 122.46453682697346
1.3175039605774397 103.77336448429388 122.46453682697346
1.3174992096679499 103.77337191199221 122.4645368269735
1.3174952731712064 103.77337806641594 122.46453682697377
1.3174913023028114 103.77338427457715 122.46453682697346
1.3174887688187 103.77338823549353 122.4645368269735
1.3174860628606613 103.7733924660602 122.4645368269735
1.317481650709074 103.77339936413512 122.46453682697346
1.317477006173129 103.7734066255258 122.46453682697377
1.3174728450784434 103.77341313109154 122.46453682697339
1.3174690198973982 103.77341911148092 122.46453682697341
1.317466454798393 103.77342312182462 122.46453682697384
1.3174616962244483 103.77343056150507 122.4645368269735
1.3174579856875415 103.77343636265658 122.46453682697346
1.3174542884881522 103.77344214295583 122.46453682697383
1.3174502133423733 103.77344851414638 122.46453682697346
1.317446359826577 103.77345453883473 122.46453682697383
1.3174434656399328 103.77345906368248 122.46453682697341
1.3174393911996545 103.77346543376986 122.4645368269735
1.3174353475368745 103.77347175573883 122.4645368269735
1.317432468898342 103.77347625627813 122.46453682697346
1.3174295427071092 103.77348083116254 122.4645368269735
1.317425297588955 103.77348746809196 122.46453682697341
1.3174217740310468 103.77349297691507 122.4645368269735
1.3174175177907717 103.77349963123297 122.46453682697346
1.3174131116220735 103.77350651995283 122.46453682697339
1.31741061605824 103.77351042158284 122.46453682697377
1.3174075015130777 103.77351529094449 122.4645368269735
1.317403868437553 103.77352097099002 122.46453682697383
1.3173990963826587 103.7735284317457 122.46453682697346
1.3173943070071852 103.77353591958074 122.46453682697346
1.3173911684082014 103.77354082654854 122.46453682697346
1.3173884722116715 103.77354504185273 122.46453682697346
1.3173842129636057 103.77355170087252 122.46453682697383
1.3173798086871706 103.77355858663337 122.46453682697346
1.3173766061136394 103.77356359362044 122.46453682697346
1.3173733395416807 103.77356870066431 122.46453682697376
1.3173686228137234 103.77357607491982 122.46453682697351
1.3173648825901774 103.7735819224828 122.46453682697351
1.3173613505168733 103.7735874446182 122.46453682697383
1.3173574199132687 103.77359358982623 122.46453682697383
1.3173538283250388 103.77359920500871 122.46453682697376
1.3173493830843528 103.77360615481359 122.46453682697383
1.3173468548108445 103.77361010758212 122.46453682697346
1.3173423321490163 103.77361717842909 122.46453682697388
1.317337828359926 103.77362421976983 122.46453682697346
1.317334650405157 103.77362918826677 122.46453682697339
