480511019
1.317639272488412 103.77131418088203 350.3374644117047
1.317646618438593 103.77131293449433 350.33746441170433
1.3176514418372407 103.77131211610805 350.3374644117047
1.3176567063376976 103.77131122288 350.33746441170433
1.31766227783495 103.77131027756377 350.3374644117047
1.317668945841894 103.77130914620265 350.33746441170433
1.3176762106764188 103.77130791357776 350.3374644117047
1.3176820205614965 103.7713069278142 350.3374644117047
1.3176877692678903 103.7713059524308 350.3374644117047
1.3176957257821846 103.77130460244847 350.33746441170433
1.3177014377286853 103.77130363330207 350.33746441170433
1.3177058958777967 103.77130287688757 350.3374644117047
1.3177143126880773 103.77130144880672 350.3374644117047
