482262402
1.3191207362658965 103.7721229405553 251.1875708384435
1.3191182829835109 103.77211579704314 251.1875708384437
1.3191154686240034 103.77210760214015 251.1875708384437
1.319113355207804 103.77210144825663 251.18757083844318
1.3191109130536758 103.7720943371481 251.18757083844318
1.3191080532611312 103.77208600995256 251.1875708384437
1.3191051511363974 103.77207755949345 251.1875708384435
1.3191035614904532 103.77207164722185 251.70107395037854
1.319102414847171 103.77206292377129 253.86351436055236
1.3191015534789978 103.77205637064127 255.49398673525755
1.3191004214676825 103.77204775850838 257.63977104947907
1.3190993978208985 103.772039970793 259.5784955757683
1.3190983147406603 103.77203173091908 261.6230013629261
1.319097494938607 103.77202549401697 262.5876176895967
1.3190964116813595 103.77201725279674 262.58761768959704
1.31909545197007 103.7720099514914 262.5876176895971
1.3190948480589713 103.77200535704793 262.58761768959675
1.3190936498984782 103.77199624166563 262.5876176895971
1.319092511695141 103.77198758242645 262.58761768959704
1.319091902211559 103.77198294558886 262.58761768959704
