369032100
1.3193218668756583 103.77139428463506 144.24451217066851
1.3193155246152424 103.77139882670592 144.2445121706687
1.3193102689933327 103.77140259057009 144.2445121706687
1.31930476441687 103.77140653272541 144.24451217066897
1.3192974576289465 103.77141176555175 144.2445121706687
1.319293084199303 103.77141489762536 144.2445121706687
1.3192891377621403 103.77141772390418 144.2445121706687
1.319285181382544 103.77142055730334 144.2445121706687
1.3192791884642394 103.77142484918919 144.2445121706687
1.3192732834928045 103.77142939887923 143.91240314500854
1.319269571640559 103.7714336830498 142.22292052403827
1.319266593317403 103.77143712059083 140.861189069887
1.319261213191685 103.7714433302604 138.3927013102569
1.3192567367693984 103.77144849688744 136.33592156632614
1.3192513496583198 103.7714547146193 133.86514561720793
1.3192473720160112 103.771459305561 132.04894598422402
1.3192434548583545 103.77146650307343 128.5074750791788
1.3192411377428883 103.771474055069 124.34463457286188
1.3192396872648842 103.77147878249993 121.70606709676139
1.3192373168989122 103.77148650805056 117.37322129818806
