1.3173946852014724 103.77139482805583 347.0246682223378 0.0 1.0
1.3174176015461772 103.7713895699105 347.0246682223378 2.6 2.0
1.3174634342352687 103.77137905361901 347.0246682223375 5.2 3.0
1.317532136835847 103.7713620703109 345.51765318406405 7.800000000000001 4.0
1.3176127150470909 103.77131868688403 341.51070375657076 10.0 5.0
1.3177018339772888 103.77130356607056 350.3374644117047 10.0 6.0
1.3177780616787964 103.77126094135741 324.17521781209666 10.0 7.0
1.3178602585665986 103.77124426645084 348.2358093545295 10.0 8.0
1.3179337038923986 103.77121591454431 337.12346184937985 10.0 9.0
1.3180181917194396 103.77118029311755 337.034630581483 10.0 10.0
1.3181026795436446 103.77114467168622 337.0346305814827 10.0 11.0
1.3181871673650132 103.77110905025029 337.034630581483 10.0 12.0
1.3182716551835447 103.7710734288098 337.03463058148304 10.0 13.0
1.3183561429992392 103.7710378073647 337.03463058148265 10.0 14.0
1.3184415496734152 103.77100470371776 340.4020286411626 10.0 15.0
1.318529380982938 103.77097824389742 343.16065405003457 10.0 16.0
1.3186172122903657 103.77095178407264 343.16065405003434 10.0 17.0
1.3187050435956982 103.77092532424336 343.16065405003457 10.0 18.0
1.3187925206460167 103.77089897113099 343.16065405003457 9.959666666666665 19.0
1.3188407456807483 103.7708854889371 344.4188620230682 5.459666666666665 20.0
1.3188492744245253 103.7708833035184 344.88075043660103 0.9596666666666683 21.0
1.3188492744245253 103.7708833035184 344.88075043660103 4.7748263676261615e-15 22.0
1.3188492744245253 103.7708833035184 344.88075043660103 4.7748263676261615e-15 23.0
1.3188492744245253 103.7708833035184 344.88075043660103 4.7748263676261615e-15 24.0
1.3188492744245253 103.7708833035184 344.88075043660103 4.7748263676261615e-15 25.0
1.3188492744245253 103.7708833035184 344.88075043660103 4.7748263676261615e-15 26.0
1.3188492744245253 103.7708833035184 344.88075043660103 4.7748263676261615e-15 27.0
1.3188492744245253 103.7708833035184 344.88075043660103 4.7748263676261615e-15 28.0
1.3188492744245253 103.7708833035184 344.88075043660103 4.7748263676261615e-15 29.0
1.3188492744245253 103.7708833035184 344.88075043660103 4.7748263676261615e-15 30.0
1.3188492744245253 103.7708833035184 344.88075043660103 4.7748263676261615e-15 31.0
1.3188492744245253 103.7708833035184 344.88075043660103 4.7748263676261615e-15 32.0
1.3188492744245253 103.7708833035184 344.88075043660103 4.7748263676261615e-15 33.0
1.3188492744245253 103.7708833035184 344.88075043660103 4.7748263676261615e-15 34.0
1.3188492744245253 103.7708833035184 344.88075043660103 4.7748263676261615e-15 35.0
1.3188492744245253 103.7708833035184 344.88075043660103 4.7748263676261615e-15 36.0
1.3188492744245253 103.7708833035184 344.88075043660103 4.7748263676261615e-15 37.0
1.3188492744245253 103.7708833035184 344.88075043660103 4.7748263676261615e-15 38.0
1.3188492744245253 103.7708833035184 344.88075043660103 4.7748263676261615e-15 39.0
1.3188492744245253 103.7708833035184 344.88075043660103 4.7748263676261615e-15 40.0
1.3188492744245253 103.7708833035184 344.88075043660103 4.7748263676261615e-15 41.0
1.3188492744245253 103.7708833035184 344.88075043660103 4.7748263676261615e-15 42.0
1.3188492744245253 103.7708833035184 344.88075043660103 4.7748263676261615e-15 43.0
1.3188492744245253 103.7708833035184 344.88075043660103 4.7748263676261615e-15 44.0
1.3188492744245253 103.7708833035184 344.88075043660103 4.7748263676261615e-15 45.0
1.3188492744245253 103.7708833035184 344.88075043660103 4.7748263676261615e-15 46.0
1.3188492744245253 103.7708833035184 344.88075043660103 4.7748263676261615e-15 47.0
1.3188492744245253 103.7708833035184 344.88075043660103 4.7748263676261615e-15 48.0
1.3188492744245253 103.7708833035184 344.88075043660103 4.7748263676261615e-15 49.0
1.3188492744245253 103.7708833035184 344.88075043660103 4.7748263676261615e-15 50.0
1.3188492744245253 103.7708833035184 344.88075043660103 4.7748263676261615e-15 51.0
1.3188492744245253 103.7708833035184 344.88075043660103 4.7748263676261615e-15 52.0
1.3188725738910672 103.77088025124492 349.1546868142878 2.600000000000005 53.0
1.318919290440368 103.7708772387041 356.3148533448443 5.200000000000005 54.0
1.3189874311919354 103.77089024018088 16.260204708311957 7.800000000000004 55.0
1.3190749015086243 103.7709057035363 4.424160088586772 10.0 56.0
1.3191637558385305 103.77089150508515 347.1965924020253 10.0 57.0
1.3192513526346048 103.7708679438682 344.88062994523415 10.0 58.0
1.3193389494288386 103.77084438264696 344.8806299452339 10.0 59.0
1.3194265462212322 103.77082082142141 344.8806299452339 10.0 60.0
1.3195141430117852 103.77079726019159 344.8806299452339 10.0 61.0
1.3196017398004978 103.77077369895746 344.8806299452342 10.0 62.0
1.3196893365873694 103.77075013771905 344.8806299452338 10.0 63.0
1.3197769333724003 103.77072657647633 344.880629945234 10.0 64.0
1.319865120217292 103.77070536741726 347.18504984993797 10.0 65.0
1.3199535996586589 103.77068532475015 347.1850498499376 10.0 66.0
1.320042079098465 103.77066528207882 347.18504984993797 10.0 67.0
1.3201305585367102 103.77064523940332 347.18504984993797 10.0 68.0
1.320219416510892 103.77062707236277 349.61663822093624 10.0 69.0
1.3203088329487345 103.77061167249119 350.1943691352177 10.0 70.0
1.3204015522458417 103.77060108463806 354.0178649168159 10.0 71.0
1.3204914875235543 103.77059167630175 354.0178649168159 10.0 72.0
