655598648
1.3261730710092812 103.97325583829915 111.99664389844196
1.3261705245190798 103.97326210913484 111.99664389844196
1.3261672955645365 103.9732700605666 111.99664389844534
1.3261654994937815 103.97327448346377 111.99664389844294
1.3261624006971142 103.97328211437633 111.99664389844294
1.32616052748938 103.97328672722635 111.99664389844196
1.3261587011385376 103.97329122468935 111.99664389844438
1.326156013394389 103.97329784336821 111.99664389844294
1.3261539992719371 103.9733028032263 111.99664389844534
1.3261506268921237 103.97331110784808 111.99664389844294
1.3261479717343572 103.97331764628143 111.99664389844438
1.3261461412850428 103.97332215383685 111.99664389844294
1.3261438754843593 103.97332773346255 111.99664389844534
1.3261405131625128 103.97333601331579 111.99664389844294
1.326137906676369 103.97334243189304 111.99664389844294
1.3261346705162045 103.97335040106788 111.99664389844294
1.3261314480552404 103.97335833650777 111.99664389844438
1.326129167050188 103.97336395357449 111.99664389844196
1.3261268414166132 103.9733696805407 111.99664389844534
1.3261240610821448 103.97337652722607 111.99664389844294
1.3261210169371374 103.97338402355541 111.99664389844196
1.3261186517764734 103.97338984785844 111.99664389844294
1.326115659408658 103.9733972166842 111.99664389844294
1.326112418274707 103.97340519810643 111.99664389844196
1.3261104595685786 103.97341002149871 111.99664389844534
1.3261085511643196 103.97341472102059 111.99664389844294
1.326106831763781 103.9734189551132 111.99664389844534
1.3261047029197561 103.97342419747675 111.99664389844294
1.3261029567825149 103.97342849740949 111.99664389844294
1.326100092976622 103.97343554964588 111.99664389844196
1.326097308843823 103.97344240568403 111.99664389844294
1.3260942295536766 103.97344998855883 111.99664389844438
1.3260920891095616 103.97345525948776 111.99664389844196
1.3260902121296847 103.97345988162549 111.99664389844294
1.3260877370161965 103.97346597669102 111.99664389844438
1.326084615690528 103.97347366307964 111.99664389844438
1.3260818063604836 103.97348058116657 111.99664389844438
1.326079609208708 103.97348599174012 111.99664389844294
1.3260768125887596 103.97349287852776 111.99664389844534
1.3260742095308937 103.97349928866103 111.99664389844294
1.326071953797413 103.97350484349417 111.99664389844534
1.3260699459660994 103.97350978785836 111.99664389844294
1.3260678227433849 103.97351501637837 111.99664389844196
1.3260653177114643 103.97352118511866 111.99664389844534
1.32606210849273 103.97352908794672 111.99664389844196
1.3260589956009332 103.9735367535658 111.99664389844294
1.326056484395756 103.97354293750773 111.99664389844294
1.3260536902327658 103.97354981824436 111.99664389844196
1.3260513611295068 103.973555553753 111.99664389844294
1.326049482417428 103.97356018015556 111.99664389844294
1.3260467755751562 103.97356684586127 111.99664389844294
1.32604345476367 103.97357502349027 111.99664389844534
1.3260408055646147 103.97358154724716 111.99664389844294
1.3260379330879197 103.97358862083392 111.99664389844294
1.3260353468761248 103.97359498948204 111.99664389844196
1.326033168886349 103.97360035286734 111.99664389844196
1.32602993369275 103.97360831965848 111.99664389844196
1.32602751502451 103.97361427572382 111.99664389844196
1.326025121291162 103.97362017038596 111.99664389844196
1.3260220059200303 103.97362784210931 111.99664389844534
1.3260186707391879 103.97363605512255 111.99664389844294
1.3260164331324014 103.97364156531671 111.99664389844294
1.326014727451741 103.97364576562197 111.99664389844294
1.326012241971813 103.97365188621332 111.99664389844438
1.3260098823217137 103.97365769694375 111.99664389844294
1.3260077704579265 103.97366289749066 111.99664389844294
1.3260047145392542 103.97367042280946 111.99664389844196
1.3260018698436056 103.97367742798325 111.99664389844534
1.3259998264362 103.9736824599535 111.99664389844294
1.3259968016218115 103.97368990867652 111.99664389844196
1.325994878064228 103.97369464551183 111.99664389844196
1.3259917997338693 103.97370222601987 111.99664389844196
1.3259889838535803 103.97370916023432 111.99664389844196
1.3259863616597076 103.97371561748841 111.99664389844294
1.3259834927381196 103.97372268231898 111.99664389844196
1.325980387899898 103.97373032810329 111.99664389844294
1.3259779692632665 103.97373628408955 111.99664389844438
1.3259751075981416 103.97374333105056 111.99664389844294
1.3259730622831931 103.97374836771763 111.99664389844294
1.3259708050722914 103.97375392618663 111.99664389844438
1.325968271113227 103.9737601661586 111.99664389844196
1.3259654855491536 103.97376702571754 111.99664389844196
1.3259626723434457 103.97377395334499 111.99664389844294
1.3259600240896625 103.97378047477189 111.99664389844294
1.3259567597298392 103.97378851338352 111.99664389844438
1.325954931183691 103.97379301624872 111.99664389844294
1.3259529004367687 103.97379801704105 111.99664389844196
1.3259504649252574 103.97380401458167 111.99664389844294
1.3259483469068447 103.9738092302833 111.99664389844294
1.3259455866044634 103.97381602763379 111.99664389844196
1.325942680470267 103.97382318410062 111.99664389844294
1.3259407561847012 103.97382792272752 111.99664389844294
1.3259379564816485 103.97383481710344 111.99664389844294
1.3259356176439547 103.97384057658073 111.99664389844294
1.325932491939962 103.97384827374628 111.99664389844294
1.3259303952961403 103.97385343681177 111.99664389844534
1.3259274411918895 103.97386071140623 111.99664389844294
1.3259246792712553 103.97386751274114 111.99664389844534
1.3259215745901836 103.97387515813658 111.99664389844438
1.3259198807581856 103.97387932926239 111.99664389844196
1.3259177784079144 103.97388450637995 111.99664389844534
1.3259158187150355 103.97388933219821 111.99664389844294
1.3259138658976168 103.97389414108538 111.99664389844294
1.3259118671357404 103.97389906311246 111.99664389844415
1.3259098028565985 103.97390414647823 111.99664389844415
1.3259073961410943 103.97391007310652 111.99664389844415
1.3259051758971105 103.97391554054157 111.99664389844196
1.3259032126053132 103.97392037522205 111.99664389844294
1.3259001727708142 103.97392786092966 111.99664389844196
1.3258975168315166 103.97393440128074 111.99664389844196
1.325894168892964 103.97394264570606 111.99664389844415
1.3258911768654962 103.9739500136868 111.99664389844415
1.3258889354610617 103.97395553322986 111.99664389844294
1.325885597287523 103.97396375360819 111.99664389844294
1.3258828704226666 103.97397046861573 111.99664389844294
1.3258799916093822 103.97397755780192 111.99664389844196
1.3258771518015435 103.97398455093563 111.99664389844196
1.3258751838842875 103.97398939700591 111.99664389844294
1.3258723626838749 103.973996344318 111.99664389844294
1.3258692285362321 103.97400406227433 111.99664389844318
1.3258662882180596 103.9740113029182 111.99664389844415
1.3258634757119985 103.97401822881987 111.99664389844415
1.325860262649029 103.97402614110786 111.99664389844294
1.3258583338449248 103.97403089086019 111.99664389844196
1.3258551876194622 103.97403863855816 111.99664389844196
1.3258525580847431 103.97404511388574 111.99664389844318
1.3258507655092648 103.97404952816984 111.99664389844318
1.3258486977997415 103.97405461998177 111.99664389844294
1.3258462033815774 103.97406076257963 111.99664389844415
1.3258430140025006 103.97406861654457 111.99664389844415
1.3258408472609327 103.97407395222645 111.99664389844196
1.3258383407136867 103.9740801246924 111.99664389844318
1.3258363976482828 103.97408490956327 111.99664389844318
1.3258345251777677 103.97408952059159 111.99664389844318
1.3258316346305925 103.97409663867148 111.99664389844415
1.3258294206875143 103.9741020905886 111.99664389844318
1.3258270386578277 103.97410795642514 111.99664389844294
1.3258250711554052 103.97411280147286 111.99664389844415
1.3258227153209758 103.97411860280252 111.99664389844415
1.3258203223223834 103.97412449565024 111.99664389844294
1.3258179641682963 103.97413030269203 111.99664389844318
1.3258157846971372 103.97413566972043 111.99664389844318
1.3258125164838088 103.97414371781664 111.99664389844196
1.3258093334580419 103.97415155613521 111.99664389844318
1.3258069974068991 103.97415730874742 111.99664389844294
1.3258036472368717 103.97416555866471 111.99664389844318
1.325800375051886 103.97417361654087 111.99664389844294
1.3257971599965543 103.97418153373303 111.99664389844196
1.3257944854152497 103.9741881199879 111.99664389844415
1.325792089017051 103.9741940212066 111.99664389844415
1.3257894228579612 103.97420058672132 111.99664389844294
1.3257871216719668 103.97420625347634 111.99664389844415
1.325785192866197 103.97421100323133 111.99664389844318
1.325781991580225 103.97421888651544 111.99664389844294
1.3257801524193202 103.97422341551656 111.99664389844415
1.325777455559638 103.97423005663232 111.99664389844415
1.3257748448980566 103.974236485482 111.99664389844318
1.3257724822556318 103.97424230357537 111.99664389844196
1.3257696850714114 103.97424919174374 111.99664389844294
1.3257676499278905 103.97425420335898 111.99664389844294
1.325765349948067 103.97425986714325 111.99664389844415
1.3257627400929277 103.9742662940067 111.99664389844294
1.325760660044516 103.97427141620173 111.99664389844415
1.3257581150509552 103.97427768334106 111.99664389844415
1.3257558016137658 103.97428338026435 111.99664389844196
1.3257538299526361 103.97428823555161 111.99664389844415
1.3257508292792408 103.97429562481892 111.99664389844294
1.325748419073557 103.97430156003797 111.99664389844196
1.3257455866181227 103.97430853506229 111.99664389844415
1.3257438645890056 103.97431277562144 111.99664389844415
1.3257411340699203 103.97431949962368 111.99664389844294
1.3257392648404582 103.97432410266894 111.99664389844318
1.325736573535716 103.9743307301043 111.99664389844415
1.3257333269505147 103.97433872493781 111.99664389844318
1.3257309022765555 103.97434469578506 111.99664389844196
1.3257285160766612 103.9743505718885 111.99664389844318
1.3257265393208812 103.97435543972097 111.99664389844294
1.3257239007314214 103.97436193734268 111.99664389844415
1.3257207460116704 103.97436970595378 111.99664389844415
1.3257184433244926 103.9743765256678 111.44731423226621
1.3257163435398858 103.97438329310327 110.68359636142387
1.3257142644666724 103.9743899937875 109.92702297771353
1.3257120122978998 103.9743972523446 109.10733077928788
1.3257094062049528 103.97440565157042 108.15908729131101
1.3257075196931667 103.97441173164457 107.47312259486907
1.3257053459290025 103.97441873750968 107.1574377856813
1.325703952893796 103.97442322714879 107.15743778568206
1.325701676325422 103.97443056434335 107.15743778568005
1.3256994114897072 103.9744378637244 107.15743778568206
1.3256968172357022 103.97444622479365 107.1574377856813
1.3256950189119776 103.97445202064439 107.1574377856813
1.3256933302507763 103.97445746306168 107.15743778568005
