200159286#1
1.3293232139556108 103.97482116651102 35.06158716532826
1.3293289948450935 103.97482519398271 35.06158716532977
1.3293345615496484 103.97482907223453 35.06158716532977
1.3293418499582577 103.97483414997552 35.06158716532977
1.329346769721633 103.9748375775117 35.06158716532977
1.3293508226191257 103.97484040111352 35.06158716532977
1.3293556078875266 103.97484373494879 35.06158716532826
1.329360336962859 103.97484702963507 35.06158716532977
1.3293642937005503 103.97484978624358 35.06158716532977
1.329369277500707 103.97485325839341 35.06158716532826
1.3293753115629217 103.97485746224737 35.06158716532826
1.3293792225255734 103.97486018696503 35.06158716532826
1.3293849724602134 103.97486419287095 35.06158716532826
1.3293899695688571 103.97486767429264 35.06158716532826
1.3293940588584507 103.97487052324843 35.06158716532826
1.3293990657153543 103.97487401146162 35.06158716532826
1.3294036098404356 103.97487717729545 35.06158716532977
1.3294076572062792 103.9748799970435 35.06158716532977
1.3294149517284624 103.97488507904387 35.06158716532977
1.329419816680214 103.97488846839359 35.06158716532977
1.3294271405889493 103.97489357086722 35.06158716533189
1.3294331837403022 103.97489778105356 35.06158716532826
1.3294392137187996 103.97490198206253 35.06158716532826
1.329445555647568 103.97490640040328 35.06158716532826
1.3294515167928678 103.9749105534571 35.06158716532977
1.3294563021356687 103.9749138873443 35.0615871653304
1.3294605691403159 103.97491686011196 35.06158716532977
1.3294653942128882 103.97492022167839 35.0615871653304
1.3294714865964132 103.97492446616423 35.06158716532826
1.329476049920083 103.97492764537357 35.06158716532826
1.3294819768569404 103.97493177459481 35.06158716532826
1.3294887397638497 103.97493648622572 35.06158716532826
1.329492911730276 103.97493939278151 35.06158716532977
1.3294971195446428 103.97494232431208 35.06158716532826
1.32950155814962 103.97494541663153 35.06158716532977
1.329507785065395 103.9749497548443 35.06158716532826
1.3295144990971437 103.97495443242455 35.06158716532826
1.3295209071981238 103.97495889686678 35.06158716532826
1.3295256617829205 103.97496220932535 35.06158716532977
1.3295307789598696 103.97496577439728 35.06158716532826
1.3295371354910441 103.97497020291149 35.06158716532977
1.3295433716341778 103.97497454755289 35.06158716532826
1.329547699277541 103.97497756256685 35.06158716533189
1.3295541911583484 103.97498208537745 35.06158716532826
1.3295590686335121 103.97498548345222 35.06158716532977
1.3295627985650522 103.97498808204799 35.06158716533189
1.3295700322968314 103.97499312169674 35.06158716532977
1.3295765080357196 103.9749976332615 35.0615871653304
1.3295829912776826 103.97500215005358 35.06158716532977
1.3295893553642573 103.97500658383163 35.06158716532826
1.3295933831798048 103.97500938995941 35.06158716532977
1.3295982431389035 103.975012775831 35.0615871653304
1.329602930192666 103.97501604124167 35.06158716532826
1.3296078379881502 103.97501946044028 35.06158716532826
1.3296116315504674 103.97502210336685 35.06158716532977
1.3296166506861526 103.97502560013477 35.06158716532826
1.3296217879901961 103.9750291792291 35.06158716533189
1.3296285704973148 103.97503390451546 35.06158716532977
1.3296346198881255 103.97503811904905 35.06158716532826
1.3296409543195518 103.9750425321668 35.06158716532977
1.329645362729926 103.97504560345021 35.06158716532977
1.3296517045095273 103.97505002168735 35.06158716532977
1.329656281019473 103.97505321008362 35.06158716532977
1.3296616052648096 103.97505691941761 35.06158716532977
1.3296674758607372 103.9750610093871 35.06158716532977
1.329673105985322 103.97506493182331 35.06158716532826
1.329679949385316 103.97506969953305 35.06158716532826
1.329686952751495 103.97507457868922 35.06158716532977
1.3296915663974778 103.9750777929577 35.06158716532826
1.329696593994143 103.9750812956204 35.06158716533189
1.3297023536068087 103.97508530826933 35.06158716532977
1.3297080413713815 103.97508927086261 35.06158716532977
1.32971461131003 103.97509384805537 35.06158716532977
1.3297200653087513 103.97509764778697 35.06158716532826
1.3297246256269248 103.97510082490268 35.06158716532826
1.3297298517875686 103.9751044659024 35.06158716532977
1.3297371174589632 103.97510952780335 35.06158716532826
1.3297444365752185 103.9751146269387 35.06158716532977
1.329750912539164 103.97511913866053 35.06158716532977
1.329756003919308 103.97512268576043 35.06158716532826
1.3297611589604905 103.97512627721217 35.06158716532826
1.32976693926001 103.97513030427343 35.0615871653304
1.3297712026508144 103.97513327452369 35.06158716533189
1.3297750153613745 103.97513593079073 35.06158716532977
1.3297802872674491 103.97513960366078 35.06158716532826
1.3297863068732134 103.97514379744372 35.0615871653304
1.329790197457957 103.97514650796475 35.0615871653304
1.3297966491954185 103.97515100280837 35.06158716532826
1.3298016789369886 103.97515450696551 35.06158716533189
1.3298058857025485 103.97515743776569 35.06158716532826
1.3298106521313766 103.97516075847619 35.06158716532826
1.3298148714529368 103.975163698024 35.06158716532826
1.329820239478733 103.97516743785948 35.06158716532826
1.329827281981661 103.97517234428196 35.06158716532826
1.3298318840587988 103.97517555049077 35.0615871653304
1.3298390613830637 103.97518055084157 35.06158716532977
1.3298461278399014 103.97518547395246 35.06158716532826
1.3298509895360875 103.97518886103458 35.06158716532977
1.3298559859941135 103.97519234200355 35.06158716532826
1.3298617209637054 103.97519633748419 35.06158716532826
1.329865644417047 103.97519907090441 35.0615871653304
1.3298697078840294 103.97520190187036 35.06158716532826
1.329876964479486 103.97520695744849 35.06158716532977
1.3298825250205635 103.975210831407 35.06158716532977
1.3298873517707765 103.97521419414275 35.06158716532826
1.3298929012433314 103.97521806038998 35.06158716532826
1.329899365703165 103.97522256409728 35.06158716532826
1.3299051722556077 103.97522660944884 35.06158716532826
1.3299120055352587 103.97523137010826 35.06158716532977
1.3299159654868498 103.97523412895639 35.06158716532826
1.3299199084693696 103.97523687598239 35.06158716532826
1.3299263793495089 103.97524138416267 35.06158716532826
1.3299302507567194 103.9752440813231 35.06158716532826
1.3299368889877032 103.9752487060946 35.06158716532826
1.329942420572926 103.97525255988003 35.06158716532977
1.3299477945263138 103.97525630384537 35.06158716532977
1.3299546980527062 103.97526111344487 35.06158716532826
1.329961066069653 103.97526554996172 35.06158716532977
1.329965804162582 103.97526885093113 35.06158716532977
1.3299725074266369 103.97527352101044 35.06158716532826
1.329978860597221 103.97527794718404 35.06158716532977
1.329986222657954 103.97528307623868 35.06158716532977
1.3299907232680586 103.97528621175684 35.06158716532826
1.329995845849995 103.97528978059492 35.06158716532826
1.3300015352916434 103.975293744357 35.06158716532826
1.3300059895921361 103.97529684761184 35.06158716532977
1.330013271865004 103.97530192107934 35.06158716532826
1.3300175943973216 103.97530493253299 35.06158716533189
1.330023706391471 103.9753091906821 35.06158716532826
1.3300289310395623 103.97531283062841 35.06158716532977
1.3300356589772808 103.97531751789764 35.06158716532826
1.330042137147353 103.97532203115692 35.06158716532826
1.3300475107123093 103.97532577485174 35.06158716533189
1.3300516941941942 103.97532868943075 35.06158716532826
1.3300586896244 103.97533356305867 35.06158716532826
1.3300637687328032 103.97533710160937 35.06158716532977
1.3300682549612532 103.97534022710809 35.06158716532977
1.3300720120634042 103.97534284463373 35.06158716532826
1.330076606234241 103.97534604533458 35.06158716533189
1.3300831664879047 103.97535061578053 35.06158716533189
1.3300878903047388 103.97535390680409 35.06158716532977
1.330092659664252 103.97535722955669 35.06158716532977
1.3300987814175733 103.97536149450501 35.06158716533189
1.330105032023172 103.97536584922307 35.06158716532977
1.3301101956498353 103.97536944665664 35.06158716532977
1.3301147371313304 103.97537261064952 35.06158716532826
1.3301197899682096 103.97537613089725 35.06158716532826
1.3301240591884365 103.97537910520914 35.06158716532826
1.3301305158510857 103.9753836034846 35.06158716532977
1.3301349982121506 103.97538672628903 35.06158716532977
1.3301406531115212 103.97539066598615 35.06158716532977
1.3301459490270935 103.97539435558379 35.06158716532977
1.3301497111238347 103.97539697658918 35.06158716532826
1.33015706916539 103.97540210284399 35.06158716532826
1.330164490893557 103.97540721933565 35.005068917391824
1.3301708466760378 103.97541157108869 34.92546822886016
1.3301763269306834 103.97541532337488 34.85683245854249
1.330180797346766 103.97541838423275 34.80084403259807
1.3301855298719127 103.97542162455458 34.74157295760903
1.3301917304628632 103.97542587004926 34.66391583920309
1.3301968281986962 103.97542936042794 34.60007148151916
1.3302032074252006 103.97543372823296 34.595220272649364
1.3302095759166306 103.97543808868777 34.595220272649364
1.3302158524469714 103.97544238617758 34.595220272649364
1.3302219428851152 103.97544655625154 34.595220272649364
1.3302277111464629 103.97545050573366 34.59522027265085
1.3302347233812337 103.9754553069544 34.595220272649364
1.3302391034042484 103.97545830592092 34.59522027265085
1.3302452769865027 103.97546253292305 34.59522027265085
1.3302497744275987 103.97546561228481 34.59522027265085
1.3302539666469004 103.97546848266364 34.59522027265085
1.3302580452179524 103.97547127522847 34.59522027265085
1.3302629514649447 103.97547463449634 34.595220272649364
1.330269849495621 103.9754793575225 34.59522027265085
1.3302751341111914 103.97548297585631 34.59522027265085
1.3302807770794838 103.97548683955138 34.59522027265085
1.3302855180736022 103.97549008567195 34.595220272649364
1.3302902139873127 103.97549330092637 34.595220272649364
1.330294794084075 103.97549643688183 34.59522027265085
1.330302050843708 103.97550140552687 34.59522027265085
1.3303058282777398 103.97550399190564 34.59522027265151
1.3303118425283493 103.97550810981475 34.59522027265085
1.3303177142173304 103.97551213011306 34.59522027265151
1.3303221232756226 103.97551514895991 34.595220272649364
1.3303264927918619 103.9755181407326 34.595220272649364
1.330330782627027 103.97552107794831 34.59522027265085
1.3303378552654055 103.97552592052709 34.59522027265085
1.33034363513099 103.9755298779547 34.595220272649364
1.3303500788363596 103.9755342899081 34.59522027265085
1.3303571130206673 103.97553910615771 34.59522027265299
1.330363600217194 103.97554354788916 34.59522027265085
1.3303692018906512 103.9755473833101 34.59522027265299
1.3303758309959202 103.97555192220536 34.59522027265085
1.330380654767792 103.97555522500332 34.59522027265085
1.3303844773748548 103.97555784231173 34.595220272649364
1.3303891743265945 103.97556105827698 34.59522027265085
1.3303965279928027 103.97556609327334 34.59522027265151
1.330403803958742 103.97557107506897 34.59522027265151
1.3304111192559707 103.97557608379444 34.59522027265085
1.3304152265668474 103.97557889603732 34.595220272649364
1.3304194376958396 103.97558177936364 34.595220272649364
1.330423416851768 103.97558450385986 34.59522027265085
1.3304284342394612 103.97558793922508 34.59522027265085
1.3304344321640342 103.97559204595605 34.595220272649364
1.330440423079503 103.97559614788797 34.59522027265299
1.3304465082531869 103.97560031435772 34.59522027265085
1.33045222668927 103.97560422972519 34.595220272649364
1.330457100631816 103.97560756687469 34.59522027265085
1.3304623721122837 103.97561117621525 34.595220272649364
1.3304671999204902 103.97561448177693 34.595220272649364
1.3304738748422569 103.97561905204255 34.59522027265085
1.330480201400423 103.97562338378637 34.59522027265085
1.330483965820348 103.97562596125462 34.59522027265085
1.3304912561982984 103.9756309529182 34.59522027265085
1.3304967621131585 103.97563472277412 34.59522027265085
1.3305033022253328 103.97563920073674 34.59522027265299
1.3305080018173017 103.97564241850985 34.59522027265085
1.330514046827073 103.97564655747978 34.595220272649364
1.3305207216193442 103.97565112765679 34.59522027265085
1.330528060763328 103.97565615271013 34.59522027265085
1.3305320909615292 103.9756589121547 34.59522027265085
1.3305358573401003 103.97566149096406 34.59522027265085
1.3305424916485515 103.97566603342214 34.595220272649364
1.330546438809237 103.9756687360116 34.59522027265085
1.3305517142598746 103.97567234807059 34.595220272649364
1.3305580756706057 103.97567670367782 34.59522027265299
1.3305632943518069 103.97568027686727 34.59522027265085
1.330567235006259 103.97568297500196 34.59522027265085
