22617443
1.3261128068199195 103.96928532577158 114.6335052238131
1.3261104459109945 103.96929044703504 114.63350522381546
1.326108071393194 103.96929559781873 114.6335052238131
1.3261055656004608 103.96930103336278 114.6335052238131
1.3261030011706307 103.96930659610192 114.6335052238131
1.326100135290132 103.96931281274517 114.63350522381546
1.326097248434592 103.96931907488724 114.6335052238131
1.3260947182499723 103.96932456334179 114.63350522381546
1.3260927972824124 103.96932873028793 114.63350522381258
1.326089401822401 103.96933609569021 114.6335052238131
1.3260858853920663 103.96934372350019 114.6335052238131
1.3260839318379134 103.96934796113274 114.63350522381546
1.3260810180306957 103.96935428173781 114.6335052238131
1.3260779202036888 103.96936100151687 114.6335052238131
1.3260753142393005 103.96936665435186 114.6335052238131
1.3260731998048445 103.96937124096439 114.6335052238131
1.3260695001326752 103.96937926626049 114.63350522381546
1.3260673232028624 103.9693839884373 114.6335052238131
1.3260652554983414 103.96938847368355 114.6335052238131
1.3260626282540249 103.96939417267849 114.6335052238131
1.3260607213665068 103.96939830908187 114.6335052238131
1.3260583082853588 103.96940354351588 114.6335052238131
1.3260553665313564 103.96940992474228 114.6335052238131
1.3260528305156334 103.96941542584479 114.6335052238131
1.326049365922601 103.96942294120875 114.63350522381546
1.3260474335529915 103.96942713288743 114.6335052238131
1.326044175361018 103.96943420052797 114.6335052238131
1.3260422682105917 103.96943833750136 114.6335052238131
1.3260409226636864 103.96944378797268 113.28524960676293
1.3260401003601658 103.96944887774933 111.51409351479359
1.3260387084263483 103.96945749334188 108.49750678003508
1.3260375937922606 103.96946439254415 106.07462954201642
1.3260364453390028 103.96947150107532 103.5813698437519
1.3260355598090536 103.96947698220141 101.6669416388998
1.3260341370717033 103.96948578845655 99.1432802312792
1.3260331396794494 103.96949196197161 99.1432802312794
1.3260321007285951 103.96949839271998 99.14328023128178
1.3260307301203296 103.96950687631346 99.14328023128198
1.3260293766802649 103.96951525364148 99.14328023128178
1.3260283320606825 103.96952171947687 99.1432802312794
1.3260275613182977 103.96952649010669 99.1432802312794
1.3260265360061623 103.96953283643543 99.14328023128198
1.3260252454484354 103.96954082454282 99.1432802312792
1.3260239076768114 103.96954910488775 99.1432802312794
1.3260225822292588 103.96955730895073 99.1432802312794
1.3260216740951343 103.96956292998745 99.1432802312794
1.3260206819109737 103.9695690712648 99.14328023128198
1.3260198034516812 103.96957450862439 99.1432802312792
1.3260184641900992 103.9695827981908 99.1432802312794
1.326017056423648 103.96959151177846 99.1432802312792
1.3260159971106529 103.96959806855956 99.1432802312794
1.3260147424774782 103.96960583430484 99.1432802312794
1.326013960332844 103.96961067550943 99.14328023128198
1.326012958370691 103.9696168773083 99.14328023128178
1.3260118203487943 103.96962392126972 99.1432802312794
1.3260106567908534 103.96963112329028 99.14328023128198
1.3260098999291012 103.96963580800222 99.14328023128198
1.3260086249151275 103.96964369989674 99.1432802312792
1.3260073109616572 103.969651832813 99.14328023128178
1.326006110482134 103.96965926336473 99.1432802312792
1.3260048616213564 103.96966699337946 99.1432802312794
1.3260041353069982 103.96967148901318 99.1432802312792
1.3260031613683043 103.96967751735542 99.1432802312794
1.3260023014591062 103.96968283989462 99.1432802312792
1.3260022005845438 103.96968863590963 98.0951228219411
1.3260036329701117 103.96969672176547 94.62261848102999
1.326005016603825 103.96970453241588 91.23251151365719
1.3260061139469503 103.96971072694811 88.53450099761417
1.3260073380224013 103.96971763688792 85.5309588563034
1.3260083001298215 103.969723068011 83.18497925847291
1.32600926843261 103.9697285341072 80.84548152258725
1.3260105684089265 103.96973587250979 80.04151932484008
1.3260120860704385 103.9697444397515 80.04151932484008
1.3260135276201979 103.96975257734039 80.04151932484008
1.3260149424500332 103.96976056409468 80.04151932484008
1.326016424936102 103.96976893277049 80.04151932484008
1.3260178826617839 103.96977716167335 80.04151932484262
1.3260191106272616 103.96978409357344 80.04151932484287
1.3260204751789326 103.9697917965066 80.04151932484008
1.326021427826691 103.96979717423048 80.04151932484008
1.3260224993388225 103.96980322294723 80.04151932484262
1.326023753704228 103.96981030387607 80.04151932484262
1.3260252286045238 103.96981862973084 80.04151932484008
1.3260262595838266 103.96982444963886 80.04151932484008
1.3260272379406866 103.96982997249175 80.04151932484262
1.326028794468741 103.96983875913794 80.04151932484262
1.3260299390437023 103.96984522029703 80.04151932484028
1.3260313848664473 103.9698533820088 80.04151932484008
1.326032476354881 103.96985954349307 80.04151932484287
1.3260332622721278 103.96986398001906 80.04151932484008
1.3260340895128133 103.96986864981713 80.04151932484262
1.3260355663783827 103.96987698676696 80.04151932484262
1.3260364237113103 103.96988182643676 80.04151932484262
1.3260374760737637 103.96988776705409 80.04151932484262
1.32603869684201 103.96989465832723 80.04151932484262
1.3260396253417557 103.96989989973603 80.04151932484008
1.326040980324816 103.96990754865597 80.04151932484262
1.3260417808388663 103.96991206758182 80.04151932484008
1.3260428358950695 103.96991802340582 80.04151932484008
1.326043726547889 103.96992305116784 80.04151932484008
1.326045268653001 103.96993175639783 80.04151932484008
1.326046512824593 103.9699387797842 80.04151932484028
1.3260477904445493 103.96994599198769 80.04151932484008
1.3260488143063764 103.96995177171891 80.04151932484008
1.3260501925765709 103.9699595520963 80.04151932484028
1.3260523226692569 103.96996743781901 79.12482114279929
1.3260546728224054 103.96997219226881 77.22827468803524
1.3260577522699881 103.9699784221092 74.7261988499428
1.3260608391422224 103.96998466696999 72.2074406405974
1.3260642570026315 103.96999158143257 69.41787432330207
1.3260672441423118 103.96999762453062 66.98920714288904
1.326070852936249 103.97000492525912 64.07954797906187
1.3260744930055843 103.970012289259 63.86678905501865
1.3260774692557014 103.97001831032716 63.866789055020995
1.326080800816691 103.9700250502029 63.866789055020995
1.3260846900919177 103.97003291835598 63.86678905501923
1.3260868282041263 103.97003724383907 63.86678905501865
1.3260907269464375 103.9700451311445 63.86678905501865
1.3260933125368761 103.97005036189331 63.866789055020995
1.3260965980155943 103.97005700854302 63.86678905501865
1.3260999780655576 103.97006384651402 63.86678905501865
1.3261029274427323 103.97006981321745 63.86678905501865
1.3261052890611515 103.97007459086232 63.86678905501923
1.326107515228502 103.97007909448452 63.866789055020995
1.326109998925544 103.97008411909918 63.86678905501865
1.3261123093509009 103.9700887931786 63.86678905501865
1.3261151483410516 103.97009453656496 63.86678905501865
1.3261178952572774 103.97010009368223 63.86678905501865
1.326120930488848 103.9701062340726 63.86678905501865
1.326124868857041 103.97011420154318 63.866789055020995
1.3261271559661465 103.97011882845304 63.86678905501865
1.3261300373030156 103.97012465750858 63.86678905501865
1.3261337969816231 103.97013226348335 63.86678905501865
1.3261376264608458 103.9701400106675 63.86678905501865
1.3261401201926424 103.97014483959873 63.74539071607591
1.326142259023343 103.97014883495403 63.5590049272683
1.3261458990027488 103.97015563446887 63.24177542851532
1.3261500038598288 103.97016330237952 62.88401005331708
1.3261522017279863 103.97016740801739 62.69245140331388
1.3261543828574731 103.97017148238727 62.502357126808626
1.326157418735406 103.97017715343513 62.23778505243899
1.326160760030078 103.9701833950043 62.01577387340583
1.3261649810459675 103.97019127990083 62.01577387340354
1.3261691014992507 103.97019897694554 62.01577387340521
1.326173222545906 103.97020667509871 62.01577387340354
1.3261772465918202 103.97021419205365 62.01577387340292
1.3261804340746193 103.970220146301 62.01577387340521
1.3261840706366104 103.97022693943246 62.01577387340292
1.326187697627182 103.97023371468445 62.01577387340354
1.3261906820413583 103.97023928959783 62.01577387340292
1.3261948393432945 103.97024705547643 62.01577387340354
1.3261976587221453 103.97025232210235 62.01577387340354
1.3262014380909843 103.9702593819985 62.01577387340583
1.326205489014804 103.97026694916192 62.01577387340521
1.3262083299412228 103.97027225603897 62.01577387340583
1.3262108525398857 103.9702769682768 62.01577387340292
1.3262140252408452 103.97028289491183 62.01577387340521
1.326217317750057 103.97028904534983 62.01577387340521
1.3262211071195886 103.97029612392757 62.01577387340354
1.3262250732406162 103.97030353267881 62.01577387340521
1.326227250782239 103.97030760034697 62.01577387340583
1.3262294884721735 103.97031178037277 62.01577387340292
1.3262320520312618 103.97031656912522 62.01577387340292
1.326235466891398 103.97032294811605 62.01577387340292
