22617438
1.3242831487298692 103.97215698682331 100.37137918069934
1.3242820469892922 103.97216298202643 100.3713791806998
1.3242808328591817 103.97216958880543 100.37137918069934
1.3242797710425582 103.97217536675919 100.3713791806998
1.3242786055587985 103.97218170882527 100.3713791806998
1.3242772628146333 103.97218901546681 100.37137918069934
1.324275756524794 103.97219721205403 100.37137918069934
1.3242747824236012 103.97220251269741 100.37137918069934
1.3242731926235967 103.97221116371105 100.37137918069934
1.3242718341819868 103.97221855577081 100.37137918069934
1.3242710014663508 103.97222308705399 100.3713791806998
1.324269861012487 103.97222929291725 100.3713791806998
1.324268460670948 103.97223691297818 100.3713791806998
1.324266930144806 103.97224524144795 100.37137918069934
1.3242655856372043 103.97225255768412 100.3713791806998
1.3242642061652794 103.97226006418104 100.37137918069934
1.3242629937133121 103.97226666182658 100.3713791806998
1.324261831973995 103.97227298351545 100.37137918069934
1.3242610052281856 103.97227748231273 100.3713791806998
1.3242599229405083 103.97228337165956 100.3713791806998
1.3242589442941894 103.97228869703434 100.3713791806998
1.3242580289231884 103.97229367809183 100.37137918069934
1.3242565906525698 103.97230150454527 100.37137918069934
1.324255185500193 103.97230915078323 100.3713791806998
1.3242540938215315 103.97231509123125 100.37137918069934
1.3242537010700257 103.97232045553119 99.6205245608399
1.3242535410921559 103.97232905031974 97.8183521938851
1.3242534231875678 103.97233538472618 96.4872859658893
1.324253264347525 103.97234391838232 94.69305096256083
1.3242531380052402 103.97235070610047 93.26718213569102
1.324253011911981 103.97235748043872 91.84715579336105
1.324252881592498 103.972364481829 91.08324620406651
1.3242527731932692 103.97237030555688 91.08324620406651
1.3242526599979387 103.97237638695358 91.08324620406651
1.3242525315478182 103.97238328790986 91.08324620406651
1.3242523703144353 103.97239195013864 91.08324620406657
1.3242522401403714 103.97239894371101 91.08324620406651
1.3242521382582098 103.97240441730654 91.08324620406651
1.3242520220934386 103.97241065823111 91.08324620406651
1.3242518689387694 103.9724188864278 91.08324620406651
1.3242517825975737 103.97242352508647 91.08324620406651
1.3242516353319536 103.97243143689327 91.08324620406651
1.3242515288214725 103.97243715914004 91.08324620406657
1.324251429571886 103.97244249129653 91.08324620406651
1.324251307851614 103.97244903068355 91.08324620406657
1.3242511741697982 103.9724562127 91.08324620406651
1.3242510372668304 103.9724635677707 91.08324620406651
1.3242509127508633 103.9724702573525 91.08324620406657
1.324250767440811 103.97247806408882 91.08324620406657
1.3242506169492811 103.97248614919695 91.08324620406651
1.3242504760984937 103.97249371635804 91.08324620406519
1.3242503239397236 103.97250189103528 91.08324620406657
1.3242501800029292 103.97250962398839 91.08324620406651
1.3242500441361928 103.97251692337922 91.08324620406657
1.3242498853315214 103.97252545510077 91.08324620406651
1.324249827064926 103.97253049396322 91.03757961683023
1.3242497665567912 103.97253615331894 90.97994715721056
1.3242496727817215 103.97254492414493 90.89062836835008
1.324249588411668 103.9725528153129 90.81026753727575
1.3242495102228222 103.9725601283477 90.73579436760328
1.3242494211106972 103.97256846303874 90.65091755593211
1.3242493563279145 103.97257452219543 90.63237806797473
1.3242492899415654 103.97258073133278 90.63237806797605
1.3242492062515703 103.9725885588839 90.63237806797473
1.3242491435602424 103.97259442242162 90.63237806797473
1.3242490680223313 103.97260148750217 90.63237806797473
1.324248985666236 103.97260919028702 90.63237806797473
1.324248915456845 103.97261575698603 90.63237806797473
1.3242488475170653 103.97262211140628 90.63237806797473
1.324248754172866 103.97263084190405 90.63237806797473
1.3242486869557113 103.97263712873344 90.63237806797473
1.3242486125242883 103.97264409031247 90.63237806797473
1.3242485615975406 103.97264885349561 90.63237806797605
1.3242484992312424 103.97265468661969 90.63237806797473
1.3242484317962753 103.97266099381531 90.63237806797473
1.3242483409570998 103.97266949000522 90.63237806797473
1.3242482540881448 103.97267761485772 90.63237806797473
1.3242481766840608 103.97268485445878 90.63237806797605
1.3242481096061252 103.97269112825397 90.63237806797473
1.3242480297710495 103.97269859522174 90.63237806797473
1.3242479618838374 103.97270494470514 90.63237806797473
1.324247896997977 103.97271101347098 90.63237806797473
1.324247846357089 103.97271574990556 90.63237806797605
1.324247794646439 103.97272058639386 90.63237806797473
1.3242477108871509 103.97272842038394 90.63237806797605
1.3242480535350931 103.97273602042064 90.08722699281132
1.3242484318265286 103.97274288068549 89.50614724282504
1.3242488591650283 103.9727506304127 88.84954959259814
1.3242493328286669 103.9727592202407 88.12175400762459
1.3242498148922004 103.97276796240023 87.3812645965642
1.3242501729301432 103.97277445537215 86.88775258324786
1.3242505678267484 103.97278161677148 86.88775258324799
1.324251053310343 103.97279042095477 86.88775258324799
1.324251484232475 103.97279823567332 86.88775258324799
1.3242518202572842 103.9728043294412 86.88775258324932
1.3242522841519404 103.97281274211316 86.88775258324932
1.32425260200207 103.97281850628609 86.88775258324786
1.324252940276441 103.97282464085036 86.88775258324799
1.3242532514585825 103.97283028410061 86.88775258324786
1.3242536474118571 103.97283746466537 86.88775258324786
1.3242538965558812 103.9728419828623 86.88775258324786
1.3242543429561613 103.9728500782781 86.88775258324799
1.3242547536366114 103.97285752591944 86.88775258324799
1.32425512198828 103.97286420593369 86.88775258324799
1.3242555931996822 103.97287275129759 86.88775258324786
1.3242559211516078 103.97287869866786 86.88775258324799
1.3242562599457752 103.97288484266119 86.88775258324918
1.3242565946705391 103.97289091285666 86.88775258324786
1.3242569633877217 103.97289759950102 86.88775258324786
1.3242574245416012 103.97290596247488 86.88775258324786
1.3242578428394605 103.97291354826005 86.88775258324786
1.3242582606644457 103.97292112547012 86.88775258324786
1.3242588739033734 103.97292938775631 86.68533978376993
1.3242601963310108 103.97293746846488 85.55828360721655
1.3242609128221494 103.97294184659188 84.94703224284424
1.324261987540991 103.97294841367332 84.029740353911
1.3242627356740488 103.97295298514875 83.3911091485603
1.3242635139133292 103.97295774058863 82.72689833266645
1.3242645437860214 103.97296403363738 81.84841211399822
1.3242655615576726 103.97297025274271 80.98116488546907
1.3242665018474693 103.97297599839433 80.78822053822007
1.3242675149869467 103.97298218919485 80.78822053821966
1.3242684285593154 103.97298777158947 80.78822053821966
1.3242693428608516 103.97299335843977 80.78822053821835
1.324270348900488 103.97299950585686 80.78822053821966
1.3242716810242336 103.9730076458149 80.78822053822007
1.3242725189484026 103.97301276596063 80.78822053821966
1.3242736144724359 103.9730194601735 80.78822053821966
1.3242744418851957 103.97302451608925 80.78822053821878
1.3242753566542287 103.97303010579665 80.78822053822007
1.3242767384072094 103.97303854901531 80.78822053821966
1.324277614598152 103.973043902991 80.78822053822007
1.324278691537065 103.97305048363974 80.78822053821878
1.324279422409097 103.97305494964252 80.78822053822007
1.3242801423958308 103.97305934913058 80.78822053821966
1.3242811659348248 103.97306560347869 80.78822053821966
1.3242823040813838 103.97307255813786 80.78822053821966
1.3242837316738847 103.97308128146034 80.78822053822007
1.324285036903437 103.9730892570826 80.78822053821966
1.3242860734407362 103.97309559085741 80.78822053821835
1.3242873822859873 103.97310358857371 80.78822053821966
1.3242885969805702 103.97310942547577 80.4587730973702
1.3242913832230452 103.973117377257 78.56811737151882
1.3242934229487866 103.97312319852101 77.17996673688315
1.3242956498488228 103.97312955397008 75.66264956545002
1.3242974566053138 103.97313471035284 74.43165263192813
1.32429956424222 103.97314072543165 72.99734080192066
1.3243022320191777 103.97314833911915 71.1871040250556
1.324305023981507 103.97315630722487 70.82864212161758
1.3243074383506912 103.97316319770073 70.82864212161758
1.3243094543957752 103.97316895138174 70.82864212161758
1.3243112717771877 103.97317413808766 70.82864212161758
1.3243135822732766 103.97318073211561 70.82864212161758
1.3243162351803008 103.97318830336545 70.82864212161758
1.324318091506673 103.97319360121824 70.82864212161758
1.324320676964559 103.97320097997209 70.82864212161881
1.3243223436113618 103.97320573648994 70.82864212161758
1.3243239407006646 103.97321029449456 70.82864212161758
1.324326284005411 103.97321698215687 70.82864212161758
1.3243288192563913 103.97322421762317 70.82864212161758
1.3243310216403377 103.97323050310537 70.82864212161881
1.3243332797665681 103.97323694767303 70.82864212161758
1.3243356532457833 103.9732437214518 70.82864212161758
1.3243384864528274 103.9732518072685 70.82864212161758
1.32434078118065 103.97325835629522 70.82864212161844
1.3243427042072944 103.97326384450733 70.82864212161758
1.3243474494505836 103.97327122081884 68.19119340292205
1.3243508483244595 103.97327621803421 66.16528320566485
1.3243545057253276 103.97328159535053 63.97767145330146
1.324359392867326 103.9732887807014 61.053003734692766
1.3243639633643811 103.9732955005031 58.328560131428496
1.324367908759568 103.97330130124492 55.994632112319415
1.3243728026480768 103.97330849651499 55.9735618991109
1.324376628320422 103.97331412123361 55.9735618991109
1.3243808740117482 103.97332036348777 55.973561899109804
1.3243838159208186 103.97332468884795 55.97356189910942
1.324386875567653 103.97332918731284 55.97356189910942
1.3243898418331101 103.9733335484832 55.9735618991109
1.324392596403566 103.97333759840764 55.97356189910942
1.32439648621249 103.97334331742357 55.9735618991109
1.3243995721485036 103.97334785454035 55.9735618991109
1.3244023281519617 103.97335190657172 55.973561899109804
1.3244061688584596 103.97335755339456 55.97356189910942
1.3244097441778295 103.97336281003034 55.973561899109804
1.3244132648722804 103.97336798635351 55.97356189910942
1.3244163175900263 103.97337247463098 55.973561899109804
1.3244199700761767 103.97337784472175 55.9735618991109
1.3244236247357428 103.97338321800804 55.97356189910942
1.3244263211508522 103.97338718242936 55.9735618991109
1.3244298382836448 103.97339235351603 55.97356189910942
1.3244347321876082 103.97339954880928 55.9735618991109
1.3244381726271084 103.97340393476347 55.48611555424778
1.324443471950284 103.97340981066696 54.094995321999534
1.3244472163238585 103.97341396243829 53.11052241867774
1.3244530392348381 103.97342041889738 51.578548498876714
1.3244582583159499 103.97342620582833 50.20596785243438
1.324463848930643 103.97343240471672 48.738084241084735
1.3244696522545136 103.97343883945766 48.16088466977895
1.3244731482682237 103.97344271584694 48.1608846697762
1.3244774276544928 103.97344746084184 48.160884669777964
1.3244822891776349 103.97345285131166 48.160884669777964
1.3244865984227987 103.9734576294142 48.16088466977719
1.3244911853569161 103.97346271541902 48.160884669777964
1.3244956919227837 103.97346771231132 48.16088466977895
1.3244991962535253 103.97347159792264 48.16088466977719
1.3245035431170398 103.97347641773655 48.1608846697762
1.3245068402846687 103.97348007364488 48.160884669777964
1.3245120331495812 103.97348583150746 48.1608846697762
1.3245173354942121 103.97349171076146 48.160884669777964
1.3245225919487669 103.97349753913245 48.1608846697762
1.3245257286981083 103.97350101716859 48.160884669777964
1.324530040974801 103.97350579863263 48.160884669777964
1.3245341633268488 103.97351036950775 48.160884669777964
1.3245374719351182 103.97351403810156 48.1608846697762
1.3245425082096585 103.97351962233641 48.160884669777964
1.3245455792486729 103.97352302751281 48.160884669777964
1.3245506835668805 103.97352868719472 48.1608846697762
1.3245560961602552 103.97353331429959 46.97248672661105
1.3245625866152464 103.97353879904651 45.489140377244965
1.324567551893322 103.97354299494553 44.35316422740686
1.3245735995766017 103.97354810552908 42.96956435644809
1.3245798420484438 103.97355338071836 41.54302345595854
1.3245839527077812 103.9735568544234 40.60539131564649
1.3245904782882272 103.97356236885311 40.40532555273486
1.324595208369117 103.97356636599923 40.40532555273486
1.3246017697568628 103.97357191068785 40.40532555273284
1.3246068883019353 103.97357623610496 40.40532555273486
1.324611353932195 103.97358000977759 40.4053255527337
1.32461714214326 103.97358490109471 40.40532555273284
1.3246216546769727 103.97358871440304 40.40532555273486
1.324625384175947 103.97359186600931 40.40532555273486
1.3246300260388144 103.97359578860704 40.40532555273486
1.3246366610050981 103.97360139547314 40.40532555273284
1.324642258619489 103.97360612572696 40.40532555273486
1.3246487287129236 103.97361159326762 40.40532555273486
1.3246539321116335 103.97361599039021 40.40532555273284
1.3246585799495962 103.97361991803722 40.40532555273284
1.3246625377673626 103.97362326258393 40.40532555273486
1.3246678887610794 103.97362778443146 40.40532555273284
1.324672058946834 103.97363052953078 39.63674015277201
1.3246780444309791 103.973634119069 38.18414326742897
1.3246839134450694 103.97363763875927 36.75678161153563
1.3246888660626621 103.97364060887995 35.55126661525574
1.3246958824332022 103.97364481664823 33.84400191496818
1.3247031946390684 103.97364920183108 32.06843362911329
1.3247074969117578 103.97365178193522 31.13830028264688
1.3247114348473845 103.97365414354377 31.13830028264688
1.3247183221773742 103.97365827392551 31.138300282647567
1.3247251342561674 103.97366235917856 31.138300282647567
1.3247301119503814 103.9736653443379 31.138300282647567
1.3247352844797708 103.9736684463413 31.13830028264688
1.32474117214844 103.97367197721891 31.138300282647567
1.3247477767220457 103.97367593802964 31.138300282647567
1.324754297004993 103.97367984829063 31.138300282649833
1.3247615744791517 103.97368421264473 31.13830028264688
1.3247685006502479 103.97368836631979 31.138300282649144
1.324774741960642 103.97369210927896 31.138300282647567
1.3247792993968381 103.97369484240654 31.138300282649144
1.3247837089051724 103.97369748682071 31.138300282649833
1.324787830358233 103.9736995463642 30.681211305529292
1.3247941786209108 103.97370122790356 28.309403947998025
1.3248017265386207 103.9737032272097 25.46633956680037
1.3248064387602692 103.97370447539153 23.684429117301896
1.3248120645147676 103.97370596555159 21.55574043904607
1.324818945588457 103.97370778822287 18.958226358420625
1.3248265028749735 103.97370979001062 16.12508990390294
1.324833511580989 103.97371164648936 14.95130080561202
1.3248384061994243 103.97371294298475 14.95130080561202
1.3248456643304873 103.97371486553165 14.95130080561202
1.3248509410522575 103.97371626323928 14.95130080561202
1.3248561931821181 103.97371765443295 14.951300805609463
1.3248620361805155 103.97371920213692 14.95130080561202
1.3248683811608557 103.97372088280679 14.95130080561202
1.324873219234055 103.97372216432434 14.951300805609463
1.3248801118105693 103.97372399004249 14.951300805609463
1.3248873606308018 103.97372591012308 14.95130080561202
1.3248929489933972 103.97372739037864 14.95130080561202
1.324899736200792 103.97372918818638 14.95130080561202
1.3249043080007832 103.97373039917301 14.95130080560912
1.3249093904985798 103.9737317454342 14.95130080561202
1.324914392217114 103.97373307029842 14.951300805611675
1.324921944022811 103.97373507063435 14.951300805609463
1.324929518876016 103.9737370770751 14.95130080561202
1.3249347125186588 103.97373794346261 14.313645885880302
1.3249434903835142 103.9737381372148 11.63027590729052
1.3249496449978786 103.97373827306446 9.738893559318992
1.3249542494253719 103.9737383746971 8.321368455810322
1.324960136636427 103.9737385046444 6.50880647748263
1.3249679395523244 103.97373867687666 4.112008083226923
1.3249731676258352 103.97373879227491 2.5134328581762766
1.3249813698844604 103.97373897332176 1.2963804695799628
1.3249868765465855 103.97373909486923 1.2963804695772785
1.3249917699051896 103.97373920287934 1.2963804695799628
1.324999937872914 103.97373938316926 1.2963804695799628
1.3250063587750096 103.9737395248965 1.2963804695799628
1.3250121323127124 103.97373965233464 1.2963804695799628
1.325020861577071 103.97373984501388 1.2963804695799628
1.3250288838624023 103.9737400220881 1.2963804695799628
1.3250359644301983 103.97374017837596 1.2963804695772785
1.3250445948177354 103.97374036887265 1.2963804695799628
1.3250515622605443 103.9737405226635 1.2963804695799883
1.3250572818836843 103.9737406489115 1.2963804695799628
1.3250651872319124 103.97374082340451 1.2963804695773167
1.3250697787341572 103.97374092475171 1.2963804695773167
1.3250751550747573 103.97374104342246 1.2963804695799248
1.325080959975912 103.97374105170593 1.1412757609511004
1.3250853516783934 103.97373996525008 359.60416811864843
1.3250911204496871 103.9737385381235 357.57233168252753
1.3250973168030737 103.97373700521808 355.3790351978382
1.3251045067751566 103.97373522650298 352.82817028278754
1.3251125743033447 103.97373323069074 349.9704141892624
1.3251206805972222 103.97373122528826 347.11737633981863
1.325125989740801 103.97372991186809 346.04207220160566
1.3251331962345068 103.97372812906563 346.04207220160566
1.3251389833998315 103.97372669738841 346.04207220160566
1.3251450331713108 103.9737252007455 346.04207220160566
1.325151023630744 103.97372371877567 346.04207220160595
1.3251588960995209 103.97372177121865 346.04207220160566
1.3251657849226735 103.97372006700407 346.04207220160595
1.3251704844112344 103.97371890440532 346.04207220160566
1.3251761660232613 103.97371749884066 346.0420722016082
1.3251805690408223 103.97371640958536 346.0420722016082
1.325188814920641 103.97371436965066 346.04207220160566
1.325194786751344 103.97371289228921 346.04207220160566
1.325199793913523 103.97371165357553 346.04207220160566
1.3252060599407691 103.97371010343325 346.04207220160566
1.325212735724647 103.97370845192192 346.04207220160566
1.3252173186350253 103.97370731816315 346.04207220160566
1.325224511838097 103.97370553864828 346.04207220160566
1.3252309736077523 103.97370394008152 346.04207220160566
1.3252387389504496 103.97370105520454 344.8277535394413
1.3252442476476411 103.97369754376112 342.0955715545037
1.3252506615345139 103.97369345531693 338.8839797976568
1.3252544285562062 103.97369105408062 336.98999080274154
1.3252612007330873 103.9736867372493 333.58619264336255
1.3252676323439585 103.97368263750707 330.37336591937714
1.3252747219759813 103.97367811831822 327.3411994093948
1.3252814670830928 103.97367381874203 327.3411994093948
1.3252853933595976 103.97367131599077 327.34119940939553
1.3252902052278521 103.97366824873117 327.3411994093948
1.3252967365637827 103.97366408542037 327.34119940939553
1.3253021104608462 103.97366065990312 327.34119940939553
1.3253080651579021 103.9736568641628 327.34119940939553
1.3253126710083987 103.97365392822628 327.3411994093948
1.3253166179263913 103.97365141231728 327.34119940939553
1.3253223689600244 103.97364774639937 327.34119940939553
1.3253294060458956 103.97364326070492 327.3411994093948
1.3253356136838368 103.97363930373072 327.34119940939553
1.325341600604903 103.97363548744946 327.3411994093948
1.3253481705705326 103.97363129951432 327.34119940939553
1.325353838795138 103.97362768638168 327.3411994093948
1.3253589422344192 103.97362443326375 327.3411994093948
1.3253661198281015 103.97361985800426 327.3411994093948
1.32537014792756 103.9736172152919 327.2594333215991
1.32537418796853 103.97361227300044 324.663360577495
1.3253779171306945 103.97360771101542 322.2430212493096
1.3253807983016688 103.97360418640096 320.36271437070576
1.32538492821331 103.97359913416818 317.66042534867984
1.3253886129635415 103.97359462651337 315.25116462205517
1.325392058420781 103.97359041159214 313.0076741776008
1.3253967564009663 103.97358466442559 309.975535747268
1.3253997812627698 103.97358096403009 309.10692929679624
1.3254034535564747 103.97357647161357 309.10692929679624
1.3254077129372035 103.9735712609975 309.10692929679624
1.3254112995977596 103.97356687333824 309.10692929679726
1.3254149689236678 103.9735623845522 309.10692929679726
1.3254182572229363 103.97355836188636 309.10692929679556
1.3254222919745735 103.973553426065 309.10692929679624
1.3254274126791168 103.9735471617679 309.10692929679556
1.3254305632475125 103.97354330759187 309.10692929679556
1.3254337677228119 103.97353938747003 309.10692929679624
1.3254381806668523 103.97353398899547 309.10692929679726
1.3254431783313017 103.97352787521646 309.10692929679726
1.3254480737989238 103.97352188645753 309.10692929679624
1.3254518277929015 103.97351729409439 309.10692929679624
1.3254557648348457 103.97351247780364 309.10692929679556
1.3254605227951923 103.97350665726096 309.10692929679453
1.3254652850916038 103.97350083141382 309.10692929679453
1.3254692828953525 103.97349341008152 307.0326078555437
1.325472079247066 103.97348684551959 304.4343087190555
1.3254745166439525 103.97348112362027 302.1576959464471
1.32547795618911 103.97347304913252 298.94068744369554
1.3254813558874574 103.97346506818683 295.77378952177077
1.325483772189207 103.97345939580912 293.54125416578154
1.3254856353351814 103.97345502198955 292.9637730598557
1.3254883487373805 103.97344865215494 292.9637730598547
1.325491394688881 103.97344150164572 292.9637730598547
1.3254931481836192 103.97343738523728 292.9637730598535
1.325495273742018 103.97343239539249 292.9637730598547
1.32549734822491 103.97342752544974 292.9637730598557
1.3254996090703253 103.97342221801244 292.9637730598547
1.325502207917237 103.97341611710124 292.9637730598557
1.3255041043324693 103.97341166518025 292.96377305985453
1.32550640587473 103.97340626220515 292.9637730598557
1.3255083953691322 103.97340159177652 292.9637730598547
1.325511802183759 103.97339359412409 292.9637730598547
1.325513734357587 103.97338905825804 292.9637730598547
1.3255160939917547 103.97338351890932 292.9637730598547
1.3255182983880252 103.97337834398856 292.96377305985453
1.3255216231082083 103.97337053905629 292.9637730598547
1.3255250370435712 103.9733625246872 292.9637730598547
1.3255270696259143 103.97335775310732 292.9637730598547
1.3255285843369147 103.97335217572278 291.94211023336595
1.3255297475277534 103.97334519360858 289.78221398457686
1.3255305792721923 103.97334020101874 288.23112357322725
1.3255319301917328 103.97333209205286 285.70647360746125
1.3255330976869415 103.97332508410106 283.52577756118956
1.3255340002680884 103.97331966630983 281.8448556285519
1.3255347619890703 103.97331509403915 280.43195853997327
1.325535706779108 103.97330942288667 279.42244116143974
1.3255371426795148 103.97330080381786 279.42244116144104
1.3255384278045323 103.9732930897862 279.42244116144104
1.3255397920234997 103.97328490098867 279.42244116144104
1.3255412276677134 103.97327628345704 279.42244116144104
1.3255423567589195 103.9732695060262 279.42244116144104
1.3255437863305306 103.97326092494535 279.4224411614406
1.3255448031586783 103.9732548213793 279.42244116144104
1.325546150863193 103.97324673170976 279.42244116143974
1.325547039905895 103.97324139518257 279.42244116144104
1.325547841804004 103.97323658174545 279.42244116144104
1.3255489092537602 103.97323017432001 279.42244116144104
1.3255487124573047 103.97322384903079 277.83199690243805
1.325548511435012 103.97321908254766 276.5615581043528
1.3255481628906078 103.9732108181363 274.3524177831198
1.3255478832817316 103.97320418827054 272.57810706511384
1.32554753272633 103.97319587617714 270.3565548395362
1.3255473452083197 103.97319142989814 269.1716861370299
1.3255470329623176 103.97318402616787 267.62428431455044
1.325546708917682 103.97317634267829 267.62428431455044
1.3255463558804683 103.97316797174032 267.62428431455044
1.3255461268452866 103.97316254104035 267.62428431455044
1.3255458145764039 103.97315513676958 267.6242843145503
1.3255455749249485 103.97314945434567 267.62428431455044
1.3255453845357106 103.97314493998836 267.62428431455174
1.325545037794685 103.973136718343 267.6242843145517
1.3255446992647981 103.97312869139418 267.62428431455044
1.325544455032683 103.97312290035877 267.62428431455044
1.3255442300545142 103.97311756585775 267.6242843145503
1.325543893345864 103.97310958209405 267.62428431455044
1.325543018620923 103.97310184456958 266.9188601676875
1.3255410964065821 103.97309487093804 264.81505776641666
1.3255391608101363 103.97308784875744 262.6866241414218
1.3255370569610971 103.97308021617069 260.36860099709395
1.325535534261716 103.97307469194591 258.6920805487477
1.3255339423653218 103.97306891668025 256.9439383637163
1.3255319961890029 103.97306185611698 254.8177088203954
1.3255301213809179 103.97305505447171 254.70774858696785
1.3255288863677903 103.97305057394851 254.70774858696785
1.3255271167350062 103.97304415387046 254.70774858696785
1.3255258497405353 103.97303955732171 254.70774858696785
1.3255244362660252 103.97303442935582 254.7077485869671
1.32552299051531 103.97302918429462 254.70774858696785
1.3255206732845717 103.97302077757774 254.7077485869671
1.3255186854207504 103.97301356577621 254.70774858696785
1.3255170226448616 103.97300753336626 254.7077485869671
1.3255147758740617 103.97299938227229 254.7077485869671
1.3255129259803937 103.97299267101502 254.70774858696586
1.325510639151582 103.97298437459418 254.70774858696785
1.325508751575993 103.97297752663019 254.70774858696785
1.3255073862873568 103.972972573479 254.70774858696785
1.325505241576979 103.97296479265196 254.70774858696785
1.325503449433133 103.97295829090643 254.70774858696785
1.3255020307166188 103.97295314392358 254.70774858696657
1.325498488580379 103.97294561051783 252.8848837884275
1.3254960765191364 103.97294094253373 251.47933201864583
1.3254936299178104 103.97293620770536 250.05032999323421
1.3254900231223452 103.97292922759084 247.94130893981455
1.3254869143354653 103.97292321125626 246.12509683876766
1.3254839464908037 103.97291746768262 244.39613616806574
1.3254810151289027 103.9729117947129 242.84759421247932
1.325478502670513 103.97290693243362 242.84759421247819
1.3254747816305417 103.97289973122557 242.84759421247938
1.3254727423786004 103.9728957847274 242.84759421247819
1.3254706883758904 103.97289180968258 242.84759421247819
1.3254677187252635 103.97288606261407 242.84759421247932
1.325463854806138 103.97287858489676 242.84759421247819
1.3254606741096369 103.97287242939807 242.84759421247819
1.325456968928844 103.972865258882 242.84759421247819
1.3254545436386547 103.97286056529666 242.84759421247819
1.3254522469831367 103.97285612065384 242.84759421247819
1.3254494036034323 103.97285061795348 242.84759421247819
1.3254459844085675 103.97284400089681 242.84759421247819
1.3254425644244823 103.9728373823128 242.84759421247932
1.3254396826617574 103.97283180533113 242.84759421247819
1.3254367672853782 103.97282616329807 242.84759421247932
1.3254332474162034 103.97281935140981 242.84759421247819
1.325431211837415 103.97281541202044 242.84759421247819
1.325428830881618 103.9728108042342 242.84759421247819
1.325425598495607 103.97280454870283 242.84759421247819
1.325421453148075 103.97279695865738 242.59201476606881
1.3254182216300585 103.97279230787596 241.6431626225817
1.3254131675004692 103.97278503400284 240.15656928262192
1.3254082290311593 103.97277792658736 238.70263904644585
1.3254032821790538 103.97277080710742 237.24678779649452
1.3254001701226634 103.97276632825451 236.33203731719567
1.3253959517873173 103.9727602572516 235.40376484652984
1.3253920219653927 103.97275460147549 235.40376484652984
1.325387552822885 103.97274816951244 235.40376484652984
1.3253849084923857 103.97274436380789 235.40376484652984
1.325382254919826 103.97274054480224 235.40376484652984
1.3253787442239784 103.97273549222993 235.40376484652984
1.325374432215862 103.97272928641385 235.40376484652984
1.3253698843521942 103.9727227411559 235.40376484652984
1.3253658855706307 103.97271698613363 235.4037648465303
1.3253627111697357 103.97271241755506 235.40376484652984
1.3253596907849965 103.97270807063562 235.40376484652984
1.3253550596903019 103.97270140559219 235.40376484653098
1.3253516878414562 103.97269655284778 235.40376484652984
1.3253484004141287 103.97269182160231 235.40376484652984
1.3253447405005727 103.97268655427693 235.4037648465303
1.3253414593777098 103.97268183210485 235.40376484652984
1.3253365031791948 103.972675060784 235.13783835557422
1.325331360129299 103.9726693468467 233.8948417052981
1.325326626020529 103.97266408724373 232.74891508447192
1.3253231927835674 103.97266027291158 231.91735177351637
1.3253179428041986 103.97265444017549 230.64578829872602
1.3253142973712628 103.97265039009328 229.76345112379394
1.3253089867552121 103.97264448998979 228.47992388349022
1.325303822575821 103.9726387525777 228.21732214766638
1.3253000105404626 103.97263451739994 228.21732214766456
1.3252953232900309 103.97262930985677 228.21732214766456
1.3252900603144686 103.97262346268201 228.21732214766638
1.3252854452775673 103.97261833536822 228.21732214766456
1.3252795514136027 103.97261178727544 228.21732214766456
1.3252743980919757 103.97260606192646 228.21732214766456
1.3252701259316109 103.97260131554913 228.21732214766456
1.3252664970866905 103.97259728389636 228.21732214766638
1.3252627132875505 103.9725930800892 228.21732214766638
1.3252575095691024 103.97258729874932 228.21732214766638
1.32525260378906 103.97258184841952 228.21732214766638
1.3252484751146918 103.97257726145546 228.21732214766456
1.325245270961853 103.97257370163635 228.21732214766638
1.3252403212004824 103.9725682024433 228.21732214766456
1.3252369688642531 103.97256447799221 228.21732214766638
1.3252336551570836 103.9725607964581 228.21732214766638
1.3252286901583843 103.97255528033637 228.21732214766456
1.3252256231346453 103.97255187286794 228.21732214766456
1.3252199570556493 103.97254557784491 228.21732214766456
1.3252144104025008 103.97254055520246 227.23299997105377
1.325208623844759 103.97253581059604 225.77488968789115
1.3252045021437147 103.97253243106543 224.7346884730978
1.3251989012050343 103.97252783865476 223.32040376089017
1.3251928992874995 103.97252291746716 221.80567842816117
1.3251885421243583 103.97251934487274 220.70774412960378
1.3251849793546104 103.97251642362995 219.81168061656433
1.3251797188882048 103.97251211038477 219.55451292114157
1.3251741834624597 103.97250757169057 219.55451292114157
1.3251680379796715 103.97250253278871 219.5545129211407
1.3251640202827848 103.97249923853488 219.55451292114157
1.32515806709627 103.97249435730367 219.55451292114157
1.32515350531054 103.97249061693189 219.5545129211428
1.3251496121388617 103.97248742478077 219.55451292114157
1.3251432230091476 103.97248218610413 219.55451292114157
1.3251389776828573 103.97247870520881 219.5545129211428
1.325133541299209 103.97247424772287 219.5545129211436
1.325129656408976 103.97247106236202 219.55451292114157
1.3251235755277209 103.97246607642938 219.55451292114157
1.325119442888633 103.97246268793039 219.55451292114157
1.325112755581665 103.972457279569 219.47985413962346
1.325107545318993 103.97245325128999 219.23650054007078
1.3251009795093471 103.9724481749791 218.9298091832885
1.3250958208191286 103.972444186573 218.68883609975924
1.325090536421918 103.97244010097742 218.44199267957566
1.3250867255181444 103.97243715460321 218.2639848892754
1.3250805277036979 103.97243236280534 217.97450507715848
1.3250767866682593 103.97242947044938 217.91177853815938
1.3250708363663808 103.97242487001418 217.91177853816063
1.3250670758066916 103.97242196256317 217.91177853816063
1.3250614977221171 103.97241764990527 217.91177853816143
1.325054996384167 103.97241262344033 217.91177853815938
1.3250494270139732 103.97240831751989 217.91177853816143
1.3250442403237395 103.97240430746585 217.91177853816143
1.3250401670852694 103.97240115826943 217.91177853816143
1.3250332694039704 103.9723958253744 217.91177853816143
1.3250273499409868 103.97239124878217 217.91177853816143
1.3250219125761271 103.9723870449208 217.91177853815938
1.325017271959227 103.97238345705966 217.91177853816143
1.3250132511558452 103.9723803484031 217.91177853816143
1.3250083972447095 103.972376595635 217.91177853815938
1.3250015280834797 103.97237128479014 217.91177853816063
1.3249955662720638 103.97236692563861 217.65622159582708
1.3249915340205867 103.97236437236687 217.0795235385029
1.3249874939689628 103.97236181415599 216.5013322608598
1.3249822597409333 103.97235849977778 215.75186637421143
1.3249772529996218 103.97235532944698 215.0348003039692
1.3249722507084891 103.9723521619341 214.31843026544303
1.3249672072724925 103.97234896836778 213.59645463963346
1.3249615537617854 103.97234538849459 212.78777039101038
1.3249560608272473 103.9723419103002 212.53342152351016
1.3249503488875891 103.9723382934291 212.53342152351016
1.3249448583139427 103.97233481672968 212.53342152351016
1.324938115975404 103.9723305473972 212.53342152351016
1.3249327175848347 103.97232712906928 212.53342152351016
1.3249262173076868 103.9723230130131 212.53342152351016
1.324921794479449 103.97232021242334 212.53342152350794
1.3249149142995895 103.97231585580808 212.53342152351016
1.3249086468415983 103.9723118871759 212.53342152351016
1.3249036550597433 103.97230872631766 212.53342152351016
1.3248971896764106 103.97230463235671 212.53342152351016
1.3248910204092021 103.9723007259002 212.53342152351016
1.3248862668256896 103.97229771587213 212.53342152351016
1.3248818177105095 103.9722948986372 212.53342152351016
1.3248766694129992 103.97229163867136 212.53342152351016
1.3248723141318275 103.97228888085328 212.53342152351016
1.3248648102768834 103.97228412931926 212.53342152351084
1.3248584321480257 103.97228009060898 212.53342152350794
1.3248533025910252 103.9722768425099 212.53342152351016
1.3248486894379796 103.97227392140418 212.53342152351016
1.3248420580920104 103.97226972235369 212.53342152351016
1.3248367354129824 103.97226635196735 212.53342152350947
1.3248292264809556 103.97226159721849 212.53342152351016
1.3248217605677672 103.97225686970972 212.53342152350947
1.3248166206389667 103.9722536150431 212.53342152350794
1.3248114825334594 103.97225036153102 212.53342152351084
1.3248055540820913 103.97224660756214 212.53342152351016
1.3248014857444976 103.97224403144037 212.53342152351016
1.3247948232494986 103.97223981266599 212.53342152350794
1.3247905331935919 103.97223709614943 212.53342152351016
1.3247848654421848 103.97223350725903 212.53342152350794
1.3247806771035364 103.97223085515111 212.53342152351084
1.3247744186952348 103.97222689224947 212.53342152351016
1.32476838593217 103.97222307222917 212.53342152351016
