635338472
1.3271131889858419 103.97689322289621 52.46376526171983
1.3271182859128765 103.97689980839313 52.46376526171778
1.32712234179757 103.9769050488088 52.46376526171983
1.3271267884794442 103.97691079415495 52.46376526171983
1.3271300197940015 103.9769149691828 52.46376526171983
1.3271334346962218 103.97691938141556 52.46376526171983
1.327137226984793 103.97692428125127 52.46376526171778
1.3271402739987714 103.97692821815315 52.46376526171983
1.3271439356594286 103.97693294921078 52.46376526171983
1.3271470140554285 103.97693692665989 52.46376526171983
1.3271512121172973 103.97694235077606 52.46376526171983
1.327156070235133 103.97694862771918 52.46376526171983
1.3271600818018099 103.97695381087382 52.46376526171983
1.3271653409329616 103.97696060594726 52.46376526171778
1.3271699747903012 103.97696659313412 52.46376526171983
1.3271729631159586 103.9769704542077 52.46376526171983
1.3271758425347353 103.9769741745679 52.46376526171983
1.3271808296075605 103.97698061812777 52.46376526171983
1.3271841365606702 103.97698489088481 52.46376526171983
1.327187125213744 103.97698875238149 52.46376526171983
1.3271923812342818 103.97699552479243 52.44944320808337
1.3271956937617875 103.97699967737222 52.351588324243615
1.3272007062712907 103.97700596104708 52.2035112971843
1.3272058449754616 103.97701240291941 52.051704095289544
1.3272114974950104 103.97701948891002 51.88471775528372
1.327216554076001 103.9770258278329 51.73533879845098
1.3272215070127906 103.9770320368276 51.6240974987178
1.3272251152644345 103.97703656012685 51.6240974987178
1.3272307409533548 103.97704361248273 51.6240974987178
1.3272360394017255 103.97705025461032 51.6240974987162
1.3272401523935038 103.97705541065119 51.6240974987178
1.327245763869196 103.97706244518945 51.6240974987178
1.3272496331161507 103.97706729567217 51.6240974987162
1.3272547577825198 103.977073719947 51.6240974987162
1.3272591699799992 103.9770792510718 51.6240974987178
1.327264396711887 103.97708580329586 51.6240974987178
1.3272690647783434 103.97709165517772 51.6240974987162
1.3272720221603986 103.97709536254791 51.6240974987162
1.3272757306051473 103.97710001144931 51.6240974987162
1.3272797465740505 103.97710504586257 51.6240974987178
1.3272846257507664 103.97711116239206 51.6240974987162
1.3272899949340167 103.9771178931931 51.6240974987162
1.3272932048549686 103.97712191714578 51.6240974987162
1.3272961528573723 103.97712561275773 51.6240974987178
1.3272994234598883 103.97712971278077 51.6240974987162
1.3273032244792868 103.97713447773373 51.6240974987162
1.3273082029994088 103.97714071880009 51.6240974987178
1.3273131045043665 103.97714686332034 51.6240974987162
1.3273164125104961 103.97715101023256 51.6240974987162
1.3273212282822957 103.9771570472779 51.6240974987162
1.3273264557917495 103.97716360047703 51.6240974987178
1.3273295545996437 103.97716748513865 51.6240974987162
1.3273329410975399 103.97717173044809 51.6240974987162
1.327337455853491 103.97717739014044 51.6240974987162
1.3273414139153208 103.97718235196173 51.6240974987178
1.3273453916868163 103.97718733849105 51.6240974987162
1.3273500184311673 103.97719313857195 51.6240974987162
1.3273545163504423 103.97719877715791 51.6240974987162
1.327358944540219 103.9772043283311 51.6240974987162
1.3273626886650736 103.97720902196136 51.6240974987162
1.3273659881405708 103.97721315817974 51.6240974987162
1.3273706250240598 103.97721897097115 51.6240974987178
1.3273744405108703 103.97722375406072 51.6240974987162
1.3273792013913122 103.97722972229458 51.6240974987162
1.3273821572075724 103.97723342770225 51.6240974987162
1.3273876559113609 103.97724032087059 51.6240974987162
1.3273932975073135 103.97724739316844 51.6240974987162
1.3273983032989103 103.97725366842275 51.6240974987162
1.327402471049301 103.9772588931096 51.6240974987178
1.3274072951893396 103.97726494064577 51.6240974987178
1.3274127550240316 103.97727178508802 51.6240974987178
1.3274181901537432 103.97727901937014 51.953583790721
1.3274222809896192 103.97728538798835 52.92567386526297
1.3274253211376574 103.9772901208945 53.64873054482008
1.327429711083967 103.97729695516826 54.693264755249395
1.3274329935271525 103.97730206527982 55.47425827029947
1.3274364730978336 103.97730748227971 56.30177347386627
1.327439282603847 103.97731185612213 56.96941650805128
1.3274429323756698 103.97731753809143 57.47701402784992
1.3274468609287244 103.97732365406773 57.47701402784992
1.3274498719819192 103.9773283416791 57.47701402785209
1.3274523448874282 103.9773321915015 57.47701402784992
1.3274557475056867 103.97733748870189 57.47701402785209
1.3274587707425043 103.9773421952808 57.47701402785209
1.3274630280827289 103.97734882311347 57.47701402784992
1.327466450578941 103.97735415125997 57.47701402785209
1.3274699978315654 103.97735967362743 57.47701402785132
1.3274743868181527 103.97736650640742 57.47701402784992
1.327479287222075 103.97737413536261 57.47701402785209
1.327484048571998 103.9773815478384 57.47701402784992
1.3274885549180695 103.97738856332391 57.47701402785132
1.3274922848018007 103.97739437001184 57.47701402784992
1.3274963203072077 103.97740065249202 57.47701402784992
1.3274990503876591 103.97740490268491 57.47701402785209
1.3275023898507772 103.97741010156558 57.47701402784992
1.3275068100769871 103.97741698297972 57.47701402784992
1.3275107066453733 103.97742304916265 57.47701402785132
1.3275154682891084 103.97743046209611 57.47701402784992
1.3275192193927003 103.97743630181932 57.47701402784992
1.327522629279384 103.97744161033562 57.47701402785132
1.3275256547216032 103.97744632034825 57.47701402784992
1.327530039760144 103.97745314698233 57.47701402784992
1.3275336975805112 103.97745884148217 57.47701402784992
1.327536690926806 103.97746350152788 57.47701402784992
1.327540890940155 103.9774700401146 57.47701402785132
1.3275443043220636 103.97747535407237 57.47701402784992
1.3275474957909186 103.9774803225556 57.47701402784992
1.3275519409080259 103.97748724272026 57.47701402785132
1.32755647089855 103.977494295016 57.47701402784992
1.3275600670938434 103.97749989357803 57.47701402784992
1.3275649570206685 103.97750750622319 57.47701402785132
1.3275675378700362 103.97751152409323 57.47701402785209
1.327571281666221 103.9775173524406 57.47701402784992
1.327574956895639 103.97752307404316 57.47701402785132
1.3275795456110087 103.97753021776201 57.47701402784992
1.3275828267473766 103.97753532583997 57.47701402784992
1.3275862178784368 103.97754060515784 57.47701402784992
1.3275890334044416 103.97754498837294 57.47701402785132
1.3275924839942608 103.97755036025633 57.47701402784992
1.3275972553913067 103.97755778837444 57.47701402784992
1.327600749890798 103.97756322861652 57.47701402785132
1.3276036278455539 103.97756770902086 57.47701402785209
1.3276074421087964 103.97757364707168 57.47701402785209
1.3276104566956615 103.97757834018513 57.47701402785132
1.3276130587143151 103.97758239101175 57.47701402785132
1.3276170751273662 103.97758864376978 57.47701402785132
1.3276197896627957 103.97759286976272 57.47701402784992
1.3276223821377182 103.9775969057317 57.47701402785209
1.3276258480791983 103.97760230151479 57.47701402784992
1.327628807637888 103.97760690896038 57.47701402785209
1.3276322251734627 103.97761262601392 57.745994234274455
1.3276351298471947 103.9776187547356 58.83702971002579
1.3276371507119353 103.9776230186629 59.5971298201038
1.327639157710578 103.97762725333341 60.35255397746145
1.3276412532597672 103.97763167484132 61.14159717561458
1.3276439631377972 103.97763739255355 62.161912530794964
1.3276463203202045 103.977642366095 63.04892925248351
1.3276498280606734 103.97764976725865 64.36708769684755
1.3276522140403106 103.97765480156093 64.80795363257252
1.3276555775477998 103.97766189840002 64.80795363257252
1.327657640288954 103.97766625068469 64.80795363257252
1.3276602688046844 103.97767179672653 64.80795363257252
1.3276635659365232 103.97767875351627 64.80795363257252
1.327665597214266 103.97768303941473 64.80795363257019
1.3276687797194506 103.9776897543478 64.80795363257252
1.3276725223837484 103.97769765118974 64.80795363257363
1.3276757317794199 103.97770442286053 64.80795363257252
1.3276786530346913 103.97771058656895 64.80795363257252
1.3276809624978927 103.97771545942548 64.80795363257363
1.327683892322159 103.97772164121415 64.80795363257252
1.327686641414631 103.9777274416674 64.80795363257019
1.3276890481043584 103.97773251966733 64.80795363257363
1.327691615047143 103.97773793579351 64.80795363257252
1.3276950425479825 103.977745167656 64.80795363257252
1.3276978389067926 103.97775106783908 64.80795363257252
1.3276999842480661 103.97775559440639 64.80795363257252
1.3277036406416989 103.97776330922181 64.80795363257252
1.3277059300489753 103.97776813976154 64.80795363257019
1.3277095283845206 103.97777573207726 64.80795363257019
1.3277119093014533 103.977780755698 64.80795363257019
1.3277144049859453 103.97778602147284 64.80795363257019
1.3277174399214704 103.9777924250416 64.80795363257252
1.3277211126302864 103.97780017428153 64.80795363257019
1.327723874856054 103.9778060024458 64.80795363257252
1.327726250803319 103.97781101558094 64.80795363257019
1.3277287825062802 103.97781635735316 64.80795363257019
1.3277313869191774 103.97782185253989 64.80795363257252
1.3277337522245873 103.97782684322131 64.80795363257363
1.327737415797422 103.97783457318498 64.80795363257252
1.3277406961968754 103.97784149467115 64.80795363257252
1.327743684475292 103.97784779979594 64.80795363257252
1.3277468831906052 103.97785454893257 64.80795363257019
1.3277492714195844 103.97785958798175 64.80795363257019
1.3277528315971412 103.97786709978652 64.80795363257019
1.3277558435921035 103.97787345495222 64.80795363257363
1.327758668885626 103.97787941618681 64.8079536325713
1.3277611273887207 103.97788460351114 64.80795363257252
1.3277640439246943 103.97789075726301 64.80795363257252
1.3277668820886706 103.97789674565375 64.80795363257252
1.327769056951093 103.97790133450984 64.80795363257363
1.3277727280672968 103.97790908039015 64.80795363257019
1.3277762823719106 103.97791657980363 64.80795363257252
1.3277800235270916 103.97792447346296 64.80795363257252
1.3277831845822978 103.97793114313899 64.80795363257252
1.3277859082907888 103.9779368900343 64.80795363257252
1.32778874901833 103.97794288383429 64.80795363257252
1.327790926394903 103.97794747799527 64.80795363257252
1.327794254034069 103.9779544991557 64.80795363257252
1.3277980110880898 103.97796242636107 64.80795363257019
1.3278002151066044 103.9779670767354 64.80795363257252
1.327803978413683 103.97797501713451 64.80795363257252
1.3278065870658022 103.97798052126656 64.80795363257252
1.3278104592829554 103.97798869146085 64.80795363257019
1.3278133765478994 103.9779960168998 65.43683911309114
1.327814584595935 103.97800087555136 66.68161945157176
1.3278166530555564 103.97800919469464 68.82068234241966
1.327818270840916 103.97801570126997 70.49721598091644
1.3278201843605322 103.97802339725979 72.47995395138858
1.3278219028525962 103.97803030886782 74.25666784195941
1.3278232059229373 103.97803554969012 75.59923426377047
1.327824801885559 103.97804196849677 76.14710240069728
1.3278259393659433 103.97804654333243 76.14710240069788
1.327827422829677 103.97805250967959 76.14710240069788
1.3278286463276 103.97805743046952 76.14710240069728
1.3278299371842102 103.9780626221696 76.14710240069788
1.3278317450066746 103.97806989305624 76.14710240069788
1.3278333685335693 103.97807642272407 76.14710240069728
1.3278351697037651 103.97808366685611 76.14710240069788
1.3278369735154207 103.97809092161191 76.14710240069788
1.327838408509737 103.97809669302016 76.14710240069788
1.3278399434976293 103.97810286659293 76.14710240069539
1.3278415617439805 103.97810937502325 76.14710240069788
1.3278436884720846 103.97811792851809 76.14710240069788
1.3278454548950716 103.97812503290064 76.14710240069788
1.327846762887461 103.97813029351971 76.14710240069788
1.3278479368219303 103.97813501497077 76.14710240069788
1.3278495614152903 103.97814154892848 76.14710240069539
1.3278513229343525 103.97814863358818 76.14710240069788
1.3278533204434608 103.97815666737719 76.14710240069788
1.3278552904447873 103.97816459053263 76.14710240069539
1.327856700010964 103.97817025967198 76.14710240069476
1.3278585398924578 103.97817765949816 76.14710240069788
1.3278599048546282 103.9781831492446 76.14710240069788
1.3278617814341882 103.978190696667 76.14710240069539
1.327863071002547 103.97819588318691 76.14710240069728
1.327865153146317 103.97820425736893 76.14710240069728
1.327866560022508 103.97820991568976 76.14710240069788
1.3278682033755298 103.97821652509775 76.14710240069788
1.3278686055226432 103.97822304737089 77.63414312152943
1.3278684820907167 103.97823183013006 80.46750648234395
1.3278684037614534 103.97823740362251 82.2741199009124
1.3278683171692667 103.97824356505949 84.27397083671842
1.3278682372731212 103.97824925004092 86.11758496580698
1.327868121033274 103.97825752104374 88.78911077303613
1.3278680371866178 103.97826348711988 90.70256127862932
1.327867949941129 103.97826969503755 90.82368449081115
1.3278678489155538 103.97827688347033 90.82368449081115
1.3278677824852305 103.97828161029152 90.82368449081117
1.3278676708687132 103.97828955231547 90.82368449081115
1.3278675777286064 103.97829617965724 90.82368449081115
1.3278674792757512 103.97830318502376 90.82368449081115
1.327867398571551 103.97830892749201 90.82368449081115
1.327867297860887 103.9783160935092 90.82368449081115
1.3278671951154533 103.97832340430784 90.82368449081115
1.3278671073993173 103.97832964570325 90.82368449081115
1.3278670068067377 103.97833680331378 90.82368449081117
1.3278669413930382 103.97834145778943 90.82368449081115
1.3278668495114447 103.97834799557225 90.82368449081115
1.3278667424819852 103.9783556111914 90.82368449081117
1.3278666305508116 103.97836357558737 90.82368449081115
1.327866525320933 103.97837106315498 90.82368449081115
1.327866417265592 103.9783787517649 90.82368449081115
1.3278663048738069 103.97838674892996 90.82368449081115
1.327866200839925 103.97839415139211 90.82368449081115
1.3278661120993431 103.97840046566834 90.82368449081115
1.327866030062909 103.97840630291446 90.82368449081115
1.3278659634499193 103.9784110427152 90.82368449081115
1.3278658625496012 103.97841822220562 90.82368449081117
1.3278657637157354 103.97842525465764 90.82368449081115
1.3278656622527674 103.97843247418001 90.82368449081115
1.3278655677093927 103.97843920134243 90.82368449081115
1.327865356276236 103.97844460993625 90.9932568339478
1.327864370462854 103.97845209774844 92.09712635169079
1.3278633268518683 103.97846002456606 93.2673609382252
1.327862428325635 103.97846684938246 94.27553383496861
1.3278617735509421 103.97847182276755 95.01019688687407
1.3278610561456266 103.97847727186762 95.81479858600042
1.327860191680962 103.9784838379667 96.78343335228402
1.3278595735039422 103.97848853337145 97.47521185805155
1.3278584235833568 103.97849726766964 97.47621978559691
1.3278573204059616 103.97850564692658 97.47621978559945
1.3278561949835872 103.97851419514647 97.47621978559945
1.3278552421082779 103.97852143277356 97.47621978559725
1.3278542482849436 103.97852898142385 97.47621978559945
1.3278532606120674 103.97853648335774 97.47621978559691
1.327852248039863 103.97854417441592 97.47621978559945
1.327851457567748 103.97855017849822 97.47621978559691
1.3278508370058926 103.97855489201604 97.47621978559945
1.32784994789403 103.9785616453227 97.47621978559945
1.327849194500627 103.9785673677709 97.47621978559691
1.32784816180779 103.9785752116558 97.47621978559945
1.3278471956641327 103.9785825500619 97.47621978559691
