166750119
1.3239600741094926 103.97254864848809 233.42030183846376
1.3239556382863535 103.97254448447976 232.04620471802653
1.3239500347046618 103.97253922426985 230.30471763346677
1.3239457848448883 103.97253523482958 228.98154601500957
1.3239405815747023 103.97253035040124 227.36098551242182
1.3239360555485504 103.97252610171732 225.9527475614265
1.3239323497145858 103.97252262296652 224.80192185852417
1.323927860029 103.97251840839635 223.41175792728973
1.323922914184945 103.97251376561982 223.39773865373002
1.3239186411793678 103.97250975445213 223.397738653729
1.3239139866498402 103.97250538513923 223.39773865373002
1.3239076967503716 103.9724994806673 223.39773865373087
1.3239027844712379 103.97249486939899 223.39773865372808
1.3238962464320982 103.97248873199274 223.39773865372808
1.3238896857827203 103.97248331907107 222.7062578030019
1.3238825569786605 103.97247781056043 221.60770757928532
1.3238789564673745 103.97247502840308 221.05254871207086
1.3238732319449567 103.9724706049974 220.16977632426617
1.3238684624307284 103.97246691953775 219.43442990353398
1.3238648120114764 103.97246409881595 218.87187847239466
1.3238585050498959 103.97245922535271 217.90080585319987
1.3238518266160493 103.97245406484849 217.8962707610253
1.3238465367264618 103.97244997728873 217.89627076102735
1.3238400265676344 103.97244494681263 217.89627076102445
1.3238339034674305 103.97244021542127 217.8962707610253
1.3238286735312097 103.97243617418822 217.89627076102735
1.3238223160320521 103.97243126167407 217.8962707610253
1.3238156707720352 103.97242612680374 217.8962707610253
1.3238105252806425 103.97242215082223 217.8962707610253
1.323804403810824 103.97241742069075 217.8962707610253
1.3237988561397038 103.97241313394026 217.8962707610253
1.3237919274246435 103.97240778004095 217.8962707610253
1.3237881350624436 103.97240484963822 217.8962707610253
1.3237830150810113 103.9724008933686 217.8962707610253
1.3237786940760952 103.97239755447751 217.8962707610253
1.3237744116451071 103.97239434856569 217.7924275423429
1.3237682135377395 103.97238992034245 217.42890807846672
1.3237635601631013 103.97238659574988 217.1559534501148
1.3237562536969705 103.97238137566232 216.72734942508845
1.3237522130371326 103.97237848882241 216.4903219544127
1.3237479350665138 103.9723754324364 216.23938614062618
1.3237436371396818 103.97237236179268 215.98730216062262
1.3237378129147734 103.97236820068892 215.74245097125188
1.3237308934520098 103.97236325709508 215.74245097125188
1.3237242563183658 103.9723585152106 215.742450971254
1.32371810947964 103.9723541236162 215.74245097125188
1.3237127832777738 103.97235031832386 215.74245097125188
1.3237066637806478 103.97234594626362 215.74245097125188
1.3237011073510958 103.97234197648567 215.742450971254
1.3236968660637027 103.97233894630793 215.74245097125115
1.323691531820041 103.97233513527017 215.74245097125188
1.3236868374966662 103.97233178142197 215.74245097125188
1.323680275732628 103.97232709338522 215.74245097125188
1.3236750514054443 103.97232336087706 215.74245097125188
1.323669697399055 103.9723195357199 215.74245097125188
1.3236657786510988 103.97231673597975 215.74245097125188
1.323661469715763 103.97231365747112 215.74245097125188
1.3236566242007561 103.97231019560444 215.74245097125188
1.3236527948575847 103.97230745973933 215.742450971254
1.3236488496243828 103.97230464107685 215.74245097125188
1.3236444382973471 103.97230142320535 215.8109936037121
1.3236394140907892 103.97229690948299 216.7686010690815
1.3236344403637292 103.97229244111116 217.71778755936774
1.3236307658682058 103.97228913996256 218.41949006905253
1.3236260174003605 103.97228487396252 219.32648673950925
1.3236225637269738 103.97228177119946 219.98607222764142
1.3236176885827804 103.97227739139404 220.9166203624733
1.3236114707817448 103.97227180535238 222.10187512026897
1.3236078568052894 103.97226855857384 222.1437936031962
1.3236044462459524 103.97226549454423 222.1437936031962
1.323598232729748 103.97225991235207 222.1437936031962
1.3235946354125112 103.97225668054011 222.1437936031962
1.3235908077905352 103.97225324182352 222.1437936031962
1.323585237658126 103.97224823764422 222.1437936031962
1.3235793412456103 103.97224294033651 222.1437936031962
1.3235755734043304 103.97223955532662 222.1437936031962
1.3235719182384997 103.9722362715438 222.1437936031962
1.3235667631758137 103.97223164026113 222.1437936031962
1.3235607604020878 103.97222624739909 222.1437936031962
1.323555209938631 103.97222126089034 222.1437936031962
1.3235506689558831 103.97221718129406 222.1437936031962
1.3235461105697184 103.97221308606264 222.1437936031962
1.3235395496715783 103.97220719178446 222.1437936031962
1.3235329900014219 103.9722012986095 222.1437936031962
1.3235295844087405 103.97219823904203 222.1437936031962
1.3235259770330752 103.97219499819374 222.1437936031962
1.3235196895846224 103.97218934958144 222.1437936031962
1.323514865380843 103.97218501554087 222.14379360319424
1.323511262492494 103.97218057405256 223.28565285518334
1.323507305033495 103.97217479244779 225.40712942213307
1.3235030991653813 103.97216864793258 227.6724163491474
1.3234981702122028 103.97216144703448 230.3318261155529
1.323494552972713 103.97215616246959 232.2804327604485
1.3234917708047471 103.97215209789297 233.77423047911293
1.3234867453016534 103.97214475594147 235.80439459753921
1.3234841895181526 103.97214102209867 235.80439459753921
1.3234811098938624 103.97213652295667 235.80439459753921
1.3234768114008075 103.97213024312225 235.80439459753921
1.323474238316416 103.97212648400398 235.80439459754066
1.323471016871055 103.97212177767014 235.8043945975396
1.323466570988576 103.9721152825089 235.80439459753921
1.3234625945083307 103.97210947311551 235.80439459753921
1.3234587055497822 103.972103791586 235.80439459754066
1.3234553870567398 103.97209894347152 235.80439459753921
1.3234512137160013 103.97209284647711 235.8043945975396
1.3234483418608023 103.97208865087313 235.80439459753921
1.323443532711886 103.97208162500209 235.80439459753921
1.3234390317406264 103.97207504935972 235.80439459753921
1.3234357843994955 103.97207030519391 235.80439459753921
1.3234311060278137 103.97206347038046 235.80439459754066
1.3234266465168523 103.9720569553091 235.80439459753921
1.32342239613861 103.97205074576782 235.80439459753813
1.3234189918867805 103.97204630862659 235.41981837852697
1.3234139409837413 103.97203975907385 234.82473671877872
1.32341061818011 103.97203545036363 234.4331709491401
1.3234070488419534 103.97203082196985 234.01252812931938
1.3234042631257774 103.97202720970593 233.6842448810679
1.3234002300743308 103.97202198001084 233.20903299322774
1.3233957915901688 103.97201622458742 232.68620674825468
1.3233928811475033 103.97201245058956 232.5634181523195
1.3233875331563318 103.97200551580005 232.5634181523185
1.323383858624703 103.972000751001 232.5634181523211
1.3233804042595736 103.9719962716939 232.5634181523211
1.3233771234126988 103.97199201738951 232.5634181523195
1.3233722540971342 103.97198570330316 232.56341815232008
1.323368926264857 103.97198138807241 232.5634181523195
1.3233655159987432 103.97197696594895 232.5634181523195
1.3233608527718872 103.9719709190998 232.56341815232008
1.3233565406385335 103.97196532751681 232.5634181523195
1.323351215367243 103.97195842218862 232.56341815232008
1.3233473453559086 103.97195340390938 232.56341815232008
1.3233419475144383 103.97194640447879 232.56341815232008
1.3233381671642492 103.97194150246402 232.5634181523195
1.3233328050509292 103.97193454936253 232.5634181523195
1.3233292252784161 103.9719299074387 232.56341815232008
1.3233258368155585 103.97192551358789 232.5634181523211
1.3233213116153388 103.97191964571932 232.56341815232008
1.3233185493521282 103.97191606386733 232.5634181523211
1.3233131942960594 103.97190911991716 232.56341815232008
1.3233089915957328 103.97190367023723 232.5634181523185
1.323303634255206 103.9718967014643 232.5803704737237
1.3233001940058098 103.97189213184346 232.6646020870101
1.3232960107760388 103.97188657533528 232.7670262568499
1.323291118135064 103.97188007652909 232.88682097646904
1.3232883044025192 103.97187633909925 232.95571440063796
1.3232850000355796 103.97187194996864 233.03662062683523
1.3232819672009635 103.97186792150953 233.11087799354348
1.3232790583339433 103.9718640577143 233.1820994006784
1.3232740569355819 103.97185741444775 233.2267224641099
1.3232687688670242 103.97185039040242 233.22672246410733
1.323264298279128 103.97184445220182 233.22672246410838
1.3232606952402812 103.97183966635087 233.22672246410838
1.3232554561104002 103.97183270730997 233.2267224641091
1.3232517120332783 103.97182773412048 233.22672246410838
1.323247502756972 103.97182214301539 233.22672246410733
1.3232422507312933 103.97181516684532 233.22672246410806
1.3232391019244085 103.9718109843425 233.22672246410838
1.3232348024921796 103.97180527348499 233.22672246410838
1.323231604765397 103.9718010260028 233.2267224641091
1.3232278901886956 103.97179609199826 233.22672246410806
1.3232248208018247 103.97179201498763 233.22672246410838
1.3232206441897791 103.97178646727002 233.22672246410733
1.3232161494157113 103.97178049694362 233.22672246410733
1.3232119080327882 103.97177486319207 233.2267224641091
1.3232091815157963 103.9717712416093 233.22672246410838
1.3232043940622373 103.97176488252212 233.22672246410838
1.323200613449005 103.9717598608026 233.22672246410838
1.3231969654047293 103.97175501517204 233.22672246410838
1.3231917428423159 103.97174807813778 233.22672246410838
1.3231876678902166 103.97174266545338 233.22672246410806
1.3231838483235003 103.9717375919927 233.22672246410733
1.3231792778591362 103.97173152112846 233.22672246410806
1.3231758698771203 103.97172699436828 233.22672246410838
1.323172562881683 103.97172260174673 233.22672246410838
1.3231691152753056 103.97171802235427 233.2267224641091
1.3231653625983564 103.97171303774215 233.22672246410838
1.3231607933180947 103.97170696845082 233.2267224641091
1.3231572849056665 103.97170230829083 233.22672246410838
1.323152089032596 103.97169540670778 233.22672246410838
1.3231482054642296 103.97169024823508 233.2267224641091
1.3231448117740692 103.97168574045861 233.2267224641091
1.3231402056252672 103.9716796221956 233.22672246410838
