166747447
1.326403836309265 103.97247431470319 291.8684104539874
1.3264058424347012 103.97246934248948 291.868410453985
1.3264079708691248 103.97246406713096 291.8684104539874
1.3264103909764422 103.97245806885648 291.8684104539874
1.3264123502509426 103.97245321276341 291.8684104539865
1.3264150016311502 103.97244664127527 291.8684104539865
1.3264177391663534 103.97243985625052 291.8684104539874
1.3264195423538305 103.97243538702149 291.8684104539865
1.326422183352418 103.97242884126416 291.8684104539865
1.3264250728911005 103.97242167949614 291.8684104539874
1.3264268321407222 103.97241731916766 291.8684104539874
1.3264300422840039 103.9724093627758 291.8684104539874
1.3264328651436337 103.97240236627266 291.8684104539865
1.326435997740992 103.97239460207946 291.86841045398404
1.326438614924725 103.97238811534717 291.86841045398404
1.326441214711259 103.97238167173406 291.868410453985
1.3264430083314045 103.97237722621738 291.868410453985
1.3264463550863639 103.97236893123072 291.8684104539874
1.3264484332431707 103.9723637804852 291.8684104539865
1.326450707711554 103.97235814317816 291.8684104539874
1.3264533752004923 103.9723515317632 291.868410453985
1.3264552535416765 103.97234687626381 291.8684104539874
1.3264581523367605 103.97233969155263 291.8684104539865
1.3264607570857303 103.97233323563952 291.868410453985
1.326462718844796 103.9723283733874 291.868410453985
1.3264651658177298 103.97232230852465 291.868410453985
1.3264676033446035 103.97231626707405 291.8684104539874
1.3264702407914697 103.97230973011841 291.86841045398404
1.3264723761590673 103.97230443757445 291.868410453985
1.3264746150962 103.97229888833166 291.8684104539874
1.32647693056047 103.97229314941502 291.868410453985
1.3264796308672837 103.97228645665967 291.8684104539874
1.326482722481157 103.97227879404319 291.8684104539874
1.32648490568633 103.97227338293274 291.868410453985
1.326487344152958 103.97226733915245 291.8684104539865
1.3264906052680887 103.97225925642401 291.868410453985
1.3264930913411068 103.97225309465033 291.868410453985
1.3264956884525738 103.97224665766592 291.86841045398404
1.3264983660889216 103.97224002109918 291.8684104539865
1.3265009377403536 103.97223364721779 291.86841045398404
1.326503946075187 103.97222619100911 291.8684104539865
1.3265063023696009 103.97222035089355 291.8684104539874
1.3265094861752904 103.97221245977723 291.8684104539865
1.3265126744514173 103.97220455758074 291.8684104539874
1.3265157850039855 103.9721968480233 291.868410453985
1.3265190566410527 103.97218873921508 291.868410453985
1.3265215548521374 103.97218254735627 291.868410453985
1.3265238564907536 103.97217684270561 291.868410453985
1.3265266524498611 103.9721699128731 291.86841045398404
1.3265291557585699 103.97216370837953 291.86841045398404
1.3265310665389802 103.97215876113223 291.7681291721178
1.3265322255455423 103.97215297244014 290.38148256603665
1.3265337990725017 103.97214511341369 288.49203403962133
1.3265354002812866 103.97213711612939 286.5650735307525
1.3265371649325106 103.97212830252684 284.44160862279244
1.326538161008842 103.97212332759415 283.245202508544
1.3265394238275914 103.97211702040849 281.73270249271457
1.3265409911457844 103.9721091923912 281.2749213084948
1.3265427305334916 103.9721005049674 281.2749213084953
1.3265438506475666 103.97209491052415 281.2749213084948
1.3265450200153603 103.97208907008164 281.2749213084948
1.326546400385761 103.97208217578017 281.2749213084953
1.326547546871295 103.9720764496236 281.2749213084953
1.3265490836270954 103.9720687742503 281.2749213084953
1.3265501131745487 103.97206363214434 281.2749213084953
1.3265518253603674 103.97205508058022 281.2749213084953
1.326553007076889 103.97204917846102 281.2749213084953
1.3265543902334023 103.97204227024352 281.2749213084948
1.3265559525095425 103.97203446740744 281.2749213084948
1.3265570890961682 103.97202879069059 281.2749213084953
1.3265584169297584 103.9720221587848 281.2749213084953
1.3265601427341907 103.9720135392012 281.2749213084948
1.3265615698012172 103.97200641167066 281.2749213084948
1.326562476771623 103.97200188177878 281.2749213084948
1.3265642093220709 103.97199322850153 281.2749213084948
1.3265652260801002 103.97198815027178 281.2749213084953
1.3265664591021153 103.97198199190468 281.2749213084948
1.3265677212746247 103.97197568794445 281.2749213084948
1.3265690686516007 103.97196895842771 281.2749213084953
1.326570538060034 103.97196161942088 281.2749213084953
1.3265716882555245 103.97195587473307 281.2749213084953
1.3265731203396773 103.97194872214331 281.2749213084948
1.3265742779075076 103.97194294063392 281.2749213084948
1.3265752088729081 103.97193829089754 281.2749213084953
1.3265762978436764 103.9719314986064 280.93805551449447
1.3265762978834421 103.97192557395888 279.4594144849042
1.3265762979419573 103.97191685201648 277.2739253566832
1.3265762979803892 103.97191112097768 275.8349025186768
1.3265762980309184 103.97190358303405 273.94211332097257
1.3265762980758673 103.9718968745603 272.2606067410325
1.3265762981088194 103.97189195493158 271.03102178739675
1.3265762981508795 103.97188567332283 270.0241856378691
1.326576298191298 103.97187963456636 270.0241856378665
1.3265762982305205 103.97187377248045 270.0241856378665
1.326576298282709 103.97186596924834 270.0241856378665
1.32657629831389 103.97186130525452 270.0241856378691
1.3265762983710903 103.97185274592466 270.0241856378691
1.326576298420064 103.97184541402655 270.0241856378665
1.3265762984749978 103.9718371860115 270.0241856378691
1.326576298515028 103.97183118772034 270.0241856378691
1.3265762985747225 103.97182223865548 270.0241856378691
1.3265762986135248 103.97181641905607 270.0241856378665
1.3265762986706602 103.97180784594467 270.0241856378665
1.3265762987062972 103.97180249641309 270.0241856378691
1.3265762987498553 103.97179595550313 270.0241856378691
1.3265762987878442 103.9717902486861 270.0241856378665
1.3265762988470042 103.97178135761777 270.0241856378665
1.3265762988885588 103.97177510949281 270.0241856378691
1.3265762989345813 103.97176818676621 270.0241856378691
1.3265762989851921 103.97176057056566 270.0241856378691
1.3265762990278838 103.97175414335186 270.0241856378665
1.326576299072279 103.97174745691314 270.0241856378691
1.3265762991062786 103.97174233424194 270.0241856378691
1.326576299157042 103.97173468296822 270.0241856378691
1.3265762992056134 103.97172735870313 270.0241856378665
1.3265761156086084 103.9717191205231 269.7914315586521
1.3265746866170907 103.97171279238601 267.97400110048915
1.3265730268304072 103.9717054421971 265.8524242158296
1.3265720022533196 103.97170090496643 264.5394620854646
1.3265700246152319 103.97169214720655 262.0039028387572
1.326568148533891 103.97168383918006 259.6045217064859
1.3265666919206858 103.97167738872362 257.7510534875116
1.3265649760950982 103.97166979037284 257.3780726661726
1.326563981131241 103.97166538428147 257.3780726661726
1.3265623590032383 103.97165820086059 257.3780726661726
1.326561054769021 103.97165242519854 257.37807266617517
1.3265600536341393 103.97164799177956 257.3780726661726
1.3265590377898224 103.97164349322145 257.37807266617517
1.3265572672835402 103.97163565272349 257.3780726661726
1.3265558142817924 103.97162921826053 257.37807266617517
1.3265540517091512 103.97162141289603 257.3780726661749
1.3265521649526801 103.97161305759684 257.3780726661726
1.326551030560529 103.97160803406258 257.37807266617517
1.3265491747708322 103.97159981589662 257.37807266617517
1.3265476447885993 103.97159304053419 257.3780726661726
1.3265466147617277 103.97158847917056 257.3780726661726
1.3265452018194326 103.9715822221071 257.3780726661726
1.3265427329287187 103.97157566035119 256.15508801376404
1.3265402569138391 103.97157055490786 254.50839520811647
1.3265374409657196 103.97156474853583 252.62837199100719
1.3265341287175068 103.97155791881295 250.41236065307854
1.3265308999478744 103.97155126121959 248.25336794883322
1.3265283126356948 103.9715459262858 246.5282910825596
1.3265252513379988 103.97153961401291 244.49748590559295
1.3265220465729686 103.9715330059162 244.29626568359873
1.326518330953018 103.97152534445719 244.29626568359873
1.3265161974174091 103.97152094519255 244.2962656835982
1.3265132742310812 103.9715149176999 244.29626568359583
1.326511139732374 103.97151051644941 244.2962656835982
1.326508576604642 103.97150523138315 244.2962656835982
1.3265053921553613 103.97149866517688 244.29626568359583
1.3265033154235195 103.9714943830394 244.29626568359583
1.3265000930455333 103.97148773862573 244.2962656835982
1.3264967065697826 103.97148075584911 244.2962656835982
1.3264938267361188 103.9714748177481 244.2962656835964
1.3264911964936632 103.97146939429413 244.2962656835982
1.3264881305489418 103.9714630724397 244.29626568359583
1.3264858019054668 103.97145827087073 244.2962656835982
1.326482690916351 103.97145185613661 244.2962656835964
1.3264789596803488 103.97144416247848 244.2962656835982
1.32647655007619 103.97143919397189 244.2962656835982
1.3264730844489852 103.97143204798847 244.2962656835982
1.3264681063186166 103.97142572417108 242.10394778711034
1.3264636381542467 103.97142086412713 239.66138173637648
1.326459209628657 103.97141604719849 237.22708048326828
1.3264536502409705 103.9714100002257 234.16571087458917
1.3264477179245437 103.97140354761657 230.910628546563
1.3264418912822489 103.9713972099497 227.74484457479798
1.3264365972126941 103.9713914515648 227.61334627531076
1.3264319998421183 103.97138645098273 227.6133462753088
1.3264274343281803 103.97138148505132 227.6133462753088
1.3264235719277522 103.97137728389984 227.61334627531076
1.3264196365216359 103.97137300333975 227.61334627530792
1.3264142617738124 103.97136715720079 227.6133462753088
1.326409017878906 103.97136145339118 227.61334627530985
1.3264032421287706 103.97135517108015 227.61334627531076
1.3263987462169367 103.97135028085535 227.6133462753088
1.3263954318170688 103.97134667576678 227.6133462753088
1.3263920117964685 103.97134295579404 227.61334627531076
1.3263878901170056 103.97133847262361 227.6133462753088
1.3263823455865784 103.97133244181144 227.61334627530792
1.3263777099981804 103.97132739965986 227.61334627531076
1.3263729852305226 103.97132226050759 227.6133462753088
1.326368853737733 103.97131776666322 227.6133462753088
1.3263632844450328 103.97131323853611 226.29564059744476
1.326356923423411 103.9713083497132 224.54110243298345
1.3263522044565508 103.9713047229069 223.23704343332756
1.326345883979029 103.97129986524456 221.4897516567606
1.3263394542692233 103.97129492363074 219.71455028578228
1.3263342333655839 103.97129091105626 218.2771155302017
1.3263302598255102 103.97128785715475 217.74680538727446
1.3263235407307332 103.97128269313141 217.7468053872771
1.3263191335527957 103.97127930595346 217.74680538727551
1.3263146296599684 103.9712758444444 217.74680538727608
1.3263078433862314 103.9712709141152 217.45895051049473
1.3263030024595563 103.97126823458063 216.4071016501445
1.3262968940768034 103.97126485348777 215.07708930937798
1.3262914870922704 103.97126186063063 213.89828205735543
1.3262839341621608 103.97125767995645 212.251205559651
1.3262790297851472 103.97125496530107 211.1825888196337
1.3262714566796534 103.97125077345949 209.53583402233866
1.3262651402769456 103.97124727722408 209.14581859026637
1.3262574499911426 103.97124302052124 209.14581859026637
1.3262514472940368 103.97123969792719 209.14581859026637
1.326247336969211 103.9712374227931 209.14581859026765
1.3262427082517172 103.97123486071993 209.14581859026637
1.3262350838673964 103.97123064049468 209.14581859026637
1.32623071051741 103.97122821977173 209.14581859026637
1.3262247200581958 103.97122490395158 209.14581859026637
1.3262203325124295 103.97122247537104 209.14581859026637
1.3262132482972713 103.97121855413855 209.14581859026754
1.3262086437424245 103.97121600543983 209.14581859026637
1.3262012438058608 103.9712135566759 207.30557041990448
1.3261940493553137 103.97121134838208 205.31424687158884
1.3261864707311304 103.97120902216847 203.2110610507752
1.3261780355922894 103.97120643305276 200.87029539800423
1.326171850255927 103.97120453450052 199.15827749240808
1.326165949655815 103.9712027233464 197.53168337138604
1.3261584468822776 103.97120042041466 197.19123937163084
1.3261524587394802 103.97119858238979 197.19123937163084
1.3261456413213886 103.97119648982384 197.19123937163084
1.3261394694263287 103.97119459539734 197.19123937163212
1.3261328460997976 103.97119256240661 197.19123937163212
1.3261274779792394 103.9711909146939 197.19123937163212
1.326119072556079 103.97118833469918 197.19123937163212
1.3261144513643566 103.97118691625185 197.19123937163212
1.3261084799258642 103.97118508335427 197.19123937163212
1.3261005688653964 103.97118265510125 197.19123937163212
1.3260952992258965 103.97118103761667 197.19123937163133
1.3260901344933471 103.97117945233269 197.19123937163212
1.3260851593466598 103.97117792524097 197.19123937163212
1.3260796624897255 103.97117786092032 195.20372005682182
1.3260746296930674 103.97117799630433 193.12717218187024
1.3260674607463758 103.9711781891515 190.14633094468454
1.3260591887440134 103.97117841167125 186.69224914517645
1.3260521862682573 103.97117860004028 183.77373163608544
1.3260446743911543 103.97117880211233 180.6665618190329
1.3260383799987545 103.97117897143364 178.47294783802974
1.3260317847546184 103.97117914884794 178.47294783802974
1.3260262835165755 103.9711792968331 178.47294783802974
1.3260204065303551 103.971179454926 178.47294783803102
1.3260141415676066 103.9711796234556 178.47294783802974
1.3260075597055756 103.97117980050984 178.47294783802974
1.3260010141454102 103.97117997658756 178.47294783803102
1.3259963812332771 103.97118010121443 178.47294783803102
1.3259898257652174 103.97118027755864 178.47294783802974
1.3259813981842983 103.97118050426329 178.47294783802974
1.3259763802506568 103.97118063924731 178.47294783802974
1.325969437207683 103.97118082601737 178.47294783803102
1.325961643441069 103.97118103567216 178.47294783803102
1.3259569331040109 103.97118116238171 178.47294783803102
1.3259501053250793 103.97118134605108 178.47294783803102
1.3259439277605736 103.97118151222949 178.47294783803102
1.325935504501121 103.97118273652934 177.1971304996989
1.3259289234731102 103.97118502333176 174.47571455548325
1.3259204606484842 103.97118796402846 170.94527458780436
1.3259126593466835 103.97119067485649 167.68118367115775
1.3259051832859583 103.97119327266839 164.56459870066158
1.3258994932921448 103.97119524985047 162.21149544802975
1.325893984726545 103.97119716398915 160.74749400771722
1.3258854529453676 103.97120012864697 160.74749400771597
1.3258770896789693 103.97120303474853 160.74749400771634
1.3258706029708571 103.971205288776 160.74749400771555
1.3258644748656983 103.97120741819468 160.7474940077168
1.3258575673073953 103.97120981846084 160.74749400771555
1.3258509068961766 103.9712121328473 160.7474940077168
1.325843555528855 103.97121468732993 160.7474940077168
1.325836996587066 103.97121696645732 160.7474940077168
1.3258303811338523 103.9712192652215 160.74749400771634
1.3258252433058924 103.97122105053452 160.74749400771634
1.3258171855488432 103.97122385047615 160.7474940077168
1.32581286315727 103.97122595136548 160.0258895655887
1.325808390221041 103.97122848032802 158.84862101272827
1.3258025201722423 103.97123179920686 157.29957046247577
1.3257979840278264 103.97123436390677 156.10066684571527
1.3257906284284764 103.97123852270397 154.1560456630902
1.3257861400145723 103.97124106041737 152.9707376426388
1.325779842369816 103.97124462105542 151.31160975479492
1.3257731393035244 103.97124841091554 150.38184903010904
1.3257691018198408 103.97125069367651 150.38184903010904
1.3257641799545057 103.97125347645978 150.38184903010904
1.325759452712387 103.97125614920463 150.38184903010904
1.3257523052671627 103.97126019031289 150.38184903010904
1.3257474775613396 103.97126291985907 150.38184903010904
1.3257414707587187 103.97126631605708 150.38184903010904
1.3257366821508771 103.9712690234975 150.38184903010904
1.3257300005992059 103.97127280119315 150.38184903010904
1.3257235368768863 103.97127645572978 150.38184903010904
1.3257170669454614 103.97128011377696 150.38184903010904
1.3257096229780205 103.97128432253622 150.38184903010904
1.325704349267599 103.97128730424959 150.38184903010904
1.3256993542176072 103.97129012841059 150.38184903010904
1.325692638430301 103.97129392546255 150.38184903010904
1.3256865198429033 103.97129902916072 148.55469308618606
1.325680969813116 103.97130378348503 146.75109308983085
1.3256751245826144 103.97130879068717 144.8474818793986
1.3256699477284917 103.97131322533777 143.16135466934506
1.3256662746823822 103.97131637178067 141.96659355004138
1.3256598899155954 103.97132184116589 139.89626407632102
1.3256551524141846 103.97132589945348 139.25688440821614
1.3256488831387767 103.97133126990516 139.2568844082153
1.3256425865891468 103.97133666372069 139.2568844082153
1.32563899292622 103.97133974216142 139.25688440821432
1.3256345828692317 103.97134351995004 139.25688440821614
1.3256282994711401 103.97134890249944 139.2568844082153
1.3256215630444261 103.97135467312684 139.2568844082153
1.3256156425900076 103.97136014135138 138.8737552763421
1.3256097668676972 103.97136675997717 137.33941856125003
1.3256049732967605 103.97137215962854 136.0854449509905
1.3256018748035094 103.97137564988316 135.27444314234756
1.3255982416802834 103.97137974236426 134.32356790650033
1.3255941608540434 103.97138433915417 133.25621573627896
1.325589063293496 103.97139008123023 131.92505610186302
1.3255845784392273 103.97139513313178 131.43776486298682
1.3255799667606725 103.97140032789272 131.43776486298682
1.3255749333250133 103.97140599773604 131.43776486298682
1.3255690785025283 103.971412592819 131.43776486298597
1.32556512352652 103.9714170478464 131.43776486298682
1.3255592821217597 103.97142362781501 131.43776486298682
1.325555809689338 103.97142753928786 131.43776486298682
1.3255509900496711 103.9714329683034 131.43776486298583
1.3255475962647054 103.97143679118489 131.43776486298583
1.3255418420424656 103.97144327294774 131.43776486298583
1.325536480522511 103.97144931235658 131.43776486298583
1.3255325591973612 103.97145372947816 131.43776486298682
1.3255296886164543 103.97145852331313 130.1177706742546
1.3255273629132707 103.97146338358837 128.21016899548968
1.325524085630658 103.97147023248272 125.50496713306744
1.325520507868502 103.97147770932183 122.54164175883685
1.3255178285383995 103.97148330860959 120.32474567618516
1.3255140246267993 103.97149125805761 117.19490555378334
1.3255116138578436 103.97149629610381 115.45199679489848
1.3255085002687925 103.97150280290955 115.45199679489964
1.3255055271070275 103.97150901624906 115.45199679489907
1.325503050072208 103.97151419277809 115.45199679489964
1.3255002157116957 103.97152011604943 115.45199679489964
1.325497963197829 103.97152482337252 115.45199679489964
1.325495855425555 103.97152922821333 115.45199679489792
1.3254934352961258 103.9715342858208 115.45199679489964
1.3254914902704746 103.97153835055224 115.45199679489964
1.3254881745578337 103.97154527975718 115.45199679489848
1.3254853647360314 103.971551151747 115.45199679489907
1.325481671764393 103.97155886935087 115.45199679489848
1.3254789216034224 103.97156461666084 115.45199679489907
1.3254757962386843 103.9715711480748 115.45199679489964
1.3254724125011201 103.97157821943843 115.45199679489964
1.3254711179459115 103.97158523631309 113.07954889396626
1.3254702986872149 103.97158996024771 111.4105615236699
1.325469045569682 103.97159718585944 108.84620161583894
1.3254681864329196 103.97160213973515 107.08462539631039
1.3254671595965897 103.97160806058471 104.9808233346474
1.325465997549042 103.97161476107665 102.6088703994266
1.3254651122520305 103.97161986579495 100.81288273758176
1.3254636491931955 103.97162830195028 99.80058595716487
1.325462240223144 103.97163642622363 99.80058595716487
1.3254607615094556 103.97164495264613 99.80058595716487
1.3254592502236866 103.97165366688255 99.80058595716487
1.3254577648392032 103.97166223176913 99.80058595716487
1.325456293282928 103.97167071692061 99.80058595716487
1.3254553431749547 103.97167619534508 99.80058595716487
1.3254538856694043 103.97168459947821 99.80058595716487
1.3254528060795896 103.97169082450861 99.80058595716487
1.3254519145343036 103.97169596525404 99.80058595716487
1.3254509417806724 103.97170271855198 99.55272480576465
1.3254511805145144 103.97170851942357 97.99343264208586
1.3254514182232096 103.971714295386 96.43453950549271
1.3254517299303732 103.9717218693999 94.38466725671248
1.3254519536547595 103.9717273055654 92.91207346973216
1.3254523141260726 103.97173606447576 90.54252002176544
1.3254526018231203 103.97174305508155 88.65878356013285
1.3254528359477071 103.97174874395739 87.68224539924621
1.3254531236702218 103.97175573518282 87.68224539924621
1.3254533130165875 103.9717603360157 87.68224539924616
1.3254535707605635 103.9717665988083 87.68224539924621
1.325453786066428 103.9717718304186 87.68224539924621
1.3254540901248424 103.97177921858356 87.68224539924616
1.3254544351199833 103.97178760145039 87.68224539924616
1.3254546670146312 103.9717932361445 87.68224539924488
1.3254549813705654 103.97180087452534 87.68224539924621
1.3254552603847694 103.97180765415527 87.6822453992449
1.3254554514071912 103.97181229571613 87.68224539924616
1.3254557948418344 103.97182064066784 87.68224539924488
1.3254560294919036 103.97182634231636 87.68224539924621
1.3254572892947716 103.97183510823996 86.54224143537854
1.3254590470682805 103.97184243486696 84.68866855559925
1.3254607714913345 103.97184962248502 82.86505817549227
1.3254626300220917 103.9718573690814 80.89810897830793
1.3254638852268015 103.97186260093693 79.57106425071535
1.3254657498918982 103.97187037310219 77.60519540370555
1.3254674989644397 103.97187766346282 76.6161553678057
1.325469549837608 103.97188621176761 76.61615536780698
1.3254714996512806 103.97189433884347 76.6161553678057
1.3254729526850946 103.9719003952766 76.6161553678057
1.3254744214129073 103.97190651712442 76.6161553678057
1.3254754866703695 103.97191095725559 76.6161553678057
1.3254768318861103 103.97191656428916 76.6161553678057
1.3254788791956094 103.97192509774065 76.6161553678057
1.3254808240948701 103.97193320433308 76.6161553678057
1.3254822044023815 103.9719389576339 76.61615536780637
1.325483657272644 103.97194501338576 76.6161553678057
1.325484776206373 103.97194967724684 76.61615536780698
1.3254866366473161 103.97195743180635 76.61615536780698
1.3254889604287732 103.97196590666502 76.2579152452103
1.3254924518069788 103.9719732653771 74.12170640508138
1.3254962364374128 103.97198124217142 71.79545850396342
1.3254991872484758 103.97198746154041 69.97882317659754
1.3255012594499695 103.97199182908054 68.70374427542158
1.325504792811455 103.97199927628014 66.5348082006464
1.3255069713952203 103.97200386804025 65.20303563147104
1.325510290453206 103.97201086355648 64.78427870400961
1.3255122791409688 103.97201505507638 64.78427870400844
1.3255144098125011 103.9720195458528 64.78427870400961
1.3255181236070137 103.97202737334793 64.78427870400844
1.325520153127157 103.97203165092952 64.78427870400961
1.3255238456148297 103.97203943351668 64.78427870400961
1.3255261671380636 103.97204432654777 64.78427870400844
1.325529530616519 103.97205141568844 64.78427870400961
1.3255316252560168 103.97205583052099 64.78427870400844
1.3255353896809259 103.97206376472904 64.78427870400954
1.3255377331080715 103.97206777917334 64.28097640240179
1.3255430355371818 103.97207411569471 61.63180214004021
1.3255481840828136 103.9720802683219 59.04250899967181
1.325551895267087 103.97208470327011 57.171646730698114
1.3255561320389464 103.97208976630729 55.03700040423694
1.325560708085475 103.9720952347853 52.73935081886354
1.3255636398230597 103.97209873827732 51.27493094437353
1.3255683305169346 103.97210434376152 50.282697439080174
1.3255734615186257 103.9721104754234 50.282697439080174
1.325577708095554 103.97211555017792 50.28269743907917
1.3255829617000623 103.97212182835298 50.282697439080174
1.3255877553316413 103.97212755685011 50.28269743907917
1.3255932672153776 103.97213414367467 50.282697439080174
1.3255985045065064 103.97214040235495 50.28269743907751
1.3256038964362313 103.97214684583183 50.28269743907917
1.3256068944183952 103.97215042848775 50.28269743907751
1.3256106085466797 103.97215486695433 50.28269743907917
1.3256137899580873 103.97215866881231 50.28269743907917
1.3256171195086586 103.97216264769992 50.28269743907917
1.3256216210651564 103.9721680271609 50.28269743907917
1.3256261626240473 103.97217345442567 50.282697439078504
1.325629137372622 103.97217700931701 50.28269743907917
1.3256348073880886 103.97218378511272 50.28269743907917
1.3256390451553235 103.9721888493397 50.28269743907917
1.325642237061586 103.97219266373936 50.28269743907917
1.3256465444494383 103.97219781116456 50.282697439080174
1.3256519565230234 103.97220427871405 50.28269743907917
1.325656290746765 103.9722094582088 50.28269743907917
1.325659297392293 103.97221305121775 50.28269743907917
1.32566412154945 103.97221881619396 50.282697439078504
1.325669876148756 103.97222569306946 50.282697439080174
1.3256741361874624 103.97222947415429 49.212783592866835
1.3256793465415826 103.97223329610242 47.23841484854741
1.3256858379003635 103.97223805770517 44.76625028523907
1.3256898013463307 103.97224096500946 43.253667771384656
1.32569555355448 103.9722451844235 41.05929107131085
1.3257024892991327 103.97225027199642 38.42298652947493
1.3257097470210129 103.97225559574912 36.46122192822092
1.3257158494422703 103.97226007205481 36.46122192822169
1.325722338847427 103.9722648322246 36.46122192822015
1.3257278461103947 103.97226887196418 36.46122192822092
1.3257322185533993 103.97227207927989 36.46122192822092
1.3257377307144098 103.97227612261233 36.46122192822092
1.3257442122727885 103.97228087702631 36.46122192822302
1.3257499551433927 103.97228508959105 36.46122192822092
1.3257536772837455 103.97228781989065 36.46122192822092
1.325758529745283 103.97229137931414 36.46122192822092
1.325762248511894 103.972294107139 36.46122192822092
1.3257673016126876 103.9722978137373 36.46122192822092
1.325773655959899 103.97230247483822 36.46122192822092
1.325778176317001 103.97230579065334 36.46122192822092
1.3257852666457206 103.97231099161836 36.46122192822302
1.3257911832042821 103.97231533158842 36.46122192822169
1.325795253014549 103.97231831691417 36.46122192822092
1.3258016024559374 103.97232297441656 36.46122192822092
1.3258071066282844 103.97232701188918 36.46122192822092
1.3258112601019776 103.97233005858456 36.46122192822092
1.3258154598673342 103.97233313923623 36.46122192822015
1.3258204129013513 103.97233677243268 36.46122192822092
1.3258269302629204 103.9723415531095 36.46122192822015
1.3258334966789715 103.97234636976924 36.46122192822092
1.3258407468942448 103.97235168801589 36.46122192822092
1.3258477506513553 103.97235682547822 36.46122192822092
1.3258539293408618 103.97236135772916 36.46122192822092
1.3258593165658032 103.97236530941748 36.46122192822092
1.325864482690636 103.97236909892239 36.46122192822302
1.3258716449839683 103.97237435267576 36.46122192822092
1.3258769164990563 103.97237821948755 36.46122192822302
1.3258831233058679 103.9723827723634 36.46122192822092
