649636776
1.329434300555378 103.97524479534418 213.85713368038998
1.3294284349981185 103.97524088900289 213.85713368038637
1.3294227867627861 103.97523712739353 213.85713368038856
1.3294153916070888 103.97523220237093 213.85713368038637
1.3294103997881612 103.97522887792151 213.85713368038856
1.329406287531365 103.97522613924252 213.85713368038637
1.3294014321772645 103.97522290567589 213.85713368038637
1.3293966338392544 103.97521971008085 213.85713368038637
1.329392619150655 103.97521703638026 213.85713368038856
1.3293875623571072 103.97521366865912 213.85713368038637
1.3293814399192407 103.97520959124063 213.85713368038856
1.3293774716761357 103.97520694847182 213.85713368038637
1.3293716375272397 103.9752030630479 213.85713368038637
1.329366567230336 103.97519968633381 213.85713368038637
1.3293624180485182 103.97519692306354 213.85713368038856
1.3293573378606014 103.97519353976224 213.85713368038637
1.3293527271817416 103.97519046914438 213.85713368038637
1.3293486205377205 103.97518773420342 213.85713368038856
1.3293412191791618 103.97518280504995 213.85713368038637
1.329336282974804 103.97517951763878 213.85713368038637
1.3293288517993354 103.97517456862786 213.85713368038998
1.3293227201393751 103.97517048506772 213.85713368038782
1.329316601845219 103.97516641040896 213.85713368038637
1.3293101670319547 103.97516212495493 213.85713368038782
1.3293041185791687 103.9751580968091 213.85713368038637
1.3292992631498055 103.97515486319246 213.85713368038637
1.329294933650233 103.97515197983431 213.85713368038856
1.329290037909233 103.97514871937096 213.85713368038637
1.3292838562961513 103.97514460254311 213.85713368038637
1.3292792261376745 103.9751415189523 213.85713368038856
1.3292732123944355 103.97513751392235 213.85713368038637
1.3292663504374818 103.97513294399943 213.85713368038637
1.3292621173681318 103.97513012486186 213.85713368038637
1.329257847925818 103.97512728150065 213.85713368038856
1.3292533443127272 103.9751242821865 213.85713368038856
1.3292470261971312 103.97512007445081 213.85713368038637
1.3292402138312496 103.97511553755457 213.85713368038637
1.3292337118768371 103.97511120738602 213.85713368038856
1.3292288876561182 103.97510799455378 213.85713368038637
1.3292236955327137 103.97510453670589 213.85713368038637
1.32921724590345 103.97510024138482 213.85713368038637
1.3292109184254564 103.97509602741403 213.85713368038782
1.3292065273992255 103.97509310308047 213.85713368038856
1.329199940438043 103.97508871629921 213.85713368038856
1.3291949915271744 103.9750854204259 213.85713368038637
1.3291912069669087 103.97508289998628 213.85713368038637
1.3291838672896263 103.97507801191152 213.85713368038637
1.329177296706846 103.97507363603796 213.85713368038856
1.3291707185111223 103.97506925509435 213.85713368038856
1.329164261215959 103.97506495466803 213.85713368038856
1.3291601744089225 103.97506223293827 213.85713368038856
1.3291552432707494 103.97505894890126 213.85713368038637
1.3291504875702997 103.97505578170218 213.85713368038856
1.3291455078951513 103.97505246534057 213.85713368038856
1.329141658772257 103.97504990190357 213.85713368038637
1.3291365661262375 103.97504651030569 213.85713368038856
1.3291313535811762 103.97504303885749 213.85713368038856
1.329124471737395 103.97503845569054 213.85713368038637
1.3291183337471675 103.97503436791483 213.85713368038637
1.3291119065416361 103.97503008752768 213.85713368038637
1.3291074335656807 103.97502710861737 213.85713368038782
1.3291009989043858 103.97502282326484 213.85713368038856
1.3290963553668944 103.97501973076406 213.85713368038998
1.3290909531426953 103.97501613299349 213.85713368038856
1.3290849965660734 103.97501216603558 213.85713368038856
1.3290792839827512 103.9750083615722 213.85713368038637
1.329072340354423 103.9750037372581 213.85713368038637
1.3290652344170693 103.97499900484952 213.85713368038856
1.329060553199724 103.97499588725478 213.85713368038637
1.3290554519689939 103.97499248993972 213.85713368038856
1.3290496080011895 103.974988597977 213.85713368038637
1.3290438369337774 103.97498475456447 213.85713368038998
1.3290371707720134 103.97498031503748 213.85713368038856
1.329031636894213 103.97497662958837 213.85713368038637
1.3290270097857848 103.97497354802906 213.85713368038856
1.3290217070829953 103.9749700165378 213.85713368038782
1.3290143349988803 103.97496510688102 213.85713368038637
1.3290069086871794 103.97496016110978 213.85713368038856
1.3290003378765791 103.97495578508475 213.85713368038637
1.328995171928342 103.97495234466923 213.85713368038637
1.3289899413867021 103.97494886123583 213.85713368038637
1.3289840764292407 103.97494495529452 213.85713368038637
1.3289797505970635 103.97494207437907 213.85713368038637
1.3289758820457758 103.97493949800331 213.85713368038856
1.328970532927694 103.97493593560046 213.85713368038998
1.3289644251591761 103.974931867952 213.85713368038856
1.328960477593192 103.97492923895409 213.85713368038856
1.3289539313640344 103.97492487929985 213.85713368038637
1.328948827957235 103.9749214805357 213.85713368038998
1.328944559579702 103.97491863788389 213.85713368038637
1.328939723342124 103.97491541704898 213.85713368038637
1.3289354422247142 103.97491256591266 213.85713368038637
1.3289299955792486 103.97490893855861 213.85713368038856
1.3289228499324168 103.97490417970458 213.85713368038856
1.3289181804536576 103.97490106992761 213.85713368038856
1.3289108980109463 103.97489621997032 213.85713368038637
1.3289037280594405 103.9748914449299 213.85713368038637
1.3288987951593187 103.97488815971974 213.85713368038782
1.32889372552366 103.97488478344651 213.85713368038637
1.328887906560282 103.97488090813644 213.85713368038856
1.3288839256444474 103.97487825692828 213.85713368038637
1.3288798026643536 103.97487551110824 213.85713368038637
1.3288724397895821 103.97487060758493 213.85713368038856
1.3288667978094355 103.97486685014206 213.85713368038856
1.3288619003671853 103.97486358854616 213.85713368038856
1.3288562696176964 103.97485983858272 213.85713368038856
1.32884971048015 103.9748554703319 213.85713368038637
1.3288438188856444 103.97485154665104 213.85713368038856
1.32883688552663 103.97484692917645 213.85713368038856
1.3288328675780898 103.97484425330529 213.85713368038856
1.3288288668471557 103.97484158890073 213.85713368038637
1.3288223011953546 103.97483721631161 213.85713368038856
1.3288183730880319 103.97483460027289 213.85713368038637
1.3288116376344203 103.97483011459923 213.85713368038637
1.3288060250343694 103.974826376723 213.85713368038637
1.3288005723748206 103.97482274536387 213.85713368038637
1.328793567740378 103.97481808042134 213.85713368038637
1.3287871064583945 103.97481377734042 213.85713368038856
1.3287822989720683 103.9748105756534 213.85713368038637
1.328775497533033 103.97480604603487 213.85713368038637
1.3287690513149037 103.97480175298618 213.85713368038637
1.3287615814306015 103.97479677819688 213.85713368038856
1.3287570149052899 103.97479373698496 213.85713368038637
1.32875181729886 103.974790275486 213.85713368038856
1.3287460445305979 103.97478643094111 213.85713368038998
1.3287415249931744 103.97478342102215 213.85713368038637
1.3287341360653906 103.97477850014828 213.85713368038782
1.32872975022602 103.9747755792695 213.85713368038856
1.328723548716687 103.97477144919189 213.85713368038637
1.3287182475493398 103.97476791872354 213.85713368038637
1.3287114210754745 103.97476337243243 213.85713368038856
1.3287048480273274 103.97475899491765 213.85713368038856
1.3286993957621518 103.97475536382126 213.85713368038856
1.3286951510097897 103.97475253690357 213.85713368038637
1.3286880531258662 103.97474780985897 213.85713368038856
1.3286828996298385 103.9747443777367 213.85713368038637
1.3286783476969781 103.97474134624315 213.85713368038856
1.328674535569062 103.97473880744442 213.85713368038637
1.3286698741129295 103.97473570301061 213.85713368038637
1.328663217779137 103.97473127002937 213.85713368038637
1.328658424778263 103.97472807798948 213.85713368038856
1.3286535855677117 103.9747248551749 213.85713368038856
1.3286473741564928 103.97472071850294 213.85713368038856
1.3286410320058712 103.97471649476124 213.85713368038856
1.3286357927538588 103.9747130055273 213.85713368038856
1.328631184758827 103.97470993669752 213.85713368038782
1.3286260579192246 103.97470652232796 213.85713368038856
1.328621726172959 103.97470363747418 213.85713368038998
1.3286151749474973 103.97469927449296 213.85713368038998
1.3286106269388038 103.97469624561288 213.85713368038782
1.3286048892190911 103.97469242440975 213.85713368038856
1.3285995157407846 103.97468884578392 213.85713368038856
1.328595698545266 103.97468630361035 213.85713368038856
1.3285882327395995 103.97468133153761 213.85713368038637
1.3285807281496809 103.9746763336354 213.85713368038637
1.3285743156680185 103.97467206305474 213.85713368038782
1.3285687865246854 103.97466838075924 213.85713368038637
1.3285642762285728 103.974665376995 213.85713368038637
1.3285595014851643 103.97466219711431 213.85713368038637
1.3285532455795377 103.9746580308101 213.85713368038637
1.3285481023674701 103.9746546055369 213.85713368038782
1.3285416662327385 103.97465031920386 213.85713368038637
1.3285352409288664 103.97464604008395 213.85713368038998
1.3285289084064742 103.9746418227546 213.85713368038637
1.3285227636363988 103.97463773046444 213.85713368038637
1.328516943917229 103.97463385465149 213.85713368038637
1.3285098691273511 103.97462914298731 213.85713368038637
1.328505450030812 103.97462619996017 213.85713368038856
1.3284992213749758 103.97462205180385 213.85713368038637
1.328494683812909 103.9746190298811 213.85713368038856
1.3284904541954803 103.97461621304313 213.85713368038856
1.3284863392401471 103.97461347256775 213.85713368038637
1.32848138922532 103.97461017596 213.85713368038637
1.3284744296584468 103.97460554103205 213.85713368038856
1.3284690978997062 103.97460199019072 213.85713368038856
1.328463404591452 103.97459819856489 213.85713368038637
1.3284586213037437 103.97459501299397 213.85713368038856
1.3284538834986062 103.97459185771352 213.85713368038637
1.3284492625436108 103.97458878025283 213.85713368038856
1.328441941047728 103.97458390428767 213.85713368038637
1.3284381299158947 103.97458136615253 213.85713368038856
1.3284320620132646 103.97457732505461 213.85713368038998
1.3284261379440454 103.9745733797468 213.85713368038637
1.3284216895533798 103.97457041721043 213.85713368038637
1.3284172810575232 103.9745674812432 213.85713368038856
1.3284129529535695 103.97456459881529 213.85713368038637
1.3284058172215725 103.9745598465651 213.85713368038998
1.3283999857949593 103.97455596295538 213.85713368038637
1.3283934846065972 103.97455163329816 213.85713368038637
1.3283863876717752 103.97454690688612 213.85713368038782
1.32837984260432 103.97454254800633 213.85713368038856
1.328374190959518 103.97453878412763 213.85713368038998
1.3283675027174202 103.97453432989651 213.85713368038856
1.3283626359137255 103.97453108870576 213.85713368038782
1.328358779206022 103.97452852021809 213.85713368038637
1.328354040353813 103.9745253642404 213.85713368038637
1.3283466210871924 103.97452042316209 213.85713368038856
1.3283392802140133 103.9745155342922 213.85713368038856
1.3283318996587037 103.97451061899486 213.85713368038998
1.328327755707465 103.97450785920894 213.85713368038637
1.3283235070119803 103.97450502966555 213.85713368038637
1.3283194923589454 103.97450235598957 213.85713368038637
1.3283144302123358 103.97449898470452 213.85713368038637
1.328308378781727 103.97449495457681 213.85713368038856
1.328302334422766 103.97449092915866 213.85713368038637
1.3282961949647523 103.97448684040651 213.85713368038637
1.3282904255159305 103.97448299807284 213.85713368038856
1.328285508094174 103.9744797231716 213.85713368038637
1.3282801895881728 103.97447618115655 213.85713368038782
1.3282753187123306 103.97447293725392 213.85713368038856
1.328268584245322 103.97446845223813 213.85713368038637
1.3282622012495944 103.97446420129494 213.85713368038856
1.3282584032482776 103.97446167190458 213.85713368038856
1.328251047834819 103.9744567733513 213.85713368038637
1.3282454928031837 103.9744530738151 213.85713368038637
1.3282388943484587 103.97444867938073 213.85713368038637
1.3282341528327282 103.9744455216293 213.85713368038782
1.3282280538971105 103.97444145986432 213.85713368038856
1.328221319560898 103.97443697493567 213.85713368038637
1.3282139149465029 103.97443204361566 213.85713368038856
1.3282098487960634 103.97442933564358 213.85713368038856
1.3282060488187188 103.9744268049373 213.85713368038637
1.3281993553275397 103.97442234721063 213.85713368038856
1.3281953729553957 103.97441969503318 213.85713368038856
1.3281900504440278 103.97441615035075 213.85713368038856
1.3281836322850553 103.97441187598966 213.85713368038856
1.3281783670495753 103.97440836945178 213.85713368038637
1.3281743912417434 103.97440572164604 213.85713368038637
1.3281671399074413 103.97440089240747 213.85713368038856
1.3281624787774688 103.97439778819137 213.85713368038637
1.3281576046247 103.97439454210651 213.85713368038637
1.3281534663328132 103.97439178608977 213.85713368038856
1.3281467009400698 103.97438728047824 213.85713368038637
1.3281414047963387 103.97438375335615 213.85713368038856
1.328134392399938 103.97437908324532 213.85713368038637
1.3281300689379745 103.97437620390916 213.85713368038637
1.328125484230804 103.97437315058909 213.85713368038856
1.3281196870358112 103.97436928977726 213.85713368038637
1.3281143774857702 103.97436575372687 213.85713368038856
1.3281100598033093 103.97436287823976 213.85713368038856
1.3281041150407424 103.974358919151 213.85713368038637
1.3280974113642825 103.9743544546413 213.85713368038637
1.328091695511745 103.9743506480019 213.85713368038637
1.328084281297075 103.9743457102885 213.85713368038637
1.3280779434418022 103.97434148940816 213.85713368038637
1.3280704309657207 103.97433648625471 213.85713368038856
1.3280664830243367 103.97433385700755 213.85713368038637
1.328059071252022 103.97432892092074 213.85713368038637
1.3280527460074592 103.97432470843891 213.85713368038856
1.3280458484832371 103.9743201148307 213.85713368038856
1.3280402020313422 103.97431635441075 213.85713368038637
1.3280342416478335 103.97431238491885 213.85713368038637
1.3280277286018793 103.97430804736521 213.85713368038637
1.3280212913607619 103.97430376029607 213.85713368038637
1.3280169465267344 103.97430086672665 213.85713368038782
1.3280111035301756 103.97429697541206 213.85713368038856
1.3280066213352428 103.97429399036314 213.85713368038637
1.3280018365815809 103.97429080381639 213.85713368038637
1.32799708083547 103.97428763658806 213.85713368038856
1.3279917315965182 103.97428407410584 213.85713368038782
1.3279851373554141 103.97427968247798 213.85713368038856
1.3279780030811836 103.97427493119928 213.85713368038637
1.3279735867015086 103.97427198998199 213.85713368038637
1.327967155490452 103.97426770692879 213.85713368038637
1.3279614667624302 103.9742639183539 213.85713368038856
1.3279553081950737 103.97425981687576 213.85713368038998
1.3279491286356906 103.97425570141739 213.85713368038637
1.3279423336833087 103.97425117612005 213.85713368038998
1.3279370175960274 103.97424763571621 213.85713368038637
1.3279307689395796 103.97424347424064 213.85713368038637
1.327925814988094 103.97424017501172 213.85713368038637
1.327921940976587 103.97423759500043 213.85713368038637
1.327918060101089 103.97423501041787 213.85713368038637
1.3279109074595767 103.97423024690703 213.85713368038856
1.3279060116220887 103.97422698638086 213.85713368038637
1.327901920607112 103.97422426184977 213.85713368038637
1.3278953887847202 103.97421991179161 213.85713368038637
1.327888573930585 103.97421537324018 213.85713368038637
1.3278818274181134 103.97421088020292 213.85713368038637
1.3278775377757461 103.97420802339015 213.85713368038637
1.327872175806053 103.97420445242962 213.85713368038998
1.3278682453649098 103.9742018348374 213.85713368038856
1.327862238284558 103.9741978342466 213.85713368038637
1.3278548001993054 103.97419288063622 213.85713368038637
1.327848213246956 103.97418849386274 213.85713368038856
1.3278411854796932 103.97418381351565 213.85713368038856
1.3278356321322737 103.9741801151016 213.85713368038856
1.3278290506866168 103.97417573199547 213.85713368038856
1.3278217592573516 103.974170876055 213.85713368038637
1.3278162903229525 103.97416723385828 213.85713368038637
1.3278122535294077 103.97416454543763 213.85713368038856
1.3278062142188494 103.97416052338222 213.85713368038637
1.3278001090772602 103.97415645748477 213.85713368038856
1.327795600906262 103.97415345513652 213.85713368038637
1.3277886716132317 103.97414884037131 213.85713368038637
1.3277846063181376 103.97414613296924 213.85713368038856
1.3277781465073775 103.97414183086948 213.85713368038637
1.3277743324534705 103.97413929078884 213.85713368038856
1.3277693588558634 103.97413597847618 213.85713368038637
1.32776438276873 103.97413266450556 213.85713368038856
1.3277574101718579 103.97412802090093 213.85713368038637
1.3277509246573809 103.97412370168308 213.85713368038856
1.3277443232449524 103.9741193052796 213.85713368038856
1.327739272368261 103.97411594150071 213.85713368038637
1.327732589684202 103.97411149097206 213.85713368038637
1.3277274473547946 103.97410806628757 213.85713368038856
1.3277210968678357 103.97410383699528 213.85713368038637
1.3277160853477732 103.9741004994271 213.85713368038856
1.3277093352545246 103.97409600400535 213.85713368038856
1.3277037527949844 103.97409228620336 213.85713368038782
1.3276965787691288 103.97408750845132 213.85713368038637
1.3276912057991486 103.97408393016505 213.85713368038856
1.327686715999742 103.97408094005202 213.85713368038637
1.3276794728439507 103.97407611626092 213.85713368038637
1.3276731313512338 103.97407189295865 213.85713368038782
1.3276673280287645 103.9740680280666 213.85713368038782
1.327663517406638 103.97406549027154 213.85713368038637
1.3276572679842367 103.97406132828621 213.85713368038637
1.3276516023322225 103.97405755507985 213.85713368038637
1.3276454141374836 103.97405343387089 213.85713368038856
1.327638809442211 103.97404903528127 213.85713368038637
1.3276330682127038 103.97404521174188 213.85713368038637
1.3276265717535647 103.97404088523527 213.85713368038637
1.327622579410997 103.97403822641822 213.85713368038637
1.327618543921553 103.97403553886623 213.85713368038637
1.3276121446248577 103.9740312770678 213.85713368038637
1.3276069746093324 103.97402783394507 213.85713368038637
1.32760096164838 103.97402382943824 213.85713368038637
1.3275957873371118 103.97402038345464 213.85713368038637
1.3275895291674267 103.97401621564391 213.85713368038637
1.327583056937226 103.97401190527333 213.85713368038782
1.3275778592157044 103.97400844369902 213.85713368038637
1.327573986090186 103.97400586427806 213.85713368038998
1.3275676124516687 103.97400161956752 213.85713368038856
1.327560913145604 103.97399715796918 213.85713368038637
1.327554350465513 103.9739927873609 213.85713368038856
