22617511
1.3274803746945119 103.97392460162537 220.29073637033977
1.327475577652093 103.97392243481663 217.36941693249705
1.3274686699478433 103.97391931462869 213.16173867964503
1.3274609078862447 103.97391580853026 208.482547075558
1.3274546675561414 103.97391298979312 204.7973629505624
1.327449187243673 103.97391051435349 204.47114138787137
1.3274446235398547 103.97390845294306 204.47114138787242
1.327438307192557 103.97390559986917 204.47114138787242
1.3274313061576617 103.97390226669789 204.6694187344558
1.327425607161157 103.97389954325782 204.84262813145992
1.3274186983138805 103.97389598529846 205.35045805025177
1.3274132427248504 103.9738926898952 206.31686532994425
1.327405790689875 103.97388818855536 207.63826973331712
1.3273992915417594 103.9738842627989 208.79097992286893
1.3273925336826415 103.97388018077024 209.80458407317417
1.3273855964774721 103.97387599040908 210.81157888981502
1.327380946342231 103.97387318153355 211.3211679526229
1.3273765808359625 103.97387054458575 211.3211679526229
1.3273706839791708 103.97386698263841 211.3211679526229
1.3273630579663003 103.9738623762087 211.3211679526229
1.3273558995504264 103.9738580522271 211.3211679526229
1.3273497754082422 103.97385435298992 211.32116795262422
1.3273453703845883 103.973851692172 211.3211679526229
1.3273393389414763 103.97384804892894 211.32116795262067
1.3273353228016633 103.97384562301309 211.32116795262067
1.3273302458561473 103.97384255632636 211.3211679526229
1.3273248208155763 103.97383927937574 211.3211679526229
1.3273180510071023 103.97383519012922 211.3211679526229
1.3273131737674495 103.9738322440732 211.32116795262067
1.3273092052240723 103.97382984690756 211.3211679526229
1.3273029347201346 103.97382605926185 211.3211679526229
1.3272978541481826 103.97382299038463 211.32116795262067
1.3272901686121947 103.97381834800058 211.3211679526229
1.3272825581444552 103.9738137509609 211.3211679526229
1.3272766938446012 103.97381020867938 211.3211679526229
1.3272724224833048 103.97380762859916 211.3211679526229
1.3272668964395773 103.9738043527964 211.25344841782155
1.3272598971001426 103.97380064865506 210.68267985095068
1.3272550206011016 103.97379806794841 210.2848976572593
1.3272481777139193 103.97379444660363 209.72662718286452
1.3272429427870291 103.97379167621234 209.299530726487
1.3272362113087417 103.97378811382661 208.75040763211683
1.327229261968585 103.97378443614554 208.1836951410619
1.3272231828896697 103.97378121901805 208.06508884092324
1.3272164390741423 103.97377765010329 208.06508884092324
1.3272107181135344 103.97377462249665 208.06508884092446
1.3272035145249013 103.97377081026401 208.06508884092324
1.3271986075282516 103.97376821341769 208.06508884092324
1.3271937268541025 103.97376563050155 208.06508884092216
1.3271886656423257 103.97376295204256 208.06508884092324
1.3271807578990118 103.97375876716214 208.06508884092324
1.327174204196267 103.97375529885755 208.06508884092446
1.3271673020515637 103.97375164615298 208.06508884092324
1.3271599457929533 103.97374775312544 208.06508884092446
1.3271526862655005 103.97374549211695 206.2803248304392
1.327148063719472 103.97374427927285 204.8809867351807
1.327142617484315 103.97374285031265 203.2271412325072
1.3271353990607346 103.97374095637315 201.03100539087865
1.3271307853475576 103.97373974584656 199.62755150025745
1.3271257403609502 103.97373842216425 198.0954541743578
1.3271171639267838 103.97373617191565 195.5030020110668
1.3271106176548422 103.97373445433243 194.81631934277834
1.3271021288657763 103.97373216911924 194.8877739143945
1.3270971667354305 103.97373013268805 195.79420087312482
1.3270925216387663 103.97372822636575 196.64401892065374
1.3270851587257257 103.97372520466647 197.9927137629055
1.3270789665349585 103.9737226634252 199.1275808499143
1.3270747425106202 103.97372092990871 199.9015697173656
1.3270694663661395 103.97371876460782 200.86766529935414
1.3270630438354147 103.97371612883629 202.04191155352288
1.3270566728119448 103.97371351420307 202.4667499209979
1.327049671970631 103.97371064109605 202.46674992099548
1.3270415228707602 103.97370729674996 202.46674992099446
1.327034688383273 103.97370449191365 202.4667499209979
1.3270285046394166 103.97370195413895 202.4667499209979
1.327024214125387 103.97370019333543 202.46674992099446
1.3270167966193314 103.97369714923147 202.4667499209979
1.3270115021745377 103.97369497642025 202.46674992099446
1.3270035252560002 103.97369170273645 202.46674992099548
1.326998669031317 103.97368970976838 202.4667499209969
1.3269928788060457 103.97368733349155 202.46674992099548
1.3269871019417152 103.973684962698 202.4667499209979
1.3269824773395036 103.9736830647865 202.46674992099548
1.326974642480902 103.97367984940334 202.4667499209969
1.3269703573094123 103.97367809079236 202.46674992099548
1.3269644744581637 103.97367567650235 202.46674992099548
1.3269570096656371 103.97367261299227 202.46674992099446
1.3269494339688703 103.9736695039677 202.4667499209979
1.3269439707385646 103.9736678316363 201.79439740847565
1.3269389177743587 103.97366711531792 200.18564325887758
1.3269338699131692 103.97366639972292 198.57077581000408
1.3269264675136938 103.97366535034381 196.1939672730657
1.3269217011069039 103.97366467464835 194.66140436545462
1.3269139048447105 103.97366356943444 192.15762174038846
1.3269052447957261 103.97366234176835 189.39086770103717
1.326898528519066 103.97366138965536 188.14384894206566
1.326893561910145 103.97366068557879 188.1438489420653
1.3268879958414541 103.97365989652161 188.14384894206788
1.3268819176590922 103.97365903486613 188.1438489420653
1.3268766981067175 103.9736582949318 188.14384894206788
1.326870605968122 103.97365743129785 188.1438489420653
1.3268629634413447 103.97365634787771 188.1438489420653
1.3268579438548829 103.97365563629091 188.14384894206788
1.32684924147577 103.97365440262392 188.14384894206822
1.326843165135627 103.97365354122958 188.14384894206788
1.3268346202019043 103.97365296762155 187.33834514644104
1.3268293697123439 103.97365279077049 186.62082681380187
1.3268243175454526 103.97365262059948 185.92994389582287
1.326818892942262 103.97365243788377 185.1878523828473
1.326810156352651 103.97365214361113 183.9926901393067
1.3268043817387776 103.97365194910607 183.20316762277545
1.3267979531056087 103.97365173257182 182.3250654347565
1.3267896201412819 103.97365145189437 181.9653839908971
1.3267823194387547 103.97365120598633 181.9653839908971
1.326775657031203 103.97365098157786 181.96538399089968
1.326768803486101 103.97365075073132 181.9653839908998
1.3267621106858627 103.97365052529913 181.9653839908971
1.3267561996182455 103.97365032619784 181.96538399089968
1.3267475875295314 103.97365003611858 181.9653839908971
1.3267394367581704 103.9736497615778 181.9653839908971
1.3267309832551397 103.97364947684012 181.96538399089968
1.3267238765114384 103.97364923746505 181.96538399089968
1.3267170580691197 103.97364900780079 181.96538399089968
1.3267113360679224 103.9736488150677 181.9653839908971
1.3267063825560634 103.97364864821951 181.9653839908971
1.326697780143486 103.97364835846608 181.9653839908971
1.326689467230628 103.97364807846378 181.96538399089968
1.3266806472925303 103.9736477813834 181.9653839908971
1.3266758573166801 103.97364762004352 181.9653839908971
1.3266699819930547 103.97364742214606 181.96538399089718
1.3266619912176274 103.97364715299419 181.96538399089968
1.3266564995790227 103.97364696802029 181.9653839908971
1.3266494690606825 103.97364673121255 181.9653839908971
1.32664287253876 103.97364650902307 181.96538399089968
1.3266383268117201 103.97364635591012 181.9653839908971
1.3266322421430394 103.97364653639734 181.47395270370814
1.3266256407690236 103.97364726891017 180.25432166291154
1.3266173718760426 103.97364818645704 178.72360661244755
1.3266090863238749 103.97364910585245 177.18849773953127
1.326601406623831 103.97364995802022 175.7663845523298
1.3265963037173283 103.97365052425752 174.8227190567094
1.3265892644686652 103.97365130535843 173.65131033856605
1.3265822714952569 103.97365208132447 173.6513103385686
1.3265768488891443 103.97365268303675 173.6513103385686
1.3265711038013983 103.97365332053276 173.6513103385686
1.3265633747355856 103.97365417817825 173.65131033856605
1.3265554378703446 103.9736550588819 173.65131033856605
1.3265478166225992 103.97365590456344 173.6513103385686
1.3265410342964845 103.97365665715517 173.65131033856835
1.3265339989417193 103.97365743782385 173.65131033856605
1.3265252936217866 103.97365840379793 173.6513103385686
1.326516820134061 103.97365934404705 173.6513103385686
1.3265102718681754 103.9736600706665 173.6513103385686
1.326503598208939 103.97366081120005 173.6513103385686
1.3264988889759493 103.97366133375368 173.6513103385686
1.3264916005600922 103.97366214250282 173.6513103385686
1.3264833217402 103.97366306115076 173.65131033856605
1.3264755803027661 103.97366392016878 173.6513103385686
1.3264680322599642 103.97366475772698 173.6513103385686
1.3264610101220617 103.97366553692888 173.6513103385686
1.3264559732919863 103.97366609583378 173.65131033856576
1.3264497010006115 103.97366679182994 173.6513103385686
1.3264438964277476 103.97366743592636 173.65131033856576
1.3264389522340154 103.97366798455195 173.65131033856605
1.3264343907351521 103.97366849071236 173.6513103385686
1.3264287338644247 103.97367058955759 171.77998934894828
1.3264244270536223 103.9736722483457 170.26905981038715
1.3264183894695645 103.97367457374908 168.141932591354
1.3264115710678281 103.97367719988799 165.7337093991845
1.326405604828963 103.97367949781241 163.62765047361356
1.3263979121421277 103.97368246068616 160.92335692285454
1.3263895657261033 103.97368567534673 158.8351840896107
1.3263841099897065 103.97368777664866 158.8351840896131
1.3263789101477994 103.97368977939165 158.8351840896107
1.3263726129308937 103.97369220479366 158.8351840896107
1.3263675200973195 103.97369416632185 158.8351840896107
1.3263623454534625 103.97369615935965 158.8351840896107
1.3263546086604578 103.97369913922088 158.83518408961407
1.3263461869429167 103.97370238288391 158.8351840896107
1.326341518246128 103.97370418105379 158.8351840896107
1.3263358303916604 103.97370637175688 158.83518408961407
1.3263312481313554 103.97370813663534 158.83518408961163
1.3263250335008947 103.97371053022859 158.8351840896131
1.3263172434715456 103.97371353059384 158.8351840896131
1.3263103419670854 103.97371618873966 158.8351840896107
1.326303624246211 103.97371877610037 158.8351840896131
1.326296918245754 103.97372135894686 158.8351840896131
1.3262902491099282 103.97372392759475 158.8351840896131
1.3262859253156138 103.97372559292371 158.8351840896107
1.3262789094191743 103.97372829512798 158.8351840896131
1.3262706364744234 103.97373148149003 158.8351840896107
1.3262662062237678 103.97373318782108 158.8351840896107
1.3262584267008022 103.97373618413943 158.83518408961163
1.3262502799346616 103.97373932190312 158.8351840896107
1.3262440130945845 103.97374173560478 158.83518408961407
1.3262388866667651 103.97374371007149 158.83518408961163
1.3262308402298348 103.97374680919283 158.8351840896131
1.3262239293364309 103.9737508257184 157.2208179138815
1.3262184954147578 103.97375419501252 155.69428277791397
1.3262123562462427 103.97375800159372 153.96588884587356
1.3262062477214214 103.97376178917433 152.24517798741346
1.3262017100143562 103.973764602772 150.96817991730265
1.326197327982861 103.97376731984325 149.737311561733
1.3261929109192083 103.97377005863612 148.50006522509508
1.3261871037871165 103.97377365933855 148.0572123018049
1.3261796983019167 103.9737782510971 148.0572123018049
1.3261723591976242 103.97378280169619 148.0572123018049
1.3261652606630605 103.97378720313037 148.0572123018049
1.3261586210223548 103.97379132002818 148.0572123018049
1.326153207054077 103.97379467694988 148.05721230180626
1.3261469021810355 103.97379858627549 148.05721230180626
1.3261398099429007 103.9738029838054 148.0572123018049
1.3261350025187246 103.97380596464039 148.0572123018049
1.3261277999621186 103.97381043057298 148.0572123018049
1.326121216155023 103.973814512851 148.0572123018049
1.3261146607022103 103.97381857754795 148.0572123018049
1.3261096455427674 103.97382168718867 148.0572123018049
1.3261047947381435 103.97382469492148 148.0572123018049
1.3261002840789495 103.97382749174766 148.0572123018049
1.3260953040463928 103.97383065251573 147.9783460034515
1.3260887822838505 103.9738359860186 146.5812199275639
1.3260830741300509 103.9738406541515 145.35611282577688
1.3260778481459743 103.97384492796556 144.23362529109107
1.3260716216564592 103.97385001999375 142.8963895618199
1.3260671292537878 103.97385369388427 141.9324489631589
1.326062947527888 103.97385711370306 141.03636878333228
1.3260566055377905 103.97386230018758 140.56633214269124
1.3260507946200577 103.97386705236066 140.56633214269124
1.3260439304831633 103.97387266585712 140.56633214269124
1.32603715192259 103.97387820936913 140.56633214269124
1.3260308002638534 103.97388340376045 140.56633214268922
1.3260251994963 103.97388798407232 140.56633214268922
1.3260197738880175 103.97389242113879 140.56633214268922
1.3260147317166786 103.9738965446302 140.56633214269124
1.3260111739827904 103.97389945414754 140.56633214269124
1.3260050133918326 103.97390449228328 140.56633214268922
1.3259998571065434 103.97390870909705 140.56633214268922
1.325994732239704 103.97391290021676 140.56633214268922
1.3259904726867437 103.97391638368214 140.56633214268922
1.3259848005598152 103.97392102235146 140.56633214269124
1.325980056416808 103.97392490211483 140.56633214269124
1.325974909665455 103.9739298927806 139.79632538771622
1.325969898685379 103.97393506098555 138.7406107029153
1.3259646926708266 103.97394043034433 137.64275025126582
1.3259597923802846 103.97394548438663 136.60909079420563
1.3259540914783092 103.97395136416033 135.40713087358716
1.3259483421597709 103.97395729386965 134.19661602213696
1.3259451823198771 103.97396055285273 133.95430006779324
1.325940911411791 103.97396495776489 133.95430006779324
1.3259349018075004 103.97397115592655 133.95430006779324
1.3259299422295812 103.97397627111614 133.95430006779333
1.3259240999305162 103.9739822967231 133.95430006779512
1.3259190238777212 103.97398753204196 133.95430006779324
1.3259131402953135 103.97399360022743 133.95430006779236
1.3259079233917848 103.97399986418792 133.17220093246237
1.3259045770608575 103.9740044700096 132.1482620995385
1.325900008338082 103.97401075830642 130.74809240043933
1.325895433284967 103.97401705531614 129.3449693607772
1.3258920561175227 103.97402170358045 128.30955962070414
1.325888993545663 103.97402591884178 127.37148217932082
1.325884442540342 103.97403218275244 125.98014369395202
1.3258795329345319 103.97403894023341 125.8483519466392
1.3258760793426199 103.97404369368662 125.84835194664075
1.325871534864402 103.97404994861336 125.84835194664026
1.3258673724512153 103.97405567767352 125.84835194664026
1.3258637347039075 103.97406068459429 125.84835194664181
1.3258605399508994 103.97406508178679 125.84835194664026
1.3258562248077825 103.97407279031935 124.5259855792136
1.3258525917996797 103.97407981228912 123.01121078432787
1.3258497838852088 103.97408523949706 121.8389349165316
1.3258470360253811 103.97409055062978 120.69148121701258
1.3258448756912162 103.9740947261781 119.78979798027282
1.3258417336449777 103.97410079920417 118.4800315887706
1.3258381460721527 103.9741077333552 117.22932030613683
1.3258345442604174 103.97411469502745 117.22932030613917
1.3258311783750851 103.97412120069514 117.22932030613802
1.3258275684737257 103.97412817800308 117.22932030613917
1.3258243774345182 103.97413626556057 116.10926880585066
1.3258227003882104 103.97414053862012 115.5067768217822
1.3258203993369095 103.97414640162407 114.67969064712429
1.3258179732909203 103.97415258311037 113.80750208991394
1.325814995794675 103.97416016967388 112.73740132771356
1.325813203530641 103.97416473630426 112.09373873153193
1.325811332884572 103.97416950264947 111.42251681962539
1.3258082239077986 103.97417742422087 111.32694295305491
1.32580509459179 103.97418539761587 111.32694295305491
1.32580214547067 103.97419291188008 111.32694295305491
1.325799706682995 103.97419912583126 111.32694295305397
1.3257976965452454 103.97420424759642 111.32694295305491
1.3257952625807414 103.97421044925824 111.32694295305491
1.325792953498168 103.97421633272488 111.32694295305491
1.3257905382061776 103.9742224868096 111.32694295305491
1.325788299223762 103.97422819166326 111.32694295305491
1.3257853091382845 103.97423581030272 111.32694295305612
1.3257827212157707 103.97424240424412 111.32694295305491
1.325780535261424 103.97424797398381 111.32694295305491
1.32577795496163 103.97425454850263 111.32694295305491
1.3257756524392714 103.97426041525364 111.32694295305397
1.325773683087777 103.97426543309624 111.32694295305491
1.325771613857872 103.97427070542568 111.32694295305397
1.3257688545773039 103.97427773598133 111.32694295305491
1.3257666000364945 103.97428348047671 111.32694295305397
1.325763649862086 103.97429099742338 111.32694295305491
1.3257608175559878 103.97429821404543 111.32694295305491
1.325759140569352 103.97430248695174 111.32694295305491
1.3257567625092044 103.97430854617005 111.32694295305491
1.3257539925056478 103.97431560404706 111.32694295305397
1.3257518828341912 103.97432097941977 111.32694295305491
1.3257497286981486 103.97432646808672 111.32694295305491
1.3257476358557856 103.97433180057938 111.32694295305491
1.3257459513777292 103.97433609257334 111.32694295305491
1.325742866467303 103.9743439528222 111.32694295305397
1.3257401420889967 103.97435089444718 111.32694295305491
1.3257381215952133 103.97435604259785 111.32694295305397
1.325735409859719 103.9743629520092 111.32694295305491
1.3257330943415886 103.97436885187192 111.32694295305491
1.3257299365997826 103.97437689769227 111.32694295305491
1.3257280311278326 103.97438175277092 111.32694295305491
1.3257253885648208 103.97438848593282 111.32694295305491
1.325722799940255 103.9743950816613 111.32694295305491
1.325719838368244 103.97440262764725 111.32694295305491
1.3257168692465864 103.97441019286936 111.32694295305491
1.3257136298699097 103.97441844669204 111.32694295305491
1.3257119013122909 103.9744228509986 111.32694295305491
1.3257095407496613 103.97442886563255 111.32694295305491
1.3257064981439426 103.97443661808923 111.32694295305491
1.3257043215494835 103.97444216397837 111.32694295305491
1.3257017455366171 103.97444872757204 111.32694295305491
1.3256996615338512 103.97445403754058 111.32694295305491
1.3256975634380128 103.97445938341772 111.32694295305491
1.3256953604791275 103.97446499648233 111.32694295305491
1.3256926288845865 103.97447195649258 111.32694295305491
1.325690513411578 103.97447734664601 111.32694295305491
1.3256887401104993 103.97448186495694 111.32694295305491
1.3256865030700926 103.97448756485987 111.32694295305491
1.3256833662303975 103.97449555742071 111.32694295305491
1.3256816007343697 103.97450005584452 111.32694295305397
1.3256796965230495 103.97450490771007 111.32694295305397
1.3256774360430978 103.97451066733595 111.32694295305491
1.3256752466986588 103.97451624571092 111.3269429530537
1.3256733996804728 103.97452095185021 111.32694295305491
1.3256712795045686 103.974526353986 111.32694295305612
1.3256687947871983 103.97453268496093 111.32694295305491
1.3256666578677008 103.97453812975871 111.32694295305491
1.3256640063784781 103.9745448856625 111.32694295305397
1.3256619713827142 103.97455007076198 111.32694295305491
1.3256598794942975 103.97455540082196 111.32694295305491
1.325657051206875 103.97456260720128 111.32694295305491
1.3256547991443421 103.97456834537927 111.32694295305491
1.325651689942609 103.97457626751843 111.32694295305491
1.32564924484818 103.97458249753494 111.32694295305397
1.3256472832063428 103.97458749573082 111.32694295305397
1.3256455922482415 103.97459180423382 111.32694295305491
1.3256424431575622 103.97459982800834 111.32694295305491
1.325639498370271 103.97460733122475 111.32694295305397
1.3256370767555996 103.97461350141529 111.32694295305491
1.3256353012046733 103.97461802545772 111.32694295305491
1.3256330373524698 103.97462379367482 111.32694295305491
1.3256301363721643 103.97463118527226 111.32694295305491
1.3256283169556144 103.9746358210826 111.32694295305491
1.325626158490248 103.97464132077756 111.3269429530537
1.3256235887864476 103.97464786829373 111.32694295305491
1.3256218312238786 103.97465234650215 111.32694295305491
1.3256197036455242 103.9746577674979 111.32694295305491
1.3256164437564446 103.97466607358199 111.32694295305491
1.3256139169998467 103.97467251166988 111.32694295305491
1.3256114298110047 103.97467884894046 111.32694295305491
1.325608473260077 103.97468638212918 111.32694295305491
1.3256055967366933 103.97469371141042 111.32694295305491
1.3256036963670697 103.9746985534859 111.32694295305491
1.3256008943113786 103.9747056930259 111.32694295305491
1.325598729629555 103.97471120855951 111.32694295305491
1.325596813299582 103.97471609130125 111.32694295305491
