1.3168639371236683 103.96267276667398 67.73030482582381 0.0 1.0
1.3168728446280302 103.96269435273109 67.73030482582382 2.6 2.0
1.3168906596365553 103.96273752484612 67.73030482582382 5.2 3.0
1.316917382148844 103.96280228302074 67.73030482582385 7.800000000000001 4.0
1.3169516417791067 103.96288530632518 67.73030482582382 10.0 5.0
1.3169859014083853 103.96296832963372 67.73030482582375 10.0 6.0
1.3170201610366792 103.96305135294635 67.7303048258238 10.0 7.0
1.317054420663988 103.96313437626307 67.7303048258238 10.0 8.0
1.3170886802903115 103.96321739958387 67.73030482582398 10.0 9.0
1.31712293991565 103.96330042290874 67.73030482582382 10.0 10.0
1.3171571995400027 103.96338344623776 67.73030482582382 10.0 11.0
1.3171914591633695 103.96346646957082 67.73030482582382 10.0 12.0
1.3172257187857506 103.963549492908 67.73030482582384 10.0 13.0
1.3172599784071446 103.96363251624925 67.73030482582398 10.0 14.0
1.3172942380275527 103.96371553959459 67.73030482582382 10.0 15.0
1.3173284976469744 103.96379856294404 67.7303048258237 10.0 16.0
1.3173627572654087 103.96388158629755 67.73030482582385 10.0 17.0
1.3173970168828564 103.96396460965518 67.73030482582367 10.0 18.0
1.317431276499316 103.96404763301689 67.73030482582382 10.0 19.0
1.3174655361147887 103.9641306563827 67.73030482582382 10.0 20.0
1.317499795729273 103.96421367975258 67.73030482582382 10.0 21.0
1.3175340553427695 103.96429670312656 67.73030482582382 10.0 22.0
1.3175683149552782 103.96437972650463 67.73030482582374 10.0 23.0
1.317602574566798 103.96446274988678 67.73030482582382 10.0 24.0
1.3176368341773292 103.96454577327302 67.73030482582385 10.0 25.0
1.3176710937868719 103.96462879666335 67.73030482582382 10.0 26.0
1.3177053533954253 103.96471182005779 67.73030482582382 10.0 27.0
1.3177396130029897 103.96479484345629 67.73030482582382 10.0 28.0
1.317773872609564 103.9648778668589 67.73030482582378 10.0 29.0
1.3178081322151491 103.9649608902656 67.73030482582398 10.0 30.0
1.3178423918197437 103.96504391367637 67.73030482582385 10.0 31.0
1.3178766514233486 103.96512693709124 67.73030482582374 10.0 32.0
1.3179109110259628 103.9652099605102 67.73030482582381 10.0 33.0
1.3179451706275864 103.96529298393324 67.73030482582357 10.0 34.0
1.3179794302282193 103.96537600736038 67.73030482582381 10.0 35.0
1.3180136898278612 103.9654590307916 67.73030482582381 10.0 36.0
1.3180479494265116 103.9655420542269 67.7303048258235 10.0 37.0
1.3180822090241708 103.9656250776663 67.73030482582385 10.0 38.0
1.318120286956742 103.96570642563157 64.66124620314552 10.0 39.0
1.3181589712117654 103.96578750754753 64.66124620314551 10.0 40.0
1.3181976554661083 103.9658685894676 64.66124620314552 10.0 41.0
1.3182363397197705 103.96594967139181 64.66124620314552 10.0 42.0
1.3182750239727516 103.96603075332014 64.66124620314552 10.0 43.0
1.3183137082250513 103.96611183525258 64.66124620314552 10.0 44.0
1.3183523924766696 103.96619291718915 64.66124620314552 10.0 45.0
1.3183910767276057 103.96627399912981 64.66124620314552 10.0 46.0
1.3184297609778604 103.96635508107461 64.66124620314552 10.0 47.0
1.3184684452274322 103.96643616302353 64.66124620314551 10.0 48.0
1.318512102052223 103.96651455782354 58.303614399986486 10.0 49.0
1.3185595850140617 103.9665908850038 58.30361439998681 10.0 50.0
1.3186070679758233 103.96666721218809 58.30361439998653 10.0 51.0
1.3186545509375067 103.9667435393764 58.30361439998625 10.0 52.0
1.3187020338991127 103.96681986656876 58.303614399986486 10.0 53.0
1.31874951686064 103.96689619376515 58.30361439998625 10.0 54.0
1.3187969998220892 103.96697252096558 58.30361439998653 10.0 55.0
1.3188456343791728 103.96704806350736 56.531781349371116 10.0 56.0
1.3189001896393975 103.96711957186417 52.86100630764016 10.0 57.0
1.3189547449000003 103.96719108022477 52.86100630764016 10.0 58.0
1.319009300160982 103.96726258858915 52.86100630764029 10.0 59.0
1.3190638554223413 103.96733409695736 52.86100630764055 10.0 60.0
1.3191184106840785 103.96740560532939 52.86100630763976 10.0 61.0
1.3191729659461933 103.96747711370519 52.86100630764029 10.0 62.0
1.3192275212086855 103.96754862208479 52.86100630764055 10.0 63.0
1.3192820764715545 103.96762013046822 52.86100630764001 10.0 64.0
1.3193398418284774 103.96768884429595 47.439006780523975 10.0 65.0
1.3194040193828707 103.96775197596433 44.73778911020968 10.0 66.0
1.3194681969381838 103.96781510763593 44.737789110209214 10.0 67.0
1.319532374494415 103.96787823931074 44.73778911020968 10.0 68.0
1.3195965520515645 103.96794137098875 44.73778911020968 10.0 69.0
1.3196607296096314 103.96800450266997 44.737789110209214 10.0 70.0
1.3197249071686168 103.96806763435443 44.73778911020968 10.0 71.0
1.3197890847285199 103.9681307660421 44.73778911020922 10.0 72.0
1.3198532622893397 103.96819389773295 44.73778911020968 10.0 73.0
1.3199201460622887 103.96825406605161 39.74778790301678 10.0 74.0
1.3199896072218897 103.96831141206529 39.747787903016196 10.0 75.0
1.3200590683826405 103.96836875808171 39.747787903015364 10.0 76.0
1.3201285295445415 103.96842610410084 39.74778790301678 10.0 77.0
1.3201979907075916 103.96848345012268 39.747787903016196 10.0 78.0
1.3202674518717914 103.96854079614724 39.74778790301578 10.0 79.0
1.3203369130371407 103.96859814217453 39.747787903016366 10.0 80.0
1.3204063742036385 103.96865548820452 39.747787903016615 10.0 81.0
1.3204780535689289 103.96871000314309 36.09961343080172 10.0 82.0
1.3205510464911734 103.96876284158783 36.099613430801426 10.0 83.0
1.3206240394146829 103.96881568003488 36.09961343080172 10.0 84.0
1.320697032339458 103.96886851848426 36.09961343080172 10.0 85.0
1.320770025265498 103.96892135693592 36.09961343080104 10.0 86.0
1.3208430181928028 103.96897419538989 36.09961343080172 10.0 87.0
1.3209160111213727 103.96902703384616 36.09961343080172 10.0 88.0
1.320989004051207 103.96907987230473 36.09961343080104 10.0 89.0
1.3210619969823056 103.96913271076562 36.09961343080172 10.0 90.0
1.3211349899146687 103.9691855492288 36.09961343080248 10.0 91.0
1.321207982848295 103.96923838769429 36.09961343080172 10.0 92.0
1.3212809757831856 103.9692912261621 36.09961343080133 10.0 93.0
1.3213539687193394 103.96934406463218 36.099613430802094 10.0 94.0
1.3214269616567573 103.9693969031046 36.099613430802094 10.0 95.0
1.3214999545954376 103.96944974157933 36.09961343080027 10.0 96.0
1.321572947535381 103.96950258005636 36.09961343080104 10.0 97.0
1.3216459404765875 103.96955541853568 36.099613430802094 10.0 98.0
1.3217189334190562 103.9696082570173 36.099613430802094 10.0 99.0
1.321791926362788 103.96966109550125 36.099613430802094 10.0 100.0
1.3218649193077818 103.9697139339875 36.09961343080133 10.0 101.0
1.3219379122540373 103.96976677247605 36.099613430802094 10.0 102.0
1.3220109052015547 103.96981961096692 36.099613430802094 10.0 103.0
1.3220838981503342 103.96987244946008 36.09961343080104 10.0 104.0
1.3221568911003747 103.96992528795556 36.09961343080104 10.0 105.0
1.3222298840516766 103.96997812645336 36.09961343080104 10.0 106.0
1.322302191288224 103.97003188660705 36.89340842807547 10.0 107.0
1.3223744404833977 103.97008572477677 36.89340842807521 10.0 108.0
1.322458803074995 103.97011527278315 3.163381536109543 10.0 109.0
1.3225416838977344 103.97015172871416 34.558003637698704 10.0 110.0
1.3226162127131673 103.97020268695397 34.558003637698704 10.0 111.0
1.3226897842703662 103.97025695047195 38.58378711084843 10.0 112.0
1.3227588401375774 103.97031403119541 39.78198287642567 10.0 113.0
1.3228398100796102 103.97035179498907 23.686998877164605 10.0 114.0
1.3229177793473266 103.97039611771818 29.799402533986957 10.0 115.0
1.322995748616379 103.97044044044878 29.799402533988104 10.0 116.0
1.323073717886767 103.97048476318089 29.799402533987443 10.0 117.0
1.3231532359089202 103.97052615023959 25.572677791875932 10.0 118.0
1.3232342809841937 103.97056464275452 25.572677791875932 10.0 119.0
1.323316379511877 103.97060033081432 21.72739468904884 10.0 120.0
1.3234029895139496 103.97062400860767 15.408130844892323 10.0 121.0
1.323489939098603 103.97064602111956 13.227096161457446 10.0 122.0
1.3235789946974263 103.9706577059086 7.5465226244352746 10.0 123.0
1.3236680502967875 103.970669390696 7.546522624436571 10.0 124.0
1.3237571058966868 103.97068107548182 7.546522624436571 10.0 125.0
1.3238460295186718 103.9706840255085 356.2722212973363 10.0 126.0
1.3239346919613466 103.97066968987761 350.78086908954975 10.0 127.0
1.3240233544030735 103.97065535424332 350.78086908954845 10.0 128.0
1.3241120168438527 103.97064101860562 350.78086908954845 10.0 129.0
1.3242006792836833 103.97062668296451 350.78086908954845 10.0 130.0
1.324287576302626 103.97060412011784 345.1956901660688 10.0 131.0
1.3243744135785405 103.97058127886028 345.19569016607005 10.0 132.0
1.3244612508529314 103.97055843759897 345.1956901660688 10.0 133.0
1.3245469726291423 103.97053221943544 340.628692998411 10.0 134.0
1.3246305436841574 103.97049949048174 338.5112824342869 10.0 135.0
1.3247107990368132 103.9704603031552 329.18226092626594 10.0 136.0
1.3247865265599421 103.97041229645842 327.4843234172249 10.0 137.0
1.3248598964356322 103.97036100906699 322.3053897420893 10.0 138.0
1.3249301814292846 103.97030542902576 321.5077093679287 10.0 139.0
1.3250004664191766 103.97024984898081 321.50770936792685 10.0 140.0
1.325070751405308 103.97019426893218 321.50770936792685 10.0 141.0
1.3251423946878458 103.97014047345797 324.3437234221042 10.0 142.0
1.3252155826281053 103.97009066367639 326.91535379908964 10.0 143.0
1.3252804237053126 103.97003353010386 310.8285572375857 10.0 144.0
1.3253351735473176 103.96996196323289 307.262338733056 10.0 145.0
1.3253899233847408 103.96989039635946 307.26233873305625 10.0 146.0
1.3254446732175855 103.96981882948356 307.26233873305705 10.0 147.0
1.3254994230458488 103.96974726260521 307.26233873305625 10.0 148.0
1.325554172869532 103.96967569572439 307.26233873305705 10.0 149.0
1.3256089226886336 103.9696041288411 307.26233873305523 10.0 150.0
1.3256636725031545 103.96953256195536 307.26233873305523 10.0 151.0
1.3257184223130933 103.96946099506718 307.262338733056 10.0 152.0
1.325773172118451 103.96938942817648 307.26233873305625 10.0 153.0
1.3258279219192266 103.96931786128339 307.26233873305625 10.0 154.0
1.3258826717154195 103.96924629438777 307.26233873305625 10.0 155.0
1.3259374215070308 103.96917472748973 307.26233873305625 10.0 156.0
1.3259921712940588 103.96910316058921 307.26233873305523 10.0 157.0
1.3260469210765033 103.96903159368625 307.2623387330573 10.0 158.0
1.3261016708543654 103.96896002678082 307.26233873305523 10.0 159.0
1.3261564089954176 103.96888845108958 307.2527348299709 10.0 160.0
1.3262111466897477 103.96881687506205 307.2527348299717 10.0 161.0
1.3262658843794934 103.96874529903205 307.2527348299709 10.0 162.0
1.3263208629179246 103.96867390815265 307.6384352161567 10.0 163.0
1.3263768509392049 103.96860329330207 308.25388450610427 10.0 164.0
1.326432838955932 103.96853267844888 308.2538845061071 10.0 165.0
1.326488826968105 103.96846206359314 308.25388450610427 10.0 166.0
1.3265448149757253 103.96839144873483 308.2538845061063 10.0 167.0
1.3266008029787908 103.96832083387393 308.25388450610427 10.0 168.0
1.3266567909773024 103.96825021901044 308.25388450610427 10.0 169.0
1.326722198793402 103.96818944316324 322.81123815763146 10.0 170.0
1.3267781602177964 103.96811894794988 307.77568430595295 10.0 171.0
1.3268332739647115 103.96804773962133 307.3931405529993 10.0 172.0
1.3268869434320334 103.96797544669997 306.437110817258 10.0 173.0
1.326940612894751 103.96790315377623 306.43711081725587 10.0 174.0
1.3269942823528638 103.96783086085013 306.43711081725587 10.0 175.0
1.3270479518063714 103.96775856792168 306.4371108172566 10.0 176.0
1.3270958002055462 103.96768264270095 297.71754441991874 10.0 177.0
1.3271447399319796 103.96760778267885 307.84661940613137 10.0 178.0
1.3271999262422245 103.9675371517866 307.8466194061322 10.0 179.0
1.3272550854477676 103.96746649999895 307.8194645022802 10.0 180.0
1.3273102380513468 103.9673958431225 307.8194645022802 10.0 181.0
1.327365390650403 103.96732518624358 307.8194645022802 10.0 182.0
1.327420543244935 103.96725452936212 307.8194645022802 10.0 183.0
1.3274756958349438 103.96718387247819 307.8194645022781 10.0 184.0
1.3275308484204276 103.96711321559174 307.8194645022802 10.0 185.0
1.327584478013318 103.96704144255253 305.40941923515555 10.0 186.0
1.3276361351645294 103.96696822397364 305.05390756400743 10.0 187.0
1.3276877923111423 103.96689500539256 305.05390756400743 10.0 188.0
1.3277394494531551 103.9668217868093 305.05390756400953 10.0 189.0
1.327790809376136 103.96674837076557 304.59868976375054 10.0 190.0
1.3278391739360322 103.96667296471382 302.5320057259842 10.0 191.0
1.3278875384912838 103.96659755866021 302.5320057259838 10.0 192.0
1.32793590304189 103.96652215260475 302.5320057259842 10.0 193.0
1.3279842675878522 103.9664467465474 302.5320057259842 10.0 194.0
1.3280321045154546 103.9663710121594 301.7392827456721 10.0 195.0
1.328079274808922 103.96629486293267 301.634852613848 10.0 196.0
1.3281264450977335 103.96621871370421 301.63485261384835 10.0 197.0
1.3281736153818886 103.96614256447397 301.63485261384614 10.0 198.0
1.3282207856613881 103.96606641524198 301.63485261384835 10.0 199.0
1.3282679559362303 103.96599026600828 301.634852613848 10.0 200.0
1.3283151262064163 103.96591411677278 301.63485261384835 10.0 201.0
1.3283622964719444 103.96583796753558 301.63485261384614 10.0 202.0
1.3284085711727036 103.96576129377682 300.3110318507119 10.0 203.0
1.3284395730878469 103.96567831262406 283.06426669471614 10.0 204.0
