1.3168639371236683 103.96267276667398 67.73030482582381 0.0 1.0
1.3168728446280302 103.96269435273109 67.73030482582382 2.6 2.0
1.3168906596365553 103.96273752484612 67.73030482582382 5.2 3.0
1.316917382148844 103.96280228302074 67.73030482582385 7.800000000000001 4.0
1.3169516417791067 103.96288530632518 67.73030482582382 10.0 5.0
1.3169859014083853 103.96296832963372 67.73030482582375 10.0 6.0
1.3170201610366792 103.96305135294635 67.7303048258238 10.0 7.0
1.317054420663988 103.96313437626307 67.7303048258238 10.0 8.0
1.3170886802903115 103.96321739958387 67.73030482582398 10.0 9.0
1.31712293991565 103.96330042290874 67.73030482582382 10.0 10.0
1.3171571995400027 103.96338344623776 67.73030482582382 10.0 11.0
1.3171914591633695 103.96346646957082 67.73030482582382 10.0 12.0
1.3172257187857506 103.963549492908 67.73030482582384 10.0 13.0
1.3172599784071446 103.96363251624925 67.73030482582398 10.0 14.0
1.3172942380275527 103.96371553959459 67.73030482582382 10.0 15.0
1.3173284976469744 103.96379856294404 67.7303048258237 10.0 16.0
1.3173627572654087 103.96388158629755 67.73030482582385 10.0 17.0
1.3173970168828564 103.96396460965518 67.73030482582367 10.0 18.0
1.317431276499316 103.96404763301689 67.73030482582382 10.0 19.0
1.3174655361147887 103.9641306563827 67.73030482582382 10.0 20.0
1.317499795729273 103.96421367975258 67.73030482582382 10.0 21.0
1.3175340553427695 103.96429670312656 67.73030482582382 10.0 22.0
1.3175683149552782 103.96437972650463 67.73030482582374 10.0 23.0
1.317602574566798 103.96446274988678 67.73030482582382 10.0 24.0
1.3176368341773292 103.96454577327302 67.73030482582385 10.0 25.0
1.3176710937868719 103.96462879666335 67.73030482582382 10.0 26.0
1.3177053533954253 103.96471182005779 67.73030482582382 10.0 27.0
1.3177396130029897 103.96479484345629 67.73030482582382 10.0 28.0
1.317773872609564 103.9648778668589 67.73030482582378 10.0 29.0
1.3178081322151491 103.9649608902656 67.73030482582398 10.0 30.0
1.3178423918197437 103.96504391367637 67.73030482582385 10.0 31.0
1.3178766514233486 103.96512693709124 67.73030482582374 10.0 32.0
1.3179109110259628 103.9652099605102 67.73030482582381 10.0 33.0
1.3179451706275864 103.96529298393324 67.73030482582357 10.0 34.0
1.3179794302282193 103.96537600736038 67.73030482582381 10.0 35.0
1.3180136898278612 103.9654590307916 67.73030482582381 10.0 36.0
1.3180479494265116 103.9655420542269 67.7303048258235 10.0 37.0
1.3180822090241708 103.9656250776663 67.73030482582385 10.0 38.0
1.318120286956742 103.96570642563157 64.66124620314552 10.0 39.0
1.3181589712117654 103.96578750754753 64.66124620314551 10.0 40.0
1.3181976554661083 103.9658685894676 64.66124620314552 10.0 41.0
1.3182363397197705 103.96594967139181 64.66124620314552 10.0 42.0
1.3182750239727516 103.96603075332014 64.66124620314552 10.0 43.0
1.3183137082250513 103.96611183525258 64.66124620314552 10.0 44.0
1.3183523924766696 103.96619291718915 64.66124620314552 10.0 45.0
1.3183910767276057 103.96627399912981 64.66124620314552 10.0 46.0
1.3184297609778604 103.96635508107461 64.66124620314552 10.0 47.0
1.3184684452274322 103.96643616302353 64.66124620314551 10.0 48.0
1.318512102052223 103.96651455782354 58.303614399986486 10.0 49.0
1.3185595850140617 103.9665908850038 58.30361439998681 10.0 50.0
1.3186070679758233 103.96666721218809 58.30361439998653 10.0 51.0
1.3186545509375067 103.9667435393764 58.30361439998625 10.0 52.0
1.3187020338991127 103.96681986656876 58.303614399986486 10.0 53.0
1.31874951686064 103.96689619376515 58.30361439998625 10.0 54.0
1.3187969998220892 103.96697252096558 58.30361439998653 10.0 55.0
1.3188456343791728 103.96704806350736 56.531781349371116 10.0 56.0
1.3189001896393975 103.96711957186417 52.86100630764016 10.0 57.0
1.3189547449000003 103.96719108022477 52.86100630764016 10.0 58.0
1.319009300160982 103.96726258858915 52.86100630764029 10.0 59.0
1.3190638554223413 103.96733409695736 52.86100630764055 10.0 60.0
1.3191184106840785 103.96740560532939 52.86100630763976 10.0 61.0
1.3191729659461933 103.96747711370519 52.86100630764029 10.0 62.0
1.3192275212086855 103.96754862208479 52.86100630764055 10.0 63.0
1.3192820764715545 103.96762013046822 52.86100630764001 10.0 64.0
1.3193398418284774 103.96768884429595 47.439006780523975 10.0 65.0
1.3194040193828707 103.96775197596433 44.73778911020968 10.0 66.0
1.3194681969381838 103.96781510763593 44.737789110209214 10.0 67.0
1.319532374494415 103.96787823931074 44.73778911020968 10.0 68.0
1.3195965520515645 103.96794137098875 44.73778911020968 10.0 69.0
1.3196607296096314 103.96800450266997 44.737789110209214 10.0 70.0
1.3197249071686168 103.96806763435443 44.73778911020968 10.0 71.0
1.3197890847285199 103.9681307660421 44.73778911020922 10.0 72.0
1.3198532622893397 103.96819389773295 44.73778911020968 10.0 73.0
1.3199201460622887 103.96825406605161 39.74778790301678 10.0 74.0
1.3199896072218897 103.96831141206529 39.747787903016196 10.0 75.0
1.3200590683826405 103.96836875808171 39.747787903015364 10.0 76.0
1.3201285295445415 103.96842610410084 39.74778790301678 10.0 77.0
1.3201979907075916 103.96848345012268 39.747787903016196 10.0 78.0
1.3202674518717914 103.96854079614724 39.74778790301578 10.0 79.0
1.3203369130371407 103.96859814217453 39.747787903016366 10.0 80.0
1.3204063742036385 103.96865548820452 39.747787903016615 10.0 81.0
1.3204780535689289 103.96871000314309 36.09961343080172 10.0 82.0
1.3205510464911734 103.96876284158783 36.099613430801426 10.0 83.0
1.3206240394146829 103.96881568003488 36.09961343080172 10.0 84.0
1.320697032339458 103.96886851848426 36.09961343080172 10.0 85.0
1.320770025265498 103.96892135693592 36.09961343080104 10.0 86.0
1.3208430181928028 103.96897419538989 36.09961343080172 10.0 87.0
1.3209160111213727 103.96902703384616 36.09961343080172 10.0 88.0
1.320989004051207 103.96907987230473 36.09961343080104 10.0 89.0
1.3210619969823056 103.96913271076562 36.09961343080172 10.0 90.0
1.3211349899146687 103.9691855492288 36.09961343080248 10.0 91.0
1.321207982848295 103.96923838769429 36.09961343080172 10.0 92.0
1.3212809757831856 103.9692912261621 36.09961343080133 10.0 93.0
1.3213539687193394 103.96934406463218 36.099613430802094 10.0 94.0
1.3214269616567573 103.9693969031046 36.099613430802094 10.0 95.0
1.3214999545954376 103.96944974157933 36.09961343080027 10.0 96.0
1.321572947535381 103.96950258005636 36.09961343080104 10.0 97.0
1.3216459404765875 103.96955541853568 36.099613430802094 10.0 98.0
1.3217189334190562 103.9696082570173 36.099613430802094 10.0 99.0
1.321791926362788 103.96966109550125 36.099613430802094 10.0 100.0
1.3218649193077818 103.9697139339875 36.09961343080133 10.0 101.0
1.3219379122540373 103.96976677247605 36.099613430802094 10.0 102.0
1.3220109052015547 103.96981961096692 36.099613430802094 10.0 103.0
1.3220838981503342 103.96987244946008 36.09961343080104 10.0 104.0
1.3221568911003747 103.96992528795556 36.09961343080104 10.0 105.0
1.3222298840516766 103.96997812645336 36.09961343080104 10.0 106.0
1.322302191288224 103.97003188660705 36.89340842807547 10.0 107.0
1.3223744404833977 103.97008572477677 36.89340842807521 10.0 108.0
1.3224392543795747 103.9701446789627 48.36098036571844 10.0 109.0
1.322508867443419 103.97019910724114 34.55800363769797 10.0 110.0
1.322583396258479 103.97025006548324 34.558003637698704 10.0 111.0
1.3226650107981504 103.97028805103962 17.057276305095115 10.0 112.0
1.3227397647364614 103.97033838718086 34.14976574848627 10.0 113.0
1.3228145186760754 103.97038872332416 34.149765748487 10.0 114.0
1.3228892726169923 103.97043905946957 34.14976574848808 10.0 115.0
1.3229640265592124 103.97048939561701 34.14976574848808 10.0 116.0
1.3230387805027353 103.97053973176654 34.14976574848808 10.0 117.0
1.3231135344475602 103.97059006791815 34.14976574848808 10.0 118.0
1.323188288393687 103.97064040407183 34.14976574848808 10.0 119.0
1.3232630423411162 103.97069074022758 34.14976574848808 10.0 120.0
1.323337796289847 103.9707410763854 34.14976574848808 10.0 121.0
1.3234125502398797 103.97079141254531 34.14976574848735 10.0 122.0
1.3234873041912134 103.97084174870727 34.14976574848735 10.0 123.0
1.3235620581438496 103.97089208487132 34.14976574848627 10.0 124.0
1.323636812097786 103.97094242103745 34.14976574848627 10.0 125.0
1.3237115660530232 103.97099275720565 34.14976574848627 10.0 126.0
1.3237863200095619 103.97104309337591 34.14976574848627 10.0 127.0
1.3238610736098169 103.9710934300725 34.15028336241144 10.0 128.0
1.3239358271112722 103.97114376691792 34.150283362412175 10.0 129.0
1.3240105806140279 103.97119410376543 34.15028336241144 10.0 130.0
1.324084742053031 103.97124362187898 33.69662407043522 10.0 131.0
1.324159446720527 103.97129197597789 32.77351800023978 10.0 132.0
1.3242355225366356 103.97134059468567 32.77351800023978 10.0 133.0
1.3243115983540708 103.97138921339534 32.77351800023908 10.0 134.0
1.3243876741728315 103.97143783210693 32.77351800023978 10.0 135.0
1.32446374999292 103.97148645082042 32.77351800023978 10.0 136.0
1.3245391532003354 103.9715354053079 33.43759550594573 10.0 137.0
1.3246146340597382 103.97158501097087 33.506230490375245 10.0 138.0
1.3246901149204569 103.97163461663585 33.50623049037705 10.0 139.0
1.3247655957824906 103.97168422230281 33.50623049037633 10.0 140.0
1.3248410766458407 103.97173382797182 33.50623049037705 10.0 141.0
1.3249165575105055 103.9717834336428 33.506230490375245 10.0 142.0
1.324992038376486 103.97183303931581 33.50623049037596 10.0 143.0
1.3250675192437802 103.97188264499081 33.50623049037741 10.0 144.0
1.3251430001123898 103.97193225066782 33.50623049037596 10.0 145.0
1.3252184809823144 103.97198185634684 33.506230490375245 10.0 146.0
1.325293961853553 103.97203146202787 33.50623049037813 10.0 147.0
1.325369442726106 103.9720810677109 33.506230490375245 10.0 148.0
1.325444923599973 103.97213067339595 33.50623049037596 10.0 149.0
1.3255204044751536 103.972180279083 33.506230490375245 10.0 150.0
1.3255958853516485 103.97222988477206 33.506230490375245 10.0 151.0
1.3256713662294564 103.97227949046314 33.50623049037741 10.0 152.0
1.3257468471085776 103.97232909615622 33.506230490375245 10.0 153.0
1.3258223279890125 103.9723787018513 33.506230490375245 10.0 154.0
1.3258981420214009 103.9724290339433 34.03759862155057 10.0 155.0
1.3259723854289103 103.97248036745742 34.857558946868586 10.0 156.0
1.3260466288377049 103.97253170097373 34.857558946868586 10.0 157.0
1.3261208722477846 103.97258303449217 34.857558946868586 10.0 158.0
1.3261951156591494 103.97263436801282 34.85755894687008 10.0 159.0
1.3262694709454066 103.97268596730525 34.99787267856748 10.0 160.0
1.326343457958472 103.97273773376565 35.19647625158367 10.0 161.0
1.3264173992393962 103.97278950608083 35.19647625158579 10.0 162.0
1.326491340521597 103.97284127839825 35.19647625158579 10.0 163.0
1.3265652818050753 103.97289305071789 35.19647625158367 10.0 164.0
1.326639223089829 103.97294482303974 35.19647625158579 10.0 165.0
1.3267131643758594 103.97299659536381 35.19647625158579 10.0 166.0
1.3267871056631664 103.9730483676901 35.19647625158579 10.0 167.0
1.3268610469517486 103.97310014001862 35.19647625158367 10.0 168.0
1.326934988241607 103.97315191234934 35.19647625158429 10.0 169.0
1.327008929532741 103.9732036846823 35.19647625158579 10.0 170.0
1.3270828708251503 103.97325545701747 35.19647625158367 10.0 171.0
1.3271568121188346 103.97330722935486 35.19647625158579 10.0 172.0
1.327230753413795 103.97335900169446 35.19647625158579 10.0 173.0
1.3273046947100293 103.9734107740363 35.19647625158579 10.0 174.0
1.3273786360075381 103.97346254638036 35.19647625158367 10.0 175.0
1.3274525773063222 103.97351431872664 35.19647625158579 10.0 176.0
1.3275265186063803 103.97356609107516 35.19647625158579 10.0 177.0
1.327600459907712 103.97361786342587 35.19647625158579 10.0 178.0
1.3276744012103179 103.9736696357788 35.19647625158367 10.0 179.0
1.327748342514198 103.97372140813398 35.19647625158579 10.0 180.0
1.3278222838193512 103.97377318049136 35.19647625158579 10.0 181.0
1.3278962251257782 103.97382495285098 35.19647625158367 10.0 182.0
1.327970166433478 103.9738767252128 35.19647625158579 10.0 183.0
1.3280441077424507 103.97392849757686 35.19647625158579 10.0 184.0
1.3281180490526967 103.97398026994314 35.19647625158517 10.0 185.0
1.328191990364215 103.97403204231165 35.19647625158367 10.0 186.0
1.328265931677006 103.9740838146824 35.19647625158579 10.0 187.0
1.3283398729910687 103.97413558705534 35.19647625158579 10.0 188.0
1.3284138143064044 103.97418735943053 35.19647625158579 10.0 189.0
1.3284877556230115 103.97423913180793 35.19647625158367 10.0 190.0
1.3285617463063464 103.97429073656576 35.05618782064157 10.0 191.0
1.3286358190402892 103.97434233059973 35.055596057357334 10.0 192.0
1.3287098917755065 103.97439392463592 35.05559605735946 10.0 193.0
1.3287839645119977 103.97444551867432 35.05559605735946 10.0 194.0
1.3288580372497636 103.9744971127149 35.05559605735946 10.0 195.0
1.3289321099888034 103.97454870675772 35.05559605735946 10.0 196.0
1.329006182729117 103.97460030080273 35.055596057357334 10.0 197.0
1.3290802554707049 103.97465189484996 35.05559605735946 10.0 198.0
1.3291543282135658 103.9747034888994 35.05559605735946 10.0 199.0
1.3292284012993987 103.97475508459151 35.05706013849907 10.0 200.0
1.3293024786532346 103.97480672049137 35.07152594521892 10.0 201.0
1.3293765333050376 103.97485831341949 35.06158716532826 10.0 202.0
1.329450587958113 103.97490990634978 35.06158716532977 10.0 203.0
1.3295246426124603 103.9749614992823 35.06158716532977 10.0 204.0
1.32959869726808 103.97501309221703 35.06158716532977 10.0 205.0
1.3296727519249711 103.97506468515397 35.06158716532977 10.0 206.0
1.3297468065831337 103.97511627809311 35.06158716532826 10.0 207.0
1.3298208612425675 103.97516787103447 35.06158716532826 10.0 208.0
1.3298949159032725 103.97521946397805 35.06158716532826 10.0 209.0
1.329968970565249 103.97527105692382 35.06158716532826 10.0 210.0
1.3300430252284958 103.97532264987183 35.06158716532977 10.0 211.0
1.330117079893013 103.97537424282203 35.06158716532977 10.0 212.0
1.3301913113483292 103.97542558308491 34.66916487578481 10.0 213.0
1.330265786220279 103.97547657543052 34.595220272649364 10.0 214.0
1.3303402610935087 103.9755275677783 34.595220272649364 10.0 215.0
1.330414735968018 103.97557856012821 34.59522027265085 10.0 216.0
1.330489210843808 103.9756295524803 34.59522027265085 10.0 217.0
1.3305636857208771 103.97568054483453 34.595220272649364 10.0 218.0
