-1184979129 11007299450 8655340660 52.09
-173166885 3738980528 4600173929 132.82
-475339256 592099714 6996251331 30.13
-585646214 4600173929 cluster_239826289_626311920 0.2
-660065887 6179950036 592099714 2.08
-661670905 1830096070 6194505666 19.17
-661670906 cluster_239826289_626311920 1830096070 85.36
-666578410 592134004 592099706 73.21
-747796376 592099706 592099737 55.87
-747796377 592099737 cluster_175259756_175259772 47.87
1184979129 8655340660 11007299450 52.09
16690125 cluster_175259756_175259772 592099737 48.02
172065637 1830096063 cluster_175259756_175259772 19.38
172066373 598951460 245373443 23.0
173166885 4600173929 3738980528 133.15
22291137 cluster_175259756_175259772 6194505666 55.84
234371419 1294427461 2426217331 24.64
39962925 cluster_175259756_175259772 3986159473 87.58
464288946 1294427461 cluster_239826289_626311920 13.25
464288947 cluster_239826289_626311920 2426217331 14.23
464289009 cluster_3118091525_4594224863 6113426217 57.59
464289012 4600173917 4594224869 146.32
464981415 4600173921 4600173917 16.36
464981417#0 4600173928 4600173922 18.01
464981419 4600173933 4600173929 3.06
474660712 245373449 245373443 31.69
474660713 245373443 4600173928 75.45
475132225 175259661 4600173921 48.42
475134293 4689322435 1830096063 47.75
475339257 592099744 4600173933 77.79
475339258 4600173933 cluster_239826289_626311920 0.2
585646214 cluster_239826289_626311920 4600173929 0.2
585703842#0 cluster_4594224880_626311802 4600173917 8.15
585703843#0 4600173921 cluster_4594224880_626311802 3.27
585703844#0 cluster_4594224880_626311802 4600173922 11.64
585703845#0 4600173928 cluster_4594224880_626311802 10.86
652012496 6113426217 cluster_4594224880_626311802 98.05
655141938 1294427489 1294427461 62.74
655192135 6138974861 cluster_175259756_175259772 73.47
655630555 626311921 cluster_175259756_175259772 85.09
660065888 6179950036 592099744 53.75
661670905 6194505666 1830096070 18.79
666571283 592099737 592099744 178.82
666572658#0 592099714 8655340660 29.61
666572658#1 8655340660 592099706 144.1
666578410 592099706 592134004 73.21
666578413 592099737 592099706 55.87
667359442 cluster_3118091525_4594224863 2061118389 99.67
74553768 2426217331 cluster_3118091525_4594224863 108.27
74553769 6996251340 7687337969 23.75
74680083 4600173922 4689322435 70.35
747402010 1830096070 cluster_239826289_626311920 83.02
747788795 592099714 6179950036 2.07
747788797 6996251331 592099714 30.11
747788808 cluster_239826289_626311920 6996251340 30.53
766018309#0 cluster_4594224880_626311802 cluster_3118091525_4594224863 163.84
823396482 7687337969 626311921 15.08
