652012496
1.3164234515848354 103.89398866125038 167.79845211669792
1.31641747977948 103.89398994702283 167.79845211669792
1.3164099358585017 103.89399157128301 167.79845211669792
1.3164042144095904 103.8939928031519 167.79845211669792
1.3163972094150265 103.89399431137733 167.79845211669792
1.3163911161722148 103.89399562329605 167.79845211669792
1.3163861271276422 103.89399669747299 167.79845211669726
1.316380082808938 103.89399799885796 167.79845211669792
1.3163734243788046 103.8939994324655 167.79845211669792
1.316367671769374 103.89400067104336 167.79845211669726
1.3163614055265556 103.89400202021011 167.79845211669792
1.3163529376379657 103.89400384340688 167.79845211669792
1.3163463243951417 103.89400526728518 167.79845211669726
1.3163375224440783 103.8940071624079 167.79845211669726
1.316329168798094 103.8940089610073 167.79845211669792
1.3163203312992757 103.89401086378365 167.79845211669726
1.316315867785614 103.89401182480988 167.79845211669792
1.3163087711590407 103.89401335276399 167.79845211669792
1.3163028584454506 103.8940146258132 167.79845211669792
1.3162983330614129 103.89401560016051 167.79845211669726
1.3162905143914563 103.89401728357562 167.79845211669792
1.3162822352114487 103.89401906614178 167.79845211669792
1.3162756773942665 103.89402047808629 167.79845211669792
1.3162676068228816 103.89402221573746 167.79845211669792
1.31626001608374 103.89402385007733 167.79845211669792
1.3162535325900262 103.89402524601938 167.79845211669726
1.3162456512690703 103.89402694292353 167.79845211669718
1.3162374132141554 103.89402871663495 167.79845211669792
1.3162310344057029 103.89403009003748 167.7984521166974
1.316223445687631 103.89403172394205 167.79845211669792
1.3162165683014073 103.89403320469182 167.79845211669792
1.316207978850338 103.8940350540612 167.79845211669792
1.316203277501047 103.89403606629484 167.79845211669718
1.3161969303169296 103.89403743288828 167.79845211669792
1.3161915736151146 103.8940385862239 167.79845211669726
1.3161863256079658 103.8940397161568 167.79845211669792
1.3161788549586575 103.89404132464014 167.79845211669792
1.3161732461932647 103.89404253224676 167.79845211669726
1.3161644396264887 103.89404442836249 167.79845211669792
1.316159569373191 103.89404547696225 167.79845211669792
1.3161544130864968 103.89404658714697 167.79845211669792
1.3161492327463433 103.89404770251056 167.79845211669792
1.3161422127417202 103.89404921396682 167.79845211669726
1.316133872634413 103.89405100965041 167.79845211669726
1.3161258728215859 103.89405273206617 167.79845211669726
1.3161184639667898 103.89405432724448 167.79845211669735
1.3161120442349408 103.8940557094577 167.79845211669792
1.31610466833525 103.8940572975405 167.79845211669792
1.3160979711073117 103.89405873950051 167.798452116698
1.3160928590352126 103.89405984016535 167.79845211669792
1.3160864296104353 103.89406122446543 167.79845211669792
1.3160807714888723 103.89406244269851 167.79845211669792
1.316072862519736 103.89406414555478 167.79845211669726
1.3160665655784975 103.89406550133016 167.79845211669792
1.3160601123334172 103.89406689075882 167.79845211669726
1.3160553890217175 103.89406790772074 167.79845211669726
1.3160501954126989 103.89406902594095 167.79845211669792
1.3160443550580567 103.89407028340999 167.79845211669786
1.3160397395069392 103.89407127717026 167.79845211669792
1.3160349842722334 103.89407230100538 167.79845211669792
1.316029626218345 103.89407345463165 167.79845211669792
1.3160229977506355 103.89407488178684 167.79845211669726
1.3160164358808335 103.89407629460301 167.79845211669726
1.3160115880954661 103.89407733836488 167.79845211669792
1.3160053234115572 103.89407868719482 167.79845211669792
1.3160007669582254 103.89407966823084 167.79845211669792
1.3159943351493786 103.89408105304392 167.79845211669792
1.3159861319647688 103.89408281924644 167.79845211669735
1.3159813640225446 103.89408384581745 167.79845211669792
1.3159768644498164 103.89408481460664 167.79845211669792
1.3159686669181616 103.89408657959196 167.79845211669726
1.3159639209545224 103.89408760143078 167.79845211669792
1.3159588711483579 103.89408868868898 167.79845211669792
1.3159515224370142 103.89409027091736 167.79845211669792
1.3159437432622163 103.89409194582745 167.79845211669792
1.3159387723250728 103.89409301610456 167.79845211669792
1.3159339500413616 103.89409405437556 167.79845211669792
1.3159271489341022 103.8940955187009 167.79845211669792
1.315919229436212 103.89409722382341 167.79845211669786
1.3159119066741418 103.89409880046456 167.79845211669726
1.315905915726437 103.8941000903569 167.79845211669792
1.3158999018182809 103.89410138519276 167.79845211669786
1.315891245983187 103.89410324885363 167.79845211669726
1.3158825917681534 103.89410511216566 167.79845211669792
1.315878098747812 103.89410607954383 167.79845211669792
1.315873339513872 103.89410710423962 167.79845211669792
1.3158650444426325 103.89410889022544 167.79845211669792
1.3158586798394984 103.8941102605682 167.79845211669786
1.3158530253445462 103.89411147801978 167.79845211669792
1.3158461388527185 103.89411296072869 167.79845211669726
1.31583882009681 103.89411453650702 167.79845211669792
1.3158302430791107 103.8941163831977 167.79845211669726
1.3158239486133183 103.89411773843928 167.798452116698
1.3158191072802634 103.89411878081144 167.79845211669726
1.3158103622531567 103.8941206636756 167.79845211669792
1.3158059148584167 103.89412162123011 167.79845211669726
1.3158005559127635 103.89412277504773 167.798452116698
1.3157930759773788 103.89412438552893 167.79845211669792
1.3157885984768298 103.89412534956536 167.79845211669726
1.315782992744102 103.89412655651788 167.79845211669726
1.3157752563319773 103.89412822222019 167.79845211669792
1.315768336740608 103.8941297120554 167.798452116698
1.3157615694483336 103.89413116909954 167.79845211669792
1.315755794840022 103.89413241241205 167.79845211669792
1.3157485326858336 103.89413397600329 167.79845211669792
1.3157435352852866 103.89413505197763 167.79845211669792
1.3157351667423813 103.89413685378186 167.798452116698
1.315727334468558 103.89413854012363 167.79845211669792
1.315721683673762 103.89413975677815 167.79845211669786
1.3157135427001723 103.89414150958504 167.79845211669726
1.3157057825726117 103.89414318039316 167.798452116698
1.315698386363102 103.89414477284724 167.79845211669726
1.3156928908598307 103.89414595606634 167.79845211669792
1.315684764197776 103.89414770579172 167.79845211669792
1.3156794179652267 103.89414885687181 167.79845211669726
1.3156736750703784 103.89415009335593 167.79845211669792
1.3156691929859137 103.89415105837905 167.79845211669792
1.3156627039984814 103.89415245550192 167.79845211669726
1.3156555626891333 103.8941539930741 167.79845211669726
1.3156508799256759 103.8941550013047 167.798452116698
1.3156422752628967 103.89415685394671 167.79845211669792
1.3156363631167125 103.89415812687167 167.79845211669792
1.3156308052079204 103.89415932352694 167.79845211669792
1.3156255264817194 103.89416046007227 167.79845211669792
1.3156176919851168 103.8941621468922 167.79845211669792
1.3156123376616267 103.89416329971412 167.79845211669792
1.3156068507060148 103.8941644810926 167.79845211669792
