464288947
1.316994395611944 103.89248659209038 82.45465056035755
1.3169953591708279 103.89249332775502 82.22808774417611
1.3169960833053178 103.89249838974678 82.05782993892726
1.316997057704983 103.89250520119307 81.93598271401683
1.3169977766606376 103.89251022698286 81.93598271401683
1.3169984557412109 103.89251497402984 81.93598271401683
1.3169993558238258 103.89252126597023 81.93598271401683
1.3170004505379407 103.89252891846347 81.93598271401683
1.317001554903042 103.89253663842113 81.93598271401683
1.3170026107412736 103.89254401915653 81.93598271401618
1.3170037901038332 103.89255226337703 81.93598271401683
1.3170045938301889 103.89255788174886 81.93598271401618
1.3170057422686996 103.89256590979805 81.93598271401683
