464289009
1.3170028542660865 103.89387230736735 170.82642824438147
1.3169959476242068 103.89387347661722 170.64977393676725
1.3169896992916084 103.89387453441955 170.48996192962923
1.316984446525756 103.89387542367888 170.35572765843565
1.3169761356083136 103.89387683066344 170.355727658435
1.3169711832496307 103.89387766906573 170.35572765843511
1.3169651360327526 103.89387869282041 170.35572765843511
1.3169602360831971 103.89387952235016 170.355727658435
1.316953638785369 103.89388063922992 170.35572765843565
1.3169462629660131 103.89388188790835 170.35572765843577
1.3169410262766097 103.89388277444588 170.35572765843511
1.3169359760484887 103.89388362941676 170.35572765843511
1.3169281293612523 103.89388495780999 170.355727658435
1.3169211721140774 103.89388613562677 170.355727658435
1.3169132195716682 103.89388748194052 170.355727658435
1.316908666690055 103.8938882527138 170.355727658435
1.3169025714097133 103.89388928460511 170.355727658435
1.3168960496118642 103.89389038870307 170.35572765843511
1.3168905944198608 103.89389131223155 170.355727658435
1.3168854727529822 103.89389217929643 170.355727658435
1.3168772153940809 103.89389357721348 170.355727658435
1.3168710651364306 103.89389461841202 170.355727658435
1.3168647887267848 103.89389568096725 170.35572765843565
1.3168561690021925 103.8938971402304 170.355727658435
1.3168499189546743 103.89389819832263 170.35572765843511
1.3168428197122473 103.89389940017801 170.35572765843511
1.3168362929118804 103.89390050512266 170.35572765843511
1.3168314617384442 103.89390132300875 170.355727658435
1.3168255600036627 103.89390232213383 170.35572765843565
1.316819109923836 103.89390341409016 170.355727658435
1.3168143082963848 103.89390422697426 170.35572765843565
1.3168087284104943 103.89390517161239 170.35572765843577
1.3168038197642362 103.89390600261406 170.35572765843565
1.316797826385681 103.89390701725378 170.35572765843565
1.31679238773895 103.89390793798101 170.35572765843565
1.3167845285814905 103.89390926848482 170.35572765843511
1.3167785677594268 103.89391027761287 170.35572765843577
1.316773857255364 103.89391107507029 170.35572765843511
1.3167665239089685 103.89391231655767 170.35572765843511
1.3167611225404243 103.89391323097387 170.35572765843511
1.316756461278081 103.89391402009494 170.355727658435
1.3167509835658904 103.89391494743559 170.35572765843565
1.316746383996258 103.89391572611247 170.355727658435
1.3167400784084091 103.893916793607 170.35572765843511
1.3167322669982382 103.89391811602732 170.355727658435
1.3167261439459867 103.89391915261972 170.35572765843577
1.3167184062310964 103.89392046256384 170.355727658435
1.316710654790608 103.89392177483161 170.355727658435
1.3167041987712902 103.89392286779308 170.355727658435
1.3166966870095334 103.89392413948475 170.355727658435
1.3166912916876754 103.89392505287711 170.355727658435
1.316682978079176 103.8939264603161 170.35572765843565
1.3166773381868309 103.89392741511257 170.355727658435
1.3166703858230056 103.8939285921018 170.35572765843511
1.3166615053197461 103.89393009551222 170.355727658435
1.3166559735067354 103.89393103201152 170.355727658435
1.316649976039436 103.893932047343 170.35572765843577
1.316643178231169 103.89393319816692 170.355727658435
1.3166361486267015 103.89393438823234 170.355727658435
1.316629711784273 103.89393547794704 170.355727658435
1.3166247543150296 103.89393631721369 170.35572765843511
1.3166160796314867 103.89393778578001 170.35572765843565
1.3166109532263512 103.89393865364633 170.355727658435
1.316606313597586 103.89393943910466 170.355727658435
1.3166005612930543 103.89394041293157 170.355727658435
1.3165930428026795 103.89394168576197 170.355727658435
1.3165869884172372 103.89394271072915 170.35572765843511
1.3165802566153268 103.89394385037838 170.35572765843565
1.3165715916111196 103.89394531730588 170.35572765843511
1.31656306240304 103.89394676124395 170.35572765843565
1.316557295650682 103.89394773751667 170.35572765843511
1.3165519437325617 103.89394864356069 170.35572765843577
1.316543345098265 103.89395009925208 170.35572765843511
