39962925
1.314781785907505 103.89223642218316 191.18237250775158
1.3147748719747179 103.89223506735215 191.18237250775158
1.3147682142067083 103.89223376271832 191.18237250775158
1.3147594972839607 103.89223205457945 191.18237250775158
1.3147536132563928 103.89223090156516 191.18237250775158
1.3147487659987669 103.89222995171285 191.18237250775158
1.3147430428269489 103.89222883021932 191.18237250775127
1.3147373868619427 103.89222772189541 191.18237250775127
1.3147326526205076 103.892226805217 191.16855012545088
1.314726667831662 103.89222576636415 191.0007030349357
1.3147194218372342 103.89222450858844 190.7974747768979
1.314714725363694 103.89222369336419 190.66574935138408
1.3147078205634553 103.8922224948137 190.4720837169589
1.314701819793177 103.8922214531867 190.3037757412403
1.314696909176025 103.89222060079094 190.16604722839057
1.314690896699583 103.89221955713194 189.99742111393945
1.3146854398939496 103.89221860992753 189.93528970954895
1.3146805796208916 103.89221776627058 189.9352897095489
1.314671820005149 103.89221624575704 189.93528970954895
1.3146659779353334 103.8922152316776 189.93528970954895
1.3146571830308313 103.89221370503854 189.93528970954895
1.3146499261218725 103.89221244536816 189.9352897095489
1.3146426850315323 103.8922111884436 189.93528970954895
1.3146350693362079 103.89220986649424 189.9352897095489
1.314627910904138 103.89220862391767 189.9352897095489
1.314622164432681 103.89220762643235 189.93528970954895
1.3146170404067983 103.8922067369925 189.93528970954895
1.3146112462259265 103.89220573122567 189.93528970954895
1.3146039301966876 103.89220446129299 189.93528970954924
1.3145984503365977 103.89220351008663 189.93528970954895
1.314591332983758 103.89220227464062 189.93528970954895
1.3145832117576084 103.89220086494004 189.9352897095489
1.3145782018582814 103.89219999531049 189.9352897095489
1.3145731489110193 103.89219911820861 189.93528970954895
1.3145678188192236 103.89219819299933 189.93528970954895
1.3145603411816764 103.89219689533992 189.93487984420628
1.314552278572488 103.89219549625243 189.9343282670399
1.3145445833432046 103.89219416091558 189.93380182297412
1.3145388737546386 103.89219317014275 189.9334112200546
1.3145327287438338 103.892192103812 189.9329908291399
1.3145250954426873 103.89219077922137 189.93246862168505
1.3145176067106856 103.89218947971749 189.9322478072968
1.314512409818859 103.89218857791182 189.9322478072968
1.3145046139818597 103.89218722511666 189.9322478072968
1.3144987568192905 103.89218620873557 189.9322478072968
1.3144942776954334 103.89218543148263 189.9322478072968
1.3144855909996656 103.89218392409859 189.9322478072968
1.3144778145469038 103.89218257466707 189.9322478072968
1.3144700290840232 103.89218122367205 189.9322478072968
1.3144623867100418 103.89217989750696 189.9322478072968
1.3144575498693853 103.89217905818013 189.9322478072968
1.3144517137412295 103.89217804544904 189.9322478072968
1.3144460852481037 103.89217706874842 189.9322478072968
1.314440191675189 103.89217604604906 189.9322478072968
1.314435636139784 103.89217525553653 189.9322478072968
1.314429608862948 103.89217420963581 189.93224780729673
1.3144234396825263 103.89217313911082 189.9322478072968
1.31441529484436 103.89217172575405 189.9322478072968
1.3144080303758992 103.892170465166 189.9322478072968
1.3144004236137226 103.89216914518045 189.9322478072968
1.31439512973224 103.89216822654423 189.9322478072968
1.314387514145966 103.89216690502742 189.9322478072968
1.3143820184005366 103.89216595136214 189.9322478072968
1.3143756247299732 103.89216484188181 189.9322478072968
1.3143685749691292 103.89216361855145 189.9322478072968
1.3143618139805926 103.89216244533117 189.9322478072968
1.3143535960187867 103.89216101928534 189.9322478072968
1.314345185960089 103.8921595599053 189.93224780729676
1.3143396456195653 103.89215859850148 189.9322478072968
1.3143336082796264 103.89215755028509 189.93296429141992
1.3143266920844128 103.89215634843171 189.93510421810612
1.3143198621650545 103.89215516157078 189.9372174503577
1.3143119486733608 103.8921539423485 189.74340920322413
1.3143053668067066 103.89215300858012 189.48113491280228
1.3142998634306315 103.89215222781702 189.26182173498657
1.3142935565181961 103.89215133305633 189.01047956270068
1.3142847883313187 103.892150089115 188.65903999801697
1.3142759556473906 103.89214883602348 188.30435607102078
1.3142681404767416 103.8921477272864 188.15162795829508
1.3142619962169957 103.89214685560117 188.1516279582954
1.3142557751313417 103.89214597301665 188.15162795829508
1.3142487994861285 103.89214498338289 188.15162795829508
1.314243654441047 103.89214425345607 188.15162795829508
1.3142390532753117 103.89214360068935 188.15162795829536
1.3142326911575548 103.89214269809659 188.15162795829536
1.3142254267184488 103.89214166749164 188.15162795829508
1.3142207315744456 103.8921410013922 188.15162795829536
1.3142129456403497 103.89213989680282 188.15162795829508
1.314206875765911 103.89213903567054 188.15162795829536
1.3142017990560348 103.89213831543837 188.15162795829508
1.314196046946503 103.89213749938739 188.15162795829508
1.314190955084105 103.89213677700552 188.15162795829536
1.3141844769694906 103.89213585795626 188.15162795829508
1.314175978101791 103.89213465222298 188.15162795829508
1.3141704243313401 103.89213386431028 188.15162795829508
1.3141617627617608 103.89213263549449 188.15162795829508
1.314153234986621 103.89213142566008 188.15162795829536
1.3141473679088553 103.89213059329849 188.1516279582954
1.3141413382009874 103.89212973786455 188.15162795829536
1.314134417259988 103.89212875599148 188.15162795829508
1.3141296824503927 103.89212808426458 188.15162795829536
1.3141247786728378 103.89212738856624 188.15162795829508
1.3141160214391736 103.89212614617851 188.15162795829536
1.3141093109979325 103.89212519416898 188.15162795829508
1.314103486092913 103.89212436779036 188.15162795829508
1.31409678900915 103.89212341767582 188.15162795829508
1.314088987722004 103.89212231090805 188.15162795829508
1.3140819803951729 103.89212131677935 188.15162795829545
1.3140737340176172 103.89212014686665 188.15162795829508
1.3140689551621425 103.89211946889091 188.15162795829508
1.3140641967848898 103.89211879382043 188.1516279582954
1.3140563877498108 103.89211768595341 188.15162795829508
1.3140517157494023 103.89211702313717 188.15162795829508
