655141938
1.3178176477141637 103.89219406585278 165.7068364394027
1.3178088951280638 103.89219628553185 165.7068364394027
1.3178014948878183 103.89219816225243 165.7068364394027
1.3177958227360413 103.89219960072512 165.7068364394027
1.317789938588041 103.89220109296062 165.7068364394027
1.3177841657381484 103.8922025569706 165.7068364394027
1.317779551171389 103.8922037272369 165.7068364394027
1.3177720994412723 103.89220561701529 165.70683643940237
1.3177667432369413 103.8922069753628 165.70683643940285
1.3177583146330998 103.89220911287889 165.7068364394027
1.3177525132821102 103.89221058411673 165.7068364394027
1.3177457229861913 103.89221230615354 165.70683643940285
1.3177403528804792 103.8922136680264 165.70683643940237
1.3177328509651232 103.89221557053173 165.7068364394027
1.317727691645792 103.89221687894857 165.7068364394027
1.3177209652204163 103.89221858478757 165.7068364394027
1.3177151935515017 103.89222004849783 165.7068364394027
1.3177079470496744 103.89222188622952 165.70683643940254
1.317701498514044 103.89222352159489 165.7068364394027
1.3176963094684815 103.89222483755029 165.70683643940285
1.3176898359637739 103.89222647924784 165.7068364394027
1.3176814734556175 103.8922286000015 165.70683643940285
1.317675769587974 103.89223004651706 165.70683643940285
1.3176679768365942 103.89223202277887 165.7068364394027
1.317663393477403 103.89223318513055 165.7068364394027
1.3176554444438584 103.89223520102588 165.7068364394027
1.3176473026180597 103.89223726581379 165.7068364394027
1.3176395147306506 103.89223924084196 165.7068364394027
1.3176314455481777 103.89224128720726 165.7068364394027
1.3176242066121644 103.8922431230199 165.7068364394027
1.3176179201632792 103.89224471727934 165.7068364394027
1.3176096880065753 103.89224680497522 165.7068364394027
1.317604464606032 103.89224812964285 165.7068364394027
1.3175973750314887 103.89224992757694 165.7068364394027
1.3175922729508238 103.89225122147751 165.7068364394027
1.3175877317688873 103.89225237313273 165.70683643940285
1.3175811838167304 103.89225403370993 165.7068364394027
1.317572772733389 103.89225616678189 165.7068364394027
1.3175648462051133 103.89225817696942 165.7068364394027
1.317559302346419 103.89225958290592 165.7068364394027
1.3175542562316764 103.89226086261328 165.7068364394027
1.3175483458538433 103.89226236149993 165.70683643940285
1.3175437602206657 103.89226352442799 165.7068364394027
1.317538084995614 103.89226496367925 165.7068364394027
1.3175320495578997 103.89226649428133 165.7068364394027
1.317523950566528 103.89226854820573 165.7068364394027
1.317517832955664 103.89227009964709 165.7068364394027
1.3175112745455584 103.89227176287619 165.7068364394027
1.3175057776323529 103.89227315690704 165.7068364394027
1.3174976711435906 103.89227521273268 165.7068364394027
1.3174911292080773 103.89227687178372 165.7068364394027
1.317485092294471 103.89227840275991 165.70683643940285
1.3174777563730604 103.89228026316769 165.7068364394027
1.3174713739062336 103.89228188177701 165.70683643940285
1.3174650301990476 103.89228349055676 165.7068364394027
1.3174601167562818 103.89228473661791 165.7068364394027
1.3174542913466498 103.89228621395611 165.70683643940285
1.3174475921923134 103.89228791287803 165.7068364394027
1.3174426984073133 103.89228915395391 165.70683643940285
1.3174359675253897 103.892290860922 165.7068364394027
1.3174275198038539 103.89229300328479 165.7068364394027
1.31741997101508 103.89229491767601 165.70683643940285
1.317413362402424 103.89229659363625 165.70683643940285
1.3174052743683127 103.89229864478132 165.7068364394027
1.3174000925310059 103.89229995890781 165.7068364394027
1.3173936244370161 103.8923015992321 165.7068364394027
1.3173857177920776 103.89230360437637 165.70683643940254
1.317380227787612 103.89230499665473 165.7068364394027
1.3173736708471735 103.89230665951062 165.7068364394027
1.3173685083303064 103.89230796873731 165.7068364394027
1.3173599219393024 103.8923101462667 165.7068364394027
1.3173530737763668 103.89231188297721 165.70683643940285
1.3173479412877274 103.89231318458862 165.70683643940285
1.3173431274473912 103.89231440539002 165.7068364394027
1.3173379812795976 103.89231571047047 165.7068364394027
1.3173328237163568 103.8923170184408 165.7068364394027
1.317327047939508 103.89231848319159 165.7068364394027
1.3173195251804528 103.89232039098115 165.7068364394027
1.3173135974725663 103.89232189426194 165.7068364394027
