637782865
1.319287086024439 103.85347764611548 248.79343889630934
1.3192827924259531 103.85347335323353 243.95849887826645
1.3192781173665549 103.85346867895433 238.67561737421283
1.3192729921824289 103.85346355462553 232.96438410379395
1.3192691092756217 103.85345967236675 228.7575177962718
1.3192652029175556 103.85345576666062 225.20634645305827
1.3192600827794874 103.85345064737709 225.20634645305827
1.3192557543543169 103.85344643868976 225.099391637303
1.3192505659875082 103.85344139497802 224.97017094104666
1.3192456657417333 103.8534357847172 225.60959280070486
1.3192421244324786 103.85342996498682 227.66990400441048
1.3192386612313893 103.85342427361816 229.6958126128129
1.3192350666304704 103.85341842581504 231.74995759479282
1.3192324516848053 103.85341431902846 233.12487427908064
1.319229979887431 103.85341043705708 234.48950572317904
1.3192264979709722 103.85340496868811 236.40485426705237
1.3192240289939503 103.85340109114611 237.75602175098746
1.3192204969149937 103.85339554399673 238.12999880947714
1.3192165384159718 103.85338932715229 237.93969396186074
1.31921344659896 103.85338438584138 237.84751932980888
1.3192090101263316 103.85337703211228 238.0287275669191
1.319205329477335 103.85337093120785 238.24715844715658
1.3192021789039823 103.85336570893676 238.43413529535655
1.3191997616843587 103.85336170224504 238.57758952835673
1.3191952524579826 103.85335422792221 238.84519022033277
1.3191922806560439 103.8533493019759 239.02154227600153
1.319187635776 103.85334160279875 239.0871730363024
1.3191840008511306 103.85333557768503 239.0871730363024
1.3191794659061298 103.85332806073211 239.0871730363024
1.3191755343269052 103.85332154389545 239.08717303630203
1.3191726771254493 103.85331680790668 239.08717303630203
1.3191686618354244 103.85331015231421 239.0871730363024
1.3191662128365664 103.8533060929466 239.0871730363024
1.319161893848669 103.85329893395614 239.0871730363024
1.3191585990983006 103.85329347270296 239.0871730363024
1.3191541068342043 103.85328602649648 239.0871730363024
1.319151037161995 103.85328093832436 239.0871730363024
1.3191465096473831 103.85327343368805 239.0871730363024
1.3191431982014787 103.85326794476107 239.0871730363024
1.3191394230662399 103.85326168724029 239.0871730363024
1.319137056034663 103.85325776373867 239.08717303630203
1.3191331674807667 103.85325131821946 239.0871730363024
1.3191291066289506 103.8532445871058 239.08717303630203
1.3191251338872418 103.85323800204016 239.08717303630263
1.3191215262772709 103.85323202220302 239.0871730363024
1.319117616256888 103.85322554110189 239.0871730363024
1.31911372287247 103.85321908757594 239.0871730363024
1.3191099270755207 103.8532127958073 239.0871730363024
1.3191073617659856 103.85320854364781 239.0871730363024
1.3191044239516627 103.85320367403857 239.0871730363024
1.3191012710011192 103.85319844782775 239.08717303630263
1.3190981258997747 103.85319323462744 239.0871730363024
1.319093674430277 103.85318585604107 239.0871730363024
1.3190911768887095 103.85318171621127 239.0871730363024
1.3190865817778832 103.85317409953052 239.08717303630203
1.3190835893392814 103.85316913937828 239.0871730363024
1.3190798071270684 103.8531628701274 239.0871730363024
1.3190773137001919 103.85315873711801 239.08717303630203
1.319072880316854 103.85315138851072 239.0871730363024
1.3190685748370299 103.85314425191147 239.0871730363024
1.3190656997528907 103.8531394862816 239.0871730363024
1.319063061978383 103.85313511400715 239.0871730363024
