480885318
1.3201746831888468 103.85313609550833 174.82522928799173
1.320169978032371 103.85313652105752 174.82522928799182
1.3201647497437048 103.8531369939204 174.82522928799182
1.3201596888908824 103.85313745163984 174.82522928799182
1.3201508344512265 103.8531382524632 174.82522928799247
1.3201436931814239 103.85313889834205 174.82522928799173
1.3201353096090491 103.8531396565786 174.82522928799182
1.320126669617144 103.85314043800655 174.82522928799182
1.3201182420791713 103.85314120021947 174.82522928799173
1.320113023987787 103.85314167215995 174.82522928799182
1.32010588103997 103.85314231819046 174.82522928799182
