45249367
1.319265919200699 103.85270941630505 63.86240841370111
1.3192685931960118 103.85271482422479 63.86240841370111
1.3192715047600456 103.85272071260636 63.8624084137014
1.3192746966557003 103.85272716793393 63.86240841370111
1.3192771148777716 103.85273205857492 63.862408413701694
1.3192795477049726 103.85273697875351 63.8624084137014
1.3192827364580157 103.85274342772553 63.86240841370111
1.319285395103776 103.85274880460231 63.86240841370111
1.3192885815997186 103.85275524900959 63.8624084137014
1.3192918866887147 103.8527619332609 63.86240841370111
1.3192948914475962 103.85276801012105 63.8624084137014
1.319297829932625 103.8527739529482 63.8624084137014
1.3193008575477276 103.8527800760331 63.86240841370111
1.3193030046846115 103.85278441842836 63.86240841370111
1.3193050342821595 103.85278852311069 63.86240841370111
1.3193078932904172 103.85279430520315 63.8624084137014
1.319309920572167 103.85279840520201 63.86240841370111
1.3193128207689455 103.85280427059469 63.86240841370111
1.3193160711000538 103.85281084410327 63.8624084137014
1.319318642000321 103.85281604352278 63.8624084137014
1.3193224301051762 103.85282370463149 63.8624084137014
1.319325572846153 103.85283006054857 63.8624084137014
1.319328262979328 103.85283550110626 63.8624084137014
1.319330326934669 103.85283967527435 63.8624084137014
1.319334177160675 103.85284746201776 63.862408413701694
1.3193367146489605 103.85285259386464 63.8624084137014
1.31934068070354 103.85286061486123 63.862408413701694
1.3193437844027265 103.85286689181991 63.8624084137014
1.3193476565887021 103.85287472297559 63.8624084137014
1.3193510135877222 103.852881512211 63.862408413701694
1.3193534532237914 103.8528864461605 63.8624084137014
1.3193568816997026 103.8528933799517 63.86240841370111
1.3193589727898938 103.85289760899782 63.86240841370111
1.3193626605797828 103.85290506722883 63.8624084137014
1.3193654738192209 103.8529107567584 63.86240841370111
1.3193693095618728 103.85291851421093 63.8624084137014
1.3193719306171712 103.85292381506505 63.8624084137014
1.3193757964586512 103.8529316333899 63.86240841370111
1.3193786239536507 103.85293735175023 63.86240841370111
1.3193818473721555 103.85294387083108 63.86240841370111
1.3193838684741557 103.85294795833241 63.8624084137014
1.3193871887357576 103.85295467326999 63.86240841370111
1.319390656114815 103.85296168573977 63.86240841370111
1.319394048260606 103.85296854605689 63.86240841370111
1.319397128636796 103.85297477584739 63.8624084137014
1.3194004672276582 103.85298152785444 63.86240841370111
1.3194037916138155 103.85298825113377 63.8624084137014
1.319407032674412 103.85299480589447 63.86240841370111
1.3194092230770493 103.85299923579166 63.86240841370111
1.3194117315447988 103.85300430894765 63.86240841370199
1.3194144237077077 103.85300975361102 63.8624084137014
1.319417109168536 103.85301518472001 63.8624084137014
1.319420910078474 103.85302287172708 63.86240841370111
1.319423042617081 103.85302718459943 63.86240841370111
1.3194269661758962 103.85303511965317 63.8624084137014
1.319429521284857 103.85304028713705 63.86240841370111
1.3194327507460422 103.85304681843924 63.862408413701694
1.3194348797712938 103.85305112420622 63.86240841370111
1.3194386652382597 103.85305877998144 63.862408413701694
1.3194423414941567 103.85306621488688 63.86240841370111
1.319444796399404 103.85307117971767 63.86240841370111
1.3194470486766112 103.85307573475102 63.86240841370111
1.3194494578663234 103.85308060712619 63.862408413701694
1.319452070483124 103.85308589091483 63.86240841370111
1.3194543629449822 103.85309052721816 63.86240841370111
1.3194581554783682 103.85309819728482 63.86240841370111
1.3194610097418369 103.85310396978278 63.86240841370199
1.3194633536226101 103.85310871007644 63.8624084137014
1.3194663463586365 103.85311476262306 63.8624084137014
1.3194686272335525 103.85311937549292 63.862408413701694
1.3194712861936284 103.85312475300697 63.8624084137014
1.3194734973613946 103.85312922490024 63.8624084137014
1.3194755018613111 103.85313327882592 63.86240841370111
1.3194787384481708 103.85313982453964 63.86240841370111
1.3194817108158094 103.85314583589312 63.862408413701694
1.3194855065908604 103.8531535125161 63.86240841370111
1.3194887920232403 103.85316015701571 63.8624084137014
1.319491410566342 103.85316545279011 63.86240841370111
1.3194944644010234 103.85317162890368 63.862408413701694
1.3194975416595138 103.8531778523899 63.8624084137014
1.3194998238262008 103.85318246787247 63.8624084137014
1.319503436848737 103.8531897748947 63.8624084137014
1.319506274738994 103.85319551427968 63.8624084137014
1.3195088982649705 103.85320082013166 63.86240841370111
1.3195123922828937 103.85320788647755 63.86240841370111
1.3195159969630668 103.85321514450001 63.844266996349226
1.3195188750605595 103.8532203941282 63.521770299465445
1.3195215079197415 103.85322519644357 63.22670445263526
1.3195238865671082 103.85322953507853 62.96010175500757
1.3195263186434343 103.85323397116751 62.68749709454472
1.3195294775039395 103.85323973290541 62.33342887996136
1.3195317572471639 103.85324389113998 62.07791228139903
1.3195339691059895 103.85324792555393 61.83002610834432
1.3195363133201365 103.85325220138301 61.56734060913664
1.3195387765402198 103.85325669427806 61.448217827928225
1.3195423991152397 103.85326330182787 61.448217827928225
1.3195449534679649 103.8532679609482 61.448217827928225
1.319548428096855 103.8532742986454 61.44821782792791
1.319551624917784 103.853280129623 61.448217827927344
1.3195538222995709 103.85328413763106 61.448217827928225
1.3195579940492712 103.85329174687153 61.448217827928225
1.3195606466510839 103.85329658519757 61.44821782792766
1.3195635274402564 103.85330183973568 61.448217827928225
1.3195665528898 103.85330735813325 61.44821782792791
1.319569053865365 103.85331191989418 61.448217827927344
1.3195731802273036 103.85331944634787 61.44821782792791
1.3195769150751768 103.85332625868283 61.44821782792791
1.319581058802304 103.85333381681059 61.448217827928225
1.3195846783926044 103.85334041891666 61.448217827928225
1.319588285664006 103.85334699855318 61.44821782792766
1.3195923515747487 103.85335441474453 61.44821782792791
1.3195963539056008 103.85336171496665 61.448217827928225
1.3196004091938671 103.85336911178277 61.44821782792791
1.3196031277100753 103.85337407033644 61.448217827928225
1.3196058909746633 103.85337911051086 61.448217827928225
1.3196098067461832 103.85338625284953 61.448217827928225
1.3196125510409555 103.85339125842317 61.448217827928225
1.3196167234997156 103.85339886895757 61.448217827928225
1.319619876989283 103.8534046208996 61.44821782792791
1.3196239347171774 103.85341202216581 61.44821782792791
1.3196266453722953 103.85341696638106 61.448217827928225
1.3196309436161986 103.8534248063468 61.44821782792791
1.319633802100016 103.85343002020059 61.44821782792791
1.319637424548481 103.85343662752037 61.448217827928225
1.3196406663613518 103.85344254056363 61.44821782792791
1.319643443291736 103.85344760566461 61.44821782792791
1.3196471701013384 103.85345440333847 61.448217827928225
1.3196507883576436 103.85346100301192 61.44821782792791
1.3196531409343 103.85346529409482 61.44821782792791
1.3196562120436572 103.85347089577621 61.448217827928225
1.3196602096159993 103.85347818731947 61.448217827928225
1.3196640187300412 103.85348513511619 61.44821782792791
1.3196662613353636 103.85348922561224 61.448217827928225
1.3196687887055822 103.85349383551743 61.44821782792791
1.3196719458634514 103.85349959415082 61.448217827928225
1.3196761420712775 103.85350724800392 61.448217827928225
1.319680260723407 103.85351476039605 61.44821782792791
1.319683015576435 103.85351978522836 61.448217827928225
1.3196858745904674 103.85352500004961 61.448217827928225
1.319690154652594 103.85353280685251 61.44821782792791
1.3196933590553104 103.85353865166032 61.44821782792791
1.3196965634240398 103.85354449640617 61.44821782792791
1.3197000797397678 103.85355091014117 61.44821782792791
1.3197043461110132 103.85355869197214 61.44821782792791
1.3197084306403681 103.85356614212485 61.44821782792791
1.319712374425002 103.85357333556021 61.448217827927344
1.3197163322139864 103.85358055453943 61.448217827928225
1.3197187713088416 103.8535850034313 61.44821782792791
1.3197226685610184 103.85359211199189 61.44821782792791
1.3197267273642432 103.85359951522048 61.448217827928225
1.3197308967468233 103.8536071201451 61.448217827928225
1.3197350215947707 103.8536146438389 61.448217827928225
1.319738336359604 103.85362068994678 61.448217827928225
1.3197425997734689 103.85362846638391 61.448217827928225
1.3197461330306168 103.85363491102031 61.44821782792791
1.3197490599104826 103.85364024962882 61.448217827928225
1.319752082849893 103.85364576344928 61.44821782792791
1.3197555408113562 103.85365207074696 61.448217827928225
1.319758310805171 103.85365712319647 61.44821782792766
1.319762003522267 103.853663856421 61.44682984264495
1.319765804911489 103.85367019924689 61.084836310302755
1.3197687332658414 103.85367508536639 60.805937496611904
1.3197715271368131 103.85367974709298 60.53982670372042
1.3197759517470216 103.8536871297973 60.11837906938508
1.3197800356468488 103.8536939440077 59.72940567483123
1.3197841132535115 103.85370074771767 59.34108882170162
1.3197865664859751 103.85370484107034 59.25391604580797
1.3197905676135504 103.85371151717082 59.25391604580853
1.3197947879513419 103.85371855903557 59.25391604580797
1.3197979154495219 103.8537237774376 59.25391604580853
1.31980206794151 103.85373070609795 59.2539160458082
1.3198050934259518 103.85373575428451 59.25391604580797
1.3198081880541095 103.85374091784115 59.25391604580853
1.319812293877123 103.85374776863186 59.253916045807635
1.3198162230249397 103.85375432463034 59.253916045807635
1.3198204840321064 103.85376143435438 59.25391604580853
1.3198230462360239 103.85376570953208 59.25391604580853
1.3198262933796376 103.85377112756925 59.25391604580853
1.3198302610195953 103.85377774779408 59.25391604580797
1.319832953578841 103.85378224047686 59.25391604580797
1.3198369638468268 103.85378893182894 59.25391604580797
1.319839308975901 103.85379284480544 59.2539160458082
1.3198419060445559 103.85379717815697 59.25391604580797
1.319844692520996 103.85380182754578 59.25391604580797
1.3198474413106513 103.85380641405214 59.25391604580797
1.319851736187152 103.85381358028928 59.25391604580797
1.3198552058035422 103.85381936953466 59.25391604580797
1.3198591407894809 103.85382593527468 59.25391604580797
1.3198629768412586 103.85383233593767 59.253916045807635
1.3198661780861558 103.85383767739054 59.25391604580797
1.3198705008247917 103.85384489011733 59.25391604580797
1.3198736505037654 103.85385014552968 59.25391604580797
1.3198782247518277 103.85385777791382 59.25391604580797
1.3198821000904315 103.85386424412917 59.25391604580853
1.3198846178125463 103.85386844508683 59.25391604580853
1.3198873347023257 103.85387297836672 59.25391604580853
1.319891517340371 103.85387995732813 59.25391604580797
1.3198957991700682 103.85388710179632 59.253916045807635
1.3198994915121225 103.85389326267199 59.25391604580853
1.31990278035733 103.85389875029104 59.25391604580797
1.319905624282479 103.85390349553651 59.25391604580853
1.3199086513154097 103.8539085463074 59.25391604580797
1.3199120469437151 103.85391421209995 59.2539160458082
1.3199158528878092 103.853920562527 59.2539160458082
1.31991935175495 103.85392640057928 59.25391604580797
1.3199217900821512 103.85393046906236 59.2539160458082
1.3199259432692574 103.85393739888353 59.25391604580853
1.319929807210945 103.85394384608287 59.25391604580797
1.319932840209886 103.8539489068085 59.25391604580797
1.3199367993035982 103.85395551277426 59.25391604580853
1.3199395191331629 103.8539600509596 59.2539160458082
1.319943691011502 103.85396701196828 59.25391604580853
1.3199478298052305 103.8539739177735 59.25391604580853
1.3199508738229337 103.85397899688466 59.25391604580853
1.3199542283701935 103.85398459413149 59.25391604580853
1.319957328177795 103.85398976633121 59.25391604580853
1.3199606358110292 103.85399528529946 59.2539160458082
1.31996355251462 103.85400015198009 59.25391604580853
1.3199666095993585 103.85400525289441 59.25391604580797
1.3199698702908398 103.85401069353783 59.25391604580853
1.319973930396748 103.85401746804827 59.25391604580853
1.3199767556303748 103.85402218210629 59.253916045807635
1.319981346189674 103.85402984170753 59.253916045807635
1.319983786553414 103.85403391358898 59.25391604580797
1.319987863793111 103.8540407166882 59.25391604580797
1.3199907722950834 103.85404556968412 59.25391604580797
1.3199944013799794 103.85405162501242 59.25391604580797
1.3199982535665007 103.8540580525981 59.25391604580797
1.3200015051765612 103.85406347808883 59.25391604580853
1.320004258894809 103.85406807281966 59.25391604580797
1.3200079761152221 103.85407427520701 59.25391604580797
1.320012239569266 103.85408138901536 59.2539160458082
1.3200164141526176 103.85408835453806 59.25391604580797
1.3200187646132426 103.85409227641135 59.253916045807635
1.32002183490287 103.85409739935908 59.25391604580853
1.3200253036406429 103.85410318713956 59.25391604580853
1.3200276590558684 103.85410711727991 59.25391604580853
1.3200317383498061 103.85411353175142 58.99702565220252
1.320035805819991 103.85411963706679 58.55039086446581
1.3200401462636828 103.85412615211828 58.073694492816166
1.3200448666293774 103.85413323743671 57.55524574691035
1.320049492551789 103.85414018099482 57.04722242063231
1.320052757682691 103.8541450819906 56.68871751978427
1.3200566786918984 103.85415096746662 56.524392854360855
1.320060811639047 103.85415717106373 56.524392854360855
1.3200651694876655 103.85416371224038 56.524392854360855
1.3200688203071902 103.8541691921589 56.52439285436122
1.3200716365806218 103.85417341941498 56.52439285436122
1.3200742665409915 103.8541773670132 56.524392854360855
1.3200790957175605 103.85418461565814 56.524392854360855
1.320082339655624 103.85418948484339 56.52439285436122
1.32008673419396 103.85419608109179 56.524392854360855
1.320091408111882 103.85420309669193 56.524392854360855
1.320095323815649 103.85420897420468 56.52439285436122
1.3200988373958182 103.85421424812564 56.52439285436122
1.3201021912466386 103.8542192822912 56.52439285436122
1.3201058674667103 103.85422480033641 56.52439285436141
1.320109759781928 103.85423064274276 56.524392854360855
1.3201137718999911 103.85423666497447 56.524392854360855
1.32011762663714 103.85424245097576 56.524392854360855
1.3201223233335357 103.85424950076687 56.52439285436122
1.3201269698871512 103.85425647529313 56.524392854360855
1.3201312094770465 103.85426283896257 56.52439285436122
1.3201341476391764 103.85426724917515 56.52439285436141
1.3201366490828117 103.85427100386863 56.524392854360855
1.3201412488071738 103.85427790810378 56.524392854360855
1.320145895689318 103.8542848831233 56.52439285436122
1.320148981935866 103.85428951561222 56.52439285436122
1.32015214338092 103.85429426097491 56.52439285436122
1.3201554356455099 103.85429920269912 56.52439285436141
1.3201581731397931 103.85430331170723 56.524392854360855
1.3201613774477607 103.85430812140763 56.524392854360855
1.320164970048466 103.8543135139396 56.52439285436122
1.3201680380474612 103.85431811903884 56.52439285436122
1.3201713739864525 103.85432312631886 56.52439285436141
1.3201748390834471 103.85432832746648 56.52439285436176
1.3201788548928317 103.85433435523926 56.524392854360855
1.3201836095318906 103.85434149200333 56.52439285436141
1.3201869284269918 103.85434647370037 56.52439285436122
1.3201903883475679 103.85435166707819 56.52439285436122
1.3201949407201112 103.85435850023812 56.52439285436122
1.3201997382246535 103.85436570134384 56.52439285436122
1.320203658526991 103.85437158575968 56.524392854360855
1.3202067315083623 103.85437619833768 56.52439285436141
1.3202105156356234 103.85438187835331 56.52439285436122
1.3202140979886081 103.8543872555036 56.52439285436122
1.320217401778302 103.85439221452742 56.524392854360855
1.3202204483440647 103.85439678745537 56.52439285436141
1.320225233144522 103.85440396949228 56.52439285436122
1.3202289847499662 103.85440960069242 56.52439285436141
1.3202333513281346 103.85441615497324 56.524392854360855
1.3202364909136268 103.85442086752488 56.52439285436122
1.3202404867219943 103.8544268652763 56.524392854360855
1.320243154543282 103.8544308697048 56.52439285436141
1.3202478448532118 103.85443790991059 56.524392854360855
1.320250491451748 103.85444188248354 56.524392854360855
1.320253927334878 103.8544470397812 56.524392854360855
1.3202584976585015 103.85445389988632 56.52439285436122
1.3202626071154049 103.85446006822555 56.524392854360855
1.3202666238768712 103.85446609742795 56.52439285436122
1.3202715383802865 103.85447347415072 56.524392854360855
1.3202763786505267 103.85448073944875 56.524392854360855
1.3202801630614742 103.85448641989058 56.524392854360855
1.3202834740130374 103.85449138966476 56.524392854360855
1.3202869412201292 103.85449659398019 56.52439285436122
1.320291182710004 103.8545029605025 56.524392854360855
1.3202942661699835 103.85450758880938 56.524392854360855
1.3202979201709693 103.85451307350453 56.524392854360855
1.320301620051865 103.85451862706594 56.524392854360855
1.3203057832250904 103.85452487603422 56.524392854360855
1.3203101648037794 103.85453145283148 56.524392854360855
1.3203143723065642 103.85453776833893 56.524392854360855
1.320316985407281 103.85454169063155 56.524392854360855
1.3203203832896921 103.85454679089005 56.524392854360855
1.3203240868187598 103.85455234992753 56.524392854360855
1.320328694919738 103.85455926673734 56.524392854360855
1.3203317372568428 103.8545638333185 56.52439285436122
1.3203361197429686 103.85457041147801 56.524392854360855
1.3203405913100015 103.85457712334895 56.524392854360855
1.3203444141040297 103.85458286140454 56.524392854360855
1.3203478123919228 103.85458796227181 56.52439285436176
1.3203519432173312 103.85459416268591 56.52439285436122
1.3203554505362205 103.85459942720993 56.52439285436122
1.320359382763902 103.85460532952673 56.524392854360855
1.320363444665257 103.85461142648515 56.524392854360855
1.3203672667853377 103.85461716352927 56.52439285436141
1.320371493349884 103.85462350764898 56.524392854360855
1.32037649907868 103.85463028360603 56.0027854565047
1.3203800769194187 103.85463478686331 55.389274953686815
1.3203834898186044 103.85463908251654 54.803776902431835
1.3203872253087507 103.85464378419961 54.1627804245772
1.3203918624827604 103.85464962078913 53.36706542870779
1.3203966736445663 103.85465567636881 52.54181073100721
1.3204021076038686 103.85466251583398 51.73903339625355
1.3204069596233847 103.85466862283934 51.73903339625405
1.3204102497558647 103.85467276397206 51.73903339625405
1.3204156087547994 103.85467950908829 51.73903339625355
1.3204189773864914 103.85468374902423 51.73903339625355
1.3204238560391306 103.85468988955152 51.739033396253646
1.3204278164409506 103.85469487432033 51.73903339625355
1.3204324277354575 103.85470067833674 51.739033396253646
1.320435275845382 103.85470426311683 51.739033396253646
1.320440046409766 103.85471026759866 51.73903339625405
1.320443348587731 103.85471442389256 51.739033396253134
1.3204465227387818 103.85471841904508 51.739033396253646
1.3204516834013116 103.85472491452488 51.739033396253646
1.3204566759629153 103.8547311984241 51.739033396253134
1.3204619322088642 103.85473781421027 51.739033396253646
1.320465868258713 103.85474276832853 51.739033396253134
1.3204710371108455 103.8547492741163 51.73903339625355
1.3204749028927387 103.8547541397917 51.73903339625395
1.3204785386034765 103.8547587158875 51.73903339625355
1.3204830900086717 103.85476444452429 51.739033396253646
1.3204869864200408 103.85476934875159 51.739033396253134
1.3204905745877566 103.85477386500732 51.739033396253134
1.3204954034093888 103.85477994281499 51.739033396253134
1.3204982784931414 103.85478356154594 51.739033396253134
1.3205017582589753 103.8547879413614 51.739033396253646
1.3205056848566799 103.85479288358286 51.739033396253134
1.320510382156839 103.85479879585081 51.739033396253646
1.3205142425838585 103.85480365478641 51.739033396253646
1.320519810098022 103.85481066235131 51.739033396253646
1.3205227445339913 103.85481435578613 51.739033396253646
1.3205277097136514 103.85482060522132 51.739033396253646
1.3205311387203864 103.85482492114882 51.739033396253134
1.3205352848026994 103.85483013962521 51.739033396253134
1.320538516964184 103.85483420779298 51.739033396253646
1.320543636714119 103.85484065177849 51.739033396253646
1.3205473752507493 103.8548453572966 51.739033396253646
1.3205512909197 103.85485028576272 51.739033396253134
1.3205549370765297 103.85485487500678 51.739033396254456
1.3205598293326763 103.85486103265676 51.739033396254456
1.3205626394146448 103.85486456957322 51.739033396253646
1.32056545363811 103.85486811170237 51.739033396253646
1.3205686218625428 103.85487209939572 51.739033396253646
1.3205720933942844 103.85487646884755 51.73903339625395
1.3205751282836222 103.85488028871838 51.739033396253646
1.3205792975083532 103.85488553632321 51.739033396253646
1.3205844053356468 103.85489196530244 51.739033396253646
1.3205891835015895 103.85489797935264 51.739033396253646
1.3205945007561466 103.85490467192808 51.739033396253134
1.320597690482808 103.85490868668533 51.739033396253646
1.3206013734107183 103.85491332221156 51.73903339625395
1.3206060362678085 103.85491919112808 51.739033396253646
1.3206101382149706 103.85492435405394 51.739033396253646
1.3206155533448878 103.85493116982052 51.73903339625395
1.320619298288805 103.85493588340341 51.739033396253646
1.320624677226598 103.85494265361676 51.739033396253646
1.320628512438898 103.8549474808162 51.739033396253646
1.320631883970286 103.85495172440253 51.739033396253134
1.3206363488459971 103.8549573441294 51.73903339625395
1.3206406246207072 103.85496272584386 51.739033396253134
1.320645596002266 103.85496898308563 51.739033396253134
1.3206494203397954 103.85497379659759 51.739033396253646
1.3206526768424949 103.85497789540283 51.739033396253134
1.3206578767687438 103.854984440303 51.739033396253134
1.320661896114139 103.85498949926215 51.739033396253134
1.320665788557362 103.85499439849556 51.739033396253134
1.3206708292730487 103.85500074300502 51.73903339625395
1.3206746559082017 103.85500555940898 51.739033396253134
1.3206779492513347 103.85500970458361 51.739033396253646
1.3206827116031017 103.85501569872969 51.739033396253646
1.3206862273264006 103.85502012380367 51.73903339625395
1.3206912592815785 103.8550264572868 51.739033396254456
1.3206960862921517 103.8550325328159 51.739033396253646
1.3207015650642357 103.8550394286863 51.739033396253646
1.3207047299587074 103.85504341218876 51.739033396253134
1.3207092510520033 103.85504910267434 51.739033396253646
