0
25
18
13
7
8
6
6
7
8
6
7
7
6
6
7
6
8
7
6
7
7
7
6
7
6
7
6
7
7
8
5
8
7
5
7
8
7
7
8
3
1
6
6
7
8
6
8
7
6
6
6
7
7
6
6
7
6
6
1
0
4.499708818963152e-05
7
4.499708746490786e-05
0
6
6
6
7
6
7
4.5067441736221915e-05
4.5067441283032184e-05
6
6
7
7
4.505551745990863e-05
4.5055516907607085e-05
4.5055516383135506e-05
4.5055515830518485e-05
4
1
0
5
7
6
7
7
6
6
7
7
7
6
7
7
7
7
7
7
6
6
7
7
7
5
7
8
6
7
7
6
6
7
6
7
6
6
7
6
7
6
6
7
6
7
6
7
7
7
7
6
7
7
8
6
7
7
7
8
6
7
6
7
6
7
6
7
7
7
6
7
6
7
7
8
6
7
6
7
6
8
7
6
7
7
7
7
6
7
6
7
7
5
6
8
7
6
6
8
6
7
7
6
7
7
7
6
6
7
7
6
7
7
6
6
1
1
0
1
0
1
0
1
0
1
0
1
0
1
0
1
0
1
0
1
0
