0
14
8
6
6
7
7
7
7
7
7
5
1
0
4
6
7
7
6
7
6
6
6
6
7
6
7
6
8
6
7
6
7
7
6
6
6
0
4.499857990578375e-05
6
7
5.440059799890885e-05
2
6
7
6
7
6
8
4.506744154656748e-05
4.5067441093377766e-05
7
6
7
6
4.505551721768603e-05
4.5055516693169365e-05
2
4.5055515616125854e-05
1
1
1
7
6
6
7
7
7
6
6
7
8
6
7
7
7
7
7
6
6
7
7
6
7
6
7
8
6
7
7
6
6
7
6
7
6
6
7
6
6
7
6
7
6
7
6
7
7
7
6
7
7
7
7
7
7
7
7
7
7
7
6
7
6
7
6
7
7
7
6
6
6
8
7
7
7
7
6
6
8
6
8
6
6
8
6
8
6
7
6
7
6
6
6
8
6
7
6
7
8
5
7
7
7
7
6
6
6
7
8
6
7
6
6
5
1
0
0
1
0
1
0
1
0
1
0
1
0
1
0
1
0
1
0
1
0
