37635198
1.3299232891181463 103.86426421157752 114.61573674999566
1.3299200819559893 103.86427117504458 114.61573674999653
1.3299164422024128 103.86427907776438 114.61573674999593
1.329913055550441 103.8642864309438 114.61573674999624
1.3299097457035844 103.8642936173621 114.61573674999566
1.3299063700382674 103.86430094668685 114.61573674999653
1.3299037430026184 103.86430665056905 114.61573674999566
1.3299017753779498 103.86431092272244 114.61573674999566
1.3298992524815219 103.86431640049497 114.61573674999566
1.3298972630487405 103.86432071999857 114.61573674999593
1.329894171850489 103.86432743168139 114.61573674999593
1.3298909244378514 103.86433448254051 114.61573674999593
1.3298878240530734 103.86434121416919 114.61573674999653
1.3298848365865557 103.864347700627 114.61573674999653
1.3298823136377869 103.86435317851284 114.61573674999593
1.3298797351316474 103.86435877702611 114.61573674999593
1.3298773793273848 103.8643638920038 114.61573674999653
1.3298736717768989 103.86437194192459 114.61573674999593
1.3298705251385377 103.8643787739797 114.61573674999593
1.3298684283134659 103.8643833266555 114.61573674999566
1.3298647125901497 103.86439139432106 114.61573674999593
1.3298619230760882 103.86439745097933 114.61573674999593
1.329858962227418 103.86440387964322 114.61573674999566
1.329855829081218 103.86441068240347 114.61573674999593
1.3298539049265732 103.86441486017297 114.61573674999593
1.3298509578408244 103.86442125895431 114.61573674999653
1.3298485648239318 103.86442645472837 114.61573674999593
1.3298464725987063 103.8644309974165 114.61573674999593
1.329843434055756 103.86443759477169 114.61573674999566
1.3298409613014872 103.86444296367323 114.61573674999653
1.3298372804363345 103.86445095565315 114.61573674999593
1.3298336084711453 103.86445892830915 114.61573674999653
1.3298316307546487 103.86446322237303 114.61573674999593
1.3298286184751757 103.86446976270398 114.61573674999593
1.3298266723850845 103.8644739880998 114.61573674999593
1.3298231148053161 103.86448171239921 114.61573674999593
1.3298195632354064 103.8644894236498 114.61573674999566
1.3298158369064847 103.86449751434107 114.61573674999593
1.329812097418376 103.86450563360374 114.61573674999593
1.3298087944537034 103.86451280507661 114.61573674999593
1.3298053197563333 103.86452034941935 114.61573674999566
1.3298026707520005 103.86452610099836 114.61573674999566
1.3297993430454553 103.8645333261911 114.61573674999653
1.3297957633590756 103.86454109848813 114.61573674999593
1.329793752154484 103.86454546526154 114.61573674999593
1.3297905082438206 103.86455250851449 114.61573674999599
1.329788495827172 103.86455687791948 114.61573674999593
1.3297849965874677 103.86456447554855 114.6157367499954
1.3297821214619285 103.86457071808663 114.61573674999653
1.329779361317056 103.864576710976 114.61573674999593
1.3297761942627886 103.86458358735625 114.61573674999593
1.3297729114655537 103.86459071504017 114.6157367499954
1.3297692288752703 103.86459871076373 114.6157367499954
1.3297668838698906 103.86460380229255 114.61573674999593
1.32976354658143 103.86461104828884 114.61573674999593
1.3297603334324495 103.86461802475054 114.61573674999593
1.3297580380123188 103.86462300861861 114.6157367499954
1.3297544178729492 103.8646308687469 114.6157367499954
1.3297520984160978 103.86463590480392 114.61573674999593
1.3297496849345207 103.86464114500949 114.61573674999593
1.3297468634619447 103.86464727105422 114.6157367499954
1.3297434082456472 103.86465477309754 114.61573674999593
1.3297412059109515 103.86465955485609 114.61573674999593
1.329737972623508 103.86466657504234 114.61573674999593
1.329734492932754 103.86467413022488 114.61573674999593
1.329732281602297 103.86467893151507 114.61573674999653
1.329729380231397 103.86468523103646 114.6157367499954
1.3297269964921405 103.86469040666441 114.61573674999599
1.3297240535437085 103.86469679645975 114.61573674999593
1.3297217912856871 103.86470170832483 114.61573674999593
1.3297187637777754 103.86470828171748 114.61573674999593
1.3297166626594392 103.86471284371238 114.61573674999593
1.3297143025328386 103.86471796807176 114.61573674999593
1.3297105434361065 103.86472612990612 114.61573674999593
1.3297074043425734 103.86473294557567 114.61573674999653
1.329703832961101 103.8647406998383 114.61573674999593
