23162117
1.3297715883425953 103.86249307223447 182.71198346744472
1.3297647796735255 103.8624927549143 182.71198346744472
1.3297561462679655 103.8624923525517 182.71198346744472
1.3297513440303121 103.86249212874188 182.7119834674454
1.3297430586340708 103.86249174259831 182.71198346744472
1.3297380501518028 103.86249150917638 182.71198346744472
1.3297331669530108 103.86249128159331 182.71198346744472
1.3297259806071302 103.86249094667133 182.71198346744472
1.3297205953547973 103.86249069568987 182.71198346744472
1.3297115894164346 103.86249070245859 182.1684327162726
1.329704516366013 103.86249139207688 180.866971915358
1.3296996402489147 103.86249186749546 179.9682867971534
1.3296936044033554 103.86249245598688 178.85495248299702
1.3296846475452682 103.86249332927525 177.20267564744253
1.3296777041510048 103.8624940062521 175.92324174969428
1.3296690833740508 103.8624948467727 174.4219241986709
1.3296604990903764 103.86249568373525 174.42192419867155
1.329654422742378 103.8624962761755 174.42192419867155
1.3296482275089325 103.86249688020702 174.42192419867155
1.3296408210021153 103.86249760233693 174.4219241986716
1.3296327117329798 103.86249839298571 174.42192419867155
1.3296264089327783 103.86249845930028 175.11831913231848
1.3296184314208297 103.86249774735288 177.01718990598184
1.329609790710168 103.86249697621874 179.0806875964723
1.3296045688918177 103.86249651020123 180.32895177671656
1.329599481175924 103.86249605615158 181.54467740855887
1.3295948973350837 103.86249564706992 182.63868014058718
1.3295892219372434 103.86249514057302 183.99023882576375
1.3295845668176882 103.86249472513012 185.09540788409913
1.3295769320462791 103.86249404377025 185.15900283258335
1.3295695096796651 103.8624933813663 185.15900283258333
1.3295613004375992 103.86249264873815 185.15900283258333
1.3295555941147632 103.8624921394813 185.15900283258333
1.329550590175175 103.86249169290818 185.15900283258398
1.3295440033298929 103.86249098717101 185.30872750580485
1.3295356977089587 103.86249008774867 185.50963165700404
1.3295282222858174 103.86248927822909 185.690458407298
1.3295223758246333 103.86248864511109 185.83188173531354
1.3295149342222883 103.86248783925394 186.01188832535757
1.3295080076746508 103.8624870891725 186.17943073224606
1.3295020053319981 103.86248643917396 186.24656227511304
1.3294966626390219 103.8624858606094 186.24656227511304
1.3294910128979769 103.86248524879436 186.24656227511304
1.3294843471904991 103.86248452695945 186.24656227511304
1.3294758076933038 103.86248360221033 186.24656227511304
1.3294675245151784 103.86248270521817 186.24656227511304
1.3294608423813619 103.86248198160442 186.24656227511304
1.329453407317525 103.86248117645523 186.246562275113
1.3294472097437664 103.86248050531486 186.24656227511304
1.3294421915072598 103.86248075285256 185.24261002818687
1.329434959359085 103.86248118745564 183.69250995594507
1.3294260868064824 103.86248172063586 181.78646571746987
1.3294190086697693 103.86248214598383 180.26509827892073
1.3294113339793772 103.86248260718064 178.61739164163322
1.3294044241323304 103.8624830224155 177.13775240921805
1.3293986049739344 103.86248337210738 176.56526430960187
1.3293899611758782 103.86248389154089 176.56526430960187
1.3293834989723134 103.86248427987537 176.5652643096012
1.329377103389914 103.86248466420638 176.5652643096012
1.3293687797340716 103.86248516440142 176.5652643096012
1.3293598687902444 103.8624856998885 176.56526430960187
1.3293538903473623 103.86248605915218 176.56526430960187
1.3293493331059452 103.86248633301132 176.56526430960187
1.3293426923951472 103.86248673207278 176.5652643096012
1.3293363878768245 103.86248711093133 176.56526430960187
1.3293307453945642 103.86248745000603 176.5652643096012
1.3293225805844906 103.86248794065538 176.5652643096012
1.3293149801206332 103.86248839739137 176.56526430960122
1.329309520540453 103.86248872547486 176.5652643096012
1.3293014388351212 103.86248921113014 176.56526430960122
1.3292962994700444 103.86248951997084 176.56526430960187
1.3292880747807898 103.86249001421842 176.5652643096012
1.3292805513062507 103.86249046632778 176.56526430960122
1.329273545323533 103.86249088733938 176.5652643096012
1.329265880133306 103.86249134796483 176.56526430960187
1.3292576058576324 103.86249205082636 176.30350422058842
1.3292512002144 103.86249298259655 175.6070037940558
1.329243621231506 103.8624940850417 174.7823759306484
1.3292382043129667 103.86249487299115 174.19280527176662
1.3292322261982072 103.86249574257265 173.5421446093676
1.3292255151292767 103.86249671877025 172.81189806407568
1.3292181376966343 103.86249779189761 172.00964639409273
1.329210687056526 103.8624988756738 171.69738829295417
1.3292036732837345 103.86249989590289 171.69738829295417
1.3291950277838174 103.86250115348429 171.69738829295417
1.329190184967376 103.86250185792424 171.6973882929542
1.329184806631959 103.86250264026123 171.69738829295417
1.329178356297076 103.86250357853208 171.69738829295417
1.3291727468274124 103.86250439449 171.69738829295412
1.3291654362996852 103.86250545788516 171.6973882929548
1.3291577395435132 103.8625065774614 171.69738829295417
1.3291526431660998 103.86250731878445 171.69738829295417
1.3291452282878067 103.86250839735847 171.69738829295417
1.3291390339892124 103.86250929838597 171.69738829295417
1.3291307557133392 103.8625105025504 171.69738829295417
1.3291252028536187 103.86251131027367 171.69738829295412
1.3291173790515143 103.86251244832995 171.69738829295417
1.329110064238492 103.86251351234826 171.69738829295412
1.329101841641141 103.86251470841354 171.69738829295412
1.3290973556092254 103.86251536095517 171.69738829295417
1.329091787636512 103.8625161708767 171.69738829295417
1.3290865974850194 103.86251692584005 171.69738829295417
1.3290814255428902 103.86251767815465 171.6973882929548
1.3290761319191302 103.86251844816913 171.69738829295417
1.329070664776119 103.86251924342385 171.69738829295417
1.3290644021160678 103.86252061683227 171.11342383729473
1.3290588012944016 103.86252259121186 169.64464181978576
1.3290538486643142 103.86252433709346 168.34187869344947
1.3290461803311069 103.862527040304 166.32065696603428
1.329039480417897 103.8625294021309 164.55405789590472
1.3290310348568337 103.86253237932664 162.331753709828
1.3290234871225999 103.86253504002397 160.49195177292148
1.329017832921556 103.86253703322048 160.49195177292088
1.3290094119940996 103.86254000173234 160.4919517729216
1.329002533163315 103.86254242663038 160.49195177292088
1.3289952710251762 103.86254498665038 160.49195177292148
1.328988107282837 103.86254751198422 160.49195177292148
1.3289831429849484 103.86254926197867 160.49195177292148
1.328976026182094 103.86255177076556 160.49195177292148
1.3289681199338985 103.8625545578445 160.49195177292088
1.3289607026429255 103.86255717255818 160.491951772921
1.3289536077727808 103.86255967361332 160.49195177292148
1.3289455024518237 103.86256253086847 160.49195177292148
1.3289406368216312 103.86256424608085 160.491951772921
1.3289327001061069 103.86256704389983 160.491951772921
1.3289260668024623 103.86256938224525 160.49195177292148
1.328921544824759 103.8625709763146 160.4919517729216
1.328916328789833 103.86257281505014 160.49195177292148
1.3289100363333624 103.86257503324146 160.49195177292088
1.328901990758205 103.862577869435 160.49195177292088
1.3288965249037017 103.86257979623586 160.49195177292088
1.3288904217331654 103.86258255140903 159.76606792748953
1.3288857297953065 103.86258478105391 159.07321796310214
1.3288812083236001 103.86258692969193 158.40509650519274
1.3288742284929045 103.86259024656098 157.37328212272547
1.3288688824643502 103.86259278703467 156.58300038085278
1.3288631305555685 103.86259552038575 155.73310795462123
1.3288583796095765 103.86259777807163 155.0316787512882
1.3288526909547942 103.86260048136387 154.46552742749887
1.3288469125594107 103.86260322730149 154.46552742749887
1.3288412183034102 103.86260593325544 154.46552742749887
1.3288359555147276 103.86260843417276 154.46552742749887
1.3288280637305632 103.86261218440876 154.46552742749887
1.3288203776496457 103.86261583689296 154.46552742749887
1.3288148174789856 103.8626186650385 154.2516462874007
1.3288071704541509 103.86262331856472 153.0774347353515
1.3287997014363355 103.86262786376632 151.92927052962082
1.32879236282148 103.86263232961238 150.80081340129553
1.328786257880845 103.86263604471736 149.8624354706782
1.3287807879149043 103.86263937341435 149.0223903275867
1.3287747021987153 103.8626430768204 148.5399498019709
1.3287694495621347 103.86264627326358 148.53994980197106
1.3287650469124959 103.86264895245509 148.5399498019709
1.3287584644859056 103.86265427310768 147.10544399174503
1.3287551379726978 103.862657878675 145.3696104226844
1.3287502601290602 103.86266316571052 142.80900565965365
1.328745538193021 103.86266828375963 140.32147093063313
1.328741264852332 103.86267291558167 138.0707071522762
1.3287362055505243 103.86267839929734 135.41633427895286
1.3287325245612012 103.86268238907687 133.49820585695662
1.3287283645591885 103.86268689805236 132.5371833240834
1.3287236440818742 103.86269201452015 132.5371833240832
1.3287198818725652 103.86269609233291 132.53718332408366
1.3287152787112284 103.86270108164328 132.5371833240832
1.3287109888191115 103.86270551558273 132.7231454798091
1.3287072200519814 103.86270918623946 133.08017001980002
1.3287014843608729 103.86271477261617 133.62366397773386
1.328696877329913 103.86271925971454 134.0602725281933
1.3286914631821087 103.86272453291842 134.57336883438228
1.3286881715786436 103.86272773883312 134.88527816807326
1.3286829522789507 103.86273282226117 135.379747462971
1.3286793793067766 103.86273630221979 135.59737510641617
1.328674234964087 103.86274131264209 135.5973751064157
1.3286680292206507 103.86274735683412 135.59737510641642
1.328663768717711 103.86275216560789 134.99640615310102
1.3286604559818525 103.86275759137152 132.98156981038605
1.3286577116728948 103.86276208613722 131.30365886263618
1.3286540485473102 103.86276808578647 129.05677230515064
1.3286496688835618 103.86277525901748 126.36844960418797
1.3286459053832023 103.8627814230654 124.06513801219226
1.3286422029681184 103.86278748706474 121.81288472754065
1.32863853707212 103.86279349125125 121.2688226915663
1.3286345659678807 103.86279999532292 121.2688226915663
1.3286299708119502 103.86280752149733 121.26882269156661
1.3286266444471764 103.86281296958258 121.26882269156633
1.3286228115887961 103.8628192472281 121.26882269156661
1.3286203553395248 103.86282327019494 121.26882269156661
1.3286163603974 103.86282985413288 121.24182457158871
1.3286135670741637 103.86283698299856 119.54898824511184
1.328610367464615 103.8628451487511 117.60307202768908
1.3286081495114999 103.8628508092093 116.2521137427429
1.3286060668100848 103.86285612449035 114.98354140775196
1.3286029823867131 103.86286399627497 113.10752406914828
1.3286000241789624 103.86287154594345 111.31460206749529
1.3285977902197665 103.86287724725062 111.29811832904377
1.3285956066627924 103.8628828199258 111.29811832904348
1.3285933892853354 103.8628884789145 111.298118329044
1.3285901349883524 103.86289678423458 111.29811832904377
1.3285873509358628 103.86290388943945 111.2981183290437
1.3285842102938057 103.86291190469959 111.29811832904348
1.3285820048807377 103.86291753315355 111.29811832904377
1.328580272917046 103.86292195331319 111.29811832904377
1.3285783933178104 103.86292675025476 111.29811832904348
1.3285765729844008 103.86293443866846 109.88750330596099
1.3285755884717507 103.86294000034279 108.46875750848488
1.3285742998410748 103.86294728002984 106.60678968802385
1.3285733495405418 103.86295264843409 105.23216484265632
1.3285722916152691 103.86295862482811 103.70249457955835
1.3285709283959606 103.86296632587826 101.73578766451548
1.3285699445585415 103.8629718837376 100.32186230408125
1.328569047371125 103.86297695209674 100.00153917877147
1.3285680726604918 103.8629824583972 100.00153917877134
1.3285668380279716 103.86298943303898 100.00153917877176
1.3285659793769018 103.86299428369972 100.00153917877147
1.3285650855758346 103.86299933292851 100.00153917877147
1.3285641287547432 103.86300473816767 100.00153917877176
1.3285629141455892 103.86301159969373 100.00153917877147
1.3285619492607708 103.86301705048602 100.00153917877147
1.3285612359782824 103.86302287464976 99.6050061668077
1.3285607898587166 103.86303009577142 98.56516958443899
1.328560288779054 103.86303820650517 97.3958512571413
1.3285599495280789 103.86304369779612 96.60382047607864
1.3285595738680587 103.86304977842234 95.72687434433288
1.3285591113547641 103.86305726489996 94.64789118626939
1.3285587119880808 103.86306372925381 93.7174028801895
1.3285583416754583 103.86306972332348 93.53894236861555
1.3285578256044408 103.86307807671271 93.53894236861522
1.328557426753598 103.86308453271596 93.53894236861527
1.3285570808984721 103.86309013090325 93.53894236861522
1.3285567607591109 103.86309531284188 93.53894236861522
1.3285562536381776 103.863103521359 93.53894236861555
1.3285566056851321 103.86311160815463 92.46070557859076
1.3285570097486104 103.86311628631255 91.58154983987377
1.3285574903295896 103.86312185037339 90.53455979072864
1.3285579391284645 103.86312704646815 89.55606915112736
1.3285586976284984 103.86313582821514 87.90235358596843
1.328559256859718 103.86314230287174 86.68446030951532
1.3285599282036864 103.86315007554543 85.2256572024129
1.328560692173548 103.86315892062179 85.12139903433862
1.3285610916212447 103.8631635453402 85.12139903433862
1.328561598007058 103.86316940816498 85.12139903433862
1.328562113820415 103.86317538013994 85.12139903433862
1.3285628406942271 103.86318379572728 85.12139903433896
1.328563397593739 103.86319024338924 85.12139903433862
1.328563941195243 103.86319653708992 85.12139903433862
1.3285658072467619 103.86320306859673 83.47219077563983
1.3285680360309213 103.86320905463357 81.28883635321633
1.3285697530488707 103.86321366617601 79.59878220202069
1.328571906825941 103.86321945075994 77.47381539094425
1.3285746443982391 103.86322680329289 74.77342350488688
1.3285767187155042 103.86323237446487 72.73444986912352
1.3285795029093304 103.86323985221334 70.01717607076031
1.3285823509412553 103.86324750141733 69.72497313958868
1.328584008322557 103.86325195278867 69.72497313958898
1.3285856148912838 103.86325626768837 69.72497313958898
1.32858874548813 103.86326467580137 69.72497313958846
1.3285904885529316 103.86326935730037 69.72497313958898
1.3285935273855864 103.8632775189545 69.72497313958898
1.3285951572480361 103.86328189641625 69.72497313958868
1.3285980669163049 103.8632897111626 69.72497313958868
1.3286011425203703 103.86329797157705 69.72497313958898
1.3286027226253219 103.86330221540088 69.72497313958898
1.3286056112722942 103.86330656372296 68.21120822877774
1.328609713739516 103.86331210724673 65.76251064233601
1.3286129407255658 103.86331646776274 63.82545547190241
1.328615686891289 103.86332017856267 62.17303305555071
1.328620839917186 103.86332714167057 59.07245424235567
1.3286259463674883 103.86333404184248 56.01501979030882
1.328629889288536 103.86333936977705 53.699574927416826
1.328633877294543 103.86334475863342 53.69957492741709
1.3286390756520183 103.86335178299643 53.69957492741709
1.3286442843036996 103.86335882126968 53.699574927416826
1.3286477529241887 103.86336350829818 53.69957492741709
1.3286515143188486 103.86336859094244 53.699574927416826
1.328655717416229 103.86337300405332 52.741695642873005
1.3286620402730047 103.86337893212725 50.75627176880111
1.3286685215568783 103.86338500873653 48.71558306498274
1.3286731052881946 103.86338930627154 47.27176933761106
1.3286788017659925 103.86339464707605 45.479889417148584
1.3286843783532019 103.86339987547562 43.731466888729905
1.3286884463056505 103.8634036894357 43.36492911698902
1.3286937145973619 103.86340862878896 43.3649291169888
1.3287002608989353 103.86341476635651 43.36492911698832
1.3287060209219725 103.8634201667387 43.36492911698855
1.3287106028618718 103.86342446259424 43.36492911698857
1.328713972047651 103.86342762141686 43.36492911698832
1.328719865907134 103.86343314727914 43.36492911698832
1.328725391618645 103.86343832797967 43.36492911698857
1.3287289051070734 103.86344162209507 43.3649291169888
1.3287354593774732 103.863447767134 43.36492911698857
1.3287408841320916 103.86345285318116 43.364929116988094
1.3287460988915967 103.86345774234475 43.364929116988094
1.3287495578482291 103.86346098533322 43.36492911698857
1.328755316371572 103.863465904806 42.91994795481267
1.3287605301673258 103.8634692089935 41.4459425095899
1.328767330922099 103.86347351889934 39.51662008138061
1.3287718144037968 103.8634763602581 38.2424854888761
1.3287763394404437 103.86347922795183 36.95626354142104
1.3287823436155661 103.86348303303383 35.25138248600331
1.328787889025392 103.86348654737823 33.68095286016877
1.3287917266874303 103.86348897945565 32.597766105862426
1.3287968740163365 103.8634922415205 32.557578624957024
1.328803200683986 103.86349625097873 32.557578624957024
1.3288090524405498 103.86349995946712 32.55757862495685
1.3288143109689012 103.86350329200344 32.5575786249572
1.3288192478054544 103.86350642067103 32.55757862495648
1.3288231286792969 103.8635088801335 32.5575786249563
1.328827784891418 103.86351183095833 32.5575786249572
1.328833202452153 103.86351526427976 32.557578624957024
1.328838102317387 103.86351836951717 32.557578624956655
1.3288456247465947 103.86352313677656 32.55757862495685
1.3288531881276366 103.86352792998878 32.557578624957024
1.3288605428748475 103.86353259098154 32.5575786249572
1.3288658196289642 103.86353593506827 32.55757862495685
1.328872105418064 103.86353991862022 32.557578624957024
1.3288791842823293 103.86354440477511 32.557578624956655
1.3288864952158583 103.86354903800142 32.557578624957024
1.3288911890698627 103.86355201268145 32.557578624957024
1.3288977862272457 103.86355619355975 32.5575786249572
1.3289045058359226 103.86356045204025 32.557578624957024
1.3289087923499066 103.86356316857288 32.557578624957024
1.328915888255002 103.86356574135144 30.48168987769251
1.3289237830074918 103.8635685665624 28.11857829597818
1.3289303990784094 103.86357093418523 26.132823631748355
1.3289384521043692 103.86357381603584 23.71644940078895
1.3289429775443127 103.86357543550682 22.361868784490063
1.3289475482440651 103.86357707117443 20.998088058700702
1.3289560049432336 103.86358009748328 19.834007456432985
1.3289605122111185 103.86358171045121 19.834007456432374
1.3289665419908387 103.86358386826423 19.834007456432474
1.3289726634467167 103.86358605888442 19.834007456432985
1.32897832257882 103.86358808405772 19.834007456432374
1.3289839192243966 103.86359008686964 19.834007456432374
1.3289893737399494 103.86359203881898 19.8340074564331
1.3289947583731019 103.86359396576027 19.834007456432474
1.3290012666605695 103.86359629481174 19.834007456432374
1.3290088658928825 103.86359901426799 19.834007456432374
1.32901519039905 103.86360127755162 19.834007456432374
1.3290236615970201 103.86360430904894 19.83400745643226
1.3290302471756135 103.86360623944034 19.32181287754246
1.3290361916246283 103.86360623672296 16.741518042465483
1.3290446647458503 103.86360623284962 13.017591524259055
1.3290518199612995 103.86360622957872 9.851062736643334
1.329059068361661 103.8636062262652 6.643790899568665
1.3290671013653659 103.86360622259299 3.1139819008552077
1.3290718557646162 103.86360622041954 1.047304948773939
1.3290781764204356 103.86360621753009 0.0
1.3290856262763475 103.86360621412442 0.0
1.32909280728126 103.86360621084164 0.0
1.3290998638486649 103.8636062076157 0.0
1.3291070409499492 103.86360620433466 0.0
1.3291116225153745 103.86360620224018 0.0
1.3291164970807046 103.86360620001172 0.0
1.3291241274148387 103.86360619652343 0.0
1.3291291555882343 103.86360619422473 0.0
1.329135211553797 103.86360619145619 0.0
1.3291430936442798 103.86360618785274 0.0
1.3291477385025734 103.86360618572927 0.0
1.3291537994898157 103.86360618295835 0.0
1.3291590928640784 103.86360618053837 0.0
1.3291662550811312 103.86360617726399 0.0
1.3291734995158102 103.86360617395198 0.0
1.329181583810756 103.863606170256 0.0
1.3291870561940227 103.86360485306477 358.31521902046376
1.329194443487337 103.86360207650918 354.71486658284215
1.329201636670093 103.8635993729111 351.1699800748175
1.3292071998529438 103.86359728195757 348.4189781566336
1.3292120836548211 103.8635954463532 346.00818494250467
1.3292178764879865 103.86359326908428 343.1659869463185
1.3292261673173191 103.86359015292942 339.3054603279592
1.3292326985704233 103.86358769812115 339.3054603279591
1.3292387054475707 103.86358544040252 339.3054603279585
1.3292462011326218 103.863582623107 339.3054603279586
1.329254448609618 103.8635795232462 339.3054603279586
1.3292599465555845 103.86357745681212 339.3054603279585
1.3292644012931056 103.86357578247383 339.3054603279592
1.3292712239275475 103.86357321814805 339.3054603279586
1.3292756404328594 103.86357155817953 339.3054603279591
1.3292798998488842 103.86356995725387 339.3054603279591
1.3292870153032066 103.86356728287001 339.3054603279585
1.3292945166939765 103.86356431107707 339.12367983540975
1.3293006246951382 103.86355939925214 335.9768214412396
1.3293044007018284 103.8635563627295 334.0124545492932
1.329308203465621 103.86355330468975 332.0250050221114
1.329312811945878 103.8635495987231 329.6109303745573
1.3293194651142748 103.863544248495 326.13152226762526
1.3293248586134174 103.86353991124555 323.3314413282105
1.3293312263980301 103.86353479051228 321.04099979431635
1.3293354635912338 103.86353138312059 321.04099979431635
1.3293393730061254 103.86352823931587 321.040999794316
1.3293430183189725 103.86352530789208 321.0409997943161
1.3293487364015264 103.86352070962467 321.04099979431663
1.329354433200507 103.86351612847264 321.0409997943158
1.3293596148930942 103.86351196154982 321.04099979431635
1.3293636662586088 103.86350870359361 321.04099979431635
1.329370547702549 103.86350316979438 321.04099979431635
1.329376096277413 103.86349870783847 321.040999794316
1.3293821542814253 103.86349383621867 321.0409997943165
1.3293889196301496 103.86348839577869 321.0409997943165
1.3293944029570088 103.86348398629264 321.0409997943158
1.329397959513821 103.86348112624285 321.04099979431635
1.3294032650704435 103.86347685971288 321.0409997943165
1.3294089483566676 103.86347228942685 321.0409997943158
1.3294134212239597 103.8634686925144 321.040999794316
1.3294201992245416 103.86346324189998 321.04099979431635
1.3294260293991502 103.86345855349168 321.0409997943158
1.3294301306124874 103.86345525544931 321.0409997943165
1.3294366084931084 103.86345004617998 321.0409997943165
1.3294435454160443 103.86344446776593 321.04099979431635
1.3294496243870928 103.86343957928463 321.0409997943158
1.3294561132345621 103.86343436119598 321.0409997943161
1.3294617008901601 103.86342986781212 321.04099979431635
1.3294680012815925 103.86342437747122 320.62073908880814
1.3294724177193624 103.86341949596985 319.2992109832975
1.3294758313670778 103.86341572285518 318.27563517516325
1.3294796243571712 103.86341153045227 317.1370192299132
1.3294832732223043 103.86340749735105 316.04118990831785
1.3294874670908305 103.86340286185596 314.78215769235345
1.3294915721733749 103.86339832449625 313.55138572773774
1.329496964276403 103.86339236458898 311.9793174703041
1.3295013382664604 103.86338753000491 311.9793174703042
1.3295068213705414 103.86338146951378 311.97931747030435
1.3295114024730865 103.86337640600756 311.9793174703039
1.3295151664941482 103.86337224562392 311.9793174703039
1.3295208469897843 103.86336596695514 311.9793174703042
1.3295239224106759 103.86336256768323 311.9793174703042
1.3295281496196254 103.86335789533649 311.9793174703039
1.3295314486458705 103.86335424891288 311.97931747030435
1.3295368320179177 103.86334829865551 311.9793174703039
1.3295423355745337 103.86334221555771 311.9793174703039
1.329545485592617 103.86333873383315 311.9793174703041
1.3295502442853384 103.86333347403557 311.9793174703039
1.3295560079429454 103.86332710344718 311.9793174703041
1.329561346585553 103.86332120262911 311.9793174703039
1.3295657418514375 103.86331634452819 311.9793174703039
1.3295704879876662 103.86331109860913 311.9793174703039
1.329574718966276 103.86330642209533 311.9793174703042
1.3295804020598236 103.86330014055434 311.9793174703042
1.3295849494097665 103.86329511435424 311.9793174703039
1.3295886988892878 103.86329097004278 311.9793174703042
1.3295938185630514 103.86328531125127 311.97931747030435
1.329596883025952 103.86328192409076 311.9793174703042
1.3296002972065581 103.86327815038615 311.9793174703042
1.329604430617815 103.86327358171357 311.9793174703042
1.3296101670728346 103.86326724119162 311.97931747030367
1.3296147776690428 103.86326214508493 311.9793174703042
1.3296205800317362 103.86325573171486 311.9793174703042
1.3296255364540837 103.8632502533653 311.97931747030367
1.3296294802032655 103.86324589432661 311.9793174703042
1.329632691587377 103.86324200868489 311.6928102624955
1.3296375968991763 103.86323603743453 311.22435614945397
1.3296408386862981 103.86323209119756 310.91471886824945
1.3296442566671054 103.8632279304795 310.58823386755614
1.329648506674521 103.86322275693294 310.18227851787356
1.3296524536440693 103.86321795227524 309.80530688348495
1.3296553370627922 103.86321444228108 309.52995644770033
1.3296603445654736 103.86320834663314 309.2481026912244
1.3296641585780786 103.86320370382421 309.24810269122486
1.3296674969713973 103.86319963998801 309.24810269122486
1.32967175152824 103.86319446090316 309.24810269122486
1.3296765402048218 103.86318863163272 309.24810269122486
1.329681970829971 103.86318202091626 309.24810269122486
1.3296867264613255 103.86317623187172 309.24810269122486
1.3296905600352267 103.86317156525051 309.24810269122486
1.3296950446250997 103.86316610614548 309.24810269122486
1.32970014049996 103.86315990292132 309.2481026912244
1.3297036781675187 103.86315559650768 309.2481026912248
1.3297075316769658 103.86315090561867 309.2481026912244
1.3297108844127736 103.86314682432295 309.2481026912244
1.3297146234578165 103.86314227277175 309.24810269122486
1.329718323319941 103.86313776891802 309.2481026912248
1.3297230096940529 103.8631320641801 309.2481026912244
1.3297270021022853 103.863127204209 309.24810269122486
1.3297313539265283 103.86312190671958 309.2481026912244
1.329736624300868 103.86311549107617 309.24810269122486
1.3297402962670801 103.86311102118 309.2481026912244
1.329743354508729 103.86310729837268 309.2481026912244
1.3297472203994414 103.86310259241154 309.2481026912248
1.329751962085114 103.86309682034232 309.24810269122486
1.3297574277248108 103.86309016700147 309.2481026912244
1.3297630586424092 103.86308331246723 309.2481026912248
1.3297675472149417 103.86307579774784 307.5911701805558
1.3297707156305967 103.86307026534205 306.2334193108303
1.3297743330230714 103.8630639489728 304.6809158354672
1.329778675108772 103.86305636720853 302.8171585253649
1.3297827534081534 103.86304924604443 301.0697099019164
1.3297866506537317 103.86304244102031 299.6672447868516
1.3297905295310262 103.86303566806919 299.6672447868516
1.3297935700898735 103.86303035891525 299.6672447868516
1.3297969550409996 103.86302444841402 299.6672447868516
1.3298002218551708 103.86301874419301 299.667244786851
1.3298028871199847 103.8630140903441 299.6672447868519
1.329806691144956 103.86300744809313 299.6672447868513
1.3298110145933029 103.86299989887107 299.6672447868519
1.329815256368906 103.86299249225863 299.6672447868516
1.3298188411426077 103.86298623284458 299.6672447868516
1.3298231088458843 103.86297878095935 299.6672447868516
1.3298267694682755 103.8629723891049 299.6672447868513
1.3298298610597281 103.8629669908418 299.6672447868519
1.329834328530064 103.86295919014078 299.6672447868519
1.3298387487635495 103.86295147192048 299.6672447868516
1.3298431938030006 103.8629437103861 299.6672447868519
1.3298475673786063 103.86293607363548 299.6672447868519
1.329850362008318 103.86293119390038 299.6672447868519
1.329853658755888 103.86292543741145 299.6672447868516
1.3298560142677607 103.86292132442499 299.6672447868516
1.3298598645923894 103.86291460132864 299.6672447868516
1.3298629595122935 103.86290919725317 299.6672447868513
1.329866352863922 103.86290327208258 299.6672447868519
1.329868921082529 103.86289878768628 299.6672447868516
1.3298719356548752 103.8628931749613 299.44718956030044
1.3298748448239677 103.86288753033148 299.09088703906684
1.3298784954486447 103.86288044706322 298.64370244418893
1.3298821931817624 103.86287327239087 298.19071784255266
1.3298854953471078 103.8628668652344 297.7862125156382
1.3298894408044442 103.86285920990521 297.3029901198305
1.3298915638620121 103.86285509055898 297.14231909444186
1.3298948510713653 103.86284871242127 297.1423190944424
1.3298980458994492 103.86284251352988 297.1423190944424
1.3299005727111994 103.86283761078354 297.1423190944424
1.3299040220602785 103.86283091804764 297.1423190944424
1.3299062213009833 103.86282665088389 297.14231909444186
1.3299085258419594 103.86282217940708 297.14231909444186
1.3299124651232364 103.86281453606065 297.14231909444186
1.3299158730597076 103.86280792367694 297.1423190944424
1.3299187739208416 103.86280229516618 297.1423190944424
1.3299220390536404 103.86279595986284 297.14231909444186
1.3299253358575578 103.86278956310827 297.1423190944424
1.3299290712615879 103.86278231534233 297.1423190944424
1.3299314526952515 103.86277769467112 297.1423190944424
1.32993489785204 103.86277101006881 297.1423190944424
1.3299383657977404 103.86276428124934 297.1423190944424
1.3299414508130676 103.86275829542566 297.1423190944424
1.3299438340390908 103.86275367127656 297.14231909444214
1.3299476239017154 103.86274631784475 297.1423190944424
1.3299507248688858 103.86274030106972 297.1423190944424
1.3299548200943023 103.86273235514543 297.1423190944424
1.3299583786427325 103.86272545052996 297.1423190944424
1.3299614909524198 103.86271941174694 297.1423190944424
1.329964976871647 103.86271264805303 297.1423190944424
1.3299688222798074 103.86270518684628 297.1423190944424
1.3299728136798667 103.86269744237283 297.1423190944424
1.329975704444325 103.86269183345154 297.1423190944424
1.3299792696497352 103.86268491591913 297.14231909444277
1.329982100331931 103.86267942357472 297.14231909444277
1.3299853472521614 103.86267312360773 297.14231909444277
1.3299874203657753 103.862669101166 297.1423190944424
1.3299896142627794 103.86266484436945 297.1423190944424
1.3299924519254724 103.86265933848067 297.14231909444277
1.329994761613992 103.8626548570149 297.1423190944424
1.3299980230055486 103.8626485289691 297.1423190944424
1.3300003007248506 103.86264410953281 297.1423190944424
1.3300025814603358 103.8626396842442 297.1423190944422
1.3300053928324538 103.86263422936655 297.1423190944424
1.3300089217109174 103.8626273823183 297.1423190944424
1.3300110679105996 103.8626225582157 296.758769631543
1.3300132152765953 103.86261762355032 296.31210403828476
1.3300153400456178 103.86261274081292 295.8700144838498
1.3300185150036081 103.86260544473221 295.20930179351546
1.330021511156266 103.86259855954762 294.5858117854882
1.3300248428199621 103.86259090335568 293.8927011397509
1.3300282347731183 103.86258310861793 293.4083361765054
1.3300309353023902 103.86257690277816 293.4083361765056
1.3300328670460762 103.86257246361434 293.4083361765056
1.3300348289495418 103.86256795514305 293.4083361765056
1.330037267842134 103.86256235054651 293.4083361765054
1.3300396983419351 103.86255676523666 293.4083361765054
1.3300431853479975 103.86254875206602 293.4083361765054
1.3300453915001456 103.86254368230892 293.4083361765054
1.3300487774194851 103.8625359014363 293.4083361765054
1.3300510133860826 103.86253076316521 293.4083361765054
1.3300528564819236 103.86252652771458 293.4083361765054
1.3300547230593196 103.86252223830309 293.4083361765054
1.3300567715117202 103.86251753094118 293.4083361765054
1.3300602720359183 103.86250948670522 293.40833617650526
1.3300637567856477 103.86250147871901 293.4083361765054
1.3300662791148088 103.86249568238387 293.4083361765056
1.3300693754895578 103.86248856688671 293.4083361765054
