482108842
1.3341149153831255 103.86246187805422 175.95828194400772
1.334108967538453 103.86246229836728 175.9582819440078
1.3341002158801865 103.86246291681583 175.9582819440078
1.3340931924589947 103.862463413136 175.95828194400772
1.3340886729667913 103.86246373251241 175.95828194400772
1.3340831342332797 103.86246412391496 175.95828194400772
1.3340785089859997 103.86246445076468 175.9582819440078
1.334073009979398 103.86246483935986 175.9582819440078
1.3340678165804882 103.86246520635882 175.95828194400772
1.3340631583792593 103.86246553553725 175.95828194400772
1.3340545437968296 103.86246614429899 175.9582819440078
1.3340466118225085 103.86246670482322 175.95828194400772
1.3340415601419586 103.86246706180741 175.95828194400772
1.3340340755807725 103.8624675907145 175.95828194400772
1.3340258620130265 103.86246817113788 175.95828194400772
1.3340172260996168 103.86246878140686 175.95828194400772
1.3340122844547566 103.86246913061514 175.95828194400772
1.334005649670195 103.86246959947151 175.9582819440078
1.3340006050667172 103.8624699559555 175.95828194400772
1.3339956575728305 103.86247030557709 175.9582819440078
1.333988479247746 103.86247081284345 175.95828194400772
1.3339795663004563 103.8624714426893 175.9582819440078
1.3339734325872716 103.86247187613667 175.9582819440078
1.3339674312669059 103.8624723002283 175.95828194400772
1.333961520868467 103.8624727178948 175.95828194400772
1.3339544026531258 103.86247322091334 175.9582819440078
1.333946446182131 103.86247378316835 175.95828194400772
1.333940928136663 103.86247417310864 175.95828194400772
1.333934150993472 103.86247465202477 175.95828194400772
1.333926234865496 103.86247521142883 175.95828194400772
1.3339195693586632 103.86247568245598 175.9582819440078
1.33391160067448 103.86247624557394 175.95828194400772
1.3339064970556336 103.86247660622813 175.95828194400772
1.333898672671484 103.86247715914888 175.95828194400772
1.3338904159686018 103.86247774262002 175.95828194400772
1.3338831635630735 103.86247825512108 175.9582819440078
1.3338749523814253 103.86247883537533 175.9582819440078
1.3338673866063349 103.86247937002102 175.9582819440078
1.3338628446776504 103.86247969098252 175.9582819440078
1.3338576706760947 103.86248005661031 175.95828194400772
1.3338506732790032 103.86248055109074 175.9582819440078
1.333842363038214 103.86248113834505 175.95828194400772
1.333836491195251 103.86248155328667 175.9582819440078
1.3338316462211226 103.86248189566322 175.95828194400772
1.3338254576684905 103.86248233298554 175.9582819440078
1.333819626104054 103.86248274508078 175.9582819440078
1.3338125705415436 103.86248324367148 175.95828194400772
1.333806033177154 103.86248370564297 175.9582819440078
1.3337972622148448 103.86248432545462 175.9582819440078
1.333791706017458 103.86248471809061 175.95828194400772
1.3337846190511407 103.86248521890042 175.95828194400772
1.333779164313709 103.86248560436658 175.95828194400772
1.3337707676326584 103.86248619772905 175.95828194400772
1.3337644688284997 103.86248664284228 175.9582819440078
1.3337566800723335 103.8624871932449 175.95828194400772
1.3337486165983337 103.86248776306077 175.9582819440078
1.3337397448876689 103.8624883899917 175.95828194400772
1.3337352092545323 103.86248871050809 175.95828194400772
1.3337297927054017 103.86248909327554 175.95828194400772
1.333721053174664 103.86248971086574 175.95828194400772
1.333715356349122 103.86249011343926 175.95828194400838
1.3337107851510461 103.86249043646883 175.95828194400772
1.3337058548465976 103.86249078487513 175.9582819440078
1.3336974553555965 103.86249137843593 175.95828194400772
1.3336892145360912 103.86249196078396 175.95828194400772
1.3336823136558238 103.86249244844346 175.95828194400772
1.3336777733891314 103.86249276928716 175.95828194400772
1.333668959359368 103.86249339214176 175.95828194400772
1.3336640399613748 103.86249373977725 175.95828194400772
1.3336595285493575 103.86249405858187 175.9582819440078
1.3336543806930892 103.86249442236164 175.9582819440078
1.3336461994308084 103.86249500050084 175.9582819440078
1.333639529004726 103.86249547187488 175.95828194400772
1.3336325346399114 103.86249596614043 175.95828194400772
1.3336278568625404 103.86249629670142 175.95828194400772
1.3336205293380698 103.8624968145101 175.95828194400772
1.3336149017553232 103.86249721219025 175.9582819440078
1.333609464195602 103.86249759644215 175.95828194400772
1.3336033498475914 103.86249802852015 175.95828194400772
1.3335984459252508 103.8624983750619 175.9582819440078
1.33359387316927 103.86249869820135 175.95828194400772
1.3335859416063425 103.86249925869507 175.9582819440078
1.333579593140392 103.86249970731721 175.95828194400772
1.3335742816660128 103.8625000826591 175.9582819440078
1.3335697278099832 103.86250040446292 175.9582819440078
1.333562061747653 103.8625009461946 175.95828194400772
1.3335553745722304 103.86250141875202 175.95828194400772
1.3335472349376818 103.86250199394924 175.9582819440078
1.3335388918342455 103.86250258352477 175.95828194400772
1.333531671292364 103.86250309377313 175.9582819440078
1.333523305244092 103.86250368497005 175.9582819440078
1.33351534463329 103.86250424751623 175.9582819440078
1.3335100227599341 103.86250462359281 175.9582819440078
1.3335022095879125 103.86250517572 175.9582819440078
1.3334945445529076 103.86250571737887 175.95828194400772
1.3334876587290276 103.86250620397384 175.9582819440078
1.3334787131254613 103.86250683612559 175.95828194400772
1.3334700436205333 103.86250744876645 175.95828194400772
