479370607
1.3291186934159613 103.8647776426242 294.0639904789764
1.3291214128179607 103.86477158469896 294.0639904789764
1.3291238533618925 103.8647661479769 294.0639904789764
1.3291266909837338 103.86475982669695 294.0639904789764
1.3291301510260527 103.86475211887061 294.0639904789759
1.3291332682432808 103.86474517474475 294.0639904789764
1.329135935617325 103.8647392327202 294.0639904789759
1.3291391478275512 103.8647320769813 294.0639904789759
1.3291418214337385 103.86472612107346 294.0639904789759
1.3291454001478697 103.86471814888525 294.0639904789759
1.3291478599700646 103.8647126692171 294.0639904789764
1.3291503542433225 103.86470711280337 294.0639904789759
1.32915331916871 103.86470050793271 294.0639904789759
1.3291557042487192 103.86469519476522 294.0639904789759
1.3291581288172578 103.86468979363035 294.0639904789764
1.329161161836203 103.86468303706963 294.0639904789756
1.329163132540403 103.86467864699392 294.0639904789764
1.3291650122916794 103.86467445953114 294.0639904789764
1.3291670040023555 103.86467002265995 294.0639904789764
1.329168929323033 103.86466573368361 294.0639904789759
1.3291713105319591 103.8646604291393 294.0639904789764
1.329173301399751 103.86465599414562 294.0639904789764
1.3291766375742067 103.8646485622545 294.0639904789764
1.329178723779586 103.86464391488018 294.0639904789759
1.3291817495777105 103.86463717440452 294.0639904789756
1.3291839297472152 103.8646323177092 294.0639904789761
1.3291865388173083 103.8646265055654 294.0639904789759
1.3291901239656625 103.86461851904252 294.0639904789759
1.3291936651429392 103.86461063047251 294.0639904789759
1.3291970488040388 103.86460309279629 294.0639904789759
1.329200338668732 103.86459576406729 294.0639904789759
1.3292036094370139 103.8645884778787 294.0639904789764
1.3292058929730932 103.86458339091647 294.0639904789759
1.3292095625264695 103.86457521636655 294.0639904789756
1.3292130726835454 103.8645673968987 294.0639904789759
