1.3341154385003222 103.86235763831802 176.8423096895036 26.5 1.0
1.3339166933033142 103.86236862385053 176.84230968950348 22.0 2.0
1.3337586005316193 103.86237736233133 176.8423096895036 17.5 3.0
1.3336411601861582 103.86238385376795 176.84230968950348 13.0 4.0
1.3335643722676156 103.86238809816592 176.84230968950348 8.5 5.0
1.3335192029036353 103.86239059486955 176.8423096895036 5.0 6.0
1.3334740335395576 103.86239309157239 176.84230968950348 5.0 7.0
1.3334288217944668 103.86239450423923 178.2252602899503 5.0 8.0
1.3333835936106704 103.86239549643126 178.76163300072375 5.0 9.0
1.333338365426826 103.86239648862257 178.7616330007231 5.0 10.0
1.3332931372429337 103.8623974808131 178.76163300072375 5.0 11.0
1.3332479114071916 103.86239854838873 178.665495688089 5.0 12.0
1.3332027080308986 103.86240033699644 177.74594432735012 5.0 13.0
1.3331575046545319 103.86240212560342 177.74594432735012 5.0 14.0
1.3331123012780903 103.86240391420961 177.74594432735012 5.0 15.0
1.3330670979015755 103.86240570281505 177.7459443273501 5.0 16.0
1.3330218945249863 103.8624074914197 177.74594432735012 5.0 17.0
1.3329766911483234 103.8624092800236 177.74594432735012 5.0 18.0
1.3329314877715859 103.86241106862674 177.7459443273501 5.0 19.0
1.3328862843947755 103.86241285722909 177.74594432735012 5.0 20.0
1.33284108101789 103.8624146458307 177.74594432735012 5.0 21.0
1.3327958776409308 103.86241643443151 177.74594432735012 5.0 22.0
1.3327506742638975 103.86241822303157 177.7459443273501 5.0 23.0
1.3327054708867905 103.86242001163087 177.74594432735012 5.0 24.0
1.3326602675096093 103.8624218002294 177.74594432735012 5.0 25.0
1.3326150641323544 103.86242358882714 177.74594432735012 5.0 26.0
1.3325698607550247 103.86242537742415 177.7459443273501 5.0 27.0
1.3325246573776217 103.86242716602035 177.74594432735012 5.0 28.0
1.3324794540001443 103.86242895461582 177.74594432735012 5.0 29.0
1.332434250622593 103.8624307432105 177.74594432735012 5.0 30.0
1.3323890472449673 103.86243253180442 177.7459443273501 5.0 31.0
1.3323438438672681 103.86243432039755 177.74594432735077 5.0 32.0
1.3322986404894952 103.86243610898995 177.74594432735012 5.0 33.0
1.3322534371116475 103.86243789758156 177.7459443273501 5.0 34.0
1.3322082337337264 103.86243968617242 177.74594432735012 5.0 35.0
1.3321630303557306 103.86244147476248 177.74594432735012 5.0 36.0
1.3321178269776615 103.8624432633518 177.74594432735012 5.0 37.0
1.3320726235995182 103.86244505194036 177.7459443273501 5.0 38.0
1.332027420221301 103.86244684052814 177.74594432735012 5.0 39.0
1.3319822168430093 103.86244862911514 177.74594432735012 5.0 40.0
1.3319370134646444 103.8624504177014 177.74594432735012 5.0 41.0
1.3318918100862043 103.86245220628686 177.7459443273501 5.0 42.0
1.331846606707691 103.86245399487157 177.7459443273501 5.0 43.0
1.3318014033291035 103.8624557834555 177.74594432735012 5.0 44.0
1.3317561999504426 103.86245757203869 177.74594432735012 5.0 45.0
1.3317109965717069 103.8624593606211 177.7459443273501 5.0 46.0
1.3316657931928977 103.86246114920272 177.74594432735012 5.0 47.0
1.331620589814014 103.86246293778359 177.74594432735012 5.0 48.0
1.3315747988807405 103.8624742736468 166.03565532129005 5.0 49.0
1.3315304290389223 103.86249380693104 156.12909235240988 5.0 50.0
1.331485201707211 103.86249386384374 179.95387061848498 5.0 51.0
1.3314399743754812 103.86249392075571 179.95387061848567 5.0 52.0
1.3313947470437337 103.86249397766701 179.95387061848498 5.0 53.0
1.3313495197119682 103.86249403457758 179.95387061848567 5.0 54.0
1.3313042923801846 103.86249409148745 179.95387061848498 5.0 55.0
1.3312590650483824 103.8624941483966 179.95387061848567 5.0 56.0
1.3312138377165623 103.86249420530507 179.95387061848498 5.0 57.0
1.331168610384724 103.86249426221283 179.95387061848567 5.0 58.0
1.3311233830528675 103.86249431911988 179.95387061848498 5.0 59.0
1.3310781557209934 103.86249437602619 179.95387061848567 5.0 60.0
1.3310329283891005 103.86249443293183 179.95387061848498 5.0 61.0
1.3309877010571898 103.86249448983676 179.95387061848567 5.0 62.0
1.330942473725261 103.86249454674099 179.95387061848498 5.0 63.0
1.3308972463933142 103.86249460364448 179.95387061848498 5.0 64.0
1.3308520190613493 103.8624946605473 179.95387061848567 5.0 65.0
1.3308067917293664 103.8624947174494 179.95387061848498 5.0 66.0
1.3307615643973647 103.8624947743508 179.95387061848567 5.0 67.0
1.3307163370653456 103.86249483125148 179.95387061848498 5.0 68.0
1.3306711097333082 103.86249488815147 179.95387061848567 5.0 69.0
1.3306258824012522 103.86249494505074 179.95387061848498 5.0 70.0
1.3305806550691788 103.86249500194931 179.95387061848567 5.0 71.0
1.3305354277370869 103.86249505884716 179.95387061848498 5.0 72.0
1.3304902004049775 103.86249511574432 179.95387061848567 5.0 73.0
1.3304449730728487 103.86249517264078 179.95387061848498 5.0 74.0
1.3303997457407029 103.86249522953652 179.95387061848567 5.0 75.0
1.3303545184085386 103.86249528643157 179.95387061848498 5.0 76.0
1.3303092910763559 103.8624953433259 179.95387061848498 5.0 77.0
1.330264063744156 103.86249540021953 179.95387061848567 5.0 78.0
1.3302188364119372 103.86249545711243 179.95387061848498 5.0 79.0
1.330173609079701 103.86249551400466 179.95387061848567 5.0 80.0
1.330128381747446 103.86249557089616 179.95387061848498 5.0 81.0
1.3300831544151728 103.86249562778696 179.95387061848567 5.0 82.0
1.3300379270828822 103.86249568467706 179.95387061848498 5.0 83.0
1.329992699750573 103.86249574156645 179.95387061848567 5.0 84.0
1.329947472418246 103.86249579845514 179.95387061848498 5.0 85.0
1.3299022450859004 103.86249585534311 179.95387061848567 5.0 86.0
1.3298570177535372 103.86249591223039 179.95387061848498 5.0 87.0
1.3298117965250058 103.8624949461492 181.25816106588343 5.0 88.0
1.329766618791963 103.862492840627 182.71198346744538 5.0 89.0
1.3297214410589693 103.86249073510419 182.71198346744472 5.0 90.0
1.3296764044459308 103.86249413297257 175.68400431762828 5.0 91.0
1.329631393236578 103.8624985215383 174.42192419867155 5.0 92.0
1.3295863487637645 103.86249488415865 184.67277961779618 5.0 93.0
1.3295413194636232 103.86249069653297 185.37364655962722 5.0 94.0
1.3294963583158668 103.862485827654 186.24656227511304 5.0 95.0
1.3294513971682371 103.86248095877453 186.24656227511304 5.0 96.0
1.3294062706833794 103.86248291145033 177.53268716542044 5.0 97.0
1.3293611257724371 103.86248562435242 176.5652643096012 5.0 98.0
1.3293159808613901 103.8624883372537 176.56526430960187 5.0 99.0
1.329270835950239 103.86249105015418 176.5652643096012 5.0 100.0
1.3292259910047401 103.862496649549 172.8636678159502 5.0 101.0
1.3291812406298977 103.86250315897473 171.69738829295417 5.0 102.0
1.3291364902548186 103.86250966839957 171.6973882929548 5.0 103.0
1.329091739879503 103.86251617782347 171.69738829295417 5.0 104.0
1.3290479229456285 103.86252642600442 166.78020606894276 5.0 105.0
1.329005298795862 103.86254145170061 160.49195177292148 5.0 106.0
1.328962674645542 103.86255647739573 160.491951772921 5.0 107.0
1.3289200504946692 103.8625715030898 160.49195177292148 5.0 108.0
1.3288781927024305 103.86258836273824 157.9593377966489 5.0 109.0
1.328837391812092 103.86260775163329 154.46552742749887 5.0 110.0
1.3287976645591695 103.86262910328904 151.61605619054905 5.0 111.0
1.3287595393986213 103.86265310802283 147.66392844171767 5.0 112.0
1.3287289779150289 103.86268623324342 132.53718332408366 5.0 113.0
1.3286975906281244 103.86271856498526 133.99267189143163 5.0 114.0
1.3286652928989666 103.86275002192231 135.5973751064157 5.0 115.0
1.3286416898142006 103.8627883275337 121.50217991970821 5.0 116.0
1.3286182321368627 103.8628267476815 121.2688226915663 5.0 117.0
1.3286012749237042 103.8628683539066 112.07167244848686 5.0 118.0
1.3285848667890026 103.86291022925245 111.29811832904348 5.0 119.0
1.3285732120180593 103.86295342532124 105.03323884086565 5.0 120.0
1.328565377660747 103.86299768289294 100.00153917877134 5.0 121.0
1.328560039973591 103.86304223379851 96.81498496299903 5.0 122.0
1.3285572689956244 103.86308708626692 93.53894236861527 5.0 123.0
1.3285583576602238 103.86313189213699 88.64343785352344 5.0 124.0
1.3285622247503674 103.86317666446286 85.12139903433862 5.0 125.0
1.328572145565734 103.8632200919639 77.23815381731931 5.0 126.0
1.328587837596752 103.86326223739948 69.72497313958876 5.0 127.0
1.3286038646109595 103.86330420351918 69.24708938078993 5.0 128.0
1.32863065687616 103.86334040699201 53.699574927416826 5.0 129.0
1.328658540744196 103.86337565109997 51.85611593588073 5.0 130.0
1.3286914351411077 103.86340649165602 43.364929116988094 5.0 131.0
1.3287243295383304 103.86343733221287 43.3649291169888 5.0 132.0
1.328757778873313 103.86346746539024 42.22446775580062 5.0 133.0
1.3287959100475897 103.86349163061558 32.55757862495685 5.0 134.0
1.3288340412222595 103.86351579584137 32.557578624956655 5.0 135.0
1.3288721723973207 103.86353996106762 32.557578624957024 5.0 136.0
1.3289104647099896 103.86356380048514 32.0971648689535 5.0 137.0
1.3289530162778977 103.86357902796145 19.834007456432374 5.0 138.0
1.3289955678461491 103.86359425543775 19.83400745643287 5.0 139.0
1.329038689279102 103.8636062355812 15.64839179370566 5.0 140.0
1.3290839166985253 103.86360621490594 0.0 5.0 141.0
1.3291291441179318 103.86360619422999 0.0 5.0 142.0
1.3291743715373219 103.86360617355332 0.0 5.0 143.0
1.3292172673972944 103.86359349801445 343.46357093103927 5.0 144.0
1.3292595692851266 103.86357759861136 339.3054603279586 5.0 145.0
1.3293005686444603 103.863559444326 336.00588890619576 5.0 146.0
1.3293357242211215 103.86353117353181 321.0409997943165 5.0 147.0
1.329370879796755 103.86350290273668 321.04099979431635 5.0 148.0
1.32940603537136 103.8634746319406 321.0409997943158 5.0 149.0
1.3294411909449366 103.86344636114356 321.0409997943165 5.0 150.0
1.329474981615761 103.86341666208776 318.5305623711983 5.0 151.0
1.329505217052559 103.86338324277119 311.9793174703042 5.0 152.0
1.32953545248819 103.86334982345387 311.9793174703039 5.0 153.0
1.3295656879226552 103.86331640413583 311.97931747030435 5.0 154.0
1.3295959233559522 103.86328298481705 311.9793174703039 5.0 155.0
1.3296261587880833 103.86324956549753 311.9793174703041 5.0 156.0
1.329654948366232 103.86321491544257 309.56707216645736 5.0 157.0
1.3296835467035983 103.86318010260051 309.24810269122486 5.0 158.0
1.3297121450397698 103.8631452897578 309.24810269122395 5.0 159.0
1.3297407433747461 103.86311047691441 309.2481026912248 5.0 160.0
1.3297681058493371 103.8630748223101 307.35199259232127 5.0 161.0
1.3297904735992925 103.86303576573222 299.6672447868516 5.0 162.0
1.329812841348013 103.86299670915398 299.6672447868519 5.0 163.0
1.329835209095498 103.8629576525754 299.6672447868516 5.0 164.0
1.3298575768417487 103.86291859599649 299.6672447868513 5.0 165.0
1.3298791758834303 103.86287912682283 298.5603474853513 5.0 166.0
1.3298997901896397 103.86283912910193 297.1423190944424 5.0 167.0
1.3299204044946178 103.86279913138077 297.14231909444186 5.0 168.0
1.3299410187983653 103.86275913365937 297.1423190944424 5.0 169.0
1.329961633100882 103.86271913593772 297.14231909444277 5.0 170.0
1.3299822474021685 103.8626791382158 297.1423190944424 5.0 171.0
1.3300028617022233 103.86263914049363 297.1423190944424 5.0 172.0
1.3300216331333945 103.86259827924313 294.5604311850216 5.0 173.0
1.3300395820124467 103.86255703256285 293.4083361765056 5.0 174.0
1.3300575308902864 103.86251578588244 293.4083361765056 5.0 175.0
1.3300760644291765 103.86247481509056 294.2281434391002 5.0 176.0
1.3300973169754944 103.86243517830707 298.07235361953394 5.0 177.0
1.3301127733348368 103.86239314339355 290.095736614263 5.0 178.0
1.3301208841835992 103.86234901515029 280.3757878455117 5.0 179.0
1.3301266527073994 103.86230456235026 277.3732474733886 5.0 180.0
1.3301324212302146 103.86226010955068 277.3732474733885 5.0 181.0
1.3301381897520446 103.86221565675159 277.37324747338795 5.0 182.0
1.3301439582728891 103.86217120395295 277.3732474733886 5.0 183.0
1.330149726792749 103.86212675115479 277.37324747338795 5.0 184.0
1.3301554953116224 103.86208229835711 277.3732474733886 5.0 185.0
1.3301612638295115 103.8620378455599 277.3732474733886 5.0 186.0
1.3301655793298899 103.86199324772976 275.5181450341296 5.0 187.0
1.3301688255210604 103.86194854316675 274.1530418537359 5.0 188.0
1.3301720717113141 103.86190383860432 274.1530418537359 5.0 189.0
1.3301753179006512 103.86185913404248 274.1530418537365 5.0 190.0
1.330178564089072 103.8618144294812 274.1530418537359 5.0 191.0
1.3301818102765757 103.8617697249205 274.1530418537365 5.0 192.0
1.3301850564631628 103.86172502036037 274.1530418537359 5.0 193.0
1.3301883026488333 103.86168031580084 274.1530418537359 5.0 194.0
1.3301876961537191 103.86163557433608 269.25478864132265 5.0 195.0
1.3301853180732481 103.86159081590164 267.0045804346956 5.0 196.0
1.3301829399920335 103.86154605746796 267.00458043469547 5.0 197.0
1.3301805619100762 103.86150129903508 267.00458043469547 5.0 198.0
1.3301781838273758 103.86145654060302 267.00458043469484 5.0 199.0
1.3301758057439321 103.8614117821717 267.00458043469547 5.0 200.0
1.3301734276597459 103.86136702374117 267.00458043469547 5.0 201.0
1.3301710495748162 103.86132226531141 267.00458043469484 5.0 202.0
1.3301686714891443 103.86127750688246 267.00458043469547 5.0 203.0
1.3301662934027287 103.86123274845427 267.0045804346956 5.0 204.0
1.3301639153155707 103.86118799002686 267.00458043469484 5.0 205.0
1.3301607863567348 103.86114330060083 266.0470170988867 5.0 206.0
1.3301548620134722 103.86109886805477 262.4800096785378 5.0 207.0
1.3301489376695879 103.8610544355096 262.48000967853767 5.0 208.0
1.3301430133250807 103.86101000296532 262.48000967853767 5.0 209.0
1.3301370889799524 103.86096557042194 262.4800096785384 5.0 210.0
1.3301311646342018 103.86092113787944 262.48000967853767 5.0 211.0
1.3301252402878299 103.86087670533782 262.4800096785378 5.0 212.0
1.330119315940836 103.86083227279711 262.48000967853835 5.0 213.0
1.3301133915932202 103.86078784025727 262.4800096785378 5.0 214.0
1.3301074672449824 103.86074340771833 262.4800096785377 5.0 215.0
1.3301015428961234 103.86069897518027 262.4800096785378 5.0 216.0
1.3300956185466426 103.8606545426431 262.48000967853835 5.0 217.0
1.3300896941965397 103.86061011010682 262.48000967853767 5.0 218.0
1.3300837698458154 103.86056567757143 262.4800096785378 5.0 219.0
1.3300778454944686 103.86052124503694 262.4800096785377 5.0 220.0
1.3300719211425005 103.86047681250332 262.4800096785384 5.0 221.0
1.3300659967899116 103.86043237997062 262.4800096785377 5.0 222.0
1.3300529353272044 103.8603895183236 253.1812929787279 5.0 223.0
1.330039419236658 103.86034675674158 252.59155940695757 5.0 224.0
1.3300259031457675 103.8603039951606 252.59155940695769 5.0 225.0
1.330012387054534 103.86026123358067 252.5915594069575 5.0 226.0
1.3299988709629575 103.86021847200176 252.5915594069576 5.0 227.0
1.3299853548710374 103.86017571042392 252.5915594069576 5.0 228.0
1.3299718387787733 103.86013294884711 252.5915594069575 5.0 229.0
1.3299583226861664 103.86009018727134 252.59155940695697 5.0 230.0
1.3299448065932165 103.86004742569659 252.5915594069575 5.0 231.0
