1.3306019987943098 103.86028272229295 49.04067187272609 14.723400000000002 1.0
1.3306626515785323 103.86035208191396 49.04067187272609 10.223400000000002 2.0
1.3306995082661417 103.86038761245204 43.45016745061716 5.723400000000002 3.0
1.330737321563844 103.86041226672133 33.299944446581726 5.0 4.0
1.3307751348619383 103.8604369209911 33.29994444658137 5.0 5.0
1.3308129481604245 103.86046157526134 33.29994444658137 5.0 6.0
1.3308507614593021 103.86048622953206 33.29994444658137 5.0 7.0
1.3308885747585713 103.86051088380323 33.29994444658187 5.0 8.0
1.3309306723481877 103.86052725499745 21.40187477642563 5.0 9.0
1.3309728607997175 103.86054345052354 21.151348445556227 5.0 10.0
1.3310150492516042 103.86055964604967 21.151348445555985 5.0 11.0
1.3310572377038468 103.86057584157584 21.15134844555638 5.0 12.0
1.3310994261564444 103.86059203710202 21.151348445556227 5.0 13.0
1.3311420266770548 103.86060705761082 19.564668511326442 5.0 14.0
1.3311852095063943 103.86062041765797 17.322185134180202 5.0 15.0
1.3312283923360493 103.860633777705 17.322185134180202 5.0 16.0
1.3312715751660191 103.86064713775193 17.322185134180202 5.0 17.0
1.3313147579963043 103.86066049779872 17.322185134180355 5.0 18.0
1.3313579408269045 103.86067385784541 17.322185134180394 5.0 19.0
1.3314004368041974 103.86068915412078 19.940567426855385 5.0 20.0
1.3314425074226448 103.86070564947659 21.561748272112446 5.0 21.0
1.331484578041451 103.86072214483247 21.5617482721122 5.0 22.0
1.3315266486606174 103.86073864018837 21.561748272112595 5.0 23.0
1.3315687192801433 103.86075513554432 21.561748272112446 5.0 24.0
1.331610789900028 103.86077163090032 21.561748272112595 5.0 25.0
1.3316529128419055 103.86078798976929 21.37553670912506 5.0 26.0
1.3316953679788706 103.86080348206968 20.19318097170899 5.0 27.0
1.3317378231161834 103.86081897437012 20.193180971709143 5.0 28.0
1.3317802782538428 103.86083446667051 20.193180971709218 5.0 29.0
1.3318227333918486 103.86084995897092 20.19318097170899 5.0 30.0
1.3318651885302024 103.86086545127131 20.193180971709143 5.0 31.0
1.3319018704277603 103.86089099596288 35.052536425179035 5.0 32.0
1.331936892696339 103.86091943040847 39.28025590974207 5.0 33.0
1.331971914965273 103.86094786485468 39.28025590974302 5.0 34.0
1.3320069372345626 103.86097629930158 39.28025590974207 5.0 35.0
1.3320419595042068 103.86100473374917 39.28025590974289 5.0 36.0
1.332076981774207 103.8610331681974 39.280255909742195 5.0 37.0
1.3321120040445624 103.86106160264627 39.28025590974302 5.0 38.0
1.332147026315273 103.86109003709582 39.280255909741946 5.0 39.0
1.3321820485863387 103.86111847154604 39.28025590974302 5.0 40.0
1.3322169091893823 103.86114709022256 39.591786095756454 5.0 41.0
1.3322500309452303 103.86117769036505 42.944390222762664 5.0 42.0
1.3322831527013952 103.86120829050834 42.944390222762664 5.0 43.0
1.3323162744578754 103.86123889065237 42.944390222761776 5.0 44.0
1.3323493962146724 103.86126949079718 42.944390222762664 5.0 45.0
1.3323825179717854 103.86130009094276 42.944390222762664 5.0 46.0
1.3324156397292144 103.86133069108911 42.944390222761776 5.0 47.0
1.3324487614869598 103.86136129123621 42.944390222762664 5.0 48.0
1.3324818832450216 103.86139189138407 42.944390222762664 5.0 49.0
1.3325150050033994 103.86142249153272 42.944390222761776 5.0 50.0
1.332548126762093 103.86145309168214 42.944390222762664 5.0 51.0
1.332581248521103 103.86148369183232 42.94439022276291 5.0 52.0
1.3326143702804287 103.86151429198324 42.94439022276243 5.0 53.0
1.3326474920400706 103.86154489213497 42.944390222761776 5.0 54.0
1.3326806138000287 103.86157549228743 42.94439022276291 5.0 55.0
1.3327137355603023 103.86160609244068 42.94439022276243 5.0 56.0
1.332746857320892 103.86163669259469 42.944390222761776 5.0 57.0
1.3327799790817971 103.86166729274946 42.94439022276291 5.0 58.0
1.332814107119025 103.86169662906815 40.89126121270359 5.0 59.0
1.3328517010378453 103.86172161239837 33.80318836520421 5.0 60.0
1.3328892949570543 103.86174659572906 33.80318836520421 5.0 61.0
1.332926888876653 103.86177157906026 33.80318836520421 5.0 62.0
1.3329644827966396 103.86179656239193 33.80318836520421 5.0 63.0
1.333002076717016 103.86182154572411 33.80318836520348 5.0 64.0
1.3330396706377807 103.86184652905676 33.80318836520421 5.0 65.0
1.333077264558935 103.86187151238991 33.80318836520421 5.0 66.0
1.3331214383514496 103.86187953763428 10.388465222310991 5.0 67.0
1.3331660730550163 103.86188676607456 9.283906717648954 5.0 68.0
1.3332106195376743 103.86189453731035 9.984960204643132 5.0 69.0
1.3332527602861657 103.86190965370444 19.87761286579919 5.0 70.0
1.333295761080871 103.86192332706818 17.77295005940695 5.0 71.0
1.3333398071455598 103.86193436764633 14.18560647554581 5.0 72.0
1.3333838532105227 103.86194540822426 14.18560647554581 5.0 73.0
1.3334278992757589 103.86195644880196 14.185606475545493 5.0 74.0
1.333472765628742 103.86196314421926 8.568165694219731 5.0 75.0
1.3335178445887974 103.86196871343203 7.11437992084128 5.0 76.0
1.3335629235489985 103.8619742826443 7.114379920841115 5.0 77.0
1.3336080025093462 103.86197985185609 7.114379920841598 5.0 78.0
1.3336530814698395 103.86198542106742 7.114379920841115 5.0 79.0
1.333698323517941 103.86198816379084 3.518072269778994 5.0 80.0
1.3337437477113783 103.86198774973231 359.50085835671575 5.0 81.0
1.333789171904787 103.86198733567304 359.5008583567154 5.0 82.0
1.3338345960981646 103.86198692161305 359.50085835671575 5.0 83.0
1.333880020291513 103.86198650755234 359.50085835671575 5.0 84.0
1.3339254444848319 103.8619860934909 359.50085835671575 5.0 85.0
1.3339708678938802 103.8619856320335 359.4406855924037 5.0 86.0
1.3340162812372667 103.86198456226428 358.66835343069783 5.0 87.0
1.3340616945806028 103.86198349249433 358.6683534306975 5.0 88.0
1.334107107923888 103.86198242272361 358.66835343069783 5.0 89.0
1.334152521267122 103.86198135295216 358.66835343069783 5.0 90.0
