1483254873 1.414585810039471 103.77131215918457
157992617 1.4124912851210982 103.7716031033936
157992799 1.4055426976321341 103.77280179286956
158014549 1.412750286542073 103.77133505343798
158015033 1.4063823218079743 103.7723859584365
1731026789 1.4139300260995518 103.77469562873289
176204413-AddedOnRampNode 1.4136547067768073 103.77132379323437
1867272373 1.4100638314739642 103.76853743752774
1867272384 1.410202736727315 103.76831429814335
1867272392 1.410321312498123 103.76609669453866
1867527354 1.4100569173004371 103.76982245473876
1867527361 1.4101160997487092 103.7664765184285
244169640 1.4101982712601449 103.7704616521245
244169694 1.4099482342746887 103.77279247897938
244170108 1.4099902844679413 103.77055945398739
244170247 1.4098142334078974 103.7727135501133
245573451 1.409125228244008 103.77230750183952
245573453 1.4081157944533416 103.77232115179015
245573488 1.4094978279451325 103.77116950535681
245573496 1.4105291434048965 103.77114236184737
245573502 1.4103235438112485 103.77215858236002
2584529253 1.4102261041372748 103.76956191196909
4734578915 1.4106244692705465 103.77572695537957
5272737434 1.4104424179402661 103.77458475357645
5272740779 1.4102468420924719 103.77062861199063
6105728568 1.4106848076143181 103.7760818359099
6112793697 1.4103427405458306 103.77424427371531
6117425748 1.4100891406142666 103.76697685882583
6117425750 1.4100660452845368 103.76912799610271
6117425751 1.4100345245616903 103.77023651457178
6139129380 1.410211369150615 103.77008830989193
6139243387 1.4108851991326028 103.77803963533027
6576743112 1.4037061054033435 103.77302995144053
6673549060 1.4098372721408354 103.77198187578486
6673549066 1.4099114797714891 103.77137060560379
6783569752 1.4101985659648557 103.76795588430346
7152736006 1.4100888908233997 103.7714371090134
7334345238 1.4093318875032617 103.7712417609295
7349707820 1.4135376097387908 103.77156480663923
7349726432 1.4116545133846234 103.7717671130563
786098710-AddedOffRampNode 1.4133950596597717 103.771568117019
cluster_1657216938_4734578914 1.4105788216443191 103.77527221734393
cluster_244169670_245573494 1.4100207911584672 103.77111620563706
cluster_244169671_244170192 1.4099036188577163 103.77223825083077
:cluster_1657216938_4734578914_11_0 1.4105861715158858 103.77531616183084
:cluster_244169670_245573494_11_0 1.4100096809975098 103.77131546151503
:cluster_244169671_244170192_10_0 1.4099431045040596 103.77198918996932
