176204464
1.4099196140938117 103.77279790003178 84.8972717714151
1.4099201348367694 103.77280366017067 84.89727177141523
1.409920725436218 103.77281019301937 84.89727177141395
1.4099213048551156 103.77281660219585 84.89727177141523
1.4099217645496562 103.77282168705504 84.89727177141523
1.4099225405824711 103.77283027105457 84.89727177141523
1.4099231350842087 103.77283684706877 84.89727177141523
1.4099239456740702 103.77284581331779 84.89727177141523
1.4099247307751708 103.77285449762607 84.89727177141523
1.4099252389489905 103.77286011873431 84.89727177141523
1.4099259157767836 103.77286760538993 84.89727177141523
1.4099265210131102 103.77287430014471 84.89727177141523
1.409927093324603 103.77288063070525 84.89727177141523
1.4099278488083555 103.77288898740584 84.89727177141523
1.409928319337424 103.77289419211164 84.89727177141523
1.4099288025771133 103.7728995374147 84.89727177141523
1.4099295580160622 103.77290789362041 84.89727177141523
1.4099299783279524 103.77291254285478 84.8972717714151
1.4099313424795463 103.77291951785362 83.97469009028798
1.4099332985362782 103.77292819223696 82.498068101963
1.409935100538776 103.77293618344723 81.13610808124031
1.4099370255123518 103.77294471998857 79.68126113728486
1.4099383611998941 103.77295064326574 78.67278092826281
1.4099403215293238 103.77295933659737 77.40123733207803
1.4099414235456438 103.77296422362977 77.40123733207803
1.4099433101020202 103.77297258980555 77.40123733207803
1.4099452406857729 103.77298115122646 77.40123733207803
1.4099465995753546 103.77298717739643 77.40123733207803
1.4099482760556534 103.77299461196323 77.40123733207776
1.4099499036705823 103.77300182983036 77.40123733207776
1.4099510463383027 103.77300689713695 77.40123733207803
1.4099526229480146 103.77301388881506 77.40123733207803
1.409954215838633 103.77302095269303 77.40123733207803
1.4099554503989826 103.77302642750946 77.40123733207776
1.4099566744997865 103.77303185594175 77.40123733207803
1.4099577891204054 103.77303679887014 77.40123733207776
1.409959718566427 103.7730453552466 77.40123733207929
1.4099608174830724 103.77305022853379 77.40123733207776
1.4099621576427332 103.77305617164426 77.40123733207929
1.4099638563943762 103.77306370497708 77.40123733207776
1.4099658155746246 103.77307239321418 77.40123733207776
1.409966885632493 103.77307713852366 77.40123733207803
1.4099683937915857 103.77308382664951 77.40123733207902
1.4099702691235996 103.77309214305112 77.40123733207776
1.4099713209724916 103.77309680761068 77.40123733207776
1.4099725594269303 103.77310229969667 77.40123733207776
1.4099743813911105 103.773110379432 77.40123733207803
1.4099759770470477 103.7731174555743 77.40123733207776
1.4099772228596748 103.77312298029132 77.40123733207803
1.4099789626774453 103.77313069573803 77.40123733207803
1.4099800414916779 103.77313547987922 77.40123733207776
1.4099814743995311 103.77314183429439 77.40123733207803
1.409983030642335 103.77314873565442 77.40123733207803
1.4099848321668396 103.77315672474799 77.40123733207803
1.4099867897668097 103.77316540597855 77.40123733207803
1.4099887744029778 103.77317420710476 77.40123733207776
1.4099900292745713 103.77317977199547 77.40123733207902
1.4099913685564676 103.77318571121468 77.40123733207776
1.4099926435835672 103.77319136548772 77.40123733207803
1.4099939225601734 103.77319703727541 77.40123733207803
1.40999566548873 103.7732047665183 77.40123733207776
1.4099972543723653 103.77321181262909 77.40123733207776
1.4099985039926746 103.77321735423266 77.40123733207803
1.409999683888 103.77322258663179 77.40123733207902
1.4100008136714 103.77322759680312 77.40123733207803
1.4100021843331951 103.77323367518106 77.40123733207803
1.4100038332691238 103.77324098760191 77.40123733207776
1.4100051338223798 103.77324675507455 77.40123733207803
1.410006656802984 103.77325350893028 77.40123733207803
1.4100078269784395 103.77325869822572 77.40123733207803
1.410009641126053 103.7732667432996 77.40123733207803
1.4100114136968063 103.7732746039956 77.40123733207776
1.4100129374003558 103.77328136105766 77.40123733207803
1.410013995550363 103.77328605356186 77.40123733207902
1.4100152688905487 103.77329170035505 77.40123733207803
1.4100165588979285 103.77329742106113 77.40123733207803
1.4100176909260311 103.77330244118751 77.40123733207776
1.4100192773659959 103.7733094764627 77.40123733207803
1.4100210806743483 103.7733174734692 77.40123733207776
1.4100228492107914 103.7733253162752 77.40123733207902
1.4100241613035156 103.77332999249408 77.08405512841925
1.4100267460500546 103.77333828106653 76.20230290443918
1.410029135769343 103.77334594424019 75.38661080216673
1.4100315615245798 103.77335372297134 74.55850453616911
1.4100339920176201 103.7733615168954 73.72901121198953
1.4100365763443203 103.77336980412188 72.84765828876512
1.4100390987013625 103.77337789262873 72.81448616651404
1.410041304552257 103.7733849661873 72.81448616651443
1.4100436168282642 103.77339238102206 72.81448616651443
1.410045200224876 103.77339745854061 72.81448616651527
1.4100474774176468 103.77340476087319 72.81448616651404
1.4100488976250363 103.77340931508876 72.81448616651443
1.4100512585895697 103.77341688605448 72.81448616651443
1.4100534414202197 103.77342388579378 72.81448616651404
1.4100551368337828 103.77342932252019 72.81448616651404
1.4100574724614423 103.77343681223772 72.81448616651404
1.4100598751033824 103.77344451685174 72.81448616651404
1.4100612638547718 103.77344897019674 72.81448616651404
1.410063318707433 103.773455559546 72.81448616651443
1.4100657949775737 103.77346350026565 72.81448616651404
1.4100675615162839 103.77346916507118 72.81448616651404
1.4100691061789363 103.77347411838102 72.81448616651404
1.4100712607023667 103.77348102734733 72.81448616651443
1.410072696453616 103.7734856314082 72.81448616651443
1.4100744219664405 103.77349116465513 72.81448616651404
1.4100763199084347 103.77349725083518 72.81448616651527
1.4100781539346634 103.77350313205493 72.81448616651443
1.410079979048439 103.77350898469494 72.81448616651404
1.410082464070258 103.77351695347936 72.81448616651566
1.4100846242783809 103.77352388067528 72.81448616651443
1.4100861898383388 103.7735289009974 72.81448616651404
1.4100878451639929 103.77353420917358 72.81448616651443
1.410090248055034 103.77354191458733 72.81448616651566
1.4100919488940677 103.77354736871253 72.81448616651443
1.4100939469808336 103.77355377602989 72.81448616651443
1.410095801278804 103.77355972225598 72.81448616651443
1.4100975717746793 103.77356539975172 72.81448616651566
1.4100997578776704 103.77357240998582 72.81448616651443
1.4101016370156574 103.7735784358672 72.81448616651404
1.41010392823705 103.77358578318736 72.81448616651404
1.4101052792724718 103.77359011558835 72.81448616651443
1.4101078140338053 103.7735982438746 72.81448616651404
1.4101104390545178 103.77360666159808 72.81448616651404
1.410112592735938 103.77361356786543 72.81448616651527
1.4101146331523262 103.77362011092282 72.81448616651404
1.4101165257359929 103.77362617992118 72.81448616651404
1.4101190759560684 103.77363435777973 72.81448616651527
1.410120542448314 103.77363906041948 72.81448616651404
1.4101221821480212 103.77364431848822 72.81448616651404
1.41012397586221 103.77365007043936 72.81448616651404
1.4101254843760362 103.77365490783092 72.81448616651443
1.4101279307729395 103.77366275275725 72.81448616651404
1.4101297319953139 103.77366852878521 72.81448616651404
1.4101318520164072 103.77367532711361 72.81448616651443
1.4101335079174129 103.77368063713575 72.81448616651443
1.4101354365103311 103.77368682160638 72.81448616651404
1.4101376269519192 103.77369384575421 72.81448616651404
1.410139288482507 103.773699173829 72.81448616651443
1.410141490903764 103.77370623639248 72.81448616651443
1.4101428805480454 103.7737106926022 72.81448616651404
1.4101443450763402 103.77371538894454 72.81448616651404
1.410146212980425 103.77372137880292 72.81448616651404
1.4101476108482722 103.77372586138345 72.81448616651404
1.4101496901368284 103.77373252909423 72.81448616651404
1.410152205900889 103.77374059646282 72.81448616651404
1.4101545003329017 103.77374795408006 72.81448616651443
1.4101565265027285 103.77375445145374 72.81448616651443
1.4101588797113256 103.77376199755156 72.81448616651404
1.4101607445872628 103.77376797769983 72.81448616651404
1.4101624700455253 103.77377351077372 72.81448616651404
1.410164603980638 103.77378035372146 72.81448616651443
1.4101670375376554 103.77378815747501 72.81448616651443
1.410169050332544 103.77379461195923 72.81448616651443
1.4101711874860832 103.77380146522778 72.81448616651443
1.410172820073498 103.77380670049041 72.81448616651404
1.4101754369872732 103.77381509221932 72.81448616651404
1.4101770027257687 103.77382011311578 72.81448616651566
1.4101785298017957 103.77382501003227 72.81448616651404
1.4101806310282126 103.7738317480926 72.81448616651404
1.4101820827930067 103.77383640350658 72.81448616651404
1.4101845258531351 103.77384423773454 72.81448616651404
1.410186955253435 103.77385202815923 72.81448616651404
1.4101884740246677 103.7738568984447 72.81448616651404
1.4101901132097368 103.77386215486457 72.81448616651404
1.4101921456512647 103.77386867235082 72.81448616651443
1.4101943595614825 103.77387577175776 72.81448616651443
1.4101959801533286 103.77388096855435 72.81448616651404
1.4101982758139529 103.77388833011268 72.81448616651404
1.4101996251227988 103.77389265697865 72.81448616651404
1.410201658728922 103.77389917819967 72.81448616651404
1.4102037996285766 103.77390604348187 72.81448616651404
1.410205389529687 103.77391114186184 72.81448616651404
1.4102077519168406 103.77391871739425 72.81448616651443
1.4102102973764992 103.77392687999046 72.81448616651404
1.4102121264055207 103.77393274518865 72.81448616651527
1.4102142457823938 103.77393954145346 72.81448616651443
1.4102160336988996 103.77394527481512 72.81448616651404
1.4102179199518285 103.77395132351495 72.81448616651404
1.4102203085615403 103.77395898313637 72.81448616651527
1.4102228393981648 103.77396709884087 72.81448616651404
1.4102251156938055 103.77397439830175 72.81448616651404
1.4102271124872632 103.77398080147522 72.81448616651404
1.410229593985542 103.77398875896529 72.81448616651443
1.4102320969390494 103.77399678525651 72.81448616651443
1.410234052826413 103.77400305725544 72.81448616651443
1.410235524832283 103.77400777757803 72.81448616651404
1.410236876569481 103.77401211223173 72.81448616651404
1.4102393633488541 103.77402008665715 72.81448616651404
1.4102415220442241 103.7740270090064 72.81448616651443
1.4102441197977464 103.7740353392959 72.81448616651404
1.410246538352791 103.77404309494466 72.81448616651443
1.4102483650159798 103.77404895255714 72.81448616651404
1.4102502198200397 103.77405490040977 72.81448616651404
1.4102520604086188 103.77406080267728 72.81448616651404
1.4102544002135957 103.77406830579622 72.81448616651404
1.4102564629664545 103.77407492048431 72.81448616651527
1.410258447586208 103.77408128462082 72.81448616651443
1.410259853025611 103.77408561988689 72.75000618487638
1.4102614820325103 103.77409055140777 72.64018200193193
1.4102640260357289 103.77409825291296 72.46866655743266
1.4102668572225252 103.77410682381408 72.27778669884275
1.4102692343090515 103.77411402000963 72.11752332000833
1.4102712447190444 103.77412010615892 71.98198388440433
1.4102738480252077 103.77412798719325 71.85957018590386
1.4102761955645855 103.77413509394034 71.85957018590386
1.41027828611725 103.77414142270713 71.8595701859051
1.4102801591219165 103.77414709288706 71.85957018590427
1.4102827650578014 103.77415498188266 71.85957018590386
1.4102841918514166 103.7741593012401 71.85957018590427
1.4102866039597621 103.77416660345823 71.85957018590427
1.4102891908981254 103.77417443494245 71.85957018590427
1.410291924334042 103.77418270992138 71.85957018590386
1.4102935490790973 103.77418762854087 71.85957018590427
1.4102951543935318 103.77419248833775 71.85957018590427
1.4102972704154404 103.77419889420844 71.85957018590386
1.4102994881982935 103.7742056081419 71.85957018590386
1.4103009399300042 103.77421000299516 71.85957018590386
1.4103027951325704 103.77421561928293 71.85957018590386
