639683704
1.4104826150986023 103.77506015283878 253.0594858515487
1.410481292319058 103.77505584598202 253.0594858515487
1.4104796115065836 103.77505037340079 253.0594858515487
1.4104776156965215 103.77504387521446 253.0594858515487
1.410475682701409 103.77503758154829 253.0594858515487
1.4104731802561425 103.77502943380135 253.0594858515487
1.41047161515619 103.77502433797032 253.0594858515487
1.4104693594388513 103.77501699354846 253.0594858515487
1.4104677167206718 103.77501164499924 253.0594858515487
1.4104653977594417 103.77500409466082 253.0594858515487
1.410462949289702 103.77499612265389 253.0594858515487
1.4104603309824768 103.77498759767082 253.0594858515487
1.410458211769223 103.77498069769484 253.0594858515487
1.410456393281635 103.7749747768558 253.0594858515487
1.4104549771913513 103.77497016618779 253.0594858515487
1.4104524901950481 103.77496206874204 253.0594858515487
1.4104501779014773 103.7749545401134 253.0594858515487
1.4104477597075262 103.77494666668234 253.0594858515487
1.410446046482571 103.77494108856962 253.0594858515487
1.410444104394179 103.77493476529732 253.0594858515487
1.4104420534505602 103.77492808760185 253.0594858515487
1.410440565533329 103.77492324307175 253.0594858515487
1.4104387485286867 103.77491732706149 253.0594858515487
1.4104361674230248 103.77490892320434 253.0594858515487
1.4104341451892097 103.77490233898573 253.0594858515487
1.410432206021618 103.77489602522361 253.0594858515487
1.410430466373905 103.774890361081 253.0594858515487
1.410428582159317 103.77488422624123 253.0594858515487
1.410426630436991 103.77487787160211 253.0594858515487
1.410424690541936 103.77487155547165 253.0594858515487
1.410422662141249 103.77486495117455 253.0594858515487
1.410420407530846 103.77485761035824 253.0594858515487
1.410418159335818 103.77485029042991 253.0594858515487
1.4104161446769716 103.77484373087523 253.0594858515487
1.4104136921569537 103.77483574089781 253.061269202186
1.4104119332672305 103.77482992576674 253.09419448575775
1.410409657954835 103.77482240327141 253.13678695121362
1.4104078230034698 103.77481633667018 253.1711361635314
1.4104055885223659 103.77480894916886 253.21296434509583
1.4104030236210519 103.774800469253 253.26097775527592
1.410400758668376 103.7747929810086 253.30278767534259
1.4103987683212067 103.77478640064777 253.3027876753438
1.4103966946235251 103.77477954471874 253.3027876753442
1.4103945035765406 103.77477230081692 253.3027876753438
1.4103919157600555 103.77476374514077 253.3027876753442
1.410389424703752 103.77475550936715 253.30278767534259
1.4103880877331554 103.77475108915912 253.3027876753438
1.410385623460885 103.77474294193732 253.3027876753438
1.4103832385535602 103.77473505710697 253.3027876753442
1.410380910067307 103.7747273588125 253.3027876753438
1.4103789893834469 103.77472100876865 253.3027876753442
1.4103773053313022 103.7747154410617 253.3027876753438
1.410374865803991 103.77470737565048 253.3027876753438
1.410373505116512 103.77470287703146 253.3027876753438
1.4103709638074164 103.77469447511587 253.3027876753438
1.4103691725791543 103.7746885530702 253.3027876753438
1.4103676841016939 103.77468363196013 253.3027876753438
1.4103656866624588 103.77467702815287 253.3027876753442
1.410364247179048 103.7746722690239 253.3027876753438
1.4103629460348768 103.77466796726341 253.3027876753438
1.4103611689624278 103.77466209201899 253.30278767534259
1.4103586115886027 103.77465363699164 253.3027876753438
1.410356173373856 103.7746455759206 253.3027876753442
1.4103546340964666 103.7746404868593 253.30278767534259
1.4103525425902739 103.77463357205419 253.3027876753442
1.4103503135878805 103.77462620266796 253.3027876753438
1.4103482997081405 103.77461954450662 253.3027876753438
1.4103462672435145 103.77461282490118 253.3027876753438
1.4103442524163072 103.77460616360752 253.30278767534293
1.410342033385775 103.77459882718986 253.3027876753442
1.4103400808457658 103.77459237182629 253.3027876753438
1.410338746821838 103.77458796136126 253.3027876753438
1.4103369446407221 103.77458200310477 253.30278767534259
1.410335041149294 103.77457570990263 253.30278767534259
1.4103329109117626 103.77456866704703 253.3027876753442
1.4103307427509375 103.77456149881189 253.3027876753438
1.4103283962619728 103.77455374099974 253.30278767534293
1.4103266165750479 103.77454785711234 253.3027876753438
1.4103241065168444 103.77453955851814 253.3027876753438
1.4103224872119808 103.7745342048758 253.3027876753442
1.4103202116987361 103.7745266817193 253.3027876753438
1.41031796845622 103.77451926525427 253.3027876753442
1.4103159877043319 103.77451271661903 253.3027876753438
1.4103140813290818 103.77450641388316 253.3027876753438
1.410312398933943 103.77450085165601 253.30278767534259
1.4103108726109257 103.77449580542456 253.30278767534293
1.4103087409702664 103.77448875793077 253.3027876753438
1.4103061681378541 103.7744802517971 253.3027876753438
1.4103036460660163 103.7744719134849 253.30278767534293
1.4103011293133745 103.77446359275878 253.30278767534293
1.410299489160622 103.774458170191 253.30278767534259
1.4102979240901516 103.7744529958555 253.3027876753438
1.41029537906691 103.77444458166312 253.30278767534293
1.4102939240168435 103.77443977107009 253.30278767534293
1.4102922569372038 103.77443425947855 253.30278767534293
1.4102907414970756 103.77442924922785 253.3027876753438
1.4102884103096265 103.77442154200588 253.30278767534259
1.4102861310257966 103.77441400638438 253.3027876753438
1.4102837767324514 103.77440622277133 253.30278767534293
1.4102821883753696 103.77440097144748 253.30278767534259
1.4102804131033457 103.77439510215751 253.3027876753438
1.4102779855452554 103.77438707632149 253.30278767534259
1.4102764697185997 103.77438206479317 253.3027876753442
1.4102748369327556 103.77437666658197 253.3027876753438
1.41027263314391 103.77436938055754 253.3027876753442
1.4102704623837308 103.77436220373045 253.30278767534259
1.4102684175154245 103.77435544311898 253.30278767534293
1.4102659923186212 103.77434742509008 253.3027876753438
1.4102637646570169 103.77434006013935 253.3027876753442
1.4102615650035604 103.77433278778744 253.30278767534259
1.4102598272471576 103.77432704252972 253.3027876753442
1.4102580301498036 103.77432110108282 253.3027876753438
1.4102560432544213 103.77431453213804 253.30278767534293
1.410254729404368 103.77431018837214 253.3027876753442
1.4102527096980833 103.77430351095016 253.3027876753438
1.4102513680202444 103.77429907518191 253.3027876753442
1.4102496628684693 103.77429343771975 253.3027876753438
1.4102470788505521 103.77428489460743 253.3027876753442
1.4102454428259228 103.77427948568904 253.3027876753442
1.4102440562161502 103.77427490136988 253.30278767534259
1.4102414930350604 103.77426642714714 253.3027876753442
1.410239403529642 103.77425951896018 253.30278767534293
1.4102377462315323 103.77425403970896 253.3027876753438
1.4102362218677293 103.77424899995655 253.30278767534293
1.410234316765591 103.77424270143187 253.3027876753442
1.4102318891141998 103.77423467528894 253.3027876753442
1.410229775168741 103.77422768630018 253.30278767534259
1.4102276891664975 103.77422078969553 253.3027876753442
1.4102263477260224 103.77421635471252 253.3027876753438
1.4102241436630403 103.77420906778326 253.3027876753438
1.4102220363911253 103.77420210085839 253.3027876753438
1.4102201819938576 103.7741959699712 253.30278767534293
1.410217883706102 103.77418837152236 253.3027876753438
1.4102160514417343 103.77418231380965 253.30278767534259
1.4102143566767738 103.77417671068851 253.3027876753438
1.4102125932068108 103.77417088041945 253.30278767534259
1.4102109669322664 103.77416550373694 253.3027876753442
1.4102089765771049 103.77415892335497 253.3027876753442
1.4102076234460008 103.77415444972151 253.30278767534259
1.4102054076625483 103.77414712404337 253.3027876753438
1.410203341213255 103.77414029208413 253.3027876753442
1.41020166897878 103.77413495871932 253.23102107565458
1.4101995167222234 103.77412820008749 253.09980367117467
1.4101974634305001 103.77412175223039 252.9746177966103
1.4101956928026813 103.77411619200973 252.8666647716023
1.4101929685919499 103.77410763729682 252.70057351434195
1.4101910048376283 103.77410147061005 252.58084799187782
1.4101895149650907 103.77409679203232 252.49001566774325
1.410186844823151 103.77408840710936 252.4722335644165
1.4101845366422505 103.77408115883591 252.4722335644165
1.410181849358366 103.77407272008303 252.47223356441773
1.410179399571276 103.77406502713039 252.4722335644165
1.410176920860844 103.7740572433512 252.47223356441773
1.410174693312982 103.77405024828622 252.4722335644165
1.4101730834141377 103.77404519279575 252.47223356441611
1.4101716927562302 103.77404082577745 252.4722335644165
1.4101700529231043 103.77403567628582 252.4722335644165
1.4101674770672243 103.77402758744557 252.4722335644165
1.4101657220087953 103.77402207611738 252.47223356441611
1.4101634885158498 103.77401506238363 252.4722335644165
1.4101620686965644 103.77401060379135 252.4722335644165
1.4101598889761084 103.77400375891695 252.47223356441773
1.410157340559017 103.77399575624176 252.4722335644165
1.4101551240358396 103.7739887957976 252.47223356441611
1.410152480801716 103.77398049537307 252.4722335644165
1.4101499974153247 103.77397269691099 252.4722335644165
1.4101478214077767 103.77396586369638 252.4722335644165
1.4101461368525932 103.77396057376663 252.47223356441773
1.410144177353111 103.77395442044224 252.47223356441773
1.4101427637340367 103.77394998132053 252.4722335644165
1.4101405890233623 103.7739431521786 252.47223356441611
1.4101385115275469 103.77393662831598 252.4722335644165
1.4101362312557166 103.77392946768543 252.4722335644165
1.410134644084884 103.77392448356743 252.4722335644165
1.4101331765730736 103.77391987520907 252.47223356441611
1.4101304596205295 103.77391134329073 252.4722335644165
1.4101279700324163 103.77390352535433 252.47223356441611
1.4101265060923434 103.77389892821223 252.4722335644165
1.4101251026791917 103.77389452114002 252.4722335644165
1.4101232805607102 103.7738887992272 252.4722335644165
1.4101210872486065 103.77388191167259 252.4722335644165
1.410119517982845 103.77387698378132 252.4722335644165
1.4101179259056336 103.77387198425636 252.4722335644165
1.4101152699939856 103.7738636440224 252.47223356441611
1.4101137305180103 103.77385880967869 252.4722335644165
1.410112235024567 103.77385411345132 252.47223356441773
1.410110283721173 103.77384798586549 252.47223356441773
1.4101078635743396 103.77384038599287 252.47223356441773
1.4101062425004063 103.7738352954111 252.47223356441611
1.4101038924568263 103.77382791568049 252.4722335644165
1.410101181187455 103.77381940160973 252.4722335644165
1.4100993117997451 103.77381353126012 252.47223356441773
1.4100972420554658 103.77380703174033 252.47223356441611
1.4100946995616441 103.77379904766762 252.4722335644165
1.4100927617477792 103.77379296244276 252.47223356441773
1.4100910119019014 103.77378746748487 252.4722335644165
1.4100896134277092 103.77378307592284 252.4722335644165
1.4100878806272164 103.77377763449182 252.4722335644165
1.410085368297442 103.77376974514213 252.4722335644165
1.4100828202560067 103.77376174364888 252.4722335644165
1.4100803703903642 103.77375405045248 252.4722335644165
1.410078733413437 103.77374890993184 252.47223356441773
1.4100763847899518 103.77374153466148 252.4722335644165
1.4100742218543378 103.77373474249795 252.4722335644165
1.4100723516870386 103.77372886970083 252.4722335644165
1.410070256660227 103.77372229078817 252.4722335644165
1.410068536895438 103.77371689029297 252.4722335644165
1.410066625483482 103.77371088797737 252.4722335644165
1.4100651290320108 103.77370618874237 252.4722335644165
1.4100635284454683 103.773701162497 252.4722335644165
1.4100620425443728 103.7736964963929 252.47223356441773
1.4100603518418873 103.77369118716081 252.4722335644165
1.4100588985540923 103.77368662347075 252.4722335644165
1.4100572649119214 103.77368149342252 252.4722335644165
1.4100550741203117 103.77367461378464 252.47223356441611
1.4100528908777865 103.77366775785283 252.4722335644165
1.4100508539092258 103.77366136125822 252.4722335644165
1.4100491232935803 103.77365592668897 252.47223356441773
1.4100474382197088 103.77365063513243 252.4722335644174
1.4100447824124724 103.77364229522858 252.4722335644165
1.4100423997816156 103.77363481316748 252.47223356441611
1.410039808530955 103.7736266759877 252.4722335644165
1.4100376921038686 103.77362002987361 252.4722335644165
1.4100360750605112 103.77361495195024 252.4722335644165
1.4100339363405259 103.77360823583092 252.4722335644165
1.410032014682786 103.77360220134176 252.47223356441611
1.4100302293908933 103.77359659507574 252.4722335644165
1.4100285185196915 103.77359122250947 252.4722335644165
1.4100262603025349 103.77358413113916 252.4722335644165
1.4100243098851748 103.77357800633773 252.4722335644165
1.410022912771379 103.77357361904878 252.4722335644165
1.4100211778160434 103.77356817085241 252.4722335644165
1.4100198128494683 103.77356388451389 252.4722335644165
1.410017403121661 103.77355631736224 252.4722335644165
1.4100155757463602 103.77355057894405 252.47223356441611
1.4100141192061906 103.7735460050415 252.4722335644165
1.4100120292837082 103.77353944215918 252.47223356441611
1.4100096192895188 103.77353187417127 252.47223356441611
1.4100070729207825 103.77352387793303 252.4722335644165
1.410004650738855 103.77351627167269 252.47223356441611
1.4100020765811758 103.77350818817035 252.47223356441611
1.4100003830677024 103.7735028701123 252.4722335644165
1.4099979693513511 103.77349529043619 252.4722335644174
1.409995535036907 103.77348764607694 252.4722335644174
1.4099931551449796 103.77348017261816 252.47223356441773
1.4099914088111392 103.77347468869105 252.4722335644165
1.4099892231885955 103.77346782528707 252.4722335644165
1.4099871391130596 103.7734602370963 252.87433854618976
1.4099858223283186 103.77345519942068 253.22219645407588
1.4099845560838635 103.77345035509907 253.55675545505812
1.4099828058917874 103.77344365931991 254.01922179647687
1.4099810299479083 103.77343686502114 254.48848609366317
1.409979877106521 103.77343245455026 254.7930725187319
1.409977943155002 103.77342505575552 255.30391914517594
1.4099758059734566 103.77341687945575 255.47114622744078
1.409974551901577 103.77341208170351 255.47114622744044
1.4099731712026562 103.77340679950926 255.47114622744044
1.409972015336583 103.77340237746691 255.47114622744044
1.409970643098204 103.77339712764055 255.47114622744044
1.4099685001602893 103.77338892931874 255.47114622744078
1.4099672432389962 103.77338412066558 255.47114622744044
1.4099655714084371 103.77337772467781 255.47114622744044
1.4099643941246323 103.77337322069702 255.47114622744044
1.4099625055710214 103.7733659955835 255.47114622744044
1.4099609245567344 103.77335994703526 255.47114622744078
1.4099595475445557 103.77335467894592 255.47114622744044
1.4099579907384856 103.7733487230121 255.47114622744078
1.4099565484986458 103.77334320537884 255.47114622744078
1.409955236832255 103.77333810973802 255.49603885331996
1.4099541258259018 103.77333264413454 255.88618077848105
1.4099527494712685 103.77332587314842 256.36964724428475
1.4099517502120806 103.773320957286 256.72071681719046
1.409950469318685 103.77331465592225 257.1707644797181
1.4099488711549732 103.7733067937451 257.73225767262926
1.4099479440438463 103.77330223281572 258.05793172143285
1.4099463267391124 103.77329427647439 258.6115675548106
1.409944842570922 103.77328697509928 258.6115675548106
1.4099434574220038 103.77328016085019 258.61156755481164
1.4099417538946488 103.77327178033649 258.61156755481034
1.4099405537463408 103.77326587619926 258.6115675548106
1.4099389572548835 103.77325802224954 258.6115675548118
1.4099379192043824 103.77325291555363 258.6115675548106
1.4099365493045888 103.77324617632317 258.6115675548106
1.4099349938689185 103.77323852434792 258.6115675548106
1.4099338712546738 103.77323300164038 258.6115675548118
1.409932390487933 103.77322571699956 258.6115675548118
1.4099312084412787 103.77321990191406 258.6115675548118
1.409930219885157 103.77321503870644 258.6115675548106
1.4099286296060716 103.77320721531926 258.6115675548106
1.4099273760341284 103.77320104836492 258.6115675548106
1.4099258475938163 103.77319352919415 258.6115675548118
1.4099244760473342 103.77318678186354 258.6115675548106
1.4099233191489018 103.77318109049531 258.6115675548106
1.4099218434582983 103.7731738308273 258.6115675548106
1.409920444837281 103.77316695030362 258.6115675548106
1.4099191398470146 103.77316053039705 258.6115675548118
1.4099177370290314 103.77315362922656 258.6115675548106
1.4099164049040895 103.77314707583093 258.6115675548118
1.4099152519183373 103.77314140371158 258.61156755481034
1.4099138460598597 103.77313448758362 258.6115675548118
1.4099121141238395 103.77312596731565 258.6115675548118
1.4099112113095467 103.77312152591625 258.6115675548106
1.409910280328093 103.7731169459484 258.6115675548106
1.4099093141349546 103.77311219275653 258.6115675548106
1.4099075756820019 103.77310364042886 258.6115675548106
1.4099066204000075 103.77309894091454 258.6115675548106
1.4099054152529167 103.77309301218774 258.6115675548118
1.40990445747494 103.77308830039452 258.6115675548106
1.4099032030362781 103.77308212917774 258.6115675548118
1.409902231129529 103.77307734787806 258.6115675548106
1.4099006917500019 103.77306977489354 258.6115675548106
1.4098990956251838 103.77306192275044 258.6115675548106
1.4098974419914363 103.77305378769202 258.6115675548106
1.4098962451917896 103.77304790003103 258.6115675548106
1.409894512433393 103.77303937571878 258.6115675548118
1.4098930775821266 103.77303231696203 258.6115675548106
1.4098920091493354 103.77302706080255 258.6115675548106
1.4098907832532637 103.77302103000187 258.6115675548106
1.4098895728060283 103.77301507520188 258.6115675548106
1.4098878905305812 103.77300679924123 258.6115675548118
1.4098863532305406 103.77299923648779 258.6115675548106
1.409885350566372 103.77299430387762 258.6115675548106
1.4098838932297575 103.77298713450473 258.6115675548106
1.4098829593050575 103.77298254005875 258.61156755481164
1.4098818768902455 103.77297721511516 258.6115675548106
1.4098804546899377 103.77297021859567 258.6115675548106
1.4098793621063934 103.77296484362711 258.6115675548106
1.4098779029979374 103.77295766553803 258.61156755481034
1.4098768845819596 103.77295265543717 258.6115675548106
1.4098758092048778 103.77294736511602 258.6115675548106
1.4098742614582342 103.77293975097133 258.6115675548106
1.409873127446415 103.77293417219654 258.6115675548106
1.4098719922028815 103.7729285873624 258.6115675548106
1.4098709758221486 103.7729235872742 258.6115675548118
1.4098697975480936 103.77291779075139 258.6115675548106
1.409868109979203 103.77290934967107 258.646728359904
1.4098671983847086 103.77290212431933 259.339908583417
1.4098666041697092 103.77289741453627 259.7919869100979
1.409865581574735 103.7728893093885 260.57022356094535
1.409864508349818 103.77288080294508 261.38705719385445
1.409863529890534 103.7728730476198 262.13154678182207
1.4098624745129478 103.77286468263576 262.8848741705086
1.4098618830009746 103.77285999427762 262.8848741705086
1.4098611189902313 103.77285393868434 262.8848741705086
1.4098601163556004 103.7728459917445 262.8848741705088
1.4098593629937821 103.77284002055549 262.8848741705086
1.4098584192094896 103.77283254006717 262.8848741705086
1.4098575659159853 103.77282577681416 262.8848741705088
1.4098568863895196 103.77282039084871 262.8848741705086
1.4098558676780155 103.77281231648352 262.8848741705086
1.409855079721377 103.77280607109464 262.8848741705088
1.409854489921845 103.77280139631026 262.8848741705088
1.4098534833379563 103.77279341806971 262.8848741705086
1.4098528030005455 103.77278802567724 262.8848741705086
1.4098519579707482 103.77278132792377 262.8848741705086
1.4098513620930972 103.77277660496426 262.8848741705074
1.4098502841018357 103.77276806074552 262.8848741705088
1.4098496450720843 103.77276299576026 262.8848741705088
1.4098489125515856 103.77275718976225 262.8848741705074
1.4098478829813934 103.77274902933212 262.8848741705086
1.4098470950008897 103.77274278375532 262.8848741705088
1.409846371687966 103.77273705073742 262.8848741705088
1.409845534323611 103.77273041374177 262.8848741705086
1.4098447141443142 103.77272391295593 262.8848741705086
