22823194#0
1.4096786197670295 103.77227672811459 172.5853697090249
1.4096712876229607 103.77227768010717 172.5853697090262
1.4096651949815981 103.77227847116488 172.5853697090249
1.4096571471468098 103.77227951608141 172.5853697090262
1.4096482683558507 103.77228066888776 172.5853697090262
1.4096419852808815 103.77228148467098 172.58536970902472
1.4096343959082056 103.77228247006151 172.5853697090262
1.409628640089095 103.77228321738673 172.5853697090249
1.4096238906200318 103.77228383404925 172.5853697090262
1.4096149227915176 103.77228499841594 172.5853697090249
1.4096091861068438 103.77228574325672 172.5853697090262
1.4096023432645062 103.772286631719 172.5853697090249
1.4095947800239421 103.77228761371644 172.5853697090249
1.4095869165190336 103.77228857441564 172.66158674104992
1.409580263081723 103.77228936392544 172.7556017084118
1.4095739295014054 103.77229011548037 172.84509774830678
1.4095650937259336 103.77229116395058 172.96995118607157
1.4095565454727825 103.7722921783028 173.09074120929685
1.4095497656549132 103.77229298280908 173.18654144234304
1.409543646100109 103.77229370896723 173.2199101450522
1.4095370521260342 103.77229449142088 173.2199101450522
1.4095305850783333 103.77229525881316 173.21991014505235
1.4095248714867885 103.77229593679887 173.21991014505366
1.4095167114650464 103.77229690508267 173.2199101450522
1.4095077684768844 103.7722979662747 173.21991014505235
1.4095008418706254 103.77229878819898 173.21991014505235
1.409493792693749 103.77229962466772 173.21991014505235
1.4094875327822267 103.77230036748071 173.21991014505235
1.4094821932565933 103.77230100107894 173.21991014505235
1.4094771922496425 103.7723015945079 173.21991014505235
1.4094723664272575 103.77230216714908 173.21991014505346
1.4094645369015348 103.7723030962154 173.2199101450522
