633809078
1.4101416178052868 103.77064711563708 98.37977028774542
1.410140396406795 103.7706553844948 98.37977028774414
1.4101396595757654 103.77066037283467 98.37977028774542
1.4101384301136988 103.77066869628233 98.37977028774542
1.410137355354154 103.77067597239504 98.37977028774414
1.4101364492369308 103.77068210680058 98.37977028774414
1.4101351558882236 103.7706908627596 98.37977028774414
1.4101341900344326 103.77069740158082 98.37977028774542
1.4101333854883111 103.7707028483505 98.37977028774542
1.4101322745030243 103.77071123833996 98.21916264106329
1.410131482530613 103.7707190643008 97.76342694816373
1.41013065995962 103.77072719262452 97.28999217731983
1.4101299677007757 103.7707340332545 96.89153392173955
1.4101294615048403 103.77073903528375 96.60018099490783
1.4101286008916427 103.7707475395248 96.10489946831139
1.4101277130301944 103.77075631302199 95.77213369226966
1.4101271519537282 103.77076185735848 95.77213369226966
1.4101264350943217 103.77076894108038 95.77213369226966
1.4101259134390676 103.77077409587169 95.77213369226966
1.4101251731555557 103.77078141106092 95.77213369226966
1.4101244440423795 103.77078861586907 95.77213369226966
1.410123738433617 103.77079558841565 95.77213369226838
1.4101231097064901 103.77080180124815 95.77213369226966
1.4101226369956414 103.77080647238944 95.77213369226966
1.4101220077599637 103.7708126902469 95.77213369226979
1.4101211632206672 103.77082103564909 95.77213369226966
1.410120502932252 103.77082756035692 95.77213369226966
1.4101200425135791 103.77083211003125 95.77213369226966
1.4101195323164708 103.77083715159618 95.77213369226966
1.4101187643912119 103.77084473992797 95.77213369226966
1.4101181434095018 103.77085087622189 95.77213369226966
1.4101174415626063 103.77085781159313 95.77213369226966
1.410116797334828 103.77086417759506 95.77213369226838
1.4101159746471819 103.77087230706591 95.77213369226966
1.4101151253690358 103.77088069929314 95.77213369226966
1.4101145688344328 103.77088619874549 95.77213369226966
1.4101138257964814 103.7708935411491 95.77213369226966
1.4101133547359823 103.77089819598027 95.77213369226966
1.4101126867178893 103.7709047970673 95.77213369226966
1.4101122321696162 103.77090928873105 95.77213369226966
1.410111529993949 103.77091622734916 95.77213369226966
1.4101108719635873 103.77092272974087 95.77213369226966
1.4101101459525196 103.77092990389042 95.77213369226966
1.4101096913111304 103.77093439647375 95.77213369226851
1.410109234140223 103.77093891405268 95.77213369226966
1.4101084149935703 103.77094700852996 95.77213369226966
1.4101076151265777 103.77095491249312 95.77213369226966
1.4101067919546588 103.77096304674588 95.77213369226966
1.4101060405872419 103.77097047145521 95.77213369226966
1.410105297995219 103.7709778094494 95.77213369226966
1.4101044065834463 103.7709866180199 95.77213369226966
1.4101036233578201 103.77099435753833 95.77213369226966
1.4101027511565731 103.77100297627749 95.77213369226966
1.4101020347288125 103.77101005572594 95.77213369226966
1.4101013704431673 103.77101661992695 95.77213369226979
1.4101004682174176 103.77102553535512 95.77213369226966
1.410099626856631 103.77103384934013 95.77213369226966
1.4100989768501844 103.77104027243918 95.77213369226966
