176204413-AddedOnRampEdge
1.4128120980024568 103.77140619144201 359.3138921564788
1.4128189904203101 103.77140610580794 359.31389215647744
1.4128266669924416 103.7714060104312 359.31389215647744
1.4128312994421897 103.77140595287582 359.3138921564788
1.4128375948700789 103.77140587465892 359.31389215647744
1.412842606991943 103.77140581238633 359.31389215647744
1.4128501355660534 103.77140571884831 359.31389215647744
1.4128587145278018 103.77140561225984 359.31389215647744
1.4128639639498322 103.77140554703888 359.3138921564788
1.412871775819236 103.77140544998103 359.31389215647744
1.4128796492280844 103.77140535215855 359.3138921564788
1.412886292693226 103.77140526961739 359.3138921564788
1.4128923316626212 103.77140519458673 359.3138921564788
1.41289908179681 103.77140511072021 359.3138921564788
1.412906549180369 103.7714050179423 359.3138921564788
1.4129144623712404 103.77140491962547 359.31389215647744
1.412920514577176 103.77140484443025 359.3138921564788
1.412927654408194 103.77140475572192 359.31389215647744
1.4129353866906946 103.7714046596527 359.3138921564788
1.4129429769387036 103.77140456534815 359.3138921564788
1.4129501264579853 103.77140447651938 359.3138921564788
1.4129561126077559 103.77140440214482 359.31389215647744
1.4129615338662591 103.77140433478868 359.31389215647744
1.4129681160894114 103.77140425300823 359.31389215647744
1.4129734741262556 103.77140418643756 359.31389215647874
1.4129810843184822 103.77140409188512 359.3138921564788
1.4129885593984033 103.77140399901134 359.3138921564788
1.4129941920936002 103.77140392902815 359.31389215647744
1.4130028860618093 103.77140382101032 359.31389215647744
1.413010365940869 103.77140372807685 359.3138921564788
1.4130160011132948 103.77140365806284 359.3138921564788
1.4130243951059251 103.77140355377195 359.31389215647744
1.4130298205103815 103.77140348636419 359.31389215647744
1.413038660880289 103.77140337652727 359.3138921564788
1.413047179295008 103.77140327069043 359.3138921564788
1.413054996233324 103.77140317356903 359.3138921564788
1.41306073282602 103.77140310229487 359.3138921564788
1.4130653819956447 103.77140304453133 359.3138921564788
1.4130704293623018 103.77140298182039 359.3138921564788
1.4130777067292914 103.77140289140283 359.31389215647744
1.4130851005891005 103.77140279953788 359.31389215647744
1.4130916484039797 103.77140271818462 359.3138921564775
1.4130988443716 103.77140262877836 359.3138921564788
1.4131074420141287 103.77140252195696 359.3138921564788
1.4131142183721837 103.77140243776408 359.31389215647744
1.4131193346463446 103.77140237419691 359.3138921564788
1.413127653582315 103.77140227083822 359.31389215647744
1.4131366563934036 103.77140215898272 359.31389215647744
1.4131441789647474 103.77140206551843 359.31389215647744
1.413150443270547 103.77140198768748 359.31389215647744
1.4131555745532758 103.77140192393375 359.31389215647744
1.41316082020285 103.77140185875909 359.31389215647744
1.4131666010222794 103.77140178693516 359.3138921564788
1.4131746165659917 103.77140168734584 359.3138921564788
1.4131816045709413 103.77140160052318 359.31389215647744
1.413186409851169 103.77140154081985 359.3138921564788
1.4131921562077054 103.77140146942406 359.3138921564788
1.413200931032839 103.77140136040093 359.3138921564788
1.4132078543071978 103.77140127438246 359.3138921564788
1.4132133658750337 103.77140120590377 359.3138921564775
1.4132208639518233 103.77140111274359 359.31389215647744
1.413228206047179 103.7714010215214 359.3138921564788
1.4132350227874584 103.7714009368265 359.31389215647744
1.4132395754395939 103.77140088026182 359.31389215647744
1.4132451918725533 103.77140081048016 359.3138921564788
1.4132541108478294 103.77140069966586 359.3138921564788
1.4132621364057238 103.77140059995186 359.3138921564788
1.4132677107301692 103.77140053069334 359.3138921564788
1.4132729198949778 103.77140046597174 359.31389215647744
1.4132794956075236 103.77140038427136 359.31389215647744
1.4132843290506465 103.77140032421794 359.3138921564788
1.413291057750839 103.77140024061673 359.31389215647744
1.413299688303825 103.77140013338581 359.3138921564788
1.4133074467296105 103.77140003699066 359.3138921564788
1.4133137692935789 103.77139995843547 359.3138921564788
1.4133213667210929 103.7713998640406 359.3138921564788
1.4133283644547796 103.77139977709668 359.3138921564788
1.4133356741212895 103.7713996862771 359.31389215647744
1.413340445851733 103.77139962699032 359.3138921564788
1.4133480363973634 103.7713995326809 359.3138921564788
1.413353163976362 103.77139946897282 359.31389215647744
1.4133576916804045 103.77139941271794 359.31389215647744
1.4133639671540383 103.7713993347477 359.3138921564788
1.4133719531525322 103.77139923552484 359.3138921564788
1.413380243512486 103.77139913252043 359.31389215647744
1.4133859072221753 103.77139906215105 359.3138921564788
1.4133915423547223 103.77139899213675 359.3138921564788
1.4133985669394127 103.77139890485901 359.3138921564788
1.4134073532706564 103.77139879569225 359.31389215647744
1.4134133361379957 103.77139872135743 359.3138921564788
1.4134183517662036 103.77139865904016 359.31389215647744
1.4134252987445632 103.77139857272658 359.3138921564788
1.4134320331294277 103.77139848905439 359.31389215647744
1.4134407316512652 103.7713983809785 359.31389215647744
1.413445533962734 103.7713983213116 359.3138921564788
1.4134517796451602 103.77139824371127 359.31389215647744
1.4134600920226401 103.77139814043302 359.31389215647744
1.413464973328535 103.77139807978457 359.31389215647744
1.4134727201316641 103.77139798353335 359.3138921564788
1.4134784434684913 103.77139791242294 359.31389215647744
1.4134847285019296 103.77139783433364 359.3138921564788
1.4134929259427502 103.77139773248334 359.3138921564788
1.4135018532978516 103.7713976215641 359.3138921564788
1.4135078568542467 103.77139754697198 359.3138921564788
1.413514236172184 103.77139746771115 359.3138921564788
1.4135209230071104 103.77139738462954 359.3138921564788
1.4135255538747917 103.77139732709257 359.3138921564788
1.4135331454467681 103.77139723276987 359.3138921564788
1.413540357968445 103.77139714315669 359.31389215647744
1.4135477436923185 103.77139705139155 359.31389215647744
1.4135530714032574 103.7713969851965 359.3138921564788
1.4135592130266967 103.77139690888883 359.3138921564788
1.4135669775360047 103.77139681241734 359.3138921564788
1.4135726175284653 103.77139674234223 359.3138921564775
1.4135793928404 103.77139665816117 359.31389215647744
1.4135859306807477 103.77139657693057 359.31389215647744
1.413592087514281 103.77139650043388 359.3138921564788
1.4135977057790625 103.77139643062868 359.3138921564788
1.4136037445349465 103.77139635559902 359.3138921564788
1.4136093839542678 103.77139628553098 359.31389215647744
1.4136165011159185 103.77139619710242 359.3138921564788
