639406147
1.2790739593586926 103.8451441504971 324.5811168810324
1.2790813291847154 103.84513893818605 324.5811168810324
1.2790886990107 103.84513372587497 324.5811168810319
1.2790960688366457 103.84512851356385 324.5811168810324
1.2791034386625542 103.84512330125268 324.5811168810319
1.279110808488424 103.84511808894148 324.5811168810324
1.2791181783142551 103.84511287663024 324.5811168810324
1.279125548140048 103.84510766431896 324.5811168810324
1.279132917965803 103.84510245200765 324.5811168810325
1.2791402877915197 103.84509723969629 324.5811168810324
1.2791476576171983 103.8450920273849 324.5811168810324
1.279155027442838 103.84508681507346 324.5811168810325
1.2791623972684396 103.845081602762 324.5811168810324
1.2791697670940034 103.84507639045049 324.5811168810319
1.2791771369195284 103.84507117813891 324.5811168810324
1.2791845067450156 103.84506596582733 324.5811168810319
1.2791918765704635 103.8450607535157 324.5811168810324
1.2791992463958743 103.84505554120403 324.5811168810325
1.2792066162212465 103.84505032889233 324.5811168810325
1.2792139860465799 103.84504511658058 324.5811168810325
1.2792213558718755 103.84503990426877 324.58111688103236
1.279228725697133 103.84503469195695 324.58111688103236
1.279236095522352 103.84502947964508 324.58111688103185
1.2792434653475329 103.84502426733319 324.58111688103236
1.2792508351726752 103.84501905502124 324.58111688103185
1.279258204997779 103.84501384270925 324.5811168810325
1.2792655748228448 103.84500863039723 324.5811168810325
1.2792729446478723 103.84500341808516 324.5811168810325
1.279280314472862 103.84499820577307 324.5811168810325
1.2792876842978131 103.84499299346093 324.5811168810325
1.279295054122726 103.84498778114876 324.5811168810325
1.2793024239476005 103.84498256883651 324.58111688103196
1.2793097937724367 103.84497735652428 324.5811168810324
1.2793171635972345 103.84497214421198 324.5811168810319
1.2793245334219938 103.84496693189965 324.5811168810324
1.2793319032467152 103.84496171958726 324.5811168810319
1.2793392730713984 103.84495650727484 324.58111688103236
1.2793466428960432 103.84495129496241 324.5811168810324
1.2793540127206497 103.84494608264993 324.5811168810324
1.2793613825452186 103.84494087033738 324.5811168810324
1.2793687523697477 103.84493565802481 324.5811168810324
