254344607
1.2808115840507157 103.84416805319668 302.3082450390897
1.280815265328371 103.84416226357362 302.3082450390897
1.2808193654270352 103.84415581526186 302.3082450390897
1.2808218396434643 103.8441519240094 302.3082450390897
1.2808252028462774 103.84414663634784 302.3094155640783
1.2808278842868757 103.84414242896086 302.31607066774677
1.2808319120070064 103.8441361091575 302.3260671219243
1.2808365016751324 103.84412890761432 302.33745828355916
1.2808393100691422 103.84412450102754 302.34442847614923
1.2808434893496345 103.84411794341408 302.3548010908539
1.2808477015531445 103.84411133414179 302.3652554166498
1.2808512557477127 103.84410575733628 302.3682892240654
1.2808544865424287 103.84410068797001 302.3682892240654
1.2808580978039352 103.84409502162192 302.3682892240654
1.280862092787417 103.8440887531844 302.3682892240654
1.2808663262737927 103.84408211051736 302.3682892240654
1.280869564149839 103.84407703003976 302.3682892240654
1.28087338389555 103.84407103656363 302.3682892240652
1.2808775205974685 103.8440645457587 302.3682892240652
1.280881581312172 103.84405817418349 302.3682892240652
1.2808854062409223 103.84405217257459 302.3682892240654
1.2808886087773859 103.8440471475473 302.3682892240655
1.2808915091020674 103.84404259671359 302.3682892240654
1.2808950305324014 103.84403707131705 302.3682892240652
1.2808978970340246 103.84403257355429 302.3682892240652
1.2809019684185352 103.84402618523698 302.3682892240652
1.2809059675191423 103.84401991033867 302.3682892240652
1.2809089809604506 103.84401518201602 302.3682892240654
1.2809136321552725 103.84400788393131 302.3682892240654
1.2809176338232802 103.84400160500435 302.3682892240654
1.280920648589812 103.8439968746022 302.3682892240654
1.2809251393002885 103.84398982832963 302.3682892240654
1.2809280418428004 103.84398527401555 302.3682892240655
1.2809327713610286 103.84397785303499 302.3682892240654
1.2809373286360894 103.8439707023172 302.3682892240655
1.2809415106275626 103.84396414044838 302.3682892240654
1.2809445796528751 103.8439593249097 302.3682892240654
1.2809469019287625 103.84395532311729 302.1240642092223
1.2809494224971458 103.8439509782098 301.85798228060077
1.2809530566894403 103.8439447136587 301.4742926739237
1.2809567490562195 103.84393834882748 301.08443394764174
1.2809600189226436 103.84393271229423 300.7391908889116
1.2809636124653996 103.84392651781384 300.35981059216493
1.2809679059805132 103.8439191167344 299.9842457759946
1.280971289977389 103.84391328346508 299.98424577599474
1.2809738449568508 103.84390887924015 299.98424577599434
1.2809779992905936 103.8439017180787 299.98424577599474
1.280982495139778 103.84389396821933 299.9842457759946
1.2809862517826287 103.8438874925897 299.98424577599474
1.2809893800692653 103.84388210010856 299.9842457759946
1.2809919425436382 103.84387768296382 299.98424577599474
1.280994562130832 103.84387316736904 299.9842457759946
1.2809974489726306 103.8438681910858 299.9842457759946
1.2810014517972677 103.84386129109241 299.98424577599434
1.2810049414866929 103.84385527563173 299.9842457759945
1.2810073411609344 103.8438511391186 299.98424577599474
1.28101021079247 103.8438461925019 299.9842457759946
1.2810145927890524 103.84383863889882 299.98424577599474
1.2810180501530277 103.84383267915993 299.98424577599474
1.2810208025350582 103.84382793465558 299.98424577599474
1.281024546945411 103.84382148011144 299.9842457759946
1.2810282134612907 103.84381515984023 299.98424577599474
1.2810316176238723 103.84380929180867 299.9842457759946
1.2810338911398498 103.8438053727645 299.98424577599474
1.2810366958896118 103.84380053798944 299.98424577599474
1.281041149872015 103.84379286029798 299.98424577599474
1.281045168632976 103.84378595798104 300.0002601173891
1.2810479752667756 103.84378117264741 300.0338128822893
1.2810505980452074 103.84377670078868 300.0651677460812
1.2810539088709447 103.8437710558036 300.1047481418625
1.2810563424760752 103.84376690648682 300.13384151644254
1.281059730329988 103.84376113016799 300.1743427736952
1.281064075753562 103.8437537211849 300.22629154056165
1.2810679820671016 103.84374706088798 300.25643716352926
1.2810711657665579 103.84374163341325 300.25692464146556
1.2810749926840623 103.84373511229144 300.2593672003997
1.2810785175283945 103.84372910590653 300.26161695888896
1.281082199497087 103.84372283177944 300.2639670032133
1.2810846030762315 103.84371873604631 300.26550110576545
1.2810884265271276 103.8437122208314 300.26794145220424
1.2810910093515155 103.84370781966174 300.26958995939975
1.2810932900115224 103.84370393338448 300.27097554929003
1.2810964510444693 103.84369854693908 300.27097554929003
1.28110047368971 103.84369169229396 300.27097554929026
1.2811046496455054 103.84368457640538 300.2709755492902
1.2811075025253849 103.84367971505708 300.2709755492902
1.2811103410105893 103.8436748782375 300.27097554929026
1.2811138793798114 103.8436688488054 300.2709755492902
1.2811183051622776 103.84366130720831 300.27097554929003
1.281121318805675 103.84365617191648 300.2709755492902
