751804397
1.2799108518694111 103.8427417415486 309.8369596734442
1.2799157580214597 103.84273730126593 313.064630216077
1.2799208245014013 103.84273271587941 316.3548514002695
1.2799271593629062 103.84272698255192 317.69505648057975
1.2799322356706218 103.84272341352357 318.6502177395854
1.2799381779060828 103.8427210537867 321.4907210367581
1.2799443942363735 103.84271858520327 324.49659837615843
1.279952589083263 103.84271533092581 328.485860908351
1.279956901191072 103.8427136185332 330.58543629571636
1.2799638614191238 103.84271085453844 333.95721538234955
1.2799697472244842 103.84270851721053 336.77732160405185
1.2799769904438199 103.8427056408363 338.2398613911154
1.2799840950392567 103.84270281951132 338.2398613911154
1.2799907276342837 103.84270018562367 338.23986139111537
1.279998917700901 103.84269693324424 338.23986139111537
1.2800042959837312 103.84269479745983 338.23986139111526
1.2800111043399456 103.84269209377507 338.23986139111537
1.2800154183200074 103.84269038063877 338.2398613911154
1.2800233043502522 103.8426872489959 338.2398613911154
1.2800277384932086 103.84268548814131 338.2398613911154
1.2800322981983148 103.84268367742443 338.23986139111537
1.2800402269537154 103.84268052881475 338.23986139111526
1.2800475587162294 103.84267761727853 338.23986139111537
1.2800552337118642 103.84267456943999 338.23986139111537
1.2800627234733601 103.84267159516025 338.2398613911154
1.2800709882162045 103.8426683131255 338.23986139111537
1.2800763271753082 103.84266619295676 338.23986139111537
1.2800844429101514 103.84266264046025 337.85512129838764
1.2800922965901034 103.84265854546199 336.7144996049868
1.280098983209776 103.8426550589822 335.7424472420862
1.2801059738500697 103.84265141398255 334.7259277235231
1.280114016309957 103.8426472205521 333.5569385222199
1.2801211551233334 103.84264349829323 332.5204719160706
1.2801280777267505 103.84263988876866 332.3356976952302
1.2801346714379402 103.8426364507322 332.3356976952303
1.2801411860046137 103.84263305396256 332.3356976952303
1.2801467711629904 103.84263014179702 332.3356976952302
1.2801525976570018 103.84262710379627 332.3356976952303
1.2801606332095006 103.84262291396708 332.3356976952303
1.2801668526977876 103.84261967105456 332.3356976952303
1.2801721886912754 103.8426168888063 332.3356976952302
1.2801798655191183 103.84261288602012 332.3356976952301
1.2801849809381278 103.8426102187819 332.3356976952301
1.280189053689555 103.84260809520252 332.3356976952301
1.2801963417104392 103.84260429514462 332.3356976952302
1.2802038146227326 103.8426003986822 332.3356976952303
1.280208348509964 103.84259803466121 332.3356976952302
1.2802135199997589 103.8425953381869 332.3356976952302
1.2802192420180616 103.84259235466064 332.3356976952303
1.2802257211799448 103.84258897635097 332.3356976952302
1.2802310217398496 103.84258621257791 332.3356976952302
1.2802373736465833 103.84258290062049 332.3356976952303
1.2802424162483568 103.84258027134972 332.3356976952303
1.280248248987704 103.8425772300921 332.3356976952302
1.2802552093219464 103.84257360089343 332.3356976952302
1.280261794659707 103.84257016722222 332.3356976952302
1.2802681516469714 103.84256685261555 332.3356976952301
1.2802747303780673 103.84256342238905 332.3356976952303
1.2802809347284836 103.84256018736893 332.3356976952303
1.2802876723196797 103.84255667431086 332.3356976952303
1.2802941964435974 103.84255327255705 332.3356976952302
1.2803019341569777 103.84254923802361 332.3356976952302
1.2803094605818464 103.84254531365836 332.3356976952302
1.2803173239892962 103.84254121358646 332.3356976952302
1.2803238434226887 103.84253781427817 332.3356976952302
1.2803281884356752 103.84253554873793 332.3356976952302
1.2803349890443037 103.84253200282154 332.3356976952303
1.280341827701773 103.842528437066 332.3356976952303
1.2803483323158706 103.84252504548454 332.3356976952303
1.2803560334937463 103.84252103000073 332.3356976952303
1.2803620222377072 103.84251790739987 332.3356976952303
1.280368014699588 103.8425147828604 332.3356976952302
1.2803734273342409 103.8425119606496 332.3356976952303
1.2803802754571045 103.84250838995845 332.3356976952303
1.2803878621016307 103.84250443419346 332.3356976952302
1.2803953006629785 103.8425005556407 332.3356976952303
1.2804020887908096 103.84249701623153 332.3356976952303
1.2804094047750196 103.84249320159185 332.3356976952301
1.2804140145066287 103.84249079802385 332.3356976952301
1.2804199810174077 103.84248768701532 332.33569769523035
1.2804263352325163 103.84248437385317 332.33569769523007
1.2804314363414535 103.84248171407523 332.3356976952301
1.280438765112601 103.84247789276807 332.33569769523035
1.2804456863775149 103.84247428393942 332.3356976952303
1.280450673094072 103.8424716838069 332.3356976952302
1.280457285375218 103.84246821223307 332.30915842282286
1.2804613621495806 103.84246606980517 332.2905220442502
1.2804675570111752 103.84246281427926 332.2622031212246
1.2804734032150176 103.84245974198008 332.235478028271
1.280480046214534 103.84245625094849 332.20511050123633
1.2804872242477903 103.84245247874574 332.1722971679076
1.2804915247555781 103.84245021874123 332.1526380438313
1.2804987022225527 103.842446446836 332.150243524751
1.2805059668264065 103.84244262913849 332.15024352475086
1.280511255359773 103.84243984990631 332.15024352475075
1.2805172142943255 103.8424367183646 332.1502435247508
1.2805213592405267 103.84243454011077 332.15024352475086
1.2805254353623279 103.84243239802554 332.15024352475086
1.2805328105210225 103.84242852222906 332.15024352475103
1.2805404291208677 103.84242451849919 332.15024352475075
1.2805478015964642 103.84242064411262 332.15024352475086
1.2805549852916855 103.84241686893394 332.15024352475086
1.2805616305201362 103.8424133767305 332.15024352475086
1.2805667000607834 103.84241071258322 332.150243524751
1.2805738001707017 103.8424069813302 332.15024352475086
1.2805816330485627 103.8424028649926 332.15024352475086
1.2805878229772751 103.84239961205833 332.15024352475086
1.2805956697295346 103.84239548842933 332.1502435247508
1.2806017194195667 103.8423923091933 332.15024352475086
1.2806070112476993 103.84238952822919 332.1502435247509
1.2806130258311343 103.84238636744232 332.1502435247508
1.2806194541273759 103.84238298924087 332.15024352475086
1.2806253519330921 103.84237988982301 332.15024352475086
1.280630381487103 103.84237724668922 332.15024352475086
1.2806345748262435 103.84237504300349 332.15024352475086
1.2806397839911108 103.84237230548045 332.1502435247508
1.2806447098473746 103.84236971684189 332.15024352475086
1.2806518007895757 103.8423659904062 332.15024352475086
1.2806563773309632 103.8423635853397 332.1502435247508
