824508775
1.2803954558122852 103.8454262639307 158.26318550264287
1.2803899120772462 103.84542846281272 158.26318550264287
1.2803817550258536 103.84543169824757 158.26318550264287
1.2803752087913003 103.8454342947636 158.26318550264287
1.2803709963633023 103.84543596559234 158.26318550264287
1.2803658339434778 103.84543801322837 158.26318550264287
1.2803615229456238 103.8454397231541 158.26318550264287
1.2803563975535612 103.84544175610331 158.26318550264287
1.2803515570055288 103.84544367607118 158.2631855026435
1.2803472152926716 103.84544539817976 158.26318550264287
1.2803391870384058 103.845448585509 158.25965869437607
1.2803317973118369 103.84545152619074 158.24830022281012
