459186758#1
1.2795053701747299 103.84234243045174 222.00642073530588
1.279500217126074 103.84233782366519 222.00642073530597
1.2794954353860148 103.84233354882574 222.00642073530602
1.279488845171935 103.84232765722419 222.00642073530597
1.2794851831601253 103.84232438341334 222.00642073530588
1.2794809260574884 103.8423205775958 222.00642073530597
1.279475301471406 103.84231554925842 222.0064207353059
1.2794696840202129 103.84231052729957 222.0064207353059
1.2794646711434425 103.8423060458257 222.0064207353059
1.2794588504340092 103.84230084215555 222.00642073530602
1.2794543800752494 103.8422968456887 222.00642073530588
1.2794496122658194 103.84229258330318 222.0064207353059
1.2794441363904305 103.84228768791208 222.00642073530602
1.2794404706351943 103.8422844107547 222.00642073530602
1.279434906308078 103.84227943628845 222.00642073530597
1.2794285108853771 103.84227371882905 222.00642073530602
1.2794224106812462 103.84226826529284 222.00642073530597
