-641118823
1.2794069322100656 103.84373684147205 274.9156332645081
1.2794075251704198 103.84372920565694 274.70350528429157
1.279408198110963 103.84372053990089 274.4627770211151
1.2794088242564507 103.84371247674525 274.4377237803863
1.2794094362016915 103.84370459645226 274.4377237803863
1.2794100603158263 103.8436965594546 274.4377237803862
1.2794104936434307 103.8436903012162 274.3712142582271
1.27941078723238 103.84368561171145 274.2820708849838
1.27941116367332 103.84367959880929 274.16776902908504
1.2794114605162277 103.84367485732862 274.07763525158106
1.2794119217533393 103.84366748997414 273.9375841055262
1.2794124062991399 103.84365975030887 273.7904564264268
1.279412868906913 103.84365236106002 273.6499927032638
1.2794133146661486 103.84364524093306 273.58515634878006
1.27941369111477 103.84363922790656 273.58515634878
1.2794140758530745 103.84363308246843 273.58515634877995
1.279414427362066 103.84362746780302 273.58515634877995
1.2794149805647554 103.84361863147672 273.58515634878006
1.2794154500738535 103.84361113199073 273.58515634877995
1.2794157629405645 103.8436061345591 273.58515634878006
1.2794163173626203 103.84359727875457 273.58515634878006
1.27941673358522 103.84359063041481 273.58515634877995
1.2794171161240082 103.84358357150087 273.51006515903754
1.2794172177937495 103.84357609042165 273.04632956689795
1.2794172802320334 103.84357149607708 272.7614769377947
1.2794173758641285 103.84356445925843 272.32513945997124
1.279417453516832 103.84355874540172 271.97082223899906
1.2794175214089214 103.84355374975165 271.66105408000124
1.2794176200087226 103.84354649455896 271.21123731364423
1.279417267827767 103.84354060115686 270.2975176629657
1.2794167022384404 103.84353182945867 269.38335479803123
1.2794161380166325 103.84352307896971 268.5167665074887
1.2794158341273665 103.84351836596583 268.0500096834199
1.2794153712706215 103.8435111875433 267.33924362144205
1.2794150722409487 103.84350654990695 266.8802408262877
1.2794145255951657 103.84349807200495 266.36027060016534
1.2794139798728188 103.84348960842487 266.36027060016534
1.2794134072975676 103.84348072838493 266.36027060016534
1.2794128327002998 103.84347181698611 266.3602706001654
1.27941232517775 103.84346394584593 266.3602706001654
1.2794117912673093 103.84345566545774 266.36027060016534
1.2794113842301027 103.84344935273995 266.36027060016534
1.2794108729057536 103.84344142263892 266.36027060016534
1.2794103228630018 103.8434328920567 266.3602706001654
1.2794100138279578 103.8434280992497 266.3602706001654
1.279409515379365 103.843420368839 266.36027060016534
1.2794092061580655 103.84341557314372 266.36027060016534
1.2794086684764285 103.84340723427061 266.36027060016534
1.2794082266941036 103.84340038269461 266.36027060016534
1.279407802579318 103.8433938051237 266.3602706001654
1.2794073159401598 103.84338625786631 266.36027060016534
1.279406811516302 103.84337843478744 266.3602706001654
1.2794062456615363 103.84336965898083 266.36027060016534
1.2794058853356776 103.84336407070954 266.3602706001654
1.2794053725388315 103.84335611777553 266.36027060016534
