649059863
1.3318495387019003 103.95558913757428 295.72377525715706
1.3318515624500595 103.95558495944864 295.72377525715694
1.3318546689270752 103.95557854597705 295.72377525715706
1.331857076884917 103.95557357463193 295.72377525715694
1.3318598837174762 103.95556777979064 295.72377525715694
1.3318637036358614 103.95555989338472 295.72377525715694
1.3318663567136566 103.95555441597745 295.72377525715694
1.3318690300838012 103.95554889667561 295.72377525715706
1.3318718563627532 103.95554306168609 295.72377525715706
1.331875556861357 103.95553542182775 295.72377525715694
1.3318785089402423 103.95552932711804 295.72377525715706
1.3318816585998312 103.95552282449334 295.72377525715694
1.331884636148214 103.9555166772005 295.72377525715706
1.3318867649086772 103.95551228227139 295.72377525715706
1.3318887826388144 103.95550811656975 295.72377525715706
1.331892274109818 103.95550090825859 295.72377525715706
1.3318956016310277 103.95549403842965 295.72377525715706
1.331898780748264 103.95548747498783 295.72377525715694
1.3319009557354322 103.95548298462123 295.72377525715694
1.331904230178319 103.95547622437486 295.72377525715706
1.3319069213769996 103.95547066826444 295.72377525715706
1.3319098150221975 103.95546469419328 295.72377525715706
1.3319124919814658 103.95545916748071 295.72377525715694
1.331915211284198 103.95545355334792 295.72377525715694
1.3319183143729871 103.95544714687011 295.72377525715723
1.3319213006120272 103.95544098163423 295.72377525715694
1.3319250543017696 103.95543323195892 295.72377525715706
1.3319276763294783 103.95542781865493 295.72377525715706
1.3319307630055317 103.95542144606175 295.72377525715706
1.331934057670905 103.95541464406439 295.72377525715706
1.3319378646780708 103.95540678431233 295.72377525715694
1.3319415397645964 103.95539919691676 295.72377525715706
1.3319438108690778 103.95539450811063 295.72377525715706
1.3319477244905253 103.95538642824792 295.72377525715706
1.331951590278553 103.95537844713952 295.72377525715706
1.3319547146182096 103.95537199678746 295.72377525715694
1.3319581893241803 103.95536482308694 295.72377525715706
