471641531
1.3328389300896046 103.95431019255491 134.11064236569382
1.3328355976839668 103.95431361088023 134.11064236569408
1.332832382785515 103.95431690866866 134.11064236569382
1.332828901639715 103.95432047956908 134.11064236569382
1.332822741460244 103.95432679857684 134.11064236569362
1.3328168688489208 103.95433282260198 134.11064236569362
1.3328127866142159 103.95433701008912 134.11064236569408
1.3328091580485641 103.9543407322102 134.11064236569388
1.3328041857697543 103.95434583268936 134.11064236569382
1.332799776685518 103.95435035545312 134.11064236569408
1.3327959161727019 103.95435431550153 134.11064236569382
1.3327922260634943 103.95435810075283 134.11064236569382
1.3327874319643698 103.95436301845817 134.11064236569382
1.3327827580983096 103.95436781283043 134.11064236569382
1.3327773779404193 103.95437333170479 134.11064236569382
1.3327740366104823 103.95437675918413 134.11064236569362
1.3327678676235302 103.95438308722578 134.11064236569382
1.3327621555896114 103.95438894653275 134.11064236569382
1.3327573982513983 103.95439382652908 134.11064236569388
1.33275364032032 103.95439768135061 134.11064236569382
1.3327493069910836 103.95440212640571 134.11064236569408
1.332743666600283 103.95440791222221 134.11064236569382
1.3327375132962462 103.95441422417625 134.11064236569382
1.332732466950011 103.95441940063185 134.11064236569382
1.3327263317144227 103.95442569405144 134.11064236569408
1.3327201421620907 103.95443204318813 134.11064236569382
1.332715915950961 103.95443637836306 134.11064236569382
1.3327121186646702 103.95444027355418 134.11064236569382
1.332707422300358 103.95444509100409 134.11064236569362
1.3327035801450762 103.95444903222099 134.11064236569382
1.3326979091010802 103.95445484948048 134.11064236569408
1.3326923482615765 103.95446055369405 134.11064236569408
1.3326870667607158 103.95446597136679 134.11064236569408
1.3326827308551201 103.95447041906412 134.11064236569408
1.3326779309547236 103.95447534271929 134.11064236569382
1.332674184427849 103.95447918584203 134.11064236569382
1.3326689168159604 103.9544845892675 134.11064236569408
1.3326653646652598 103.95448823300242 134.11064236569362
1.332661606051262 103.95449208852382 134.11064236569382
1.3326558654123473 103.95449797717212 134.11064236569388
1.3326507702821986 103.95450320366861 134.11064236569382
1.3326456003554572 103.95450850689014 134.11064236569382
1.3326423964456475 103.9545117934054 134.11064236569408
1.332637878196341 103.9545164281474 134.11064236569382
1.33263240600501 103.95452204142656 134.11064236569388
1.3326263341450404 103.95452826983535 134.11064236569382
