639245435
1.3319123420856185 103.95434443580676 50.19442890773481
1.3319168443033627 103.95434979914198 50.19442890773481
1.3319209291449177 103.9543546652715 50.19442890773493
1.3319261430871332 103.95436087645933 50.19442890773493
1.3319317545643365 103.95436756121681 50.19442890773493
1.3319355103600583 103.95437203536554 50.19442890773481
1.331940742669664 103.95437826843386 50.19442890773481
1.331944572866887 103.95438283121453 50.19442890773481
1.3319481958383799 103.95438714713441 50.19442890773493
1.331953706935776 103.954393712313 50.19442890773493
1.3319572700308526 103.95439795690423 50.19442890773481
1.3319629938644177 103.95440477550808 50.19442890773493
1.331966010783424 103.95440836945878 50.194428907734604
1.3319690385084344 103.95441197628229 50.19442890773481
1.3319726003791015 103.95441621941497 50.19442890773493
1.3319771101272666 103.95442159172113 50.19442890773493
1.3319814162064092 103.95442672140354 50.19442890773481
1.3319851444760593 103.95443116276157 50.19442890773493
1.3319902312838026 103.95443722249884 50.19442890773481
