223870426
1.3326991925956801 103.95473629795745 96.7296975563919
1.3326982794274869 103.95474401520795 96.7296975563919
1.3326975227151214 103.95475041023874 96.72969755639186
1.3326967301578854 103.95475710819696 96.7296975563919
1.3326956781154924 103.95476599908264 96.7296975563919
1.3326950484224527 103.9547713206635 96.7296975563919
1.332694480208428 103.95477612268073 96.7296975563919
1.3326939105628668 103.95478093679587 96.7296975563919
1.3326930476933425 103.95478822896742 96.7296975563919
1.3326921718168359 103.95479563106169 96.7296975563919
1.3326915072737087 103.95480124716248 96.7296975563919
1.3326909740563062 103.95480575342025 96.7296975563919
1.3326905080922038 103.95481390765455 96.10144698793988
1.3326909188511815 103.95482071498091 94.56569440758919
1.3326913733412762 103.95482890948426 92.76260426648665
1.3326917089198274 103.95483496000051 91.42984459677652
1.3326921721169342 103.95484331149305 89.59120157213839
1.3326926094833096 103.95485119725522 87.85919459377449
1.3326928832677984 103.95485613361885 86.81022253746329
1.3326933306854056 103.95486420060654 86.86483002998868
1.3326936569932413 103.95487008397228 86.87012488816193
1.3326941236205272 103.9548784973134 86.87012488816193
1.3326943977179582 103.95488343932035 86.8701248881616
1.3326948804573644 103.9548921431656 86.87012488816161
1.3326952926200064 103.95489957450435 86.8701248881616
1.332695738706995 103.95490761750334 86.8701248881616
1.3326962294570732 103.9549164657834 86.87012488816161
1.3326966280187518 103.9549236518965 86.87012488816193
1.3326969217277214 103.95492890492612 86.86713809754663
1.332697231879875 103.95493383356623 86.82059773049107
1.3326977722458437 103.95494242054355 86.73951179060279
1.3326981613353255 103.9549486035804 86.6811257920807
1.332698544448133 103.95495469164193 86.6236365926561
1.3326990694056102 103.95496303376336 86.54486257774762
1.332699442326638 103.95496895986743 86.4889030734962
