74481736
1.3325572106297343 103.95461937641394 307.06530763802067
1.3325611642460717 103.95461417123485 307.0653076380204
1.3325647124432123 103.95460949981502 307.0653076380205
1.3325688379340923 103.95460406835242 307.0653076380202
1.3325738683341566 103.95459744552115 307.0653076380205
1.332578400316245 103.95459147888775 307.06530763802067
1.3325822782915517 103.9545863732945 307.0653076380202
1.3325869483797268 103.95458022483581 307.0653076380204
1.3325908354156966 103.95457510731352 307.0653076380204
1.332596038347481 103.95456825733329 307.0653076380205
1.3325996145725334 103.95456354901263 307.0653076380202
1.3326032408844515 103.9545587747495 307.0653076380202
1.332607551456388 103.95455309961582 307.0653076380205
1.332611019017168 103.95454853435827 307.06530763802067
1.3326145439885593 103.95454389351607 307.0653076380202
1.3326189535587085 103.95453808804501 307.0653076380202
1.3326218186771255 103.95453431593987 307.0653076380202
1.332624780308238 103.95453090602598 307.44765381044493
1.332628008198022 103.95452736690912 308.0033145250357
