44786130
1.3461644931522758 103.6901542738285 41.063271336700936
1.3461689416372238 103.6901581204279 41.06327133670145
1.3461745612140428 103.69016297966893 41.06327133670145
1.3461791318930934 103.69016626306409 40.397108320579484
1.3461848896544897 103.69017007250473 39.230685712645325
1.34618989800074 103.69017338611854 38.21479581704359
1.3461939987502867 103.69017609924973 37.38258096195834
1.3461989668833307 103.69017938625777 36.37436727501019
1.3462044397858046 103.69018300723052 35.264460109234136
1.3462091681481632 103.69018613560186 34.306790876399404
1.3462143186919375 103.69018954329619 33.69006752597959
1.3462212788803878 103.69019414828468 33.69006752597959
1.3462267146411295 103.69019774468379 33.69006752598016
1.346233949412535 103.69020253134137 33.69006752598016
1.3462408156991932 103.6902070742027 33.69006752598016
1.346248079689121 103.69021188019184 33.69006752597959
1.3462517484781045 103.69021430753 33.69006752598016
1.3462575815565667 103.69021816680183 33.69006752597959
1.3462624415167126 103.69022138224071 33.69006752597959
1.3462661611601134 103.69022384322511 33.69006752597959
1.3462729858193019 103.69022733746144 32.56652530875935
1.3462805941118714 103.69023031107425 30.28881005724593
1.3462866205289459 103.69023266642938 28.478247043775703
1.346294037117097 103.69023556511672 26.247988618032743
1.3463010127552903 103.69023829146388 24.153930024707723
1.3463069708715631 103.69024062012446 22.372373827269755
1.3463142135448378 103.69024345083918 21.50358757217808
1.3463217840448245 103.69024640968115 21.50358757217808
1.34632764595881 103.69024870074212 21.503587572177697
1.3463347732786652 103.69025081044747 20.672143078742646
1.3463415230893736 103.69025155677424 18.331022742880272
1.3463499532061172 103.69025248889247 15.387274377353267
1.3463545673453712 103.69025299907797 13.771808840801137
1.3463607967892097 103.69025368786771 11.591710225626766
1.346366054124192 103.69025426917136 9.756845106362032
1.3463712047807908 103.69025483867956 7.967486162129853
1.3463785368495265 103.69025564938653 6.380759909661764
1.3463840415722965 103.69025625804382 6.380759909661103
1.3463926847772132 103.6902572137231 6.380759909661103
1.3463974646872836 103.6902577422378 6.380759909661103
1.3464025253248275 103.69025830179255 6.380759909661103
1.346407609569636 103.69025886395757 6.380759909661103
1.346414499353121 103.69025962576096 6.380759909661103
