632935606
1.3094138083099973 103.87607125661604 165.63166470987832
1.3094052014139579 103.87607345132761 165.63166470987898
1.3093966912900261 103.87607562136279 165.63166470987832
1.3093899777209483 103.87607733328623 165.63166470987832
1.3093826273845635 103.87607920758185 165.63166470987832
1.309374525086816 103.87608127362347 165.63166470987832
1.3093677650086666 103.87608299740641 165.63166470987832
1.3093598295366633 103.87608502090829 165.63166470987898
1.3093518668010415 103.87608705136223 165.63166470987832
1.3093443998844267 103.87608895538501 165.63166470987832
1.3093368640001104 103.87609087699413 165.63166470987832
1.3093294534834745 103.87609276663515 165.63166470987898
1.3093219469008928 103.87609468077243 165.63166470987832
1.3093169059314944 103.8760959661919 165.63166470987832
1.309309735602179 103.8760977945864 165.63166470987898
1.309305199190521 103.87609895134636 165.6316647098777
1.3093004518669042 103.8761001618877 165.63166470987832
1.3092942328356727 103.87610174770639 165.63166470987832
1.3092888315703888 103.87610312499922 165.63166470987832
1.3092802956236214 103.87610530161852 165.63166470987832
1.309273407876851 103.87610705795588 165.63166470987832
1.3092685045487493 103.8761083082774 165.63166470987832
1.309261416474139 103.87611011569722 165.63166470987832
1.309252925283786 103.87611228090373 165.63166470987898
1.309244224037522 103.87611449967328 165.63166470987898
1.3092387925038362 103.87611588468424 165.63166470987832
1.3092307097009894 103.87611794575412 165.63166470987832
1.3092239578775726 103.87611966743155 165.63166470987832
1.309217344403583 103.87612135383067 165.63166470987832
1.309211653552074 103.87612280496616 165.63166470987832
1.3092058735881846 103.87612427882476 165.63166470987832
1.3091992762735845 103.87612596110324 165.63166470987832
1.3091925942218698 103.8761276649892 165.63166470987898
1.3091843237387781 103.87612977391625 165.63166470987898
1.30917765524716 103.87613147434438 165.63166470987832
1.3091724398125402 103.8761328042511 165.63166470987832
1.3091647764799446 103.87613475835808 165.63166470987832
1.309160314082113 103.87613589624455 165.63166470987832
1.309154313934134 103.87613742624873 165.63166470987898
1.3091497486346877 103.87613859037452 165.63166470987832
1.3091440537115675 103.87614004254802 165.63166470987832
1.3091384746011767 103.87614146518989 165.63166470987832
1.309130000952661 103.87614362592272 165.63166470987832
1.309122169609364 103.87614562287132 165.63166470987832
1.3091140483575812 103.8761476937449 165.63166470987832
1.3091074054141887 103.87614938765812 165.63166470987898
1.309099799696629 103.8761513270733 165.63166470987832
1.309092691028419 103.87615313974368 165.63166470987832
1.3090846589963359 103.87615518786659 165.63166470987832
1.3090799920485476 103.87615637791197 165.63166470987832
1.309071582144457 103.87615852239004 165.63166470987832
1.3090656025243017 103.87616004715942 165.63166470987832
1.30905788992551 103.87616201382853 165.63166470987898
1.3090512295455998 103.87616371218775 165.63166470987832
1.3090425487215984 103.87616592574875 165.63166470987832
1.3090345203902742 103.87616797292776 165.63166470987832
1.309027294260143 103.87616981555 165.63166470987832
1.309021987593719 103.87617116871984 165.63166470987832
1.3090170308447617 103.8761724326627 165.63166470987832
1.3090095443168557 103.87617434168479 165.63166470987832
1.3090048892909045 103.87617552868997 165.63166470987832
