541158245
1.3061738691447171 103.87678092084484 188.76628016183818
1.3061686953863725 103.87678013050639 188.76628016183952
1.306161245214076 103.87677899242506 188.76628016183818
1.3061528735909975 103.87677771358378 188.76628016183932
1.3061461432023138 103.87677668545591 188.76628016183932
1.3061402298146705 103.87677580074201 188.742672159445
1.3061352988405204 103.87677510865434 188.66508030869377
1.306128474176496 103.8767741507775 188.5576886605185
1.306120838071318 103.87677307901072 188.43752718209535
1.3061146178498146 103.8767722059705 188.33964581198038
1.306106955918147 103.87677113057882 188.21907837416157
1.3061006759379936 103.87677024915115 188.12025844994764
1.3060920978300135 103.87676904516934 188.0662274870694
1.3060846165991096 103.87676799513989 188.0662274870694
1.3060768375635143 103.87676690331199 188.0662274870694
1.3060688520809758 103.87676578250819 188.06622748706923
1.3060634992662765 103.87676503121295 188.06622748706923
1.30605847409068 103.87676432590351 188.0662274870694
1.3060516861629932 103.87676337318271 188.0662274870694
1.3060429077873636 103.8767621410922 188.06622748706923
1.3060346676670564 103.87676098454861 188.0662274870694
1.3060276132129807 103.87676006413734 187.9776152390194
1.306022492204991 103.87676006225762 187.06543801054912
1.3060154804223456 103.87676005968383 185.81407922968262
1.3060108115066396 103.87676005797005 184.9798353952863
1.3060049093638408 103.87676005580354 183.92472208150025
1.3059986025472545 103.8767600534885 182.79738293789296
1.3059907323866793 103.87676005059959 181.3920640242232
1.305985062409539 103.87676004851826 180.38150313199037
1.3059804488264777 103.87676004682471 180.04677205451932
1.3059731591264443 103.87676004414884 180.04677205451932
1.3059672527677297 103.87676004198072 180.04677205451932
1.3059583180389325 103.87676003870092 180.04677205451932
1.3059494705798225 103.87676003545313 180.04677205451932
1.3059426531074902 103.8767600329505 180.04677205451932
1.3059376874870037 103.87676003112767 180.04677205451932
1.3059312940241292 103.87676002878068 180.04677205451932
1.3059234163293147 103.87676002588881 180.04677205451932
1.3059179278726367 103.87676002387401 180.04677205451932
1.3059102518131915 103.8767606206157 179.2768469966454
1.305904381219143 103.87676111759059 178.6354148094382
1.3058968323503108 103.87676175663971 177.81025249455385
1.3058890391650437 103.87676241637142 176.95829698484428
1.3058822219151662 103.87676299348534 176.2132514433022
1.3058746592109634 103.87676363370564 175.3872960791301
1.305868243564994 103.87676417682178 175.15558898196394
1.3058601652582826 103.87676486069032 175.15558898196394
1.3058546624143457 103.8767653265332 175.15558898196528
1.305849189089193 103.8767657898772 175.15558898196528
1.305843513304063 103.87676627036038 175.15558898196528
1.30583464533845 103.87676702107736 175.15558898196528
1.3058272958319723 103.87676764324928 175.15558898196528
1.3058195555728742 103.8767682985003 175.15558898196528
1.3058113060576575 103.87676899686232 175.15558898196528
1.3058037439227619 103.8767696370342 175.15558898196517
1.3057990117686622 103.8767700376343 175.15558898196528
1.3057934363944232 103.8767705096171 175.15558898196528
1.3057860468102847 103.87677113518166 175.15558898196394
1.3057813236984617 103.87677153501623 175.15558898196528
1.3057761590870092 103.87677197222591 175.15558898196394
1.3057673792916147 103.87677271547861 175.15558898196528
1.3057606777968893 103.87677328279295 175.15558898196528
1.3057519692501904 103.87677402001404 175.15558898196528
1.3057466553456067 103.87677446986204 175.15558898196528
1.3057416809497797 103.87677489096897 175.15558898196528
1.305733796066728 103.87677555846285 175.15558898196394
1.3057271649005244 103.87677611982345 175.15558898196394
1.3057226414275676 103.87677650275751 175.15558898196394
1.3057169912477895 103.8767769810728 175.15558898196528
1.3057101134123903 103.87677756331509 175.15558898196528
