708727404
1.4425669769543317 103.76793818388842 358.1608591765924
1.4425722429617696 103.76793801303845 358.16085917659234
1.4425798259720541 103.7679377670158 358.16085917659234
1.4425883468627672 103.76793749056455 358.1608591765911
1.4425951972555666 103.76793726831082 358.1608591765911
1.4426012122359027 103.76793704699881 358.12751789533803
1.4426062183569535 103.76793679527185 358.0137007667128
1.4426131470272747 103.76793644687172 357.8561687613047
1.4426208995049252 103.7679360570474 357.6799028338288
1.4426272145211636 103.76793573950413 357.53631945952054
1.4426349932188973 103.7679353483613 357.3594587348613
1.4426413689044972 103.7679350277673 357.21450160196343
1.442650077740862 103.76793458985348 357.13395756244574
1.442657672984 103.76793420793538 357.13395756244574
1.442665570570306 103.76793381081428 357.13395756244716
1.442673677749761 103.76793340315402 357.13395756244586
1.4426791121401255 103.76793312989186 357.13395756244574
1.442684213898244 103.76793287335576 357.133957562447
1.4426911052723914 103.76793252683079 357.13395756244716
1.4427000174284526 103.76793207869311 357.13395756244705
1.4427083831263063 103.7679316580334 357.13395756244574
1.4427155401180327 103.7679312981521 357.13395756244705
1.4427206880582542 103.76793103929369 357.13395756244574
1.442727736717026 103.76793068485976 357.13395756244705
1.4427324301873314 103.76793044885385 357.13395756244574
1.442738363370474 103.76793015051032 357.13395756244705
1.4427447033556475 103.7679298317112 357.13395756244705
1.4427526149066914 103.76792943388762 357.13395756244705
1.4427583147031704 103.76792914727965 357.13395756244705
1.4427629525498207 103.76792891407064 357.13395756244574
1.442770280587577 103.76792854558832 357.1339575624472
1.4427762180087953 103.7679282470316 357.13395756244574
1.4427851997267833 103.76792779539572 357.13395756244574
1.4427940937161148 103.76792734817117 357.13395756244574
1.4428009470426357 103.7679270035591 357.13395756244574
1.4428059387781218 103.76792675255507 357.13395756244705
1.4428123658652467 103.76792642937595 357.13395756244705
1.4428202392956122 103.76792550759689 356.4640391452521
1.4428257223200658 103.76792483718543 355.96095927423477
1.4428334163065626 103.76792389643886 355.25480577751387
1.4428393023391326 103.76792317675144 354.71453790024214
1.4428468710600137 103.76792225132105 354.01992682892586
1.4428546847398245 103.76792129593943 353.3031624120931
1.4428615199177175 103.76792046019959 353.01577116692323
1.4428691025103237 103.76791953307301 353.0157711669235
1.442875535028155 103.76791874656654 353.0157711669219
1.442883634579181 103.76791775623121 353.0157711669219
1.4428891518944793 103.76791708162686 353.0157711669219
1.4428946396133595 103.76791641064126 353.0157711669219
1.4429003303246404 103.76791571483568 353.01577116692323
1.4429092216111725 103.76791462769442 353.0157711669219
1.442916590445324 103.76791372670402 353.0157711669219
1.4429243510596843 103.7679127778105 353.0157711669219
1.4429326222693883 103.76791176648616 353.0157711669235
1.442940204291095 103.76791083942916 353.0157711669219
1.4429449488897514 103.76791025930505 353.0157711669219
1.442950538926032 103.76790957580891 353.0157711669222
1.4429579479431858 103.76790866990517 353.0157711669219
1.4429626834757718 103.76790809088952 353.0157711669219
1.442967861669031 103.76790745774956 353.0157711669219
1.4429766645533697 103.76790638141699 353.01577116692323
1.4429833836715538 103.76790555986742 353.01577116692323
1.4429921151198042 103.76790449226932 353.0157711669235
1.4429974429987762 103.76790384082713 353.0157711669219
1.4430024304761535 103.767903231006 353.01577116692323
1.443010336094678 103.76790226438239 353.0157711669219
1.4430169846993521 103.76790145145442 353.0157711669219
1.4430215200680174 103.76790089691279 353.0157711669222
1.4430271851064824 103.76790020424589 353.01577116692323
1.4430340810290154 103.76789936107818 353.0157711669219
1.443040921647801 103.76789852467249 353.0157711669219
1.443048438507039 103.76789760558252 353.0157711669219
1.4430571882606664 103.76789653574593 353.0157711669219
1.4430645265044788 103.76789563849529 353.0157711669235
1.443071166039661 103.76789482667607 353.0157711669219
1.4430757727308663 103.76789426301534 353.01526706381526
1.443083602642809 103.76789251864383 352.0185421352049
1.4430891914534147 103.76789127355167 351.3063953012862
1.4430976118806083 103.76788939762332 350.23286051719435
1.4431027381065031 103.76788825558711 349.579251311896
1.4431088502624807 103.7678868939024 348.80015999506253
1.4431149483146597 103.76788553535975 348.0233835297312
1.443119830040105 103.76788444779405 347.4021080319665
1.4431281005089662 103.76788260527373 347.39361015561184
1.4431326239316808 103.76788159753178 347.39361015561
1.4431388338635411 103.76788021406414 347.39361015561
1.4431467136910212 103.76787845857201 347.39361015561
1.4431547105889042 103.76787667699853 347.3936101556106
1.4431603289553645 103.76787542532158 347.39361015561127
1.4431653087957512 103.7678743158974 347.3936101556106
1.4431702836069664 103.76787320759364 347.3936101556106
1.443177578882831 103.76787158232956 347.39361015561127
1.4431822763126982 103.76787053582164 347.3936101556106
1.443189959751496 103.76786882408136 347.3936101556106
1.4431984944768084 103.76786692268882 347.39361015561127
1.4432051135590416 103.76786544806916 347.39361015561127
1.443210008293804 103.76786435760495 347.39361015561184
1.4432154938132649 103.76786313552387 347.39361015561184
1.4432214840353523 103.76786180100355 347.39361015561
1.4432266280530923 103.76786065500326 347.39361015561
1.4432326320294386 103.76785931741868 347.3936101556106
1.4432401639575505 103.76785763943224 347.3936101556106
1.4432451109031685 103.76785653733621 347.39361015561
1.4432536873459714 103.76785462664944 347.39361015561127
1.443259675752471 103.76785329253349 347.39361015561184
1.4432680420328257 103.76785142866729 347.3936101556106
1.443273167604256 103.76785028677637 347.39361015561
1.4432780995714478 103.76784918801721 347.39361015561
1.4432833340887943 103.76784778432264 347.0980126256375
1.4432916624577274 103.7678451490201 346.12673981538023
1.4432971672504251 103.7678434071671 345.48433047301694
1.4433032955030916 103.76784146803588 344.7689917965052
1.4433112391062515 103.76783895448267 343.8418352188747
1.443318198680452 103.76783675230061 343.0299621483131
1.4433245497842604 103.76783474265365 342.3667067354067
1.4433310830946262 103.767832675352 342.36670673540794
1.4433374631709879 103.76783065653736 342.3667067354067
1.4433430980415007 103.76782887352432 342.36670673540794
1.4433513077267552 103.7678262757759 342.3667067354067
1.443359077649886 103.76782381717909 342.3667067354067
1.4433671361594038 103.76782126726636 342.3667067354075
1.4433739108374801 103.76781912358975 342.3667067354067
1.4433804106851653 103.76781706687629 342.3667067354075
1.4433858653234 103.76781534089308 342.3667067354075
1.4433905873802848 103.7678138467168 342.3667067354067
1.443398787841416 103.76781125188683 342.3667067354067
1.4434067123298093 103.76780874438147 342.3667067354075
1.4434151201524485 103.7678060839371 342.3667067354067
1.4434196863145776 103.7678046390897 342.36670673540874
1.4434252871111235 103.7678028668582 342.3667067354067
1.4434329045140417 103.76780045652218 342.36670673540794
1.4434381395533988 103.76779880002532 342.3667067354067
1.4434448415676429 103.76779667934103 342.3667067354075
1.4434511298641335 103.76779468956731 342.36670673540794
1.4434554631900416 103.76779331839498 342.3667067354067
1.4434612778746565 103.76779147848383 342.36670673540794
1.4434676062842764 103.76778947601724 342.3667067354067
1.4434755332615428 103.76778696772395 342.3667067354067
1.4434834762091207 103.76778445437724 342.3667067354067
1.4434908383563194 103.76778212481018 342.36670673540874
1.443495730259456 103.76778057688998 342.3667067354067
1.4435024784376784 103.76777844159797 342.36670673540794
1.443509182254095 103.76777632034313 342.36670673540874
1.4435143806373392 103.76777467544488 342.3667067354075
1.4435198881677038 103.76777293272475 342.3667067354067
1.4435272976393123 103.7677705881829 342.36670673540874
1.4435349063178935 103.76776818060694 342.3667067354067
1.4435422124296333 103.76776586877064 342.36670673540794
1.4435486598614042 103.76776367446084 342.1793428970092
1.4435550513571511 103.76776065256902 340.96302946844617
1.4435629599867745 103.76775691337804 339.4550121464057
1.443570658000893 103.76775327376573 337.9858328783431
1.4435766069849099 103.76775046109286 336.85079979998073
1.4435826698865533 103.76774759455981 335.69534850322344
1.4435869481416062 103.76774557180563 334.88131454914986
1.4435935695387516 103.76774244121646 334.58443874108286
1.4436010907004504 103.7677388852196 334.58443874108286
1.4436081236596445 103.76773556004427 334.5844387410817
1.4436149809232055 103.7677323179376 334.5844387410817
1.4436213604114305 103.76772930172255 334.5844387410817
1.4436259362825545 103.76772713825567 334.58443874108286
1.443631634548423 103.76772444412175 334.5844387410817
1.443636907900274 103.76772195088667 334.58443874108286
1.4436413996128792 103.76771982720977 334.5844387410817
1.4436455436539508 103.76771786791161 334.58443874108286
1.4436510039394512 103.76771528629443 334.5844387410817
1.4436551743640078 103.76771331452214 334.5844387410817
1.4436610207524072 103.76771055035589 334.5844387410817
1.4436676232318495 103.76770742871057 334.5844387410817
1.44367340053433 103.76770469720798 334.58443874108286
1.4436808496123013 103.76770117529166 334.58443874108286
1.443688931717384 103.76769735408071 334.5844387410817
1.4436942146836895 103.76769485629968 334.5844387410817
1.44369924985905 103.7676924756739 334.5844387410817
1.4437053476581434 103.76768959264069 334.5844387410817
1.4437102792138257 103.76768726100616 334.58443874108286
1.4437152899890344 103.7676848919167 334.58443874108286
1.4437227817761928 103.7676813498072 334.5844387410817
1.4437309367979048 103.76767749412107 334.58443874108286
1.443735457648112 103.76767535666754 334.5844387410817
1.4437409653816637 103.76767275261655 334.58443874108286
1.4437454025325915 103.76767065473592 334.58443874108286
1.4437514203603365 103.76766780951283 334.58443874108286
1.4437589636977561 103.7676642430302 334.58443874108286
1.443765646647746 103.76766108333787 334.5844387410817
1.4437721516341109 103.76765800778652 334.5844387410817
1.443778645271184 103.76765493760108 334.584438741084
1.4437851032110103 103.76765188429323 334.58443874108286
1.4437892900808105 103.76764990474511 334.5844387410817
1.4437960838000905 103.76764669268097 334.58443874108286
1.4438040947598336 103.76764290510663 334.58443874108286
1.4438083847146863 103.76764087681993 334.58443874108286
1.4438159178780983 103.76763731514716 334.58443874108286
1.4438237866709724 103.76763354394544 334.5258987200542
1.4438298368369398 103.76763063708258 334.4725324675609
1.4438347860200387 103.76762825919792 334.4288774818423
1.4438425542537605 103.7676245268721 334.3603566151629
1.443849777787167 103.76762105625296 334.2966404689646
1.4438555435072695 103.76761828605483 334.2457833450881
1.4438620575369583 103.7676151563238 334.2253182554098
1.4438685390517894 103.76761204221482 334.22531825540864
1.443873353833808 103.76760972890435 334.2253182554098
1.4438780034345977 103.76760749495685 334.2253182554098
1.4438826902066062 103.76760524315004 334.2253182554098
1.4438888519253699 103.76760228269018 334.2253182554098
1.4438967095935047 103.7675985073943 334.2253182554086
1.443904496827417 103.7675947659392 334.2253182554086
1.443912028802228 103.76759114712587 334.2253182554098
1.443919073862829 103.7675877622553 334.2253182554098
1.4439248184107738 103.76758500222917 334.2253182554075
1.4439315082625401 103.76758178802223 334.2253182554086
1.4439390335562559 103.76757817241868 334.2253182554098
1.4439441345241066 103.76757572160703 334.2253182554086
1.4439517768722976 103.76757204976339 334.2253182554086
1.4439587626897832 103.76756869335654 334.2253182554075
1.4439657184216117 103.7675653514046 334.2253182554098
1.4439710398090047 103.76756279469001 334.2253182554086
1.4439761868059697 103.76756032176303 334.2253182554098
1.4439809728880466 103.76755802224126 334.2253182554098
1.4439862956419522 103.76755546487004 334.2253182554098
1.4439938991157713 103.7675518117037 334.22531825540864
1.444000554034182 103.7675486142804 334.2253182554098
1.4440066468092907 103.76754568694452 334.2253182554098
1.4440139060353974 103.76754219917535 334.2253182554098
1.4440191435559047 103.76753968275523 334.2253182554098
1.444024018870213 103.76753734036073 334.2253182554086
1.4440314127538847 103.76753378789383 334.2253182554086
1.4440380854467612 103.76753033457832 333.9413503741508
1.4440459087549993 103.76752614106402 333.4421626692163
1.444053634528695 103.76752199983093 332.94912559424006
1.4440608737466682 103.76751811940544 332.4871385947957
1.4440672571464193 103.76751469772265 332.0798161176834
1.4440734409106897 103.76751138305008 331.6856605975687
1.4440791876578047 103.76750830263101 331.68566059756984
1.4440832425372325 103.7675061291009 331.6856605975687
1.4440902639880078 103.76750236540454 331.68566059756864
1.4440961407948438 103.7674992152697 331.68566059756984
1.4441019817928809 103.76749608432935 331.6856605975675
1.444106836561033 103.76749348203613 331.68566059756864
1.4441133012913072 103.76749001675756 331.6856605975687
1.444118708364365 103.76748711841319 331.68566059756864
