480455212
1.4391408605309062 103.76830207781832 357.75806336355873
1.4391480962212855 103.76830179246518 357.75806336355873
1.4391570584422522 103.76830143902299 357.7580633635587
1.4391617961783705 103.76830125218135 357.75806336355873
1.4391694348287443 103.76830095093665 357.75806336355873
1.4391773232102218 103.76830063984329 357.75806336355873
1.4391830441209497 103.76830041422825 357.7580633635587
1.4391901143283068 103.76830013540112 357.7580633635587
1.4391953623245037 103.76829992843633 357.7580633635574
1.4392007724757552 103.76829971507667 357.75806336355873
1.4392086050173722 103.76829940618536 357.7580633635587
1.439213807811881 103.76829920100315 357.7580633635574
1.439220932138988 103.76829892004162 357.7580633635574
1.43922732520096 103.7682986679189 357.7580633635574
1.4392335438845907 103.76829842267311 357.7580633635587
1.439241257595839 103.768298118468 357.7580633635574
1.439247464220501 103.76829787369775 357.7580633635574
1.4392525069576938 103.76829767482765 357.7580633635574
1.439260308576645 103.76829736715565 357.7580633635587
1.4392681657261914 103.76829705729371 357.75806336355873
1.4392757503227775 103.7682967581804 357.7580633635587
1.4392833775147622 103.7682964573872 357.7580633635574
1.439291661279635 103.76829613070078 357.7580633635574
1.439296842828329 103.76829592635626 357.75806336355873
1.439302196670043 103.76829571521704 357.7580633635574
1.4393068558187867 103.76829553147437 357.7580633635587
1.4393131644858874 103.76829528267972 357.7580633635587
1.439320192391274 103.76829500552044 357.75806336355873
1.4393276429655708 103.7682947116924 357.7580633635587
1.439335973086686 103.76829438317766 357.7580633635574
1.439344135583948 103.76829406127345 357.75806336355873
1.439351368974009 103.76829377601042 357.7580633635587
1.4393592423365353 103.76829346550879 357.7580633635574
1.439364159513559 103.76829327159017 357.7580633635574
1.4393705213910661 103.76829302069689 357.7580633635574
1.4393776450417062 103.76829273976156 357.75806336355873
1.4393852258165312 103.76829244079862 357.75806336355873
1.4393941118197267 103.76829209036137 357.7580633635574
1.43940046249906 103.76829183990965 357.7580633635574
1.4394092295707581 103.76829149416261 357.7580633635587
1.4394153614765308 103.76829125233864 357.7580633635574
1.4394198839750914 103.76829107398484 357.7580633635574
1.439426334516229 103.7682908195948 357.75806336355873
1.439432034004961 103.76829059482401 357.7580633635587
1.4394403214947933 103.76829026799015 357.7580633635587
1.4394485230437974 103.76828994454553 357.7580633635587
1.4394557400005437 103.76828965993028 357.7580633635574
1.4394641288793246 103.76828932909787 357.7580633635587
1.4394714131208177 103.76828904182904 357.7580633635587
1.4394787007571166 103.76828875442631 357.7580633635587
1.4394841420534439 103.76828853983774 357.7580633635574
1.439488967595084 103.7682883495327 357.7580633635574
1.4394935127519537 103.76828817028519 357.7580633635574
1.439498588426901 103.7682879701156 357.7580633635587
1.4395038570975265 103.76828776233482 357.75806336355873
1.439509916311985 103.76828752337732 357.7580633635587
1.4395156244837408 103.76828729826391 357.7580633635574
1.4395235182198751 103.76828698695827 357.7580633635574
1.439530129259605 103.76828672623836 357.75806336355873
1.439539156123613 103.76828637024545 357.75806336355873
1.4395481281983953 103.76828601641321 357.7580633635574
1.439555950401145 103.76828570792853 357.7580633635587
1.4395635115653 103.76828540973843 357.7580633635587
1.4395682368985698 103.76828522338513 357.7580633635574
1.4395752669102435 103.76828494614207 357.75806336355873
1.4395838432163248 103.76828460791769 357.7580633635587
1.4395903738110356 103.76828435037014 357.7580633635574
1.4395971636660658 103.76828408259811 357.75806336355873
1.4396027486034422 103.76828386234448 357.7580633635574
1.4396089619217678 103.76828361730932 357.7580633635587
1.4396155792152576 103.76828335634256 357.7580633635587
1.4396218501964515 103.76828310903333 357.7580633635587
1.4396272779054087 103.76828289498029 357.7580633635574
1.4396330767829395 103.76828266628942 357.7580633635587
1.4396383315021122 103.76828245905855 357.7580633635587
1.4396454366201792 103.76828217885334 357.7580633635587
1.43965362350012 103.76828185598652 357.7580633635574
1.4396611106833312 103.7682815607137 357.7580633635574
1.4396687751798347 103.76828125844814 357.7580633635574
1.4396751330078434 103.76828100771378 357.7580633635587
1.4396835013434908 103.76828067769078 357.7580633635587
1.4396899452174552 103.768280423563 357.75806336355873
1.4396969992354212 103.76828014537286 357.7580633635574
1.4397032268147154 103.76827989977505 357.7580633635574
1.4397079075104637 103.76827971518188 357.7580633635587
1.4397151219029893 103.76827943066696 357.75806336355873
1.4397229544689247 103.76827912177306 357.7580633635587
1.4397293297959075 103.76827887034847 357.7580633635587
1.4397368811597857 103.7682785725443 357.7580633635587
1.4397422772381596 103.76827835973843 357.7580633635587
1.4397467971819429 103.76827818148477 357.7580633635587
1.4397519817819309 103.76827797701897 357.7580633635587
1.4397590087041159 103.76827769989723 357.75806336355873
1.439765045435678 103.76827746182578 357.75806336355873
1.4397701968070884 103.76827725867037 357.7580633635587
1.4397771624570077 103.76827698396498 357.7580633635587
1.4397842203384372 103.76827670562223 357.7580633635587
