760839058
1.443637032281136 103.76890292932987 224.81944667061825
1.4436311340127579 103.7688971117855 224.81944667062007
1.4436277287366108 103.76889375311417 224.81944667061734
1.443623684909905 103.7688897646315 224.81944667062007
1.443619371783575 103.76888551053489 224.81944667061734
1.443615039014559 103.76888123706442 224.81944667062007
1.443609370050425 103.76887564568611 224.81944667061825
1.443604238551364 103.7688705844171 224.81944667062007
1.443598447494325 103.76886487261689 224.81944667062007
1.443592337120756 103.76885884587037 224.81944667062007
1.4435873999012996 103.76885397622208 224.81944667062007
1.4435841495220958 103.76885077032783 224.81944667062007
1.443580476620506 103.76884661194246 225.29883735899006
1.443574795893732 103.7688400714708 226.13824821396787
1.4435701864998949 103.76883476447207 226.81965133812545
1.4435642516801257 103.76882793145195 227.69705070550785
1.4435608582952884 103.76882402449813 228.1986116112664
1.4435569633267844 103.7688195400489 228.7740835710347
1.443553345894912 103.76881537513985 229.23639479905736
1.443549716541363 103.76881119650486 229.23639479905736
1.4435463506381647 103.7688073211919 229.23639479905822
1.4435410917700626 103.76880126642489 229.23639479905927
1.4435374692463316 103.76879440233448 231.47343066998596
1.4435355101312937 103.76878686801464 235.9510059626744
1.443533732887055 103.76878003312946 240.08380365812886
1.4435318809306323 103.76877291091793 244.41534289344472
1.4435297752388387 103.76876423756737 249.81879225385507
1.4435281739448016 103.76875601008442 255.26807344472203
1.443526931401991 103.76874962587303 256.88525341173806
1.443524315246332 103.76874452690714 255.31778311399705
1.4435203315617668 103.7687406359983 251.61589760925716
1.4435143930260725 103.76873483576473 245.91998476285346
1.4435080065141694 103.76872860811707 239.6251448749165
1.443503308183299 103.76872405582291 234.51807534189038
1.443497749351375 103.76871866977443 228.62578640204242
1.4434942703950961 103.76871529895345 225.0684350835192
1.4434888811701958 103.76871007724016 224.3960975244659
1.4434847073246995 103.76870459382802 225.6640394211265
1.4434815970227466 103.76869908347803 227.90852410540987
1.4434772155972464 103.76869132114872 231.1191335307271
1.4434737674904963 103.76868521232869 233.66852862331191
1.4434681748797957 103.76867981657556 233.72009004550515
1.443460163399189 103.76867575612474 230.3912586281003
1.443453080406381 103.7686721662585 225.3603212498986
1.4434451798534897 103.76866816202909 218.64956780693842
1.4434387055377023 103.76866488065802 213.2476463787421
1.4434312716495499 103.76866111294783 207.27731626301886
1.4434253274537994 103.7686570454279 208.2530631449792
1.443424615617842 103.76865254811318 213.18055232203835
1.4434234870745923 103.7686454180799 221.67740350093445
1.443422414595679 103.76863864225611 230.30275152260907
1.4434198788357762 103.76863178782725 237.91002034741723
1.4434161932022642 103.76862708462102 241.27924088442282
1.443412236437004 103.76862203542582 244.72864254752488
1.4434093345843864 103.76861808195434 247.44871630246024
1.4434056421546186 103.76861051482437 245.25417197057791
1.4434021354710376 103.76860332835588 242.26213186576467
1.4433986815816127 103.76859625008181 239.36985652658373
1.443395294018039 103.76858992055244 240.32385994460392
1.443388516533234 103.76858417681589 238.097851777734
1.4433848436361703 103.76858106413418 236.76543176522085
