709499443
1.4385733283649966 103.77100776647335 358.96138882922514
1.4385786942353007 103.77100766694237 358.96138882922514
1.4385835725786682 103.77100757645447 358.96138882922514
1.4385906760530005 103.7710074446928 358.96138882922645
1.438596119109162 103.77100734373009 358.96138882922514
1.4386021190903786 103.771007232437 358.9613888292264
1.438608173826641 103.77100712012823 358.9613888292251
1.4386161764289875 103.77100697168866 358.96138882922645
1.4386240170632856 103.77100682625341 358.96138882922645
1.438631439644824 103.77100668857257 358.9613888292251
1.4386381419086163 103.77100656425279 358.96138882922514
1.4386461732580782 103.77100641527991 358.96138882922514
1.4386546825180961 103.77100625744227 358.96138882922514
1.438663261840007 103.77100609830502 358.96138882922514
1.4386710608225193 103.77100595364222 358.9613888292251
1.4386773050533694 103.77100583781838 358.96138882922514
1.4386849922135443 103.77100569522973 358.96138882922514
1.4386902737228155 103.77100559726331 358.96138882922645
1.438695536315664 103.77100549964777 358.96138882922645
1.4387023380031128 103.77100537348365 358.96138882922514
1.438706936647121 103.77100528818363 358.96138882922514
1.438712873116669 103.77100517806838 358.96138882922645
1.4387218829569066 103.77100501094527 358.9613888292251
1.438727877566783 103.77100489975152 358.96138882922645
1.438736703761681 103.7710047360348 358.9613888292264
1.4387436511007614 103.77100460716886 358.96138882922645
1.4387509559287455 103.77100447167186 358.96138882922645
1.4387575408553006 103.77100434952828 358.9613888292264
1.4387624569153872 103.77100425834043 358.96138882922514
1.43876703883181 103.7710041733506 358.96138882922514
1.43877412391522 103.77100404192957 358.96138882922645
1.4387799696856476 103.77100393349652 358.96138882922645
1.4387846451281474 103.77100384677183 358.96138882922514
1.4387895028088118 103.77100375666683 358.96138882922645
1.4387971309346288 103.77100361517284 358.96138882922514
1.438801989864597 103.77100352504465 358.96138882922514
1.4388082901846577 103.77100340818008 358.96138882922645
1.438812823685543 103.77100332408823 358.96138882922645
1.438821766463911 103.7710031582087 358.96138882922514
1.4388263548439506 103.77100307309887 358.9613888292251
1.4388320645894612 103.77100296718882 358.96138882922645
1.438838988463913 103.77100283875787 358.96138882922645
1.4388464464284798 103.77100270042008 358.96138882922645
1.438854815926809 103.77100254517423 358.96138882922645
1.438862490214667 103.7710024028238 358.9613888292251
1.4388679881270712 103.77100230084298 358.9613888292251
1.4388760925184476 103.7710021505145 358.96138882922514
1.438883036304371 103.77100202171411 358.96138882922645
1.4388883934088106 103.77100192234508 358.96138882922645
1.4388931614055667 103.77100183390341 358.96138882922514
1.4389006416951424 103.77100169515136 358.96138882922514
1.4389080466048871 103.7710015577975 358.96138882922645
1.438916921144085 103.77100139318343 358.96138882922645
1.438923553350285 103.77100127016242 358.96138882922514
1.4389304706399264 103.77100114185336 358.96138882922645
1.4389371240264353 103.77100101843946 358.9613888292264
1.4389433260426967 103.77100090339802 358.96138882922645
1.4389519354297344 103.77100074370213 358.96138882922645
1.4389602334785112 103.77100058978125 358.96138882922514
1.4389689782626132 103.77100042757382 358.9613888292251
1.4389756225625279 103.77100030432837 358.96138882922514
1.4389825725564738 103.77100017541255 358.9613888292264
1.4389897200710005 103.77100004283288 358.9613888292251
1.4389981070695925 103.77099988726195 358.9613888292264
1.4390046889426502 103.77099976517438 358.96138882922645
1.439012724944513 103.77099961611405 358.9613888292264
1.4390199814430051 103.77099948151275 358.96138882922514
1.4390269772686552 103.77099935174668 358.9613888292264
1.4390336721592616 103.77099922756265 358.96138882922514
1.4390385026813974 103.77099913796093 358.96138882922514
1.4390468730446166 103.7709989826984 358.96138882922514
1.4390519952178678 103.77099888768679 358.9613888292264
1.4390608151639517 103.77099872408486 358.9613888292251
1.4390662891255674 103.77099862254788 358.9613888292251
1.439074200165713 103.7709984758053 358.9613888292264
1.4390796635630865 103.77099837446423 358.96138882922514
1.4390878990875742 103.7709982217027 358.96138882922645
1.439092918626172 103.77099812859478 358.96138882922645
1.4391011765423363 103.77099797541787 358.96138882922645
1.4391096665039373 103.77099781793669 358.96138882922645
1.4391147317148412 103.77099772398157 358.96138882922645
1.4391233323975676 103.77099756444656 358.96138882922514
1.4391289338972544 103.77099746054371 358.9613888292251
1.4391370193898048 103.770997310565 358.96138882922645
1.4391451213284134 103.77099716028118 358.96138882922645
1.4391507764861262 103.77099705538299 358.96138882922645
1.439159384752855 103.7709968957072 358.9613888292264
1.4391654978110837 103.7709967823153 358.96138882922514
1.4391707184708347 103.77099668547662 358.96138882922645
1.439177482674758 103.77099656000652 358.96138882922514
1.4391846837107602 103.77099642643354 358.96138882922514
1.4391914575047855 103.77099630078553 358.96138882922514
1.4391962317112623 103.77099621222811 358.9613888292251
1.4392033965306685 103.77099607932688 358.9613888292251
1.439210660032371 103.77099594459514 358.9613888292251
1.4392164867811503 103.77099583651393 358.96138882922514
1.4392224596477852 103.77099572572234 358.9613888292251
1.4392283911939285 103.7709956156972 358.96138882922645
1.4392373349716472 103.77099544979771 358.96138882922645
1.4392431617748929 103.77099534171542 358.96138882922514
