478325587
1.4395645936891097 103.77100780328958 359.78310849526576
1.439572905482833 103.77100776757476 359.78310849526576
1.4395775713923766 103.77100774752587 359.78310849526576
1.4395837882981324 103.77100772081253 359.78310849526576
1.439591074612856 103.77100768950403 359.78310849526576
1.4395963402093628 103.7710076668783 359.78310849526446
1.4396052300028985 103.77100762867978 359.78310849526576
1.4396097822279434 103.77100760911932 359.78310849526576
1.439618342771855 103.7710075723355 359.78310849526576
1.4396249207827643 103.77100754407041 359.78310849526446
1.4396309011639383 103.77100751837327 359.78310849526576
1.43963847103361 103.77100748584623 359.78310849526446
1.439645431613581 103.77100745593721 359.78310849526576
1.4396504328843047 103.7710074344472 359.78310849526576
1.4396593758155896 103.77100739602015 359.78310849526576
