15775495 5967016829 158103325 537.49
15775499 25455304 158103565 471.1
165370348 4748287569 5150273454 99.92
166741193 25455304 6737799775 198.8
34403107 395050030 158103565 345.18
34403109 395050049 395051079 68.4
34760645 395051079 139735890 522.17
469333091 5150273434 5150273454 99.05
481949081 4748287420 5150273421 176.97
481949082 4748287527 4748287534 48.34
506882382 4748287593 25451915 541.83
506882383 4748287568 4748287569 39.35
522398498 4965282245 4748287566 30.12
546182224 4748287526 4748287527 72.7
546182226 5278360762 4965282273 267.67
62272692 1726750768 395050030 512.63
631931875 158103565 440597432 182.21
633576832 1726742348 395050049 301.45
638069333 139735890 5150311497 41.35
651135161 5150221729 6545243879 117.44
652289910 4748287566 4748287568 71.59
655687093 4748287534 5150288906 15.26
655687569 5150288906 4748287536 72.07
655688364 4748287580 4965282252 120.37
655688603 4748287559 5150273440 27.37
655688725 4965282252 4748287559 26.2
655688982 5150273440 6143048838 43.39
655689130 6143048838 4965221267 78.6
655689131 4965221267 4965282245 101.03
696946492 5150221729 5967016829 44.49
696946493 6545243879 5636770771 641.02
696949302 4748287569 4748287593 107.87
696949600 5150273454 1842876701 175.49
696949688 1769204219 5150273434 31.53
696949689 4748287580 1769204219 66.76
700998527 139743964 6076049012 64.78
717446236 5150311497 25451915 102.9
717446237 6737799775 158103325 332.68
74535469 158103325 2143372100 218.27
74535470 139743964 7281822519 137.85
74662604 158103098 1726742348 221.76
750425969 4748287536 4748287566 43.49
750425972 4965282273 4748287526 79.11
779838553 7281822519 139735890 407.37
934406421 6076049012 1726750768 66.37
