631931875
1.338176333596686 103.97670546260464 292.2868565860826
1.3381781491292128 103.97670105618495 292.2868565860832
1.3381799006424686 103.97669680514427 292.2868565860832
1.3381817972102883 103.97669220204641 292.28685658608333
1.3381851533460665 103.97668405647865 292.2868565860827
1.3381883528113863 103.97667629116054 292.2868565860832
1.338190576859163 103.97667089324653 292.2868565860832
1.3381925537428685 103.97666609521637 292.2868565860832
1.338195262696699 103.97665952040255 292.2868565860832
1.3381976648157075 103.97665369029748 292.2868565860832
1.3381997680667679 103.97664858556507 292.28685658608333
1.3382017784799902 103.97664370615631 292.2868565860832
1.3382043903593663 103.97663736694851 292.2868565860832
1.3382069367343705 103.97663118672415 292.2868565860832
1.3382098679050918 103.9766240725745 292.2868565860832
1.3382116882993147 103.97661965435452 292.28685658608333
1.33821504923291 103.97661149714112 292.28685658608333
1.3382181612132833 103.97660394415396 292.2868565860832
1.3382207530646464 103.97659765355507 292.2868565860832
1.3382228004277341 103.97659268446606 292.2868565860832
1.338225161274175 103.97658695453165 292.2868565860832
1.338228234222386 103.97657949627789 292.2868565860832
1.3382315866114216 103.97657135980216 292.2868565860832
1.338234335917384 103.97656468704992 292.2868565860832
1.3382376784624044 103.97655657446607 292.2868565860832
1.3382410505997275 103.97654839005962 292.2868565860832
1.3382433530867701 103.976542801767 292.28685658608333
1.338245421890741 103.97653778063905 292.28685658608333
1.3382479805224223 103.97653157066588 292.2868565860832
1.3382500737714624 103.97652649020797 292.2868565860832
1.3382531634194201 103.97651899142203 292.28685658608333
1.3382561930266872 103.9765116383588 292.28685658608333
1.3382590704471014 103.97650465466337 292.2868565860832
1.3382614326966606 103.97649892132266 292.2868565860832
1.3382640477357057 103.97649257444453 292.2868565860832
1.3382660888851285 103.97648762043563 292.2868565860832
1.3382689587385068 103.97648065510563 292.2868565860832
1.3382708939895767 103.97647595811917 292.2868565860832
1.3382729417241148 103.97647098812759 292.2868565860827
1.338276069287733 103.97646339731702 292.2868565860832
1.338278845170982 103.97645666005866 292.2868565860832
1.3382816618041957 103.97644982389725 292.2868565860832
1.3382834073296375 103.97644558738762 292.28685658608333
1.338285868921719 103.97643961293521 292.2868565860832
1.3382888502318944 103.97643237709137 292.28685658608333
1.338292158248094 103.97642434830952 292.2868565860831
1.3382950007676593 103.9764174493198 292.2868565860832
1.3382973854564895 103.97641166151658 292.28685658608333
1.3383007287489566 103.97640354711653 292.2868565860832
1.3383025181297514 103.9763992041666 292.2868565860832
1.3383056947775933 103.97639149422433 292.28685658608333
1.3383086239132378 103.97638438501106 292.28685658608333
1.338311220120774 103.97637808383708 292.2868565860832
1.338314221391162 103.97637079954767 292.2868565860832
1.3383172010941327 103.97636356760374 292.2868565860832
1.3383204690294195 103.97635563610011 292.2868565860833
1.3383232993288137 103.9763487667688 292.28685658608265
1.3383253825370576 103.976343710679 292.28685658608265
1.3383271385180222 103.97633944879233 292.2868565860832
1.3383300203683801 103.97633245434307 292.2868565860832
1.3383325270684827 103.97632637040925 292.2868565860832
1.338335720834561 103.97631861891888 292.2868565860832
1.3383385399090668 103.9763117768307 292.2868565860833
1.338340728055951 103.9763064660473 292.28685658608333
1.3383429713103514 103.9763010215141 292.2868565860832
1.3383462692334849 103.97629301722704 292.2868565860832
1.3383496384833713 103.9762848398249 292.2868565860832
1.3383514992867813 103.97628032352648 292.2868565860832
1.338354755245786 103.97627242108898 292.2868565860833
1.3383572270348576 103.97626642188601 292.28685658608333
1.3383595390377034 103.97626081049522 292.2868565860833
1.3383614218550803 103.9762562407672 292.2868565860833
1.3383639303093475 103.97625015257509 292.2868565860833
1.3383659098199605 103.9762453481658 292.28685658608333
1.3383677968347616 103.97624076825024 292.2868565860833
1.338370916808433 103.97623319585803 292.28685658608333
1.3383742427309533 103.97622512361357 292.2868565860833
1.3383763818749257 103.97621993176287 292.2868565860833
1.3383795450793379 103.97621225444638 292.2868565860833
1.3383818561478986 103.97620664532262 292.28685658608333
1.3383843279163012 103.97620064616918 292.2868565860832
1.3383876601890008 103.97619255851195 292.2868565860832
1.338390998443332 103.97618445633681 292.2868565860833
1.3383939328817551 103.9761773342508 292.28685658608333
1.3383971017194354 103.97616964326141 292.2868565860832
1.338399094567101 103.97616480648153 292.2868565860832
1.3384019937160074 103.9761577700454 292.2868565860833
1.3384051205087246 103.97615018110183 292.2868565860833
1.338408085317351 103.97614298530483 292.2868565860832
1.3384106964429638 103.97613664792105 292.2868565860833
1.3384131903437975 103.97613059504992 292.2868565860833
1.3384159711788448 103.97612384576938 292.2868565860832
1.3384182825742619 103.97611823585149 292.2868565860833
1.338420228035001 103.97611351408256 292.28685658608265
1.338422361340016 103.97610833640242 292.28685658608265
1.3384243181000484 103.97610358720921 292.2868565860833
1.338427498281381 103.97609586868703 292.2868565860833
1.3384302617116763 103.97608916164863 292.2868565860833
1.3384330452248352 103.97608240586766 292.2868565860833
1.3384363991128896 103.97607426574685 292.2868565860833
1.3384395467696177 103.97606662616379 292.2868565860832
1.3384421611634558 103.97606054806393 292.4158764028412
1.338444107037766 103.9760561418148 292.5687106308044
1.3384461559469083 103.97605150225294 292.7296441002661
1.3384493795782058 103.97604420264331 292.9828548955734
1.3384529597888568 103.97603609559319 293.2640747984954
1.3384565335499188 103.97602800314745 293.54477546218345
1.3384587009774407 103.97602309521166 293.714917235653
1.3384619083009313 103.97601583252919 293.7149172356537
1.3384639808053473 103.97601113953775 293.7149172356536
1.33846679965534 103.97600475651686 293.714917235653
1.3384697867639044 103.97599799249015 293.7149172356536
1.3384720991210093 103.9759927563747 293.714917235653
1.3384745491350183 103.97598720854806 293.7149172356536
1.3384768753421645 103.97598194107039 293.7149172356537
1.3384788439512179 103.97597748334 293.7149172356537
1.33848165510112 103.97597111775485 293.71491723565305
1.3384835135688882 103.975966909429 293.714917235653
1.3384859160417844 103.97596146925451 293.7149172356536
1.3384895069318143 103.97595333802083 293.714917235653
1.3384926145632243 103.97594630108087 293.7149172356537
1.338494687118251 103.97594160797429 293.7149172356536
1.3384980633350743 103.97593396284768 293.714917235653
1.338501342732366 103.97592653695976 293.7149172356537
1.338504789158552 103.97591873285045 293.71491723565305
1.3385074858291763 103.9759126264923 293.714917235653
1.3385104314246163 103.97590595646717 293.714917235653
1.3385130351583332 103.97590006055583 293.71491723565305
1.338515596354621 103.97589426096646 293.714917235653
1.338518650190737 103.97588734584022 293.714917235653
1.3385210989821636 103.97588180078104 293.7149172356537
1.3385239613747304 103.97587531916068 293.71491723565305
1.3385258078873572 103.97587113790544 293.7149172356536
1.3385293734371841 103.97586306405105 293.71491723565305
1.3385317884240533 103.9758575955389 293.7149172356536
1.3385338506082274 103.97585292591545 293.714917235653
1.3385370910337577 103.97584558827442 293.7149172356536
1.338539900938218 103.97583922550811 293.7149172356535
1.338543365621563 103.97583138005601 293.7149172356531
1.3385465910546281 103.97582407636378 293.714917235653
1.3385491378589938 103.97581830936284 293.7149172356536
1.3385511254400901 103.97581380867081 293.714917235653
1.338553138927236 103.9758092493169 293.7149172356537
1.338556401797342 103.97580186085169 293.714917235653
1.3385599240072463 103.9757938851356 293.714917235653
1.3385622626413471 103.97578858951655 293.7149172356536
1.3385651924549935 103.97578195522642 293.7149172356536
1.3385685262414462 103.97577440617742 293.71491723565305
1.3385711482660363 103.97576846884682 293.714917235653
1.3385740667697055 103.97576186016687 293.7149172356536
1.3385771271672215 103.97575493018142 293.7149172356537
1.338578973360717 103.97575074964797 293.7149172356536
1.3385811015803248 103.97574593049261 293.714917235653
1.3385840274930987 103.97573930503518 293.7149172356537
1.3385876073214191 103.97573119884669 293.7149172356536
1.3385904771704455 103.97572470034025 293.7149172356537
1.3385940092788204 103.97571670220894 293.71491723565356
1.338596974935775 103.9757099867542 293.7149172356537
1.3386003549969068 103.97570233291957 293.71491723565305
1.3386030736981942 103.97569617667284 293.7149172356536
1.3386055660230378 103.97569053303451 293.7149172356536
1.3386076484332237 103.97568581760983 293.71491723565356
1.3386097214188766 103.9756811235261 293.7149172356536
1.3386119927046904 103.97567598041002 293.714917235653
1.338614500377356 103.97567030201776 293.714917235653
1.3386172927828373 103.9756639788744 293.7149172356536
1.3386204655888827 103.97565679434912 293.714917235653
1.3386233073909415 103.97565035935163 293.714917235653
1.3386268799044911 103.97564226972558 293.71491723565305
1.3386297235034343 103.97563583065903 293.7149172356537
1.3386326953342405 103.97562910122326 293.7149172356536
1.3386346206434605 103.97562474153871 293.714917235653
1.3386365326237897 103.97562041203618 293.7149172356536
1.3386393687149514 103.97561398997009 293.7149172356537
1.3386425752414897 103.97560672908727 293.7149172356537
1.3386460669264977 103.97559882248939 293.7149172356536
1.338648596923917 103.97559309354406 293.7149172356536
1.338651686012324 103.9755860985888 293.7149172356537
1.3386538750924701 103.97558114161905 293.7149172356537
1.3386572799305565 103.97557343167765 293.71491723565305
1.3386592885803235 103.97556888327573 293.7149172356536
1.338662914674661 103.97556067231982 293.7149172356536
1.3386658457121163 103.97555403525598 293.71491723565305
1.3386692008701777 103.97554643781005 293.7149172356537
1.338671080109464 103.97554218244603 293.71491723565305
1.3386740591953366 103.97553543658077 293.71491723565305
1.3386772341299478 103.97552824723401 293.7149172356535
1.3386804582788894 103.97552094644585 293.71491723565305
1.33868246625586 103.97551639956703 293.7149172356535
1.338685374785203 103.97550981347025 293.71491723565305
1.338688711883386 103.9755022569187 293.71491723565305
1.3386917611947393 103.97549535203386 293.71491723565305
1.3386940874848487 103.975490084364 293.71491723565356
1.3386975203200544 103.97548231102455 293.7149172356536
1.3387009184091911 103.97547461636427 293.71491723565305
1.338703121837034 103.97546962690456 293.7149172356537
1.33870596864455 103.97546318057066 293.7149172356535
1.3387079851682204 103.97545861433815 293.7149172356535
1.3387109391946794 103.9754519252167 293.71491723565305
1.338713984342245 103.9754450297598 293.7149172356535
1.338715963454021 103.97544054824296 293.71491723565305
1.3387185063300777 103.97543479013363 293.71491723565305
1.3387206850229463 103.97542985668365 293.71491723565305
1.3387235807801556 103.97542329950724 293.71491723565305
1.3387261377957183 103.97541750938014 293.71491723565305
1.3387289298673188 103.97541118699014 293.71491723565293
1.3387310889407287 103.97540629796646 293.71491723565305
1.3387336183856675 103.97540057027032 293.71491723565305
1.3387372014150452 103.97539245682877 293.7149172356537
1.3387401332434359 103.97538581797207 293.71491723565305
1.3387430488275167 103.97537921589904 293.714917235653
1.338745170846146 103.97537441078224 293.714917235653
1.338747191892573 103.9753698343077 293.71491723565305
1.3387501923244733 103.97536304010437 293.7149172356535
1.338752853611243 103.97535701386408 293.7149172356536
1.3387547171657428 103.97535279401548 293.714917235653
1.3387574755949772 103.97534654780485 293.7149172356537
1.3387599366358534 103.97534097500292 293.7149172356537
1.3387630862835722 103.9753338429137 293.71491723565305
1.338765764836079 103.97532777757642 293.714917235653
1.338767847071663 103.97532306254426 293.714917235653
1.3387707682312266 103.97531644784539 293.7149172356535
1.338774376074064 103.9753082782149 293.71491723565305
1.3387773189175785 103.97530161441452 293.71491723565305
1.338780229744087 103.97529502311366 293.71491723565305
1.3387832915541873 103.97528808992415 293.714917235653
1.3387868831024528 103.97527995719084 293.7149172356536
1.3387900942668698 103.97527268580194 293.7149172356537
1.3387920360736556 103.97526828875756 293.71491723565305
1.3387939824076043 103.9752638814618 293.7149172356536
1.3387964620515191 103.97525826653421 293.714917235653
1.3387995899627727 103.97525118366426 293.714917235653
1.3388019296307276 103.97524588569934 293.7149172356536
1.3388039108790033 103.9752413993431 293.7149172356537
