15775495
1.3383701804236923 103.9770833429851 112.3738250433856
1.3383613210334295 103.97710475257335 112.3738250433856
1.3383436022519821 103.97714757174974 112.37382504338548
1.3383170240775033 103.97721180051408 112.37382504338548
1.3382829494907866 103.97729414508328 112.3738250433862
1.3382488748995192 103.97737648965197 112.3738250433856
1.3382148003037002 103.97745883422017 112.37382504338548
1.338180725703331 103.97754117878783 112.3738250433856
1.3381466028724858 103.97762350347246 112.44059510671437
1.3381119917150326 103.97770562683156 112.74525881401821
1.3380773805530204 103.97778775019009 112.74525881401762
1.3380427693864498 103.97786987354806 112.74525881401762
1.3380081582153216 103.97795199690547 112.74525881401821
1.3379735470396352 103.97803412026234 112.74525881401821
1.3379389358593914 103.97811624361862 112.74525881401786
1.3379043246745899 103.97819836697434 112.74525881401821
1.337869713485231 103.97828049032951 112.74525881401796
1.3378369514126516 103.97836335822421 111.42265996348532
1.3378042572259732 103.97844625345432 111.42265996348532
1.337780860514923 103.9785321331828 104.43373011044565
1.3377600574187476 103.97861871431289 102.46770207365478
1.3377413885376461 103.97870579348854 102.04888569751726
1.3377307334277286 103.97879406506289 95.032865900908
1.3377229095049123 103.9788827579018 95.03286590090794
1.337724210166553 103.97897166164361 87.68005504649587
1.337727874720555 103.97906062002589 87.68005504649587
1.337739892970168 103.97914876432962 81.16416225881832
1.3377536939663621 103.97923673490487 81.16416225881832
1.3377737950497746 103.97932347605666 76.65999332621261
1.3377978383736033 103.97940913113781 72.21828776560164
1.337827309773405 103.97949321090113 70.82229536551971
1.337860167810925 103.9795759798185 66.65695561533234
1.3378957079464022 103.97965771059295 66.65695561533293
1.3379374805098314 103.97973641272912 61.26521176759428
1.337982160404667 103.9798134952749 58.904152185500514
1.3380335478339578 103.9798864335052 55.031398092484466
1.3380879234481973 103.97995712700998 50.83364608873201
1.3381445465313084 103.98002613221638 50.83364608873285
1.3382085096062888 103.98008821745697 42.21983500378291
1.3382751121637142 103.98014777574701 41.802989615421524
1.3383428298853675 103.98020608405898 40.93644645766474
1.338410547608057 103.98026439237378 40.936446457665305
1.3384841734243742 103.9803148831811 32.91693143327787
1.338559416085721 103.98036323460401 32.916931433277504
1.3386381539240284 103.98040530767706 25.027214717260712
1.3387193642759432 103.98044293940018 25.02721471726191
1.3388005746291338 103.98048057112416 25.02721471726163
1.338882664462481 103.98051626049732 23.464874171241576
1.3389648772716292 103.98055167827872 23.46487417124277
1.3390470900820275 103.98058709606076 23.46487417124277
1.3391293028936762 103.98062251384347 23.46487417124277
1.3392115157065745 103.98065793162685 23.464874171241828
1.339293728520724 103.98069334941091 23.464874171241828
1.3393759413361226 103.98072876719563 23.464874171243036
1.339458154152771 103.98076418498103 23.464874171242517
