655687569
1.336510316458783 103.98202112295046 352.41454566243664
1.3365171980636619 103.98202100256701 353.46059686612114
1.3365230750286252 103.98202089975824 354.355080482241
1.336527694220386 103.98202081895234 355.0585684504882
1.336536433310479 103.98202066607492 356.389756970402
1.3365436365697962 103.98202054006454 357.4864011435341
1.336548895935675 103.9820204480597 358.2862632420503
1.3365553645849477 103.98202033490023 359.0150693010445
1.336561446757017 103.9820202285016 359.0150693010445
1.3365685772561111 103.982020103764 359.0150693010445
1.3365750963499843 103.98202050662552 359.67456042415336
1.3365815149760802 103.98202134672823 0.8920381645519638
1.3365861144800655 103.98202194873491 1.765855257204334
1.3365926644341548 103.9820228060265 3.0113311760370727
1.3366008016480262 103.98202387106679 4.558835220857394
1.3366058665571579 103.98202453398805 5.521255962156379
1.3366107067083377 103.98202516749184 6.439791061013822
1.336618298422949 103.98202616113437 7.528163111594065
1.3366230246815545 103.9820267797313 7.528163111592766
1.3366319111612532 103.98202794283928 7.528163111592805
1.3366367757921345 103.98202857954708 7.528163111594065
1.336641327045679 103.98202949994305 7.938752547550074
1.3366466580114953 103.98203071995528 8.599644437282942
1.3366525562057976 103.98203206977992 9.33136539645382
1.33666018382541 103.98203381539028 10.278051640328302
1.3366653416081609 103.98203499576886 10.918225648948278
1.3366732900047067 103.98203681479023 11.90438786559212
1.336678316171125 103.98203796504791 12.527522051679618
1.336683976210431 103.98203926036983 12.99461679191701
1.336691637520936 103.98204101369045 12.99461679191701
1.3366993263103595 103.98204277329971 12.994616791916934
1.3367064525079317 103.9820444041576 12.994616791915677
1.3367112506536263 103.98204550223184 12.99461679191574
1.3367159691088182 103.98204658206859 12.994616791915677
1.3367233031458559 103.98204826049135 12.99461679191701
1.3367301129637803 103.98204981894455 12.99461679191701
1.3367357181813084 103.98205110172024 12.99461679191701
1.3367422341544328 103.98205259292591 12.99461679191701
1.3367505938695032 103.98205450607905 12.994616791916934
1.336758490177034 103.98205634780338 13.03763623896854
1.3367654877273023 103.98205799561048 13.09527600987899
1.3367735636009614 103.98205989734487 13.161798272119754
1.33678017461993 103.98206145413023 13.216254328388061
1.3367870178448231 103.98206306559624 13.272623025139756
1.3367937927614593 103.9820646609768 13.328428872076355
1.3367989899014976 103.98206588481709 13.357122714298578
1.336807145008797 103.98206780520965 13.357122714298503
1.3368145658055561 103.98206955268425 13.357122714298503
1.3368202680947767 103.9820708954788 13.357122714298503
1.3368259836833891 103.98207224140513 13.357122714298503
1.336830617842415 103.98207333267271 13.357122714298503
1.3368362075255638 103.98207424263042 12.85279970415986
1.3368444692273624 103.9820752785814 11.722551711672628
1.3368499932714057 103.98207597125213 10.966152708526142
1.3368579237391454 103.98207696566901 9.879898621634005
1.3368640598358226 103.98207773508618 9.039583885495126
1.3368727646786103 103.98207882660344 7.848495515203841
1.336880297093323 103.98207977110766 7.216579642130219
1.3368886528402597 103.98208081885107 7.216579642131554
1.3368944827037785 103.98208154986904 7.216579642130257
1.3369018540322248 103.98208247417429 7.216579642131554
1.3369072870935241 103.98208315543643 7.216579642131515
1.3369144974958207 103.98208405956281 7.216579642131554
1.3369197866966007 103.98208472278598 7.216579642131515
1.336927868355298 103.9820857361609 7.216579642130257
1.336934883365956 103.9820866157867 7.216579642131515
1.3369394015659086 103.98208718233256 7.216579642130257
1.3369465251240142 103.98208778960851 6.854722591786842
1.3369519807586454 103.9820878637903 6.082214286823635
1.3369575322497251 103.98208793927549 5.29536096571426
1.3369645546363023 103.98208803476082 4.299370604360734
1.3369697605062811 103.98208810554648 3.5608726112464613
1.3369777003319596 103.98208821350644 2.4349105126710406
1.336982767451596 103.98208828240546 1.7169141000571266
1.3369884784165575 103.982088360059 0.9085616442343442
1.336993322202707 103.98208842592125 0.8078045338268108
1.3369991458013994 103.98208850510628 0.8078045338268108
1.3370061720487083 103.98208860064402 0.8078045338268108
1.337013080678169 103.98208869458247 0.8078045338268108
1.337018251835525 103.98208876489605 0.8078045338268108
1.3370255758344158 103.98208886448236 0.8078045338268108
1.3370342092229137 103.98208792500913 359.4582088905024
1.3370396770868254 103.98208715438153 358.376652561417
1.337045526398384 103.98208632999362 357.2180862667695
1.337052746985085 103.98208531234148 355.7870685728698
1.337059632809587 103.98208434186988 354.4230578575386
1.33706768734736 103.98208320668262 352.83045662108873
1.3370757877872672 103.98208206502599 351.9503064524997
1.3370819807025809 103.98208119221131 351.9503064524983
1.3370881593463484 103.98208032140799 351.9503064524997
1.337094659789022 103.9820794052511 351.9503064524997
1.3371033243385861 103.9820781840901 351.9503064524997
