74662604
1.338935557005929 103.97540240916055 113.62124644074827
1.3389329388832012 103.97540836410131 113.62124644074767
1.338930235202935 103.97541451364333 113.62124644074827
1.338926854662498 103.97542220270903 113.62124644074764
1.3389243653338603 103.97542786470645 113.62124644074827
1.338921840784997 103.97543360681247 113.62124644074764
1.3389191997873722 103.97543961378209 113.62124644074768
1.3389157182202005 103.97544753263357 113.62124644074827
1.338913886228296 103.97545169951327 113.62124644074764
1.338910929186834 103.97545842532683 113.62124644074768
1.3389084286120587 103.97546411290332 113.62124644074764
1.3389053513421396 103.97547111217727 113.62124644074827
1.338902332966317 103.97547797749608 113.62124644074768
1.3388995151190664 103.97548438671105 113.62124644074764
1.3388960355824846 103.97549230094333 113.62124644074824
1.3388937506276777 103.97549749809026 113.62124644074824
1.3388908581084613 103.97550407714698 113.62124644074764
1.3388890253209327 103.97550824583595 113.62124644074827
1.3388856749535605 103.97551586627159 113.62124644074768
1.3388837911149758 103.97552015107648 113.62124644074827
1.338881853931495 103.97552455721473 113.62124644074827
1.3388784854123024 103.97553221893662 113.6212464407477
1.3388753705245486 103.97553930377182 113.62124644074827
1.3388721098146992 103.97554672028036 113.62124644074764
1.3388689278012378 103.9755539577933 113.62124644074764
1.338865437394927 103.97556195312123 113.59247447817579
1.338863219076494 103.97556713365717 113.52359552531394
1.3388597933803097 103.97557513383502 113.41722646877342
1.338856371359202 103.97558312543022 113.31097103792074
1.3388534578518858 103.97558992947087 113.22050537353579
1.3388504118760505 103.97559704287094 113.1259271835024
1.3388469075992133 103.97560522656121 113.07144336144697
1.3388437970610063 103.97561249073642 113.07144336144692
1.3388407807301952 103.97561953490491 113.07144336144637
1.3388379077049328 103.97562624440566 113.0714433614464
1.338835069164641 103.97563287337208 113.07144336144692
1.3388326355879987 103.97563855660924 113.07144336144697
1.3388300968560687 103.97564448542002 113.07144336144697
1.3388265955885899 103.97565266208179 113.07144336144637
1.3388238856203079 103.97565899078809 113.07144336144697
1.338821560610176 103.97566442048493 113.07144336144697
1.3388182156468063 103.97567223212265 113.07144336144697
1.3388159867457825 103.97567743737162 113.07144336144697
1.3388142121580318 103.97568158164312 113.071443361447
1.3388110366063262 103.97568899764623 113.07144336144637
1.3388077804932983 103.97569660178758 113.07144336144692
1.3388058049784142 103.97570121529274 113.07144336144692
1.3388035516459753 103.97570647759717 113.07144336144637
1.3388010584360663 103.97571230009778 113.07144336144637
1.3387982353219197 103.97571889303788 113.07144336144692
1.3387959257506963 103.97572428667902 113.07144336144692
1.338793158084365 103.97573075012934 113.07144336144637
1.338790960911154 103.97573588128247 113.07144336144692
1.3387884194574826 103.9757418164485 113.07144336144692
1.3387853866857096 103.97574889901075 113.07144336144697
1.3387825173081673 103.97575559999134 113.07144336144697
1.3387797474279575 103.97576206861149 113.07144336144697
1.3387768809290075 103.97576876286944 113.071443361447
1.338774177555981 103.97577507617237 113.07144336144697
1.338771241838085 103.97578193208014 113.0714433614464
1.3387683991325765 103.97578857077204 113.07144336144692
1.3387650276391683 103.97579644436485 113.07144336144633
1.3387617482088012 103.97580410295882 113.07144336144697
1.3387583219475878 103.97581210445301 113.07144336144692
1.338755481285668 103.97581873837208 113.0714433614464
1.3387535880669892 103.97582315968646 113.07144336144697
1.3387506248907057 103.97583007971842 113.07144336144697
1.3387476451356544 103.97583703846742 113.07144336144697
1.338744810930685 103.97584365730702 113.07144336144697
1.3387414553562251 103.9758514937229 113.07144336144697
1.338738845927266 103.97585758763339 113.07144336144697
1.3387362348782936 103.97586368532707 113.07144336144691
1.338733876472917 103.97586919301136 113.07144336144637
1.3387308925933417 103.97587616139208 113.07144336144697
1.338727586923388 103.97588388126343 113.07144336144691
1.3387243457765212 103.97589145045117 113.07144336144691
1.3387213880379816 103.97589835778336 113.07144336144637
1.3387182003006088 103.97590580224147 113.07144336144697
1.3387161917377841 103.97591049292328 113.07144336144697
1.3387135919959996 103.97591656421027 113.0714433614463
1.3387108233227591 103.97592303000997 113.07144336144697
1.3387086006557978 103.97592822069807 113.07144336144691
1.3387054073466746 103.97593567816776 113.07144336144697
1.3387023915970657 103.97594272097511 113.07144336144697
1.3387002187733286 103.97594779526204 113.07144336144697
1.338697333337261 103.97595453374257 113.07144336144704
1.3386955539637764 103.97595868918846 113.07144336144641
1.3386928501171567 103.97596500359538 113.07144336144691
1.3386902984477675 103.97597096261632 113.07144336144637
1.3386873990040944 103.97597773380913 113.07144336144641
1.3386842660363203 103.97598505036049 113.07144336144691
1.3386823890106785 103.97598943385735 113.07144336144697
1.3386792562899907 103.97599674983157 113.07144336144641
1.3386760855369646 103.97600415462418 113.07144336144691
1.33867377727161 103.97600954521309 113.07144336144691
1.3386711763988546 103.97601561914027 113.0714433614463
1.3386693672704502 103.97601984407365 113.07144336144641
1.3386675881815462 103.97602399885449 113.07144336144641
1.3386643691749027 103.97603151633547 113.07144336144691
1.3386610439144007 103.97603928195542 113.07144336144691
1.3386578260787363 103.97604679670158 113.07144336144704
1.338654690639258 103.97605411902437 113.07144336144691
1.338651790222232 103.97606089248936 113.07144336144637
1.3386495775395078 103.97606605985965 113.07144336144691
1.3386464785820582 103.9760732969842 113.07144336144704
1.3386430597961714 103.97608128101734 113.07144336144697
1.3386403581019013 103.97608759039647 113.07144336144637
1.3386369332602073 103.97609558857181 113.07144336144697
1.338634292775295 103.97610175500603 113.07144336144691
1.3386319830714195 103.9761071489535 113.0714433614463
1.338629357909285 103.9761132796037 113.07144336144704
1.3386265521754737 103.97611983195034 113.07144336144691
1.3386239779827942 103.9761258435693 113.0714433614463
1.3386217827525877 103.97613097018144 113.07144336144641
1.3386199525018694 103.97613524444182 113.07144336144691
1.3386176788775541 103.9761405541309 113.07144336144697
1.3386155289078414 103.97614557504419 113.07144336144697
1.3386124339512802 103.97615280282434 113.07144336144691
1.33861043644565 103.97615746768186 113.07144336144637
1.3386073920173658 103.97616457746112 113.07144336144697
1.3386039772727762 103.97617255205523 113.07144336144691
1.3386014828472033 103.97617837739026 113.07144336144637
1.3385995602748475 103.9761828672528 113.07144336144697
1.338596146173128 103.97619084034535 113.07144336144697
1.3385928961851097 103.9761984301763 113.07144336144697
1.3385906778805832 103.97620361067422 113.0714433614463
1.3385879893125971 103.97620988939771 113.07144336144637
1.3385856221853587 103.97621541744735 113.07144336144697
1.338582951408744 103.97622165462178 113.07144336144691
1.3385799077137335 103.97622876268781 113.07144336144637
1.3385778740193026 103.97623351205793 113.07144336144697
1.3385746379169565 103.97624106946056 113.07144336144641
1.338572536549424 103.97624597687036 113.07144336144691
1.338570294849734 103.97625121200355 113.07144336144697
1.3385684950560834 103.97625541513541 113.07144336144691
1.3385663429008552 103.97626044115168 113.07144336144697
1.338564293302499 103.97626522766262 113.0714433614463
1.3385618659185077 103.9762708964318 113.07144336144637
1.3385598887001373 103.97627551391074 113.07144336144697
1.3385578838350147 103.97628019595422 113.07144336144637
1.3385548039510113 103.9762873885332 113.07144336144697
1.3385521105111915 103.97629367863318 113.07144336144637
1.338549192659532 103.97630049281123 113.0714433614463
1.338547054427113 103.97630548631261 113.07144336144697
1.3385450769485732 103.97631010439886 113.07144336144637
1.3385426564964968 103.97631575697922 113.07144336144697
1.338539508070919 103.97632310962568 113.07144336144637
1.3385366223743316 103.97632984871034 113.07144336144637
1.3385346606491126 103.97633443000703 113.07144336144637
1.3385326343535333 103.97633916209747 113.07144336144697
1.3385301634135145 103.97634485128752 113.11202252154776
1.3385268814687663 103.97635222888944 113.25520966627184
1.3385244602976187 103.97635767152727 113.36084415677851
1.3385212099389883 103.97636497812543 113.50265672375319
1.3385180216456332 103.97637214520476 113.64176101808103
1.338515754310653 103.97637724202858 113.74068303681487
1.3385128732838756 103.97638371839219 113.86637753652415
1.338510066155012 103.97639002863795 113.86918634871333
1.3385070012248819 103.97639691840435 113.86918634871391
1.338503985181413 103.97640369827661 113.86918634871391
1.3385019736731032 103.9764082200182 113.86918634871391
1.3384990827287184 103.97641471867563 113.86918634871324
1.3384958680124606 103.97642194515134 113.86918634871384
1.3384926224409415 103.97642924098761 113.86918634871391
1.3384894915521883 103.97643627902433 113.86918634871391
1.338486027865214 103.97644406516996 113.86918634871391
1.3384838782085646 103.97644889745983 113.86918634871378
1.3384804528101226 103.97645659753513 113.86918634871391
1.338477620622241 103.97646296411118 113.86918634871333
1.338474433906154 103.97647012764374 113.86918634871333
1.3384718789734074 103.97647587096799 113.86918634871346
1.3384693550403797 103.9764815446068 113.86918634871391
1.338465920935679 103.97648926425278 113.86918634871378
1.3384624297846313 103.97649711213518 113.86918634871391
1.3384593807569676 103.97650396615263 113.86918634871405
1.3384574503041111 103.97650830568608 113.86918634871333
1.3384542885728825 103.97651541305375 113.86918634871391
1.3384513860344445 103.97652193777269 113.86918634871319
1.3384484585219352 103.97652851863165 113.86918634871333
1.338446484256004 103.97653295665387 113.86918634871346
1.3384442881242715 103.97653789341601 113.86918634871333
1.338441399364892 103.97654438716027 113.86918634871378
1.3384379312853116 103.9765521831788 113.86918634871333
1.3384351893800313 103.9765583468044 113.86918634871391
1.338432911316442 103.97656346774386 113.86918634871391
1.338429262181004 103.97657167076395 113.86918634871378
1.3384258931047859 103.97657924422897 113.86918634871391
1.3384226524824614 103.97658652893789 113.86918634871391
1.3384198872546993 103.97659274499055 113.86918634871405
1.3384167722998386 103.976599747207 113.86918634871391
1.3384147767189853 103.97660423314323 113.86918634871319
1.3384122714889515 103.97660986473771 113.86918634871378
1.3384100456816443 103.97661486820799 113.86918634871333
1.3384071123528951 103.97662146214049 113.86918634871319
1.3384040504705137 103.9766283450531 113.86918634871333
1.3384005128085656 103.97663629748716 113.86918634871333
1.3383979309989549 103.97664210122726 113.86918634871405
1.3383951746044365 103.9766482974228 113.86918634871378
1.338391805495561 103.97665587096026 113.86918634871378
1.338388998453179 103.97666218100878 113.86918634871391
1.3383859113357126 103.97666912064774 113.86918634871391
1.3383827665129033 103.9766761900045 113.86918634871391
1.3383802290392568 103.97668189407983 113.86918634871319
1.3383775068100516 103.97668801347358 113.86918634871333
1.3383751995894113 103.97669319995508 113.86918634871391
1.338371861104719 103.97670070465081 113.86918634871405
1.3383682694390324 103.9767087784808 113.86918634871346
1.3383648470188372 103.97671647185788 113.86918634871391
1.3383615885368843 103.97672379671239 113.86918634871405
1.338359342109202 103.976728846535 113.86918634871391
1.3383561965853152 103.97673591746701 113.86918634871378
1.338354226360431 103.97674034640367 113.86918634871333
1.3383514921199198 103.97674649279746 113.86918634871391
1.3383489649384224 103.97675217373606 113.86918634871391
1.338345802028221 103.97675928375111 113.86918634871391
1.338342518085578 103.97676666583907 113.86918634871391
1.3383403862123027 103.97677145815051 113.86918634871333
1.3383381520467188 103.9767764804083 113.86918634871391
1.3383360236079163 103.97678126499919 113.86918634871391
1.3383335493272406 103.97678682701988 113.86918634871391
1.3383310738164953 103.97679239180563 113.86918634871391
1.3383284743383754 103.97679823526188 113.86918634871378
1.3383261870634262 103.97680337690583 113.86918634871333
1.3383243142148986 103.97680758694634 113.86918634871333
1.33832114514253 103.97681471081289 113.86918634871333
1.3383183876580416 103.97682090945682 113.86918634871405
1.3383163527415387 103.97682548381538 113.86918634871333
1.338313432058451 103.97683204931894 113.86918634871391
1.3383112616697934 103.9768369282099 113.86918634871391
1.33830879528045 103.9768424724909 113.86918634871391
1.338305883417296 103.97684901816763 113.86918634871391
1.338303530089594 103.97685430829338 113.86918634871405
1.3383013472863716 103.97685921509128 113.86918634871378
1.3382984545617664 103.97686571774564 113.86918634871333
1.338296143448081 103.97687091297692 113.86918634871405
1.3382934009278828 103.97687707798156 113.86918634871346
1.3382910598305793 103.97688234061394 113.86918634871319
1.338287427073824 103.97689050681149 113.86918634871405
1.3382852282859383 103.97689544954157 113.86918634871391
1.3382827297913884 103.9769010659924 113.86918634871391
1.3382801663489643 103.97690682844173 113.86918634871378
1.33827832344875 103.97691097115968 113.86918634871391
1.3382764481707676 103.97691518666069 113.86918634871378
1.3382737974948877 103.97692114520493 113.86918634871346
1.338270973051186 103.97692749436766 113.86918634871391
1.3382677137080896 103.97693482115541 113.86918634871391
1.338265062065949 103.97694078187152 113.86918634871378
1.338263153286431 103.97694507268156 113.86918634871391
1.338260946099331 103.97695003429209 113.86918634871378
1.3382588968544167 103.97695464085896 113.86918634871391
1.3382567462872061 103.97695947519163 113.86918634871319
1.3382532702282957 103.97696728914177 113.86918634871333
1.338251025363658 103.9769723354487 113.86918634871391
1.3382479897792492 103.9769791592412 113.86918634871405
1.3382452077325373 103.97698541309771 113.86918634871378
1.338242435201144 103.97699164556434 113.86918634871378
1.338240163286352 103.97699675267803 113.86918634871391
1.3382365171963166 103.97700494884636 113.86918634871333
1.338233962046603 103.97701069265322 113.86918634871391
1.3382307170374665 103.97701798721816 113.86918634871391
1.3382287632808274 103.97702237913323 113.86918634871391
1.3382261690684716 103.97702821075015 113.86918634871333
1.3382242133592317 103.97703260705447 113.86918634871405
1.3382210365516767 103.97703974830651 113.86918634871346
1.3382191848336087 103.97704391084552 113.86918634871378
1.3382166293331925 103.97704965544037 113.86918634871391
1.3382147276784497 103.97705393023361 113.86918634871333
1.3382119343488488 103.97706020945253 113.86918634871319
1.3382084523553353 103.97706803674195 113.86918634871405
1.3382056716988606 103.97707428747238 113.86918634871378
1.3382026285409494 103.97708112828845 113.86918634871346
1.33819980097434 103.97708748446958 113.86918634871391
1.3381969174407513 103.9770939664607 113.86918634871391
1.3381936748426309 103.97710125560482 113.86918634871391
1.3381916566486862 103.97710579237005 113.86918634871378
1.3381889877489492 103.9771117918784 113.86918634871391
1.3381861715763805 103.97711812244617 113.86918634871319
1.338182918441378 103.9771254352762 113.86918634871333
1.338180129788312 103.97713170398184 113.86918634871319
1.3381775029629657 103.9771376089095 113.86918634871378
1.3381738761147954 103.9771457618215 113.86918634871405
1.3381710227707841 103.97715217594784 113.86918634871378
1.338168739366554 103.97715730888764 113.86918634871391
1.3381660779080842 103.97716329166799 113.86918634871391
1.3381635249777732 103.97716903048428 113.86918634871333
1.3381604813991228 103.97717587224508 113.86918634871391
1.3381585791343817 103.97718014840866 113.86918634871346
1.3381564956962821 103.97718483183777 113.86918634871378
