1.3385792914852448 103.97672872313515 108.3058522622695 0.0 1.0
1.3385708636156255 103.97675057100702 110.64124320361253 2.6 2.0
1.3385540078754503 103.97679426675073 110.99453800514975 5.2 3.0
1.3385287242628474 103.97685981036611 110.99453800514964 7.800000000000001 4.0
1.338496309370788 103.97694384064197 110.99453800514964 10.0 5.0
1.3384638944741127 103.9770278709175 110.99453800514964 10.0 6.0
1.3384314795728227 103.97711190119271 110.99453800514975 10.0 7.0
1.3383981240899843 103.97719556324158 112.06401471546586 10.0 8.0
1.3383641362836889 103.97727897774378 112.06401471546525 10.0 9.0
1.3383301484727503 103.97736239224552 112.06401471546525 10.0 10.0
1.3382961606571702 103.97744580674677 112.06401471546586 10.0 11.0
1.3382621728369473 103.97752922124756 112.06401471546586 10.0 12.0
1.3382281850120825 103.97761263574787 112.06401471546512 10.0 13.0
1.3381945400111168 103.97769591968853 111.72246932358195 10.0 14.0
1.3381613182486245 103.97777914773803 111.65729677973476 10.0 15.0
1.3381280964815483 103.97786237578711 111.65729677973414 10.0 16.0
1.3380948747098877 103.97794560383578 111.65729677973476 10.0 17.0
1.3380616529336433 103.97802883188407 111.65729677973476 10.0 18.0
1.3380284311528161 103.9781120599319 111.65729677973476 10.0 19.0
1.3379966941229817 103.97819585611116 110.51538492964522 10.0 20.0
1.337965148283087 103.97827972544943 110.51538492964522 10.0 21.0
1.3379377826548908 103.97836486750772 104.9507093768261 10.0 22.0
1.3379166211358993 103.97845189848819 103.60560342242177 10.0 23.0
1.3378988279663655 103.97853948806559 99.25888936926371 10.0 24.0
1.3378903948285947 103.97862862988065 95.39366306275737 10.0 25.0
1.3378860635596643 103.9787178199649 90.17018781428895 10.0 26.0
1.3378923695471707 103.97880713522184 86.01109702118622 10.0 27.0
1.3379022743612516 103.97889594517676 81.38443859577052 10.0 28.0
1.3379211242203013 103.97898349917756 77.94956376467017 10.0 29.0
1.337944193522074 103.97906992951427 72.3916957336142 10.0 30.0
1.3379719414903095 103.97915511389276 72.08972313665758 10.0 31.0
1.3380049594281906 103.97923835653202 67.26487256369582 10.0 32.0
1.3380399663269602 103.97932084756064 67.05755119013973 10.0 33.0
1.3380855473347086 103.9793980838079 59.638104582173895 10.0 34.0
1.338132753400645 103.9794743008061 57.19369869817136 10.0 35.0
1.3381833260525187 103.9795484062514 55.88418290368276 10.0 36.0
1.3382341298653948 103.9796223422269 55.51907031648901 10.0 37.0
1.3382904799184634 103.97969221202575 51.317821506143304 10.0 38.0
1.3383496178080596 103.9797596370915 46.586924432635286 10.0 39.0
1.3384123931230856 103.97982387239412 45.866857613570936 10.0 40.0
1.3384794768209727 103.97988361246009 41.38033105835274 10.0 41.0
1.338547604208239 103.97994219656633 40.41802851651531 10.0 42.0
1.3386178372279363 103.97999829410276 38.81946540962276 10.0 43.0
1.3386916773103061 103.98004922962183 30.77142277067641 10.0 44.0
1.3387691196561493 103.98009501079832 30.780191107584205 10.0 45.0
1.338846289436228 103.98014124414922 31.11309358620344 10.0 46.0
1.338925661641519 103.98018328216696 25.051696075784076 10.0 47.0
1.3390079818116205 103.98021970469354 24.027636283012875 10.0 48.0
1.3390903931195806 103.98025592011713 23.7383443499451 10.0 49.0
1.3391732016064752 103.98029123297313 23.25261240175815 10.0 50.0
1.33925601009463 103.98032654582978 23.25261240175815 10.0 51.0
1.339338818584046 103.98036185868712 23.252612401757883 10.0 52.0
1.3394216270747228 103.98039717154505 23.25261240175935 10.0 53.0
1.3395044355666588 103.98043248440365 23.25261240175815 10.0 54.0
1.3395872440598562 103.98046779726289 23.25261240175815 10.0 55.0
1.3396700525543135 103.98050311012275 23.25261240175935 10.0 56.0
1.3397528610500304 103.9805384229833 23.25261240175815 10.0 57.0
1.3398356695470077 103.98057373584449 23.25261240175815 10.0 58.0
1.3399184780452449 103.9806090487063 23.25261240175935 10.0 59.0
1.340001286544742 103.98064436156876 23.25261240175815 10.0 60.0
1.340084095045499 103.9806796744319 23.25261240175815 10.0 61.0
1.3401669035475152 103.98071498729564 23.25261240175935 10.0 62.0
1.3402497120507917 103.98075030016005 23.25261240175763 10.0 63.0
1.3403325205553265 103.98078561302512 23.25261240175763 10.0 64.0
1.3404153290611218 103.98082092589082 23.25261240175815 10.0 65.0
1.3404981375681755 103.98085623875718 23.25261240175815 10.0 66.0
1.3405809460764888 103.98089155162418 23.25261240175763 10.0 67.0
1.3406637545860611 103.98092686449182 23.25261240175884 10.0 68.0
1.3407465630968922 103.98096217736013 23.25261240175935 10.0 69.0
1.3408288722624366 103.98099861850096 24.268691384467658 10.0 70.0
1.3409110375065616 103.98103538483542 24.26869138446819 10.0 71.0
1.340993202751964 103.98107215117068 24.268691384467658 10.0 72.0
1.341075367998643 103.98110891750673 24.268691384467658 10.0 73.0
1.3411575332465984 103.9811456838436 24.268691384468852 10.0 74.0
1.3412396984958301 103.98118245018122 24.268691384467658 10.0 75.0
1.3413218637463389 103.98121921651966 24.26869138446712 10.0 76.0
1.3414040289981233 103.9812559828589 24.268691384468852 10.0 77.0
