173779747
1.4477661987469657 103.82643203204948 203.0304037770123
1.4477598424044589 103.82642935103965 203.03040377701288
1.4477550654811457 103.82642733620513 203.03040377701288
1.4477486376247282 103.82642462503179 203.03040377701288
1.4477438948647128 103.82642262460683 203.0304037770123
1.4477394151500043 103.82642073513043 203.03040377701288
1.4477334775432857 103.82641823073708 203.0304037770123
1.447726256003992 103.82641518480023 203.03040377701237
1.4477189707995897 103.8264121120104 203.0304037770123
1.4477120057140043 103.82640917424186 203.03040377701288
1.4477042257709796 103.82640589277874 203.03040377701237
1.4476989238006124 103.82640365648723 203.03040377701288
1.4476913478551594 103.82640046106718 203.03040377701296
1.4476869389837006 103.8263986014714 203.0304037770123
1.447680404186159 103.82639584519191 203.03040377701288
1.4476725703412507 103.82639254099374 203.03040377701288
1.4476683409555584 103.82639075710236 203.0304037770123
1.447663582894827 103.82638875022377 203.03040377701288
1.447655338549712 103.82638527288279 203.03040377701288
1.4476495069444895 103.82638281319926 203.03040377701288
1.4476412696890897 103.82637933884861 203.0304037770123
1.447635471879087 103.8263768934194 203.03040377701237
1.4476283733076034 103.82637389934851 203.03040377701296
1.4476214552308257 103.82637098140759 203.03040377701288
1.4476151361567597 103.82636831611703 203.03040377701296
1.447607206559926 103.82636497153213 203.03040377701288
1.4476002048758265 103.8263620183269 203.03040377701288
1.4475948619090986 103.82635976474376 203.03040377701288
1.447588454065101 103.82635706201134 203.0304037770123
1.4475840177131345 103.82635519082469 203.0304037770123
1.4475765099478666 103.82635202416202 203.03040377701296
1.4475693327923682 103.82634899694557 203.03040377701237
1.4475638039148888 103.82634666494805 203.0304037770123
1.44755690123049 103.8263437534994 203.03040377701288
1.4475500295728403 103.82634085513736 203.0304037770123
1.4475425497509609 103.82633770026078 203.03040377701288
1.4475348633941827 103.8263344582709 203.03040377701288
1.4475266048108146 103.8263309749244 203.03040377701234
1.447521449867121 103.82632880064656 203.03040377701228
1.4475143270693527 103.82632579635737 203.03040377701228
1.4475097156923482 103.82632385134778 203.03040377701288
1.4475029392234509 103.82632099313493 203.03040377701288
