651871830
1.4469975008684082 103.82735657733852 317.60078693783316
1.4470025810610867 103.8273519633901 317.6007869378322
1.4470069196005366 103.82734802302826 317.60078693783316
1.4470103296167145 103.82734492597268 317.60078693783316
1.447016781056705 103.8273390666256 317.60078693783316
1.4470220987035596 103.82733423701563 317.60078693783316
1.4470259813140645 103.82733071073885 317.6007869378322
1.44703075665126 103.82732637366699 317.6007869378322
1.4470352466801915 103.82732229571866 317.60078693783316
1.4470405106133242 103.82731751489254 317.6007869378322
1.4470453450059395 103.82731312418505 317.60078693783316
1.4470501236099802 103.82730878414598 317.60078693783316
1.4470535478954731 103.82730567413046 317.6007869378322
1.447058424271869 103.82730124529219 317.6007869378322
1.4470644823475234 103.82729574320717 317.6007869378322
1.4470682531225105 103.82729231850173 317.60078693783316
1.4470718565674008 103.82728904576933 317.60078693783316
1.44707750852414 103.82728391253082 317.60078693783316
1.4470810271770937 103.82728071680839 317.60078693783316
1.4470876430736148 103.82727470809724 317.60078693783316
1.4470912647433227 103.8272714188125 317.60078693783316
1.4470946960274123 103.82726830244042 317.60078693783316
1.4470987339143018 103.82726463513751 317.6007869378322
1.4471032014427276 103.82726057762412 317.6007869378322
1.4471089789070648 103.82725533039635 317.60078693783316
1.447112885618103 103.82725178223032 317.60078693783316
1.4471189060516572 103.82724631433213 317.6007869378322
1.4471227130711743 103.8272428567082 317.60078693783316
1.4471270002113539 103.82723896302743 317.60078693783316
1.4471328031943587 103.82723369262278 317.60078693783316
1.447138626990956 103.82722840331468 317.60078693783316
1.4471440246579503 103.82722350102738 317.60078693783316
1.447147658965342 103.82722020026445 317.60078693783316
1.4471512329119456 103.82721695432257 317.60078693783316
1.447156788004779 103.82721190905733 317.60078693783316
1.4471619460330676 103.82720722441535 317.60078693783316
1.4471661916488434 103.82720336844771 317.60078693783316
1.4471711271072814 103.82719888594879 317.60078693783316
1.447177459089507 103.82719313509419 317.6007869378327
1.4471834459209176 103.82718769771357 317.60078693783316
1.4471887539866368 103.82718287680382 317.60078693783316
1.4471948800259204 103.82717731299124 317.60078693783265
1.44719989488417 103.82717275837929 317.60078693783265
1.4472050858846441 103.82716804379078 317.6007869378327
1.4472102250691374 103.82716337626273 317.6007869378332
1.4472141674145251 103.82715979573203 317.60078693783265
1.447220353557138 103.8271541773319 317.60078693783265
1.44722598268071 103.8271490648295 317.6007869378327
1.447230308212256 103.82714513628001 317.6007869378327
1.4472346438321737 103.82714119856799 317.6007869378327
1.447238159122276 103.82713800589877 317.6007869378327
