-1111718771 10170900986 239707177 20.53
-1162951488 cluster_1119694449_5014444901 6823152690 192.16
-465013327 1119671591 1119671551 308.21
-539348825 4561326513 cluster_4561326512_5014444900 48.8
-639724510 cluster_5222330298_5222330299 5222330280 119.04
-643465952 1119694447 cluster_1119694445_5014445777 90.6
-644702820 1119671551 cluster_1119671582_5014445804 172.05
-645147953 cluster_239701952_4576839459 1119734816 440.81
-672014650 cluster_1988308358_5014445816 10701784843 95.83
-96680724 10695117789 1119671551 239.47
1107105524 cluster_239707176_4941625366_5014444899_5014445782_#3more 2117806793 46.85
1111718771 239707177 10170900986 20.53
1117343312 4721252893 cluster_10219491635_10219491636_10219491637_10219491638_#4more 12.9
121854915 1363068205 249392331 508.36
121854917 4941625376 1363068215 510.4
173767783#0 5176589594 cluster_10219491635_10219491636_10219491637_10219491638_#4more 7.72
188205270 10701784843 cluster_1988308358_5014445816 100.31
22278609#1 cluster_10219491635_10219491636_10219491637_10219491638_#4more 5135512093 247.99
22892548#0 2117806793 7043412396 87.74
22892548#1 7043412396 6590641628 39.46
23101288 cluster_249392314_4941625380_5176817477_5176817478 4941625376 181.51
265150842 1363068299 4841214700 268.78
265150845#0 1363068300 cluster_10219491635_10219491636_10219491637_10219491638_#4more 444.44
425241726 4245432330 cluster_4245432329_4723332668_5014445817_5014445818 19.81
465013329 cluster_1119671582_5014445804 1119671551 176.61
465029235 5176840720 6696315241 965.84
46703779 1363068300 1363068215 506.17
479541555#0 4245432330 246294590 4.93
479541555#1 246294590 1363068300 107.86
479542556 1363068215 597080517 2655.56
503919332 249392331 4941625379 101.27
503919335 4941625383 5176817476 25.41
512870353 cluster_239707176_4941625366_5014444899_5014445782_#3more cluster_4561326512_5014444900 48.67
512870361 4490316591 cluster_239707176_4941625366_5014444899_5014445782_#3more 9.25
528461129#0 4723220000 7043412401 98.36
528461129#1 7043412401 4721252893 89.82
528461130 5135512093 5135512094 29.31
528461131#0 5135512094 1363068299 199.34
528511277#0 4941625364 cluster_239707176_4941625366_5014444899_5014445782_#3more 15.94
533607854 5176589592 2117806793 4.33
533607856#0 cluster_239707176_4941625366_5014444899_5014445782_#3more 5176589594 16.38
533607860 5176589594 5176589592 7.25
533637085 cluster_249392314_4941625380_5176817477_5176817478 249392311 58.72
533637086 249392311 cluster_249392314_4941625380_5176817477_5176817478 59.31
533637087 5176817476 5176817458 949.01
533640820 5222330296 cluster_5222330298_5222330299 274.55
539342383 cluster_1988308358_5014445816 cluster_4245432329_4723332668_5014445817_5014445818 24.22
539342384 cluster_4245432329_4723332668_5014445817_5014445818 cluster_1988308358_5014445816 24.25
539342387 cluster_4245432329_4723332668_5014445817_5014445818 246294590 21.29
539342391 cluster_239701952_4576839459 239701951 34.43
539342393 cluster_1119694449_5014444901 cluster_1119694445_5014445777 172.33
539342394 cluster_1119694445_5014445777 cluster_1119694449_5014444901 171.39
539342397 cluster_239707176_4941625366_5014444899_5014445782_#3more 6144084209 57.17
539342399 cluster_1119671582_5014445804 4490316591 56.1
539342400 cluster_4561326512_5014444900 cluster_1119694449_5014444901 22.26
539342403 cluster_10219491635_10219491636_10219491637_10219491638_#4more 5176589592 2.79
539348637 cluster_1119694445_5014445777 cluster_239701952_4576839459 66.25
539348638 cluster_239701952_4576839459 cluster_1119694445_5014445777 65.09
539348824 cluster_1119694449_5014444901 cluster_4561326512_5014444900 22.21
539348825 cluster_4561326512_5014444900 4561326513 48.98
54519187 1119734816 cluster_239701952_4576839459 442.05
633787203 4941625383 cluster_249392314_4941625380_5176817477_5176817478 26.67
633787204 4941625379 4941625383 15.55
633847129 5014445771 cluster_239701952_4576839459 33.9
634925218 1363068205 1363068299 497.56
638934168 6705141792 cluster_5222330298_5222330299 231.44
639724514 cluster_5222330298_5222330299 5176840692 237.01
639724517 cluster_5222330298_5222330299 4600564552 231.79
643465952 cluster_1119694445_5014445777 1119694447 90.62
644621076 cluster_249392314_4941625380_5176817477_5176817478 5176817476 11.31
644642851 cluster_4561326512_5014444900 cluster_239707176_4941625366_5014444899_5014445782_#3more 8.53
645144923 cluster_1119671582_5014445804 239707177 70.21
645146058#1 239707177 cluster_1988308358_5014445816 355.2
646225240 5222330280 cluster_5222330298_5222330299 119.04
655146339 cluster_10219491635_10219491636_10219491637_10219491638_#4more 4941625364 9.96
655802399 6144084209 cluster_1119671582_5014445804 8.16
666951799 6244754044 4245432330 37.03
701779991 6590641628 4723219998 57.9
712186289 6696315241 cluster_249392314_4941625380_5176817477_5176817478 102.94
753866317 7043412401 7043412396 29.17
769564349 cluster_1988308358_5014445816 cluster_1119671582_5014445804 439.15
828472795 cluster_4245432329_4723332668_5014445817_5014445818 7734011308 48.98
94904694 597080542 1363068205 2661.81
96680724 1119671551 10695117789 239.97
96680725 1119671551 1119671591 313.75
96681929 6823152690 cluster_1119694449_5014444901 188.12
