644621076
1.2809598092691954 103.78151319049778 140.35093549008383
1.2809544875664551 103.7815175784618 140.34901397986954
1.280950488252306 103.7815208761748 140.3474589965474
1.2809451067513753 103.78152531359702 140.34536660173117
1.280941136039225 103.7815285877256 140.3438227392291
1.2809373855526636 103.78153168026287 140.34236450319352
1.280932414496299 103.78153577924486 140.34043169437777
1.2809263685116457 103.78154076457997 140.33808094003913
1.2809202692255337 103.78154579386582 140.33739998844246
