528461131#0
1.2795394265132163 103.78356531851549 319.9193363605241
1.279545321661179 103.78356038495731 319.9193363605241
1.2795520119638382 103.78355478594638 319.9193363605241
1.2795582370353462 103.78354957628017 319.9193363605241
1.2795643209297587 103.78354448476283 319.9193363605241
1.2795705258062697 103.78353929199737 319.9193363605236
1.2795753546118558 103.78353525084441 319.9193363605236
1.279578971341184 103.78353222405937 319.9193363605236
1.279583608726324 103.78352834310319 319.9193363605241
1.2795872655414877 103.78352528277088 319.9193363605244
1.2795929475331564 103.78352052759948 319.9193363605241
1.2795989166654322 103.78351553212448 319.9193363605244
1.2796046155428504 103.78351076282158 319.9193363605241
1.279610106862938 103.78350616722015 319.9193363605241
1.2796147443438848 103.78350228618358 319.9193363605236
1.2796194839458495 103.78349831968343 319.9193363605241
1.2796238141951342 103.78349469576422 319.9193363605236
1.279630629115139 103.78348899246217 319.9193363605241
1.2796364130116546 103.78348415200782 319.9193363605241
1.2796402672261118 103.78348092647475 319.9193363605236
1.2796470971684413 103.78347521060057 319.9193363605241
1.2796522246276798 103.78347091950839 319.9193363605241
1.279657667020266 103.78346636485327 319.91933636052494
1.2796634261161481 103.78346154515391 319.9193363605241
1.2796669629415125 103.78345858523879 319.91933636052494
1.279672380035987 103.78345405175514 319.9193363605241
1.279676778685879 103.78345037059219 319.9193363605236
1.2796810051118195 103.78344768433851 320.74998439331154
1.2796872847300134 103.78344398101497 322.2692241767659
1.279692395058467 103.78344096726488 323.508126905217
1.2797000021344684 103.78343648109019 325.3539091175471
1.2797075908171922 103.78343200576263 327.19373060792964
1.2797116780734812 103.78342959535604 328.1827079785141
1.2797179034137138 103.78342592404202 329.33543541951894
1.279721925309064 103.78342355218115 329.33543541952014
1.2797292777961071 103.78341921659928 329.335931572558
1.2797366200139961 103.78341489194533 329.34176972947904
1.2797443235138861 103.78341035449189 329.3478951596368
1.2797520542178416 103.7834058010149 329.3540422211772
1.2797588824897606 103.78340177908109 329.3594717147494
1.2797660657873289 103.78339754803288 329.3651835064678
1.2797715407959318 103.7833943202012 329.36309387209207
1.279778412656815 103.7833902554964 329.3443416718814
1.2797858048670592 103.78338588300495 329.32416951479007
1.2797899580931835 103.7833834263722 329.31283602475133
1.2797966569115964 103.78337946402186 329.2945560207761
1.2798008126405702 103.78337700590862 329.2832157027642
1.279808038724518 103.7833727316807 329.2634968844269
1.279813975985168 103.78336921979158 329.2603256168419
1.2798196758056095 103.7833658483483 329.2603256168419
1.279826215911743 103.78336197987605 329.2603256168419
1.2798329950320837 103.78335797002688 329.2603256168419
1.2798405997424902 103.7833534718412 329.2603256168419
1.2798454422813534 103.78335060747975 329.2603256168419
1.279852333928166 103.78334653107105 329.2603256168419
1.2798589692214162 103.7833426062954 329.2603256168419
1.2798637093643712 103.78333980250105 329.2603256168419
1.2798712338738518 103.78333546603987 329.38554770707356
1.279876139957071 103.7833328366699 329.6842488786329
1.2798812449200412 103.78333010071213 329.9951038587961
1.2798872128598773 103.78332690224987 330.3585421366582
1.2798945212855797 103.78332298536651 330.8036233993538
1.2798991796333943 103.78332048876793 331.08729811000404
1.2799060186380842 103.78331682346636 331.5037075242485
1.27991337883152 103.78331287883843 331.68403200387183
1.2799180562068537 103.78331037204217 331.68403200387183
1.2799241931460366 103.78330708300602 331.68403200387183
1.2799292351979383 103.78330438076465 331.68403200387183
1.2799354600811863 103.78330104459562 331.68403200387127
1.2799402451775672 103.78329848006713 331.68403200387183
1.279946648919687 103.78329504804027 331.68403200387127
1.2799510931755644 103.78329266618208 331.68403200387183
1.2799560852820204 103.78328999070837 331.68403200387183
1.2799640364702312 103.78328572934186 331.68403200387155
1.2799706762363465 103.78328217081996 331.6840320038721
1.2799782303716625 103.78327812225021 331.68403200387183
1.2799857469940812 103.78327409378508 331.68403200387155
1.2799924113590955 103.7832705220795 331.6840320038709
1.2799977056681104 103.78326768464288 331.68403200387183
1.2800033073311212 103.78326468248267 331.68403200387183
1.2800087437811924 103.7832617688668 331.68403200387183
1.2800150354434723 103.7832583969077 331.68403200387183
1.2800221681440036 103.78325457420175 331.68403200387183
1.2800299175613443 103.78325042097201 331.68403200387183
1.2800344799237244 103.78324797581534 331.6840320038709
1.2800416049831758 103.78324415720445 331.68403200387183
1.2800490532688833 103.78324016536331 331.68403200387183
1.2800557893577447 103.78323655521758 331.68403200387183
1.280061126270305 103.78323369494765 331.68403200387183
1.280065160483575 103.7832315328476 331.68403200387155
1.2800711337207094 103.78322833154523 331.68403200387155
1.2800767021383965 103.78322534720215 331.68403200387155
1.2800829323324334 103.78322200818599 331.68403200387155
1.2800898867866786 103.78321828100907 331.68403200387155
1.280096582881146 103.7832146922977 331.68403200387183
1.2801013535072927 103.78321213552368 331.68403200387183
1.2801080860496488 103.78320852727832 331.68403200387127
1.2801127918770372 103.78320600523256 331.6840320038709
1.2801193611423203 103.783202484494 331.68403200387127
1.280124970842981 103.78319947802541 331.68403200387183
1.2801328075300733 103.78319527802347 331.68403200387183
1.2801406292063073 103.7831910860664 331.68403200387183
1.2801449638131688 103.78318876297277 331.68403200387183
1.2801502649376222 103.7831859218827 331.68403200387183
1.2801566911894935 103.78318241019885 331.6081765627442
1.2801611152256007 103.78317994588959 331.50348254059213
1.280165406319783 103.78317755563258 331.4019327322195
1.2801703167924152 103.78317482036478 331.2857237929592
1.2801754158600511 103.7831719800444 331.1650510692872
1.2801794293868491 103.78316974439997 331.0700686416029
1.2801853799264713 103.78316642978629 330.9292473306448
1.2801918117568294 103.78316284708042 330.7770400936283
1.2801991380231492 103.78315876614917 330.7504715071415
1.2802049962856834 103.78315550293625 330.7504715071409
1.2802120670957693 103.78315156430102 330.7504715071415
1.2802178421213553 103.78314834745329 330.75047150714124
1.2802222309722755 103.78314590274286 330.75047150714124
1.280227639513985 103.78314289003663 330.7504715071409
1.2802319304604661 103.78314049986163 330.7504715071406
1.2802374504736456 103.7831374250627 330.7504715071415
1.2802450498904454 103.78313319197878 330.7504715071415
1.2802509699761715 103.78312989432837 330.7504715071415
1.280255465416281 103.78312739024469 330.75047150714124
1.2802606683775413 103.78312449205227 330.7504715071409
1.280266141244732 103.78312144351477 330.7504715071415
1.28027045078963 103.78311904297976 330.7504715071403
1.2802781346005427 103.78311476288576 330.7504715071415
1.2802836424293718 103.7831116948736 330.75047150714124
1.2802883424815112 103.78310907681524 330.75047150714124
1.2802939301012008 103.7831059643573 330.75047150714124
1.280300594576901 103.7831022520609 330.7504715071403
1.2803083891585894 103.7830979102643 330.7504715071415
1.2803148950337908 103.78309428631266 330.75047150714124
1.2803227708937903 103.78308989924169 330.75047150714124
1.2803304035997745 103.78308564761414 330.75047150714124
1.2803379541714117 103.78308144173764 330.7504715071403
1.2803419265974747 103.7830792289868 330.7504715071415
1.2803497809004603 103.78307485392348 330.75047150714124
1.2803547183657584 103.78307210361913 330.75047150714124
1.2803611448334054 103.78306852389937 330.75047150714124
1.2803675691820713 103.78306494535991 330.75047150714
1.2803721741428638 103.78306238026968 330.7504715071415
1.280377281104238 103.78305953555123 330.7504715071415
1.2803828829123056 103.7830564151895 330.7504715071403
1.2803892807240986 103.78305285143166 330.7504715071415
1.2803964375251262 103.78304886489583 330.75047150714
1.2804042467055432 103.78304451496659 330.75047150714
1.2804100562368421 103.78304127889713 330.75047150714
1.2804167867655882 103.78303752980658 330.7504715071415
1.2804227260734067 103.78303422144792 330.75047150714124
1.280429107909223 103.78303066658891 330.7504715071415
1.2804358814544814 103.78302689353686 330.75047150714124
1.2804424112841573 103.78302325624108 330.7504715071403
1.2804466151771918 103.78302091455632 330.7504715071403
1.2804527638226695 103.78301748959063 330.7504715071403
1.2804573885418185 103.78301491349404 330.7504715071403
1.2804614655461197 103.78301264248978 330.7504715071403
1.280468819351245 103.78300854621669 330.7504715071415
1.2804729145853035 103.7830062650579 330.7504715071403
1.2804780889532734 103.78300338279162 330.75047150714124
1.2804855386577998 103.78299923309979 330.7504715071415
1.2804923143238778 103.782995458866 330.7504715071415
1.2804978244057643 103.78299238959764 330.7504715071403
1.2805054901238522 103.78298811958012 330.75047150714
1.280511664702085 103.7829846801688 330.75047150714
1.28051864389653 103.78298079256389 330.75047150714124
1.280524586834388 103.78297748218262 330.7504715071415
1.2805285997281208 103.78297524688944 330.75047150714124
1.2805337721783574 103.78297236569108 330.7504715071415
1.2805405370494958 103.78296859747006 330.75047150714
1.2805455088589608 103.78296582803412 330.7504715071415
1.2805499131794418 103.7829633747053 330.75047150714124
1.2805567233647426 103.7829595812429 330.75047150714124
1.2805623679547615 103.78295643704945 330.75047150714
1.280569806511727 103.7829522935665 330.75047150714124
1.2805739209317963 103.78295000172014 330.75047150714124
1.2805786457664456 103.7829473698559 330.75047150714
1.2805858378058188 103.78294336368997 330.7504715071403
1.2805931608642582 103.78293928454276 330.7504715071415
1.2805983003148267 103.7829364217258 330.75047150714
1.2806047439047767 103.7829328324669 330.7504715071415
1.2806116957187086 103.78292896011305 330.75047150714124
1.2806164192952043 103.78292632894946 330.75047150714124
1.2806232602097407 103.78292251836959 330.75047150714124
1.2806299240637737 103.7829188064173 330.7504715071415
1.280634406222556 103.78291630973001 330.75047150714
1.2806403974994716 103.78291297242184 330.7504715071415
1.2806443484092174 103.78291077165503 330.7504715071415
1.2806491525363533 103.78290809562232 330.7504715071415
1.2806546789970361 103.78290501722965 330.75047150714124
1.2806625184072586 103.7829006504596 330.7504715071415
1.2806678679544636 103.7828976706126 330.7504715071403
1.2806751841300055 103.78289359529875 330.7504715071403
1.2806798739144178 103.78289098295797 330.75047150714124
1.2806860766852803 103.78288752784151 330.7504715071415
1.2806932605506722 103.78288352622798 330.7504715071415
1.2806976724737678 103.78288106866364 330.7504715071415
1.2807019612918522 103.78287867967221 330.7504715071415
1.280708432670711 103.78287507493344 330.7504715071415
1.2807145906719277 103.78287164475475 330.7504715071415
1.2807195383067194 103.78286888878392 330.75047150714124
1.280726934263697 103.78286476902922 330.75047150714124
1.2807344478096419 103.7828605837741 330.7504715071415
1.2807420962520506 103.78285632337783 330.7504715071415
1.2807483681105172 103.78285282977724 330.7504715071415
1.2807547624623896 103.78284926794439 330.75047150714124
1.2807592344745768 103.78284677690847 330.75047150714124
1.2807653175150773 103.78284338848468 330.75047150714124
1.2807718734515414 103.78283973664456 330.75047150714124
1.2807767249467465 103.78283703422592 330.7504715071415
1.2807834145444164 103.78283330793269 330.75047150714
1.280789689954269 103.78282981235363 330.7504715071415
1.2807955404342677 103.78282655347236 330.75047150714124
1.2807999783916058 103.78282408140579 330.75047150714124
1.2808039937868365 103.78282184471811 330.7504715071415
1.2808082154856335 103.78281949311356 330.7504715071415
1.2808126714034669 103.78281701104243 330.75047150714124
1.2808201860018635 103.78281282520044 330.75047150714124
1.2808275690545363 103.78280871263303 330.7504715071415
1.2808321070262874 103.78280618485546 330.7504715071403
1.2808385938355733 103.78280257152069 330.7504715071415
1.2808462229885258 103.78279832186838 330.7504715071415
1.280852602025988 103.78279476856547 330.75047150714124
1.2808597971158302 103.78279076069842 330.7504715071415
1.2808646122092648 103.78278807855615 330.75047150714124
1.28086894859873 103.78278566306541 330.75047150714124
1.2808732784099643 103.78278325123893 330.7504715071415
1.2808789324985341 103.78278010175273 330.75047150714124
1.2808846910587246 103.78277689407287 330.75047150714124
1.2808918093099604 103.78277292900684 330.75047150714124
1.2808985063471419 103.78276919856884 330.75047150714124
1.2809028124601047 103.78276679994283 330.7504715071403
1.2809089372311462 103.78276338827311 330.75047150714124
1.280915760445286 103.78275958755086 330.75047150714
1.2809198018798211 103.78275733635812 330.75047150714124
1.2809255529405208 103.78275413285546 330.7504715071415
1.2809318030283658 103.7827506513806 330.75047150714124
1.2809379530018241 103.78274722567221 330.7504715071415
1.2809425885774075 103.78274464352607 330.75047150714124
1.2809470476632132 103.78274215968969 330.7504715071415
1.2809517745378267 103.78273952668738 330.7504715071415
1.2809578581829295 103.78273613792565 330.7504715071415
1.28096459413234 103.78273238581201 330.7504715071415
1.2809692253765668 103.78272980607844 330.7504715071415
1.280973725887246 103.7827272991671 330.7504715071403
1.2809802627545752 103.78272365794768 330.7504715071415
1.2809843694981617 103.7827213703757 330.75047150714187
1.2809920104525498 103.78271711414857 330.75047150714124
1.2809976000958596 103.78271400055954 330.75047150714124
1.2810052519377175 103.78270973826768 330.75047150714124
1.2810108649451994 103.78270661166408 330.75047150714124
1.2810160902577312 103.78270370101748 330.75047150714124
1.2810233961804547 103.7826996314122 330.7504715071403
1.2810284114973103 103.78269683773907 330.75047150714
1.281035393955221 103.78269294831274 330.7504715071415
1.2810424176657427 103.78268903590751 330.7504715071403
1.2810489625136572 103.78268539024222 330.7504715071415
