512870353
1.279000265837322 103.78594817425294 66.43025211052576
1.2790030719723176 103.78595455681169 66.43025211052576
1.27900561063945 103.78596033101437 66.43025211052576
1.2790077448126544 103.78596518519494 66.43025211052576
1.27901204606169 103.785972282574 65.05455856799563
1.2790153568035765 103.78597604041722 63.10801309488376
1.2790193994780894 103.78598062903741 60.71426894019226
1.2790226751835232 103.78598434711269 58.766337651571895
1.279027085597163 103.7859893531336 56.140310763260516
1.279032016466614 103.78599494989564 53.21229468218997
1.2790355172887693 103.78599892348869 51.14650882681685
1.2790388934581656 103.78600275559519 49.17012061446284
1.27904413911137 103.7860087096512 48.82998590844692
1.2790487901577114 103.7860139888013 48.829985908447895
1.2790540970229494 103.78602003147208 48.84605703129834
1.279057133534276 103.78602349241807 48.85812269778411
1.2790611987372358 103.7860281258432 48.874275904608645
1.279065548402951 103.78603308349247 48.891559435301886
1.2790691867036452 103.78603723034419 48.90601633492972
1.279072602562181 103.78604112366148 48.91958935185392
1.2790781097477462 103.78604740062536 48.94147231190208
1.2790830948627403 103.78605109087559 47.27365905961005
1.2790883463004725 103.78605467385366 45.241406429407974
1.2790955583770527 103.78605959454653 42.43695850390872
1.2791007877577472 103.78606316247541 40.400588161547795
1.279106727655199 103.78606721517939 38.09187208569831
1.2791121885935033 103.7860709410966 35.979513429234586
1.2791162308099961 103.78607369904097 34.5048771743347
1.2791211687593382 103.78607706813058 34.504877174335775
1.279126565505997 103.78608075025079 34.5048771743347
1.279130583001535 103.78608349132844 34.5048771743347
1.2791352516616734 103.78608667668603 34.5048771743347
1.2791393586992692 103.78608947885688 34.5048771743347
1.2791443733264758 103.78609290026267 34.5048771743347
1.2791489238125888 103.78609600499189 34.504877174335775
1.2791554995268566 103.78610049150424 34.5048771743347
1.2791604869142366 103.78610389432473 34.5048771743347
1.2791644281673524 103.7861065833833 34.5048771743347
1.2791705639383804 103.78611076972892 34.50487717433504
1.2791750832340554 103.78611385317737 34.504877174335775
1.2791789832869016 103.78611651412564 34.5048771743347
1.2791835664588964 103.78611964115595 34.5048771743347
1.2791874148937927 103.78612226688604 34.504877174335775
1.279192690744855 103.78612586652103 34.5048771743347
1.2791992265092713 103.78613032577623 34.5048771743347
1.279204761274182 103.78613312908448 33.48104637303117
1.2792117786246455 103.78613663286617 32.12717490365362
1.2792188084228895 103.7861401428631 30.769198076526223
1.2792246634008597 103.78614306626913 29.637962166787727
1.2792314758339514 103.78614646773507 28.322747328997636
1.2792363688630946 103.78614891083748 27.37949792716932
1.279243908492753 103.78615267539458 26.708495246691108
1.2792490233234108 103.78615522924308 26.70849524669169
1.2792553284373176 103.78615837740318 26.708495246689935
1.279263382185088 103.78616239866082 26.70849524669169
1.2792683989983733 103.786164903569 26.708495246691108
1.2792738381145525 103.78616761933415 26.70849524669169
1.2792800030617044 103.78617069750858 26.70849524669052
1.279286378225342 103.7861738806447 26.70849524669169
1.2792922158117972 103.78617679536711 26.708495246691108
1.2792967117514817 103.78617904020172 26.708495246691108
1.279304899685544 103.78618214068776 25.5811025358981
