638934168
1.280147271752957 103.78122501542468 119.0313225971015
1.280143326913789 103.78123208505939 119.03132259710263
1.280140896848321 103.78123644003415 119.03132259710263
1.2801367639260492 103.78124384673667 119.03132259710263
1.2801336268634151 103.7812494687368 119.03132259710263
1.280129746096314 103.78125642354624 119.03132259710263
1.2801262086423255 103.7812627630965 119.03132259710262
1.2801237872602549 103.78126710250935 119.03132259710263
1.2801208129096842 103.78127243290935 119.03132259710263
1.280118326266284 103.78127688927839 119.03132259710262
1.2801158214423136 103.78128137822922 119.03132259710263
1.2801132003877274 103.78128607547947 119.03132259710262
1.2801091472333814 103.78129333922753 119.03132259710263
1.2801053507191094 103.78129975211148 119.27320515346052
1.2801014628309517 103.7813056135311 119.9579627586518
1.2800980677734322 103.7813107319542 120.55622249303092
1.2800931784734537 103.78131810311228 121.41801161842896
1.2800901045033277 103.78132273746068 121.95980965162663
1.2800867292700047 103.78132782599648 122.55455084619904
1.2800826674995947 103.78133394956247 123.26987297992667
1.2800795813883286 103.78133860221484 123.41322032574715
1.280075836293974 103.78134424835673 123.41322032574607
1.2800732863551432 103.78134809267009 123.41322032574607
1.2800705481225754 103.78135222085695 123.41322032574715
1.2800675022049668 103.78135681291283 123.41322032574607
1.280063592377381 103.781362707408 123.41322032574602
1.2800598083009882 103.78136841231935 123.41322032574715
1.2800557605868843 103.7813745146935 123.4132203257461
1.2800519390554672 103.78138027607231 123.41322032574709
1.2800491856617444 103.78138442711607 123.41322032574607
1.2800449652705386 103.78139078981977 123.41322032574715
1.2800412127881793 103.78139644709937 123.41322032574715
1.2800386527837408 103.78140054285609 123.24733380603051
1.280034995974191 103.78140642188846 122.99034746132342
1.2800303747182793 103.7814138514558 122.6655611656331
1.2800259270835477 103.78142100189325 122.35297159203911
1.2800225481609147 103.78142643416818 122.11550143155797
1.2800195488047643 103.78143125621618 121.90472021026524
1.2800151156849082 103.78143838331793 121.74333588137607
1.2800124418764742 103.78144268198463 121.74333588137607
1.2800100090060182 103.78144659329665 121.74333588137495
1.2800071762683332 103.78145114747294 121.74333588137495
1.2800043187636083 103.78145574146701 121.74333588137607
1.2800008281330297 103.78146135333385 121.74333588137607
1.2799982169316093 103.78146555134744 121.74333588137499
1.2799947715333844 103.78147109049442 121.74333588137611
1.2799921862742059 103.78147524680074 121.74333588137607
1.2799883080834866 103.78148148174563 121.74333588137607
1.2799857492033833 103.7814855956424 121.74333588137495
1.2799813880152653 103.7814926070993 121.74333588137607
1.279976748211192 103.78150006648535 121.74333588137607
1.2799721472051768 103.78150726912055 121.87372861081353
1.2799673634113145 103.78151322847411 123.0366400268946
1.2799635923056478 103.7815179262835 123.95466343394665
1.2799600458397327 103.78152234425059 124.81858094538045
1.2799547382547627 103.78152895611042 126.11168550258502
1.279949750201005 103.78153516991803 127.32609433062274
1.2799450812961564 103.78154098614971 128.4610720141355
1.279941007038122 103.78154606160724 128.60185569848565
1.2799359776155084 103.78155232694941 128.60185569848565
1.2799304618216287 103.7815591981826 128.6018556984857
1.2799265473648378 103.78156407456956 128.6018556984857
1.2799229052399352 103.78156861170231 128.60185569848673
1.2799193888132223 103.78157299224806 128.6018556984857
1.2799154803738177 103.78157786113877 128.60185569848565
1.279912361577023 103.78158174634181 128.6018556984857
1.2799082236790038 103.78158690107776 128.60185569848565
1.2799040314393304 103.78159212350909 128.6018556984857
1.2798984673231748 103.7815990549387 128.60185569848565
1.2798938000703726 103.78160486911169 128.6018556984857
1.2798898479562855 103.78160979240936 128.6018556984857
1.2798864288552687 103.78161405171248 128.6018556984857
1.2798813121631285 103.78162042576886 128.60185569848673
1.2798769713853069 103.78162583323947 128.60185569848662
1.2798735581776848 103.78163008520087 128.6018556984857
1.2798705564895598 103.78163382451689 128.60185569848662
1.2798662079924903 103.78163924160351 128.6018556984856
1.2798613982236882 103.78164523331365 128.6018556984856
1.2798569843649847 103.78165073182362 128.60185569848582
1.2798518912722687 103.78165707648091 128.6018556984857
1.27984738978999 103.78166268414675 128.6018556984856
1.2798432351395619 103.78166785975107 128.6018556984856
1.2798403587086182 103.78167144302927 128.6018556984857
1.2798352336729812 103.78167782747882 128.6018556984856
1.2798302331588822 103.78168405680714 128.6018556984857
1.2798261140030274 103.78168918819433 128.6018556984856
1.2798220097720292 103.78169430098903 128.60185569848662
1.2798184239651589 103.78169876796328 128.6018556984856
1.2798135425816826 103.78170460786437 128.79361259467274
1.2798098404137226 103.78170884660851 129.09056166189208
1.2798067326381088 103.78171240481164 129.33986448466163
1.2798032200606193 103.78171642648682 129.6216601573269
1.2797978575315403 103.7817225662375 130.0518788335293
1.2797942472439172 103.78172669978446 130.34150708498885
1.2797903144272453 103.78173120260635 130.65697702227212
1.2797847099929123 103.78173761932278 130.9781347938713
1.2797792317365766 103.7817438915735 130.9781347938712
1.279773757129405 103.78175015964605 130.9781347938713
1.2797680359680708 103.78175671000717 130.9781347938712
1.2797627292727676 103.78176278583133 130.9781347938713
1.2797588898780228 103.78176718169085 130.9781347938712
1.2797544837549644 103.78177222641773 130.9781347938713
1.2797486455280889 103.7817789108111 130.9781347938713
1.2797428052091977 103.7817855975996 130.9781347938712
1.279737390939499 103.78179179658918 130.9781347938713
1.2797337552056698 103.78179595926987 130.9781347938713
1.2797286540095414 103.78180179981031 130.9781347938722
1.2797233253857605 103.78180790074066 130.9781347938712
1.2797183384197413 103.78181361049485 130.9781347938713
1.2797139838415907 103.78181859620572 130.9781347938712
1.2797088664192493 103.78182445532389 130.9781347938722
1.27970362808124 103.78183045288262 130.9781347938712
1.2796981851786453 103.78183668465452 130.9781347938713
1.2796926503798025 103.78184302164162 130.9781347938712
1.2796885107582154 103.78184776124084 130.9781347938712
1.279684478599716 103.78185237780175 130.9781347938712
1.2796794915976213 103.7818580875968 130.9781347938713
1.2796752423157307 103.78186295274986 130.9781347938712
1.2796714222055874 103.78186732652898 130.9781347938712
1.2796680648463274 103.78187117048823 130.9781347938712
1.279664726646797 103.7818749925108 130.9781347938713
1.2796610864750064 103.78187916027206 130.9781347938713
1.279657734586161 103.78188299796795 130.9781347938712
1.2796536130661411 103.78188771684172 130.9781347938712
1.2796480767087002 103.78189405561274 130.9781347938712
1.2796424125265997 103.78190054073463 130.9781347938713
1.2796386962005968 103.78190479568734 130.9781347938722
1.2796340217422209 103.78191014763955 130.9781347938712
1.2796288731054182 103.78191604249527 130.9781347938712
1.2796237982131797 103.78192185291822 130.9781347938713
1.279618773056288 103.78192760639733 130.9781347938712
1.2796141423033751 103.78193290830939 130.9781347938713
1.2796098127778879 103.78193786533552 130.9781347938713
1.279605665594092 103.78194261359218 130.9781347938712
1.279599785247379 103.781949346208 130.9781347938712
1.2795959415277884 103.78195374701771 130.9781347938712
1.2795922147051537 103.78195801398797 130.9781347938712
1.2795878487342958 103.78196301274146 130.9781347938723
1.2795830529132126 103.78196850364554 130.9781347938712
1.2795785150021806 103.78197369925928 130.9781347938712
1.279572793111271 103.7819802504531 130.9781347938712
1.2795692568758077 103.7819842992132 130.9781347938723
1.2795633465754845 103.78199106612347 130.9781347938723
1.2795592534620914 103.78199575247258 130.9781347938713
1.2795540564562686 103.78200170270681 130.9781347938713
1.279549853711692 103.78200651457642 130.9781347938712
1.279544888209251 103.78201219975418 130.9781347938712
1.2795411224495212 103.78201651130445 130.9781347938714
1.2795358979769065 103.78202249298614 130.9781347938722
1.279530597763782 103.78202856138574 130.9781347938712
1.2795260367880599 103.78203378340649 130.9781347938713
1.2795210174330147 103.78203953024172 130.9781347938723
1.2795160632143245 103.7820452025 130.9781347938714
1.2795105007842078 103.78205157112076 130.9781347938713
1.2795052889082104 103.78205753837976 130.9781347938713
1.2795012068571097 103.78206221206273 130.9781347938722
1.2794957291615647 103.7820684836677 130.97813479387045
1.2794904461276189 103.78207453239776 130.9781347938713
1.2794869174670767 103.78207857248441 130.9781347938713
1.279482372335108 103.78208377636462 130.9781347938713
1.279478097971945 103.78208867023213 130.9781347938713
1.2794727196750495 103.78209482803184 130.9781347938712
1.2794678930824293 103.78210035416602 130.9781347938712
1.2794634608704234 103.78210542876006 130.9781347938713
1.2794604028975858 103.78210892993971 130.9781347938713
1.2794560194442366 103.78211394870817 130.9781347938713
1.2794518355109157 103.78211873903915 130.9781347938714
1.279446398809396 103.78212496370801 130.9781347938712
1.2794422989402476 103.7821296577909 130.9781347938714
1.2794382271539604 103.78213431972073 130.9781347938714
1.2794352044253032 103.78213778054791 130.9781347938712
1.2794306574744134 103.78214298651014 130.9781347938714
1.2794268098112351 103.78214739183349 130.9781347938714
1.2794220507616458 103.7821528406348 130.9781347938713
1.2794184128160024 103.78215700584518 130.9781347938713
1.2794139378360332 103.78216212940521 130.9781347938713
1.279410456289573 103.78216611554866 130.97813479387096
1.2794062463704152 103.78217093563129 130.9781347938714
1.2794021550381225 103.78217561993964 130.9781347938722
1.2793990699354267 103.78217915218077 130.9781347938712
1.2793935095743771 103.78218551843106 130.9781347938712
1.2793904865784311 103.782188979564 130.9781347938712
1.279386097532999 103.78219400473428 130.9781347938712
1.2793814435754989 103.78219933321155 130.9781347938712
1.2793777533099708 103.78220355832444 130.9781347938712
1.2793740985169537 103.78220774282359 130.9781347938712
1.2793682411683305 103.7822144491049 130.9781347938714
1.279364770580115 103.78221842270152 130.9781347938712
1.2793590105742974 103.78222501753154 130.9781347938712
1.2793551918672443 103.78222938970141 130.9781347938714
1.2793500444439805 103.78223528316435 130.9781347938722
1.2793459958424416 103.78223991854826 130.9781347938712
1.2793409823516513 103.78224565866718 130.9781347938712
1.279336678944233 103.78225058578705 130.9781347938712
1.2793336317548794 103.78225407461943 130.9781347938714
1.279329396855921 103.78225892330153 130.97813479387239
1.2793257508479041 103.78226309774203 130.9781347938712
1.2793210228355356 103.7822685110066 130.9781347938714
1.279316705087531 103.78227345454532 130.9781347938712
1.279311397520915 103.78227953136145 130.9781347938712
1.2793071458819518 103.78228439920954 130.97813479387239
1.2793013474917447 103.78229103798641 130.9781347938714
1.2792974126974868 103.78229554306797 130.9781347938714
1.2792915379282823 103.78230226929367 130.9781347938712
1.2792862725417757 103.78230829781603 130.9781347938712
1.2792808070968547 103.78231455539209 130.9781347938712
1.279275441683221 103.78232069843884 130.9781347938712
1.2792698273191443 103.78232712651742 130.9781347938712
1.2792668182454676 103.78233057170935 130.9781347938722
1.2792632196698468 103.78233469184232 130.9781347938712
1.279259985767293 103.78233839444854 130.9781347938714
1.2792561724100324 103.78234276049234 130.9781347938712
1.2792518528777441 103.78234770607328 130.9781347938712
1.2792475612038896 103.7823526197581 130.9781347938702
1.2792422023739876 103.78235875526647 130.9781347938712
1.2792369068948892 103.78236481824226 130.9781347938712
1.2792337002436207 103.78236848964734 130.9781347938714
1.2792287690583697 103.78237413553052 130.9781347938712
1.2792248816900855 103.7823785863118 130.9781347938722
1.2792199917665765 103.78238418495287 130.9781347938714
1.2792156674471804 103.78238913601437 130.9781347938712
1.2792114874812321 103.78239392180063 130.9781347938714
1.2792057565378054 103.78240048335408 130.9781347938712
1.2792018634779703 103.78240494065157 130.9781347938714
1.2791988344006606 103.7824084087459 130.9781347938712
1.2791943092179514 103.78241358978245 130.9781347938712
1.2791891749481583 103.7824194681836 130.97813479387239
1.2791851733979522 103.78242404969532 130.9781347938712
1.2791806502996435 103.78242922834524 130.9781347938712
1.27917699783237 103.78243341017988 130.9781347938714
1.2791725685805033 103.78243848138169 130.9781347938714
1.2791689511884023 103.78244262305752 130.9781347938712
1.2791640022423574 103.78244828927487 130.9781347938722
1.2791601793232978 103.78245266626543 130.9781347938712
1.2791550894118127 103.78245849387885 130.9781347938722
1.2791499014961016 103.78246443370057 130.9781347938714
1.2791442047375416 103.78247095611376 130.9781347938722
1.2791386410819099 103.7824773261328 130.9781347938714
1.2791339892887854 103.7824826521293 130.9781347938712
1.2791291464812184 103.78248819682472 130.9781347938712
1.2791260552100705 103.78249173612635 130.9781347938722
1.2791202899470129 103.78249833697235 130.9781347938712
1.2791163158735774 103.78250288702431 130.9781347938722
1.2791114576649245 103.78250844935273 130.9781347938712
1.2791078002014895 103.78251263690709 130.97813479387239
1.27910468369493 103.78251620510143 130.9781347938712
1.2790996153712249 103.78252200799758 130.9781347938712
1.2790957574733997 103.78252642503597 130.9781347938714
1.2790907190353906 103.78253219371487 130.9781347938712
1.279086276137026 103.78253728054014 130.9781347938712
1.2790812680098251 103.78254301451507 130.9781347938712
1.2790755911152383 103.78254951418438 130.9781347938712
1.279070695799036 103.78255511899806 130.9781347938714
1.2790657562264758 103.78256083752434 130.92541712325803
1.2790606826779856 103.78256689596839 130.71671418386504
1.279055612118759 103.78257295084282 130.5081253757246
1.2790509522645341 103.78257851528465 130.31642879498062
1.2790475315974341 103.78258259998387 130.1757104754581
1.2790439661668833 103.78258685754854 130.02903961765884
1.2790400906771362 103.78259148536213 129.86961921080456
1.2790349925664533 103.78259757313616 129.78893045972842
1.2790315556414247 103.78260167724923 129.78893045972944
1.27902783471623 103.78260612049354 129.78893045972842
1.2790234359297141 103.78261137318796 129.78893045972842
1.2790203782329967 103.7826150244555 129.78893045972865
1.2790154284218378 103.78262093514131 129.78893045972842
1.2790098716946763 103.78262757055971 129.78893045972842
1.2790058970731377 103.78263231674859 129.78893045972865
1.279000518429359 103.7826387395133 129.78893045972865
1.2789966905883385 103.78264331042803 129.78893045972944
1.278990914641842 103.78265020762112 129.78893045972944
1.2789862375821064 103.7826557926077 129.78893045972842
1.2789813827631518 103.78266158986068 129.78893045972842
1.2789761704733096 103.78266781397795 129.78893045972865
1.2789711778447173 103.7826737757925 129.78893045972842
1.2789663055282927 103.78267959393945 129.78893045972842
1.278960840325435 103.78268612006586 129.78893045972944
1.278957884137264 103.78268965011918 129.78893045972944
1.2789533587010953 103.78269505404815 129.78893045972865
1.2789488196746999 103.78270047420546 129.78893045972865
1.2789440633337001 103.78270615386315 129.78893045972842
1.27893866068009 103.78271260529776 129.78893045972865
1.2789330245094381 103.78271933558041 129.78893045972865
1.2789275602196448 103.78272586061605 129.78893045972865
1.2789246540487367 103.78272933094236 129.78893045972865
1.2789200644598344 103.78273481147721 129.78893045972865
1.2789160663487535 103.78273958571458 129.78893045972865
1.2789106439187272 103.78274606076427 129.78893045972842
1.2789064655460671 103.78275105025612 129.78893045972865
1.2789021404233492 103.78275621498555 129.78893045972842
1.2788967549929369 103.78276264585297 129.78893045972865
1.278891008533574 103.78276950783332 129.78893045972865
1.2788854980543607 103.78277608802426 129.78893045972822
1.278879891116863 103.78278278339818 129.78893045972865
1.2788745924062903 103.78278911071112 129.78893045972865
1.2788690846633692 103.78279568763435 129.78893045972865
1.278865324584517 103.78280017763143 129.78893045972865
