769564349
1.2823356241756745 103.7827663457802 123.97546551528501
1.2823326816523948 103.78277068860704 123.97546551528521
1.28232844444143 103.78277694224435 123.97546551528521
1.2823236831645057 103.78278396934282 123.97546551528501
1.2823198553231985 103.78278961879732 123.97546551528501
1.2823164936794602 103.78279458019772 123.97546551528521
1.2823136942868056 103.78279871177998 123.97546551528521
1.2823098198161846 103.78280443005387 123.97546551528501
1.282305484677441 103.782810828221 123.97546551528521
1.2823019533584208 103.78281604004242 123.97546551528501
1.2822976035574944 103.7828224598491 123.97546551528521
1.282294038312475 103.7828277217413 123.97546551528521
1.2822891683835465 103.78283490919705 123.97546551528734
1.2822849211692147 103.78284117759752 123.97546551528521
1.2822805048863606 103.78284769552363 123.97546551528501
1.2822759714002339 103.78285438642823 123.97546551528521
1.2822729325217124 103.78285887146369 123.97546551528521
1.2822700796491318 103.78286308197575 123.97546551528501
1.2822662260339617 103.78286876946879 123.97546551528501
1.2822612424095965 103.78287612472545 123.97546551528521
1.282256564361346 103.7828830289868 123.97546551528501
1.2822525622143042 103.78288893569562 123.97546551528501
1.2822496835168475 103.782893184322 123.97546551528521
1.2822457419488915 103.78289900162297 123.97546551528501
1.282243117388265 103.78290287517257 123.97546551528501
1.2822397995875865 103.78290777186469 123.97546551528521
1.282236254305611 103.782913004293 123.97546551528521
1.2822318302133175 103.78291953374415 123.97546551528501
1.2822286429209977 103.78292423782085 123.97546551528521
1.2822260494646964 103.78292806546386 123.97546551528521
1.282221951669479 103.78293411333794 123.97546551528501
1.2822186314987503 103.78293901352774 123.97546551528521
1.2822136089752811 103.78294642619413 123.97546551528501
1.2822086355091058 103.78295376645752 123.97546551528521
1.2822048031694573 103.7829594225495 123.97546551528521
1.2822020118204847 103.7829635422591 123.97546551528521
1.2821984178313373 103.78296884657308 123.97546551528501
1.282193989503457 103.7829753822749 123.97546551528521
1.282190904249906 103.78297993575367 123.97546551528521
1.282186574905846 103.78298632536662 123.97546551528501
1.2821832628828316 103.78299121353092 123.97546551528521
1.2821790040246517 103.78299749911474 123.97546551528501
1.2821746073300173 103.78300398812921 123.97546551528521
1.282170761230489 103.7830096645287 123.97546551528521
1.282166494566686 103.78301596163254 123.97546551528501
1.2821628750406684 103.78302130363556 123.97546551528501
1.2821583174884468 103.78302803005701 123.97546551528501
1.282155212939475 103.78303261201319 123.97546551528521
1.28215212504415 103.7830371693905 123.97546551528521
1.282148922926611 103.78304189534657 123.97546551528521
1.282143919871034 103.78304927927935 123.97546551528521
1.2821397734871531 103.78305539886345 123.97546551528501
1.2821354066516506 103.78306184380868 123.97546551528501
1.2821307525081953 103.78306871278721 123.97546551528521
1.2821264861652655 103.78307500941685 123.97546551528521
1.2821238164175557 103.78307894965621 123.97546551528521
1.2821206709488386 103.78308359200486 123.97546551528521
1.2821165014074076 103.78308974459394 123.97630043937396
1.2821138362762277 103.78309367697992 123.97704087546566
1.2821109220180857 103.78309797695127 123.97785052488075
1.282105967804079 103.78310528686585 123.97922692197677
1.282102186321958 103.78311086642115 123.98027750657866
1.282097272311689 103.7831181170152 123.98164273410613
1.2820942738111594 103.78312254128555 123.98247578800876
1.2820914668867294 103.78312668288642 123.98248363852359
1.282087017648713 103.7831332477115 123.98248363852343
1.2820832758510488 103.78313876871236 123.98248363852343
1.282080723370818 103.78314253488217 123.98248363852359
1.2820775351186942 103.78314723912972 123.98248363852359
1.2820736541318372 103.7831529655033 123.98248363852359
1.2820698042695893 103.78315864595264 123.98248363852359
1.282065573822935 103.78316488795198 123.98248363852576
1.282060649510114 103.78317215374675 123.98248363852576
1.2820565195871487 103.78317824742385 123.98248363852343
1.2820527828934987 103.78318376089335 123.98248363852359
1.2820501902349062 103.78318758634583 123.98248363852359
1.282045708007175 103.78319419984638 123.98248363852343
1.2820425086963412 103.78319892041058 123.98248363852343
1.282037688428471 103.78320603268722 123.98248363852359
1.2820347539238872 103.78321036253128 123.98248363852557
1.2820312550242619 103.78321552513684 123.98248363852343
1.2820277641983173 103.78322067582967 123.98248363852359
1.282024969657789 103.7832247991575 123.98248363852557
1.2820202352332737 103.78323178477248 123.98248363852359
1.282017645802864 103.78323560546148 123.98248363852557
1.2820140909313578 103.78324085065299 123.98248363852359
1.282009580129135 103.78324750631445 123.98248363852576
1.282005002309986 103.78325426085891 123.98248363852359
1.282001786079621 103.7832590063873 123.98248363852557
1.2819989353730867 103.78326321258747 123.98248363852343
1.2819960875454803 103.78326741453976 123.98248363852359
1.2819919113692853 103.78327357646226 123.98248363852343
1.2819892223284168 103.78327754412564 123.98248363852359
1.2819848239485172 103.78328403390823 123.98248363852343
1.2819799382501138 103.78329124272624 123.98248363852359
1.281976149160409 103.78329683350476 123.98248363852343
1.281973347172371 103.78330096782082 123.98248363852343
1.281970206989958 103.78330560114057 123.98248363852359
1.281966777890795 103.78331066075515 123.98248363852359
1.2819638332007983 103.78331500562699 123.98248363852343
1.281960396227967 103.78332007685903 123.98248363852359
1.2819560845799816 103.7833264386688 123.98248363852359
1.2819532527037385 103.78333061708452 123.98248363852359
1.2819483431238246 103.78333786113895 123.98248363852576
1.2819449150638207 103.78334291922 123.98248363852359
1.2819401264982802 103.78334998623467 123.98140374421499
1.2819371929336338 103.78335431590448 123.98053940132282
1.281934370176233 103.78335848203302 123.97970770658466
1.281931339330415 103.78336295528075 123.97881470086294
1.281926458004471 103.78337015966572 123.97737647133368
1.2819232315998892 103.78337492154 123.97642584636831
1.2819196397802275 103.78338022273303 123.97536755583936
1.2819149839685542 103.78338709427962 123.97504216783878
1.281910904904368 103.7833931146003 123.97504216783878
1.2819071824696922 103.78339860856885 123.97504216783913
1.2819033532422042 103.7834042601536 123.97504216783913
1.281899613826405 103.7834097791846 123.97504216783913
1.2818963111819202 103.78341465358159 123.97504216783913
1.281891499417047 103.78342175530024 123.97504216783878
1.281886945400363 103.78342847660642 123.97504216783878
1.2818822222407396 103.7834354475518 123.97504216783878
1.2818782515453864 103.78344130792965 123.97504216784128
1.281874441930382 103.7834469305678 123.97504216784128
1.2818712449213374 103.78345164905642 123.97504216783878
1.2818684772843223 103.78345573383172 123.97504216784128
1.2818636709254552 103.78346282757111 123.97504216783913
1.2818590263164644 103.78346968258265 123.97504216783913
1.2818540984211677 103.78347695569839 123.97504216783913
1.281851422155259 103.78348090561826 123.97504216783878
1.2818481394814207 103.78348575053985 123.97504216783878
1.2818436748576276 103.78349233990971 123.97504216783913
1.281840606557088 103.78349686843615 123.97504216783878
1.281836681344157 103.78350266789099 123.97062361207524
1.2818329994044868 103.78350810999069 123.96499910268744
1.2818304621442427 103.78351186019421 123.961123198772
1.2818270575149753 103.78351689241455 123.95592230697166
1.2818233520880729 103.78352236922947 123.95026191849666
1.281818710663627 103.78352922949772 123.94317170586743
1.281814059888149 103.78353610358718 123.93649946665501
1.2818097491843825 103.7835424750328 123.93649946665535
1.2818068848643833 103.78354670864753 123.93649946665535
1.2818029336532761 103.7835525487441 123.93649946665754
1.2817990084169735 103.78355835044847 123.93649946665717
1.2817959646458532 103.78356284930123 123.93649946665754
1.2817927398620679 103.78356761570012 123.93649946665754
1.28178840144856 103.78357402810184 123.93649946665501
1.281783946394809 103.78358061290388 123.93649946665535
1.281779668500754 103.78358693585456 123.93649946665501
1.2817758615030357 103.78359256279583 123.93649946665501
1.2817719124773954 103.78359839966173 123.93649946665501
1.2817670260810379 103.78360562201036 123.93649946665535
1.281762269814727 103.7836126520199 123.93649946665717
1.281758594197594 103.78361808477356 123.93649946665754
1.2817548480466983 103.78362362145994 123.93672697927124
1.2817522014764684 103.78362752630944 123.94164884222201
1.2817481054156896 103.78363356979192 123.9492663430865
1.2817434527517368 103.7836404345076 123.95791896693711
1.2817391020945594 103.78364685363104 123.96600994460698
1.2817348601243665 103.78365311239355 123.97389879529038
1.281730913710617 103.7836589350809 123.98123799503537
1.2817280830320035 103.78366311157062 123.98347910197936
1.281724558028997 103.78366831249261 123.98347910197936
1.2817212958819277 103.78367312558703 123.98347910197936
1.2817185172645238 103.78367722526356 123.98347910197936
1.2817159537201175 103.78368100761332 123.98347910197936
1.281712575933984 103.78368599132585 123.98347910197973
1.281709996068453 103.78368979775632 123.98347910197936
1.2817063794352224 103.78369513387277 123.98347910197936
1.28170229507661 103.78370116008874 123.98347910197936
1.281698721180532 103.78370643314908 123.98347910198187
1.281694113107658 103.7837132320726 123.98347910197936
1.2816891134379247 103.78372060877271 123.98347910197936
1.2816858453429456 103.78372543064248 123.98347910197936
1.2816827305338583 103.78373002634847 123.98347910197936
1.2816789583752253 103.78373559193257 123.98347910197936
1.281675907666235 103.78374009306279 123.98347910197973
1.2816728079512383 103.7837446664983 123.98347910197936
1.281668173457715 103.78375150440338 123.98347910197936
1.2816631528316118 103.78375896363201 123.9467226090387
1.2816603999431468 103.78376311884679 123.88013042141857
1.2816570461102181 103.78376818112815 123.79900072493554
1.2816543441888417 103.78377225941306 123.73364050773039
1.2816506797433824 103.78377779053343 123.64499639075403
1.2816460863668284 103.78378472378397 123.5338814377376
1.2816420169073228 103.78379086623315 123.43544108163846
1.2816380558154494 103.78379684511195 123.38195504694568
1.281634101634475 103.7838028135594 123.38195504694603
1.28163016919064 103.7838087491967 123.38195504694352
1.281627619673158 103.78381259744265 123.38195504694387
1.2816234827625161 103.78381884170237 123.38195504694603
1.2816186046355784 103.78382620475513 123.38195504694568
1.2816159923462622 103.78383014774884 123.38195504694387
1.2816114051645384 103.7838370716483 123.38195504694603
1.281606601438504 103.78384432240001 123.38195504694568
1.281602906207475 103.78384989998752 123.38195504694352
1.2815998834184767 103.78385446258996 123.38195504694352
1.2815951388512987 103.78386162404698 123.38195504694603
1.2815907269680862 103.78386828335023 123.38195504694568
1.2815872054665463 103.78387359870997 123.38195504694568
1.281583226923466 103.78387960392885 123.38195504694603
1.2815792682392866 103.78388557917265 123.38195504694568
1.2815763275376013 103.78389001787208 123.38195504694387
1.2815734877228526 103.7838943042926 123.38195504694352
1.2815706252051908 103.7838986249809 123.38195504694568
1.2815668618412124 103.7839043054079 123.38195504694387
1.2815620626501585 103.78391154931369 123.38195504694603
1.2815573064778196 103.78391872828688 123.38195504694352
1.281552706208825 103.78392567193926 123.38195504694387
1.2815484303862468 103.78393218400457 123.34119992582771
1.2815450341796844 103.78393755166898 123.17193838636726
1.2815410791045527 103.78394380261852 122.97481535522353
1.281536630111743 103.78395083419903 122.75306998883491
1.281533614392969 103.78395560050686 122.60276152793986
1.2815290961968442 103.78396274146223 122.37757235118829
1.281524966145044 103.78396926896008 122.18229661335333
1.281520853879992 103.78397576834608 122.18229661335555
1.2815177078478883 103.78398074061235 122.18229661335555
1.2815146649162907 103.78398554992948 122.18229661335589
1.2815118353594432 103.78399002201031 122.18229661335589
1.2815086885193652 103.78399499555347 122.18229661335589
1.2815041933056388 103.78400210018502 122.18229661335369
1.2815002588828113 103.78400831849318 122.18229661335333
1.281496656802026 103.78401401153866 122.18229661335589
1.2814923651092067 103.78402079450761 122.18229661335589
1.281489268659383 103.78402568840933 122.18229661335369
1.281486386347754 103.78403024386816 122.18229661335369
1.2814820150445372 103.78403715266022 122.18229661335333
1.281478009790178 103.7840434829164 122.18229661335333
1.2814732785901144 103.78405096052093 122.18229661335333
1.281468606374677 103.78405834490086 122.18229661335369
1.2814642284071398 103.78406526422548 122.18229661335555
1.2814603680015897 103.7840713655496 122.18229661335369
1.2814566283269468 103.7840772760599 122.18229661335555
1.281453152941443 103.7840827688644 122.18229661335555
1.281450700724732 103.78408664456305 122.18229661335589
1.2814464544531938 103.78409335574341 122.18229661335589
1.281442900413053 103.78409897286045 122.18229661335555
1.2814393680284963 103.78410455575106 122.18229661335589
1.2814364320733551 103.7841091959922 122.18229661335369
1.2814325224822705 103.78411537505302 122.18229661335555
1.2814292525167876 103.78412054319335 122.18229661335369
1.2814254203108169 103.78412659994781 122.18229661335589
1.281421576566367 103.78413267493865 122.18229661335589
1.2814175832179007 103.78413898637672 122.18229661335369
1.2814138243794302 103.78414492717458 122.18229661335555
1.2814094514204095 103.78415183858232 122.18229661335589
1.281405041322753 103.78415880868712 122.18229661335333
1.281402617522009 103.78416263947419 122.18229661335589
1.2813993414603846 103.784167817249 122.18229661335589
1.281394731706754 103.78417510290741 122.18229661335589
1.2813909273909816 103.78418111558122 122.18229661335589
1.2813864459712085 103.78418819840942 122.18229661335555
1.281382552311678 103.7841943522898 122.18229661335555
1.2813780392248941 103.78420148516717 122.18229661335589
1.2813736735094392 103.7842083851259 122.18229661335369
1.2813706309202615 103.78421319390004 122.18229661335589
1.2813664885201625 103.78421976652575 122.1649144792598
1.2813623470845736 103.78422635243282 122.1374849282122
1.2813592900006208 103.78423121395251 122.11723724286325
1.2813565176952932 103.78423562260367 122.09887570084827
1.2813523980282653 103.78424217389319 122.0715903111359
1.2813479537484236 103.78424924139725 122.04215496154988
1.2813448274833965 103.78425421293176 122.02357811998827
1.281340713724824 103.78426075482516 122.02357811998827
1.281336945819658 103.78426674672603 122.02357811998827
1.2813336528532275 103.78427198335686 122.02357811998827
1.2813307608946796 103.78427658228595 122.02357811998827
1.2813260481438415 103.78428407672486 122.02357811998827
1.2813218378481819 103.78429077213578 122.02357811998827
1.2813185837541177 103.78429594694971 122.02357811998827
1.2813153992574242 103.78430101108658 122.02357811998861
1.2813128956446376 103.78430499244972 122.02357811998861
1.2813092543250384 103.78431078304784 122.02357811998827
1.2813050966843669 103.784317394724 122.02357811998861
1.2813009225422152 103.78432403264152 122.02357811998827
1.2812970218153412 103.78433023576113 122.02357811998827
1.2812928382981246 103.78433688858718 122.02357811998827
1.2812882057562114 103.78434425590545 122.02328620199387
1.2812857605190275 103.78434814558787 122.02250842564152
1.2812824054439975 103.78435348256555 122.02144124981811
1.281278868118996 103.78435910945147 122.02031610428202
1.2812745267454482 103.78436601535168 122.01893520853922
1.2812719135137232 103.78437017226584 122.01810399682914
1.2812691859961522 103.78437451097653 122.01723643330303
1.281264652915901 103.78438172182783 122.01595731140685
1.281260090179803 103.7843889798531 122.01595731140685
1.2812557901790007 103.7843958199406 122.01595731140685
1.2812522342759007 103.78440147637862 122.01595731140685
1.2812493033708827 103.78440613862111 122.01595731140685
1.2812457545002816 103.78441178387232 122.01595731140685
1.2812423877152581 103.78441713947676 122.01595731140685
1.2812388660703533 103.78442274141948 122.01595731140904
1.281235601495706 103.78442793443595 122.01595731140904
1.281231238702899 103.7844348676316 122.02053416558807
1.2812274612791037 103.78444086743777 122.02661910483674
1.281224270582358 103.78444593532606 122.0317589031108
1.2812205042849747 103.78445191745966 122.03782591931812
1.2812171434414288 103.78445725559762 122.04323980193364
1.2812142689059351 103.78446182131648 122.04787030527342
1.2812112485843656 103.78446661859213 122.05273565083876
1.2812072210403154 103.78447301567215 122.0545936911399
1.2812039302323766 103.78447824257007 122.05459369114213
1.2811996240529115 103.78448508221572 122.0545936911399
1.281195489918236 103.78449164859693 122.05459369114213
1.281193042128928 103.78449553650066 122.05459369114213
1.2811895710278065 103.78450104976392 122.05459369114027
1.2811855278321658 103.7845074717035 122.0545936911399
1.2811824484807341 103.78451236273786 122.05459369114247
1.2811793042272204 103.78451735685825 122.0545936911399
1.281176249440146 103.78452220887615 122.0545936911399
1.281173790716128 103.78452611414764 122.05459369114027
1.28116928787128 103.78453326616277 122.05459369114213
1.2811653112719343 103.78453958232498 122.05459369114247
1.2811623620874466 103.78454426661067 122.05459369114247
1.281158403942019 103.78455055346181 122.0545936911399
1.2811550241295344 103.78455592172784 122.0545936911399
1.28115041497748 103.78456324259385 122.0545936911399
1.2811476336829766 103.78456766021425 122.05459369114027
1.2811437765042009 103.78457378669653 122.0545936911399
1.2811399980559068 103.78457978812855 122.05459369114247
1.2811356752402967 103.7845866541968 122.0545936911399
1.281131341404969 103.78459353776795 122.0545936911399
1.2811266130958412 103.78460104789451 122.05459369114213
1.2811240900318188 103.78460505535881 122.05459369114213
1.2811206444708707 103.7846105280548 122.05459369114027
1.281116203375648 103.78461758199002 122.05459369114213
1.2811129937580676 103.78462260775206 122.1034004840363
1.2811091875040423 103.78462855097551 122.17262606256297
1.2811061082321944 103.78463335906252 122.228630008582
1.281103008136773 103.78463819966417 122.28501277088348
1.2810997530982695 103.78464328219954 122.34421352689844
1.2810957169605823 103.7846495843715 122.41762024400475
1.2810925911891002 103.78465446506456 122.47446948806675
1.281089971002549 103.7846585563189 122.49617487657147
1.281086665606051 103.7846637174849 122.49617487657147
1.2810820306880197 103.78467095461397 122.49617487657112
1.2810794220340416 103.78467502786086 122.49617487657147
1.2810766084177287 103.78467942114332 122.49617487656894
1.2810732683875619 103.78468463638741 122.49617487657147
1.2810700334655052 103.78468968751184 122.49617487656927
1.281067304356395 103.78469394884159 122.49617487656927
1.2810641716360953 103.78469884038442 122.49617487657112
1.2810605002782105 103.78470457297543 122.49617487656894
1.281057342818 103.78470950314797 122.49617487657147
1.2810534250421075 103.78471562050485 122.49617487656927
1.2810504181819409 103.78472031552496 122.49617487657112
1.2810473272585834 103.78472514180433 122.49617487656927
1.2810431482500086 103.7847316670592 122.49617487657147
1.2810398206572975 103.78473686288255 122.49617487656963
1.2810352265766083 103.78474403624585 122.49617487657112
1.2810316137646947 103.78474967742065 122.49617487656894
1.2810287152905504 103.78475420320264 122.49617487656927
1.2810262167720987 103.7847581044794 122.49617487656927
1.281021563752523 103.78476536987174 122.49617487656927
1.2810172126066648 103.78477216390753 122.49617487657147
1.281013634487916 103.7847777509109 122.49617487656894
1.2810110109771986 103.7847818473549 122.49617487656894
1.2810076659644385 103.78478707037813 122.49617487656894
1.2810033795467572 103.78479376334475 122.49617487657147
1.2810006912212855 103.78479796099275 122.49617487656927
1.2809975019255675 103.78480294087365 122.49617487656927
1.2809935410028894 103.78480876072558 122.74595995759273
1.2809907661190014 103.78481269759058 123.01705377577214
1.2809874070449168 103.78481746327508 123.34526396383757
1.280982260250268 103.78482476528701 123.84819553865303
1.2809782709435868 103.78483042511354 124.23801537729551
1.2809743441074817 103.78483599630991 124.62168811533815
1.2809696762307659 103.78484261885711 125.03091513054082
1.2809651347035602 103.78484906214598 125.0309151305412
1.2809621343523838 103.78485331889227 125.03091513054044
1.2809577103966643 103.78485959537656 125.03091513054044
1.2809542927427862 103.7848644441707 125.03091513054082
1.2809512671930368 103.78486873666735 125.03091513054044
1.2809483818918443 103.78487283018643 125.03091513054082
1.280944520059491 103.78487830915837 125.03091513054044
1.280941286926222 103.78488289616388 125.03091513054082
1.2809381542080547 103.78488734070554 125.03091513054044
1.2809353103398222 103.78489137544148 125.03091513054044
1.2809324660967085 103.7848954107093 125.03091513054082
1.2809283246719647 103.78490128635252 125.03091513054082
1.280923272613821 103.78490657005092 126.41193193574539
1.2809168269478604 103.78491263879462 128.67714816777394
1.2809118251951928 103.78491734806047 130.43987637318287
1.280907995438856 103.78492095386463 131.79020333921338
1.2809016230905506 103.7849269535779 134.03384850230668
1.2808971942465353 103.78493112343686 135.58778656085104
1.2808926156626628 103.78493543427936 136.5674722178414
1.2808889246592043 103.78493890944435 136.5674722178414
1.2808828914680737 103.7849445898331 136.56747221784187
1.2808790001670025 103.78494825358284 136.5674722178414
1.2808749549049314 103.7849520622904 136.5674722178414
1.2808715770140655 103.78495524265257 136.56747221784187
1.280866764078343 103.78495977414251 136.56747221784187
1.2808608151845127 103.78496537516315 136.5674722178414
1.2808549816918136 103.78497086753092 136.5674722178432
1.280850751423319 103.78497485042611 136.56747221784187
1.2808443409780745 103.78498088600787 136.56747221784187
1.2808382193937031 103.7849866496204 136.5674722178414
1.2808326647225723 103.78499187947101 136.5674722178414
1.28082906568449 103.78499526707513 136.56837272275834
1.2808254977810034 103.78499862388344 136.57064472974213
1.280821193596239 103.78500267341086 136.57338559365664
1.2808148343698587 103.78500865639319 136.57743508853443
1.2808083128961651 103.78501479202339 136.58158790093196
1.2808028257559116 103.78501995451651 136.58508205958887
1.2807981307104133 103.78502437177917 136.58807181979245
1.2807919863917758 103.78503015256855 136.58838407629958
1.2807886247029743 103.78503331536264 136.5883840762991
1.2807829927859349 103.78503861406662 136.5883840762991
1.280777341391063 103.78504393109597 136.5883840762991
1.2807725039204825 103.7850484909476 136.58043044354014
1.2807672180294531 103.7850534745088 136.57079173649672
1.2807620055462372 103.78505838886075 136.56128688636701
1.280756241227773 103.78506382348533 136.55077577653162
1.280751954544046 103.7850678649894 136.5429591019614
1.2807468568551168 103.78507267111266 136.5336635778634
1.280741957341272 103.78507729039553 136.52856126378194
1.2807378646991037 103.78508114895628 136.52856126378242
1.2807339264157325 103.78508486198685 136.52856126378242
1.2807296135786206 103.78508892814828 136.52856126378242
1.2807232711789032 103.78509490779001 136.52856126378288
1.2807183495077699 103.78509954796267 136.52856126378242
1.2807124434234511 103.78510511624428 136.52856126378242
1.2807087059858873 103.78510863991639 136.52856126378018
1.2807027636631172 103.78511424236363 136.52856126378242
1.2806973351901345 103.78511936035106 136.52856126378063
1.2806919749258898 103.78512441403096 136.52856126378063
1.2806885075504328 103.78512768308724 136.5285612637811
1.2806828266966253 103.78513303902022 136.52856126378242
1.2806775487644644 103.78513801507694 136.52856126378242
1.280671983609877 103.78514255831234 137.1800420457
1.2806664693444871 103.78514604417941 138.77106980614187
1.2806622573006357 103.78514870684138 139.98991274036783
1.280655478263643 103.7851529922393 141.95500931387483
1.2806481976513153 103.78515759471018 144.06560918729386
1.280644374438268 103.785160011571 145.17210159707892
1.2806393132871317 103.78516321099974 146.6331523952632
1.2806322455477361 103.78516767890196 147.56044784924478
1.2806271448656676 103.78517090332028 147.56044784924478
1.280620719817156 103.78517496494257 147.56044784924478
1.2806159066016631 103.78517800763758 147.56044784924342
1.2806107155322801 103.78518128919454 147.56044784924478
1.2806042212454685 103.78518539458602 147.56044784924399
1.2805994879037876 103.78518838678838 147.56044784924535
1.280594936520715 103.78519126396479 147.56044784924478
1.2805898544089005 103.78519447664364 147.56044784924478
1.2805835579183331 103.78519845699721 147.56044784924342
1.2805786563390014 103.78520155555161 147.56044784924478
1.280573731034609 103.78520466910389 147.56044784924478
1.2805668677523971 103.7852090077571 147.56044784924478
1.2805597521256153 103.78521350593095 147.56044784924342
1.2805535729245487 103.78521741213925 147.56044784924478
1.2805459764990146 103.78522221425199 147.56044784924535
1.2805413839686266 103.78522511743957 147.56044784924399
1.2805342533033446 103.78522962511987 147.56044784924478
1.2805271591525427 103.78523410971734 147.56044784924478
1.2805219851408771 103.78523668680727 148.30733593184584
1.280517370339794 103.78523877818479 149.19798176931207
1.2805098287821235 103.78524219593646 150.65572347475214
1.2805029514053008 103.78524531268855 151.9861232246539
1.280497051870442 103.78524798629331 153.12702960343032
1.2804895241764738 103.78525139776195 154.5808520092987
1.2804826278081216 103.78525452312068 155.50809897176788
1.2804753851790336 103.78525780540096 155.50809897176788
1.2804702961171643 103.78526011170811 155.50809897176836
1.280465238847742 103.78526240360723 155.508098971769
1.2804573309863179 103.78526598736343 155.508098971769
1.280451931864775 103.78526843418611 155.50809897176956
1.2804475192993239 103.78527043391242 155.50809897176788
1.280440373628253 103.78527367225216 155.50809897176788
1.2804348323351367 103.78527618350539 155.508098971769
1.2804298797374372 103.7852784279683 155.508098971769
1.280424550446272 103.78528084314452 155.508098971769
1.2804185946184041 103.78528354226027 155.50809897176848
1.2804129631152938 103.78528609439557 155.5080989717673
1.2804058789601525 103.78528930485679 155.508098971769
1.2803980731968152 103.78529284234281 155.508098971769
1.2803921317356917 103.7852955349476 155.508098971769
1.280387523436296 103.78529762337813 155.508098971769
1.2803822444177346 103.78530001577118 155.50809897176788
1.2803780364206574 103.78530178718155 155.6654350864154
1.2803720821620317 103.78530387566403 156.3734957183888
1.2803676580130416 103.78530542745378 156.89994378184707
1.2803627962361037 103.78530713274345 157.47868680230255
1.2803584045849603 103.78530867313441 158.0015690258258
1.2803515107844403 103.78531109116524 158.822345479377
1.2803452067713998 103.78531330232549 159.57263115617158
1.2803376781754958 103.78531594301353 160.46795553190083
1.2803318813950904 103.78531797625966 160.58263860930845
1.2803262462904452 103.78531995279728 160.58263860930845
1.2803178939073785 103.78532300348917 160.43707439083875
1.280310234154906 103.78532623969514 159.77607411115585
1.280305201891657 103.78532836580042 159.34165928286072
1.2802991045300873 103.78533094190425 158.81521802707456
1.2802940591812897 103.78533307353806 158.37959916499327
1.2802860585205924 103.78533645377584 157.68893322595116
1.2802803854729519 103.78533885060912 157.19938249868787
1.2802741543661995 103.78534148321945 156.99026633962953
1.2802681983757693 103.78534399959456 156.99026633963058
1.2802632357338395 103.78534609628501 156.99026633962953
1.2802558986513635 103.78534919616426 156.99026633963058
1.2802502499162898 103.78535158272548 156.99026633962953
1.2802438716946414 103.78535410157205 157.19669654459025
1.2802355324389312 103.78535738339512 157.48006630663858
1.2802287762675026 103.78536004221262 157.70965121276518
1.280220665860951 103.78536323397452 157.9852542102467
1.2802160981312674 103.78536502959328 158.14276941605567
1.280210163517419 103.78536735667787 158.3543003959937
1.280202697811121 103.7853702841354 158.44392149767256
1.2801964127848657 103.78537274862386 158.45448975419413
1.2801907280597125 103.78537497772187 158.46404860585304
1.2801842223757247 103.78537752873471 158.47498789710332
1.2801761889483696 103.78538067880721 158.48849608279093
1.2801689882719491 103.78538350234085 158.48980241719568
1.2801634006768017 103.78538569335205 158.4898024171963
1.2801581766508296 103.78538774180026 158.4898024171963
1.2801506008972674 103.7853907124093 158.4898024171963
1.2801442755802832 103.78539319269632 158.4898024171963
1.2801391800042765 103.7853951907766 158.48980241719568
1.2801331657418127 103.78539754909269 158.4898024171963
1.2801281839906125 103.78539950253989 158.48980241719585
1.2801233050108016 103.78540141568826 158.4898024171963
1.2801187200234891 103.78540321355611 158.4898024171963
1.2801106495805175 103.7854063781428 158.4898024171963
1.280105895132264 103.78540824245972 158.48980241719568
1.2800994572951279 103.78541076686801 158.4898024171968
1.2800933564806034 103.7854131591228 158.48980241719585
1.2800880358567117 103.78541524544876 158.48980241719568
1.280079849828647 103.78541845535854 158.4898024171963
1.2800737848136694 103.78542083357549 158.4898024171963
1.2800674599227533 103.78542331369509 158.4898024171963
1.2800623828109694 103.78542530453485 158.48980241719585
1.2800576982649574 103.7854271414415 158.4898024171968
1.2800517082826592 103.7854294902365 158.48980241719568
1.2800463437683036 103.78543159377264 158.48980241719568
1.2800414054422742 103.78543353019158 158.4898024171963
1.2800365781134293 103.78543542308624 158.48980241719568
1.280028267464274 103.7854386818622 158.4898024171963
1.2800226457195714 103.78544088626353 158.4898024171963
1.2800143750394122 103.78544412936675 158.4898024171963
1.2800069671146355 103.78544703416583 158.48980241719622
1.2800006234554366 103.78544952164455 158.4898024171963
1.2799949148842957 103.78545176009222 158.4898024171963
1.279989423015346 103.78545391356649 158.4898024171963
1.2799818896948536 103.78545686753564 158.4898024171963
1.2799744256956573 103.78545979432248 158.48980241719568
1.2799697220892692 103.78546163870278 158.4898024171963
1.2799619477969804 103.78546468716182 158.4898024171963
1.2799540253395547 103.78546779371939 158.48980241719568
1.2799483607707096 103.78547001491263 158.4898024171963
1.2799437857010314 103.78547180889099 158.4898024171963
1.2799387592138953 103.78547377987933 158.4898024171963
1.2799317102176804 103.78547654393475 158.48980241719568
1.2799246243092042 103.78547932246421 158.4898024171963
1.279920335145241 103.78548100433301 158.4898024171963
1.279914724617344 103.78548320433556 158.4898024171963
1.2799103978535238 103.78548490094798 158.48980241719568
1.2799028724008665 103.78548785183158 158.4898024171963
1.2798969577154968 103.78549017110039 158.4898024171963
1.279892238707514 103.7854920215197 158.4898024171963
1.2798843420496067 103.78549511796034 158.4898024171963
1.279877892420249 103.78549764699153 158.4898024171963
1.2798708948279365 103.78550033644403 158.55437839284198
1.2798629883101589 103.78550335663978 158.64939516215296
1.2798571497277118 103.7855055869088 158.719560829612
1.2798518348477026 103.78550761712968 158.7834329255767
1.2798470901055257 103.78550942956468 158.8404532545291
1.279840951665581 103.78551177437562 158.91422215929873
1.2798366657864508 103.78551341153039 158.96572753214582
1.2798307833084657 103.78551565856687 158.99711226345238
1.2798242346434237 103.78551816007881 158.99711226345224
1.2798196434729936 103.78551991385113 158.99711226345283
1.2798120912440996 103.78552279871245 158.99711226345283
1.2798039525961147 103.78552590757883 158.99711226345224
1.2797959470232907 103.785528965612 158.99711226345283
1.2797894807914327 103.78553143563532 158.99711226345224
1.2797840248585421 103.78553351973646 158.99711226345283
1.2797764448571445 103.78553641520632 158.99711226345283
1.2797690716955263 103.78553923166584 158.99711226345283
1.2797646887420189 103.78554090590161 158.99711226345283
1.2797582815105273 103.78554335338733 158.99711226345283
