528461129#1
1.2779447643303283 103.78673531624763 288.598300567107
1.2779466093574816 103.78672986012964 288.598300567107
1.2779492288117986 103.786722113874 288.5983005671074
1.2779520855702096 103.78671366586212 288.59830056710825
1.2779547786434304 103.78670570190026 288.598300567107
1.2779575045219538 103.7866976409264 288.598300567107
1.2779590501766152 103.78669307011305 288.598300567107
1.2779616470110793 103.78668539074837 288.598300567107
1.2779644401364967 103.78667713091153 288.598300567107
1.277966711717552 103.78667041338679 288.598300567107
1.277969272124635 103.78666284174493 288.59830056710825
1.2779720081874462 103.78665475065344 288.598300567107
1.2779745498112112 103.78664723455744 288.59830056710825
1.2779763547027143 103.78664189712781 288.598300567107
1.2779791054135552 103.78663376271881 288.598300567107
1.2779816337347956 103.78662628596079 288.598300567107
1.2779841958835443 103.78661870916785 288.598300567107
1.2779860645649355 103.78661318309832 288.598300567107
1.2779879889977372 103.78660749216053 288.598300567107
1.2779906594829091 103.78659959499458 288.59830056710825
1.277992851969816 103.78659311136629 288.598300567107
1.2779952778769157 103.7865859374671 288.59830056710825
1.2779976967222448 103.7865787844509 288.598300567107
1.2779993304694037 103.78657395312915 288.598300567107
1.2780017288340997 103.78656686067816 288.598300567107
1.2780036502467662 103.78656117867102 288.598300567107
1.2780061459318892 103.78655379842363 288.598300567107
1.2780086022313708 103.78654652743955 288.59537321214736
1.278010962638222 103.78653953800229 288.59162260299473
1.2780135903106251 103.78653175716073 288.58744731753245
1.2780163653639733 103.78652353990708 288.58303784849755
1.2780180971913355 103.78651841176605 288.580286031428
1.278020537405362 103.78651118601015 288.5764086111143
1.2780220770917956 103.78650662682053 288.5754426211146
1.2780238761653655 103.78650129955557 288.5754426211129
1.2780255356019266 103.78649638577187 288.5754426211142
1.27802794742763 103.78648924407678 288.5754426211146
1.278030816921305 103.78648074717373 288.5754426211142
1.2780324243441523 103.78647598740848 288.5754426211146
1.2780346138921754 103.7864695039031 288.5754426211142
1.278036735563875 103.7864632213873 288.5754426211146
1.2780383750418758 103.78645836670287 288.5754426211129
1.278041082758994 103.78645034883849 288.5754426211146
1.2780427602294426 103.78644538165392 288.5754426211142
1.278044487322918 103.78644026752974 288.5754426211142
1.2780467699992133 103.7864335082603 288.5754426211142
1.278049073370796 103.78642668770962 288.5754426211146
1.2780508021297676 103.78642156865357 288.5754426211142
1.2780523225167495 103.78641706661111 288.5754426211146
1.278055192329133 103.7864085687632 288.5754426211133
1.278057792852836 103.78640086831024 288.5754426211133
1.2780603622089541 103.78639326014803 288.5754426211146
1.2780620641745115 103.78638822043006 288.5754426211146
1.2780640167805217 103.78638243853649 288.5754426211142
1.2780668913756548 103.78637392652575 288.5754426211129
1.2780687884628998 103.78636830902958 288.5754426211133
1.278071407828362 103.7863605527834 288.5754426211133
1.2780740663807135 103.78635268050019 288.5754426211142
1.2780762116673137 103.78634632805657 288.5754426211146
1.2780779540568135 103.78634116863815 288.5754426211129
1.2780807674252022 103.78633283792631 288.5754426211129
1.278083180895901 103.78632569135804 288.5754426211146
1.2780858391500158 103.78631781995743 288.5754426211146
1.27808728502226 103.78631353856098 288.5754426211142
1.2780897222698402 103.78630632158632 288.5754426211142
1.278092414312184 103.78629835013454 288.5754426211142
1.278094452501675 103.78629231481733 288.5754426211146
1.2780960128672096 103.78628769439264 288.5754426211133
1.2780982297689074 103.78628112988758 288.5754426211146
1.278099890436452 103.78627621245683 288.5754426211142
1.2781021102166323 103.7862696394281 288.5754426211146
1.2781044998278297 103.7862625635098 288.5754426211142
1.2781062539939094 103.78625736921875 288.5754426211146
1.2781085863166473 103.78625046293813 288.5754426211142
1.2781101132130464 103.7862459416191 288.5754426211146
1.2781121576364165 103.78623988784206 288.5754426211146
1.2781140195392062 103.78623437452978 288.5754426211142
1.27811616121546 103.78622803277545 288.5754426211146
1.278117709660853 103.78622344764716 288.5754426211142
1.2781203240244632 103.78621570620999 288.5754426211146
1.2781218113321768 103.78621130211742 288.5754426211146
1.2781242418419112 103.78620410509299 288.5754426211142
1.2781263586909193 103.78619783685467 288.5754426211142
1.2781291889263322 103.7861894561954 288.5754426211146
1.2781309678844157 103.78618418849162 288.5754426211146
1.278132487486102 103.78617968877256 288.5754426211133
1.2781342780035643 103.78617438684002 288.5754426211146
1.278137081959315 103.78616608399754 288.5754426211146
1.278139098503655 103.78616011277272 288.5754426211142
1.2781411442089292 103.78615405519885 288.5754426211133
1.2781434237229428 103.78614730528975 288.5754426211142
1.2781462139562294 103.7861390430807 288.5754426211142
1.2781487716373778 103.78613146948577 288.5754426211142
1.278150514097231 103.786126309857 288.5754426211146
1.2781527127716434 103.78611979932313 288.5754426211142
1.2781543245586142 103.78611502663203 288.5754426211146
1.2781565285674574 103.78610850030216 288.5754426211146
1.2781590840462018 103.7861009332284 288.5754426211133
1.2781605745234412 103.78609651974956 288.5754426211142
1.278163434196834 103.78608805191938 288.5754426211146
1.2781659933418552 103.78608047398906 288.5754426211146
1.2781675139523232 103.786075971282 288.5754426211142
1.278169085900554 103.78607131655775 288.5754426211142
1.2781707973257563 103.78606624882566 288.5754426211142
1.2781735510518744 103.78605809471743 288.5754426211133
1.2781758979520823 103.78605114526866 288.5754426211146
1.278178594666115 103.7860431599797 288.5754426211146
1.2781807544148893 103.78603676470824 288.5754426211146
1.2781824912539548 103.78603162172239 288.5754426211129
1.278184719603393 103.78602502331614 288.5754426211142
1.278186955460082 103.78601840267993 288.5754426211142
