655220912
1.42303060719606 103.75646553757316 36.12985353185993
1.42303692767875 103.75647011695199 36.12985353185993
1.423042165254164 103.75647391173207 36.129853531860576
1.4230476509292702 103.75647788626785 36.1298535318602
1.4230549326274677 103.75648316207611 36.1298535318602
1.423059291039809 103.75648631987627 36.129853531860576
1.4230632239258525 103.7564891693699 36.12985353185993
1.4230671667201833 103.7564920260424 36.1298535318602
1.4230731390602185 103.75649635318149 36.1298535318602
1.4230792014277416 103.7565007455482 36.12985353185993
1.4230838010539881 103.75650407811509 36.12985353185993
1.423087491710944 103.7565067521065 36.1298535318602
1.423094158616207 103.75651158247895 36.12985353185993
1.4230997056767607 103.75651560149035 36.129853531860576
1.4231063812380245 103.75652043813433 36.1298535318602
1.4231113102239692 103.7565240093322 36.12985353186032
1.4231181136747113 103.75652893863594 36.12985353185993
1.42312453772339 103.75653359305156 36.1298535318602
1.4231285590772416 103.7565365066428 36.12985353185993
1.4231351307592626 103.75654126802321 36.1298535318602
1.4231399235778883 103.75654474056381 36.12985353185993
1.4231467774128692 103.75654970637248 36.1298535318602
1.4231508033639995 103.75655262329464 36.12985353185993
