203112565
1.3224435138023345 103.91945984541981 281.31314072642266
1.3224450670900507 103.91945234424048 281.6508479272089
1.3224468298897027 103.91944383128026 281.65084792720876
1.3224484701075345 103.91943591029536 281.65084792720876
1.3224500731271842 103.91942816894878 281.6508479272089
1.3224517080238718 103.91942027366058 281.6508479272089
1.3224529803454306 103.9194141293301 281.65084792720876
1.322453933302133 103.91940952728515 281.65084792720825
1.322455155187103 103.91940362652429 281.65084792720825
1.3224561187058337 103.91939897347278 281.6508479272089
1.3224576158297217 103.91939174352026 281.65084792720876
1.322459188611048 103.91938414820059 281.65084792720876
1.322460690184048 103.91937689676205 281.6508479272089
1.3224621370686291 103.91936990942624 281.65084792720876
1.322463358978751 103.91936400854331 281.6508479272089
1.32246460779629 103.91935797771826 281.65084792720825
1.3224657487552227 103.91935246776696 281.6508479272089
1.3224675443894314 103.91934379623905 281.65084792720876
1.3224690683636349 103.91933643661925 281.65084792720813
1.3224700838941381 103.91933153239022 281.6508479272089
1.3224718834864424 103.91932284174732 281.6508479272089
1.322473234498737 103.91931631739978 281.6508479272089
1.3224746697105516 103.91930939257014 281.65242479271296
1.3224761901664015 103.91930206512458 281.65632635757373
1.3224771239217799 103.91929756513085 281.65872242009357
1.322478554085988 103.9192906728224 281.66239229231974
1.3224797153711738 103.91928507630715 281.6653722077037
1.322480730687913 103.91928018324921 281.66797756083594
1.3224822052344418 103.9192730770513 281.6717613204139
1.3224834052145598 103.91926729405552 281.67428130835845
1.3224851914676161 103.91925868566781 281.67428130835924
1.3224869734016291 103.9192500980945 281.67428130835856
1.3224879331493435 103.91924547283676 281.67428130835845
1.3224893949505037 103.91923842806128 281.67428130835907
1.3224903393504879 103.91923387676788 281.67428130835907
1.3224920657752839 103.91922555670644 281.67428130835845
1.3224937892835522 103.9192172507003 281.67428130835907
1.3224955975989305 103.91920853598783 281.67428130835845
1.3224974123001432 103.91919979050031 281.67428130835907
1.322499015164926 103.919192065904 281.67428130835845
1.322500701368206 103.919183939679 281.67428130835907
1.3225019868786219 103.91917774449057 281.67428130835907
1.3225036017500102 103.91916996203108 281.67428130835845
1.3225053389022636 103.91916159027011 281.67428130835907
1.3225063149007517 103.91915688669494 281.67428130835845
1.3225078891074915 103.91914930020793 281.67428130835856
1.3225088656941186 103.91914459379824 281.67428130835924
1.3225105638069874 103.91913641017707 281.67428130835924
1.3225119590493661 103.91912968616273 281.67428130835924
1.3225132984938326 103.91912323105207 281.67428130835845
1.3225148354034482 103.91911582430843 281.67428130835845
1.3225164284808166 103.91910814687847 281.67428130835907
1.3225182155698822 103.91909953445848 281.67428130835924
1.322519353555113 103.91909405022878 281.67428130835845
1.3225209730758638 103.91908624536127 281.67428130835924
1.322522532354107 103.91907873081703 281.67428130835845
1.3225236462764922 103.91907336255181 281.67428130835924
1.322525403059101 103.91906489618532 281.67428130835924
1.3225265286459706 103.91905947170589 281.67428130835845
1.3225276998611675 103.91905382733228 281.67428130835924
1.3225290690663467 103.91904722879623 281.67428130835907
1.3225307458148465 103.91903914813325 281.67428130835907
1.3225318145645224 103.91903399756588 281.67428130835856
1.3225333836152318 103.91902643592475 281.67428130835907
1.3225350722405598 103.91901829802399 281.67428130835924
1.3225361453556097 103.91901312641856 281.67428130835907
1.3225375533336405 103.91900634102592 281.67428130835845
1.3225387101152215 103.91900076621073 281.67428130835924
1.3225401382699358 103.91899388358148 281.67428130835907
1.322541236099018 103.91898859287274 281.67428130835907
1.3225427052887024 103.91898151248564 281.67428130835924
1.322543724919831 103.91897659863194 281.67428130835845
1.3225448702425178 103.91897107903957 281.67428130835924
1.322546694457644 103.918962287697 281.67428130835856
1.3225482177974581 103.91895494634662 281.67428130835856
1.3225499509179763 103.91894659401113 281.67428130835924
1.322551675432003 103.91893828315227 281.67428130835907
1.322553204415383 103.9189309146037 281.67428130835907
1.3225544190712966 103.91892506087675 281.67428130835856
1.322555704242411 103.91891886731955 281.67428130835856
1.3225569515092472 103.91891285643233 281.67428130835907
1.322558394984585 103.91890589996771 281.67428130835907
1.3225600314165298 103.91889801359736 281.67428130835845
1.3225618093397455 103.91888944534539 281.67428130835856
1.3225628560674567 103.91888440090541 281.67428130835856
1.3225642582460324 103.91887647935754 281.37454344414573
1.3225656899177087 103.91886819204939 281.01718005255304
1.3225669846944952 103.91886069716446 280.69396663759255
1.3225680105287028 103.91885475906797 280.43788913637144
1.3225687859646635 103.91885027041513 280.244325094039
1.3225698734732798 103.91884361557399 279.8801495885079
1.322570619290496 103.91883737311713 279.27157632461655
1.3225714537440378 103.918830388778 278.8067074000443
1.322572257164671 103.91882258501279 278.12572651996726
1.322572253850535 103.91881502567371 276.4845258398558
1.3225722514893679 103.91880964002972 275.31348974665275
1.3225722481571527 103.91880203954398 273.66048124242707
1.3225721012004756 103.91879672952544 272.53813185820877
1.3225718476177797 103.91878931764643 271.0984373491926
1.322571631075584 103.9187829884116 269.8703032945296
1.322571319185123 103.91877414739001 268.8383440676545
1.3225700165779388 103.91876541272543 267.1885270581318
1.322569294700688 103.91876057215981 266.27306402442906
1.322566462586153 103.91875554370542 262.6235184091755
1.3225616504890674 103.91875004416968 256.3519059978432
1.3225583228092361 103.91874624110966 251.8927474786429
1.3225550982355905 103.91874254964752 247.53324311934134
1.3225514083628611 103.91873832523957 242.56238139286597
1.3225475767743229 103.91873393858614 237.9550312578724
1.3225445596476617 103.91873048688228 234.63660300033152
1.322540083759495 103.91872537158514 229.84810531761596
1.3225352458531392 103.91871984255323 229.04282993318006
1.3225297318628577 103.91871354748882 229.03727987463753
1.322525322635297 103.91870851389183 229.0272682420822
1.3225199975549027 103.9187024412301 229.0073452083108
1.3225156476141724 103.91869748206163 228.99063566196807
1.322512343916408 103.91869371140756 228.98645466909986
1.3225083049891233 103.91868903689846 229.03547416093042
1.3225051006464779 103.9186853283076 229.07467098274898
1.3225009784758233 103.91868055745566 229.1290497624745
1.3224953034725235 103.91867398941113 229.203913318604
1.3224908825403645 103.91866887278341 229.2671218665065
1.322487525488337 103.91866498745227 229.31580328095734
1.3224836400819582 103.91866049062283 229.3721462135391
1.322479553118386 103.91865576051836 229.37953006136274
1.3224763348869857 103.91865203585324 229.37953006136314
1.3224705968607675 103.91864539486835 229.37953006136365
1.3224664837889253 103.91864063454717 229.37953006136365
1.322462973939083 103.91863657237339 229.37953006136314
1.322458801281941 103.91863174309034 229.37953006136314
1.3224538244628778 103.91862598309928 229.37953006136365
1.3224480037164914 103.91861924637716 229.37953006136365
1.3224431453352226 103.91861362346178 229.37953006136365
1.3224372638927389 103.91860681649224 229.37953006136325
1.3224315640299464 103.9186002196765 229.37953006136314
1.3224259255024622 103.9185936938481 229.37953006136365
1.3224229590206307 103.91859026054897 229.37953006136274
1.322417093500911 103.9185834723617 229.37923624877683
1.3224133667213323 103.918579239123 229.31279047124448
1.322408516048569 103.91857372925712 229.2263057194561
1.3224036669751915 103.91856822120802 229.13984897257833
1.3224001911686964 103.91856427304899 229.0778768471284
1.322396336454106 103.91855989448929 229.00914905954812
1.3223921082311474 103.91855509166248 228.93376214417506
1.3223872791876592 103.91854960636532 228.84864450519726
1.3223818772620315 103.91854347033293 228.8486445051968
1.3223759829229567 103.9185367749695 228.84864450519683
1.322371597911266 103.91853179404688 228.8486445051968
1.3223665177342614 103.91852602348793 228.84864450519726
1.3223620347677354 103.91852093129872 228.8486445051968
1.3223572177827805 103.91851545969891 228.8486445051968
1.3223521051370426 103.91850965225886 228.84864450519726
1.3223471764468708 103.91850405377345 228.84864450519726
1.322344003364669 103.91850044947824 228.8486445051968
1.3223393623908366 103.91849517780906 228.8486445051968
1.3223358716706977 103.91849121270982 228.8486445051968
1.3223327943636038 103.91848771720532 228.8486445051968
1.3223272437398965 103.91848141226741 228.84864450519683
1.3223241526730385 103.91847790113327 228.8486445051968
1.3223202470800641 103.91847346478119 228.8486445051968
1.322314624071824 103.91846707762195 228.84864450519635
1.3223095098251914 103.91846126836363 228.8486445051968
1.322305350836617 103.91845654418024 228.8486445051968
1.3222995647821303 103.91844997181731 228.84864450519635
1.3222949042342504 103.91844467791417 228.8486445051968
1.3222896363651393 103.91843869415656 228.84864450519635
1.3222851506585005 103.91843359885515 228.84864450519726
1.3222821217417393 103.9184301583172 228.84864450519726
