-464207466
1.3207527153755365 103.91957802335814 178.23556708440105
1.320747729214538 103.91957817812478 178.23556708440105
1.3207386895679036 103.9195784587085 178.23556708440105
1.3207311329198734 103.91957869326104 178.23556708440105
1.3207226962061798 103.91957895513015 178.23556708440105
1.3207156165831904 103.91957917487616 178.23556708440105
1.3207071983980807 103.91957943617012 178.23556708440105
1.3207020711285256 103.91957959531658 178.23556708440105
1.3206973563271214 103.91957974166033 178.23556708440105
1.3206904726971411 103.9195799553228 178.2355670844017
1.3206857778241925 103.919580101048 178.23556708440105
1.320677330744068 103.91958036323871 178.23556708440105
1.3206705086622657 103.91958057499075 178.23556708440105
1.320663729477949 103.91958078541126 178.23556708440105
1.3206575881528233 103.91958097603313 178.23556708440105
1.3206517522171453 103.91958115717594 178.23556708440105
1.3206428420214171 103.9195814337413 178.23556708440105
1.3206349287001307 103.91958167936444 178.23556708440105
1.3206288468540646 103.91958186814006 178.23556708440105
1.3206226089512398 103.91958206175954 178.23556708440105
1.320614777588789 103.9195823048387 178.23556708440105
1.3206067605885483 103.91958255367989 178.23556708440105
1.3206012405799787 103.91958272501645 178.23556708440105
1.3205935160762083 103.91958296477874 178.23556708440105
1.3205854474882546 103.91958321522111 178.23556708440105
1.3205799059021248 103.9195833872274 178.23556708440105
1.320570957498921 103.91958366497845 178.2355670844017
1.3205637036372766 103.91958389013233 178.23556708440105
1.3205564738247535 103.91958411453973 178.23556708440105
1.32054980997744 103.91958432138 178.23556708440105
1.3205429127570365 103.91958453546397 178.23556708440105
1.3205338805992384 103.91958481581459 178.23556708440105
1.3205277597425997 103.91958500580084 178.23556708440105
1.3205196561775348 103.9195865647892 176.56470584784753
1.3205141905672144 103.91958790862451 175.0576838219871
1.32050648253962 103.91958980380524 172.92606198764526
1.3204995915096647 103.91959149810991 171.0184523426026
1.3204941645125774 103.91959283245127 169.51772453122584
1.3204891841303084 103.91959405698299 168.1436589729311
1.3204812685203104 103.91959600320212 166.12563089190007
1.3204751985964056 103.9195974956205 166.12563089190007
1.3204668511923063 103.91959954800522 166.12563089190007
1.3204587763414746 103.91960153337696 166.12563089190007
1.3204500215389074 103.91960368592908 166.12563089190007
1.3204451878780012 103.91960487438614 166.12563089189942
1.3204385442290445 103.91960650786673 166.12563089190007
1.3204302398888297 103.91960854966314 166.12563089190007
1.3204224116973575 103.91961047438834 166.1256308919001
1.32041541204504 103.91961219539976 166.12563089190007
1.3204093270856567 103.91961369151473 166.12563089190007
1.320403828682323 103.91961504341252 166.12563089190002
1.3203961116378473 103.9196169408098 166.12563089190002
1.320388298925939 103.91961886172886 166.12563089190007
1.3203819445694434 103.91962042408066 166.12563089190007
1.3203742088104808 103.91962232607916 166.12563089190007
1.3203690203915932 103.9196236017607 166.12563089190002
1.3203623475723545 103.91962524241316 166.12563089190002
1.3203558322353812 103.91962684434529 166.12563089190007
1.3203492790303564 103.91962845558804 166.12563089190007
1.3203435744579908 103.91962985817665 166.12563089190002
1.320337502111077 103.91963135119032 166.12563089190007
1.3203319783063217 103.91963270933338 166.12563089190002
1.3203233725306665 103.91963482524352 166.12563089190007
1.3203184170278726 103.9196360436576 166.12563089189942
1.3203107635716278 103.91963792542 166.12563089190007
1.3203061659482151 103.91963905584194 166.12563089190007
1.3202975104033845 103.91964118398874 166.12563089190007
1.3202912674825218 103.91964271894142 166.12563089190007
1.320284695699219 103.9196443347518 166.12563089190007
1.3202796607534917 103.91964557269849 166.12563089190007
1.3202751504602348 103.91964668164839 166.12563089189942
1.3202674757485546 103.91964856863669 166.12563089190007
1.320261598978744 103.91965001356341 166.12563089190007
1.320254884168442 103.91965166453984 166.12563089190007
1.3202476547342614 103.91965344204729 166.12563089190007
1.32024206805644 103.91965481564874 166.12563089190007
1.320236542498052 103.9196561742227 166.12563089190007
1.3202310615404576 103.91965752183059 166.1256308919001
1.3202250984912336 103.91965898797076 166.12563089190007
1.3202179450084088 103.91966074680386 166.12563089190007
