481674706
1.3049607218369759 103.8229992413442 128.83063020488012
1.3049549994748502 103.82300537471211 130.12102353768122
1.3049504458995422 103.82301025534565 131.14734600238435
1.304945453572979 103.82301560624344 132.27119479254554
1.3049418257493492 103.82301949463357 132.85690773012155
1.3049379918103126 103.82302360394321 132.8569077301213
1.3049337341764717 103.82302816737928 132.8569077301213
1.304930313268584 103.82303183399196 132.8569077301211
1.3049262022917503 103.82303624023737 132.8569077301211
1.3049227461509767 103.82303994461348 132.85690773012132
1.3049180329520058 103.82304499633521 132.85690773012132
1.304912578702679 103.82305084233276 132.8569077301211
1.3049080748833595 103.82305566963619 132.8569077301213
1.3049021704129784 103.82306199819155 132.8569077301213
1.3048969679426856 103.823067574326 132.8569077301211
1.3048936129245237 103.82307117031621 132.85690773012132
1.3048903801770135 103.82307463525375 132.8569077301213
1.3048847811486723 103.82308063642866 132.8569077301211
1.304881068404757 103.82308461583794 132.8569077301213
1.3048777130189417 103.82308821222209 132.8569077301211
1.3048718221633764 103.82309452618436 132.8569077301213
1.3048681723230975 103.82309843817191 132.8569077301211
1.3048626493926014 103.82310435778302 132.8569077301211
1.3048569874170723 103.82311042642593 132.8569077301211
1.3048507593045915 103.82311710186808 132.8569077301213
1.3048451878147267 103.82312307352612 132.8569077301213
1.3048397305230601 103.82312892278367 132.85690773012132
1.3048357548450804 103.82313318401171 132.8569077301213
1.3048295562952301 103.82313982776766 132.8569077301213
1.3048237183086229 103.82314608506309 132.85690773012155
1.3048191864930085 103.82315094237278 132.85690773012155
1.3048129255001042 103.82315749449828 132.99184767145988
1.3048084835626304 103.82316189272106 133.30060578448314
1.3048026003900204 103.82316771799522 133.70960259259385
1.304797535139401 103.8231727333968 134.06176217901813
1.3047915347944015 103.82317867469008 134.47892480794818
1.3047861758033585 103.82318398094115 134.85145612538938
1.3047827806965917 103.82318734263532 135.0874319913449
1.3047785233616664 103.82319155807204 135.1252364770846
1.3047739129856464 103.82319612307542 135.1252364770846
1.3047683116376307 103.82320166929816 135.1252364770848
1.3047621477567413 103.82320777251756 135.1252364770846
1.3047584627324846 103.82321142127584 135.1252364770846
1.3047550783935669 103.82321477230792 135.1252364770848
1.3047513237061876 103.82321849004367 135.1252364770846
1.3047469600944208 103.82322281071107 135.1252364770848
1.30474124469894 103.8232284698586 135.1252364770846
1.3047356177176768 103.82323404146197 135.1252364770846
1.3047317993055332 103.82323777729798 135.16513662021188
1.304725448641447 103.82324228568899 136.74652724760088
1.304718555009843 103.82324717953723 138.46833572525074
1.3047144685437535 103.82325008055459 139.49034328411454
1.3047100026945246 103.82325325089923 140.60743745753115
1.3047040489865727 103.8232574774875 142.0956099710428
1.304698829403383 103.82326118291428 143.3978096643134
1.3046935838286058 103.82326490679269 144.4807928003941
1.304687482439028 103.82326923822129 144.48079280039482
1.3046815509338892 103.82327344904743 144.4807928003943
1.3046757113825531 103.82327759459473 144.48079280039482
1.3046707739226717 103.82328109973959 144.48079280039482
1.3046664228316756 103.82328418861616 144.48079280039482
1.3046603080712902 103.8232885295366 144.48079280039482
1.3046552765047779 103.82329210148846 144.48079280039482
1.3046489982268366 103.82329655849131 144.48079280039465
1.3046451003267916 103.82329932564366 144.48079280039482
1.3046378490648982 103.82330447337601 144.48079280039482
1.3046304093679226 103.82330975487993 144.4807928003943
1.3046237578008448 103.8233143684396 144.5912494617543
1.304618123058599 103.82331806980953 144.89560875478682
1.3046116008863922 103.82332235411764 145.24794515913013
1.304604219263567 103.82332720298471 145.6467335184652
1.3045965810092028 103.82333222042881 146.0593727331578
1.3045901953745132 103.82333641504749 146.40430079115956
1.3045854498223974 103.82333953232282 146.5566296772337
1.3045785972879766 103.8233440336402 146.5566296772337
1.3045734735225778 103.82334739935753 146.55662967723387
