479136461
1.4615705842148197 103.80988148934485 332.45227619391676
1.4615746472350124 103.80987938073876 332.45227619391676
1.4615804498101306 103.80987636934705 332.4522761939173
1.4615866907307655 103.80987313046494 332.4522761939173
1.4615918677807613 103.8098704437051 332.45227619391676
1.4615989287382012 103.80986677924426 332.4522761939173
1.4616056221434786 103.80986330553375 332.4522761939173
1.4616132802700155 103.80985933115693 332.45227619391676
1.4616186007211616 103.80985656997534 332.45227619391676
1.4616253420541918 103.8098530713914 332.45227619391676
1.4616324017878337 103.80984940756544 332.4522761939173
1.4616400876465823 103.80984541879609 332.45227619391676
1.4616480257357243 103.80984129912537 332.45227619391676
1.4616533555581979 103.8098385330801 332.4522761939173
1.4616588522599248 103.80983568042863 332.4522761939166
1.461663376860796 103.8098333322733 332.4522761939166
1.4616686880507224 103.80983057589779 332.4522761939169
1.4616738252553958 103.80982790981628 332.45227619391676
1.4616786281308567 103.80982541724327 332.45227619391716
1.4616855365336223 103.80982183195391 332.4522761939175
1.4616907122789877 103.80981914587063 332.4522761939166
1.461697162154913 103.80981579854523 332.4522761939169
1.4617047182198069 103.80981187713516 332.4522761939169
1.461710483407403 103.80980888514593 332.4522761939169
1.4617150373309709 103.80980652177261 332.45227619391716
1.4617225617643756 103.80980261677838 332.4522761939166
1.4617266050770563 103.80980051839938 332.4522761939166
1.4617327801706748 103.80979731367896 332.4522761939166
1.4617375366236587 103.8097948451978 332.4522761939166
1.4617437890471086 103.80979160034505 332.4522761939175
1.4617507712003508 103.80978797678056 332.4522761939169
1.4617585803538529 103.80978392402339 332.4522761939166
1.4617627033847713 103.80978178427246 332.4522761939175
1.4617686984186713 103.80977867299836 332.4522761939166
1.4617764150422106 103.8097746682618 332.4522761939166
1.4617807331202695 103.80977242728616 332.4522761939169
1.461785088621485 103.80977016688882 332.4522761939175
1.4617894440217287 103.80976790654387 332.4522761939166
1.4617971198021738 103.80976392300373 332.45227619391716
1.4618038966105111 103.8097604060078 332.4522761939169
1.4618112043263167 103.80975661348398 332.4522761939166
1.4618176820824595 103.80975325168866 332.4522761939166
1.4618256414966928 103.80974912094936 332.4522761939169
1.4618308409675889 103.80974642255242 332.45227619391716
1.4618351023440281 103.8097442110033 332.4522761939175
1.461839453434515 103.8097419528948 332.4522761939166
1.4618465934616498 103.80973824739698 332.4522761939169
1.461852240595148 103.80973531667411 332.4522761939166
1.4618572889907364 103.80973269668138 332.4522761939169
1.461865061066352 103.80972866316588 332.4522761939169
1.4618710830641215 103.80972553789758 332.4522761939175
1.4618762022191314 103.80972288118238 332.4522761939166
1.4618805749181074 103.8097206118594 332.4522761939169
1.4618862115897495 103.80971768656578 332.4522761939166
1.4618908224579346 103.80971529363885 332.4522761939175
1.461895632333163 103.8097127974321 332.4522761939175
1.4619031475059858 103.80970889724254 332.45227619391716
1.4619105464858713 103.80970505735421 332.4522761939166
1.4619156179093094 103.8097024254103 332.4522761939169
1.4619223113903486 103.8096989516584 332.4522761939169
1.4619286448842763 103.80969566473091 332.4522761939169
1.4619349244866602 103.80969240577176 332.45227619391716
1.461939137771498 103.80969021918057 332.4522761939166
1.4619452460829991 103.80968704911712 332.4522761939166
1.4619496209509208 103.80968477866824 332.4522761939166
1.4619551997946998 103.80968188338547 332.4522761939175
1.4619597814551235 103.8096795056163 332.45227619391716
1.4619640431618564 103.80967729389525 332.45227619391716
1.4619682668173957 103.80967510192177 332.4522761939166
1.461973318059398 103.80967248045125 332.4522761939166
1.4619775617578035 103.80967027807601 332.4522761939169
1.4619835219141366 103.80966718490123 332.4522761939169
1.4619896575365068 103.80966400066384 332.4522761939169
1.4619969836039959 103.80966019861461 332.4522761939166
1.4620011141761673 103.809658054949 332.45227619391716
1.462008558313382 103.8096541916244 332.4522761939166
1.4620162109565737 103.80965022009025 332.4522761939169
1.462020580277293 103.80964795251992 332.45227619391716
1.4620265024873786 103.80964487903805 332.4522761939166
1.4620327178432972 103.80964165342064 332.4522761939169
1.4620382701273495 103.80963877192126 332.4522761939166
1.462043654685666 103.80963597746738 332.4522761939175
1.4620479489617446 103.80963374884327 332.4522761939175
1.462052413000508 103.80963143211645 332.45227619391716
1.462056506969435 103.80962930744683 332.4522761939166
1.4620644646950505 103.80962517758199 332.4522761939169
1.4620711022598454 103.80962173284829 332.4522761939169
1.4620762753970857 103.8096190481166 332.4522761939166
1.4620817791604752 103.809616191798 332.4522761939169
1.4620857932855298 103.80961410856526 332.4522761939175
1.4620923323953223 103.80961071492715 332.45227619391716
1.4620984575684755 103.80960753611198 332.4522761939169
1.4621050097595019 103.80960413568494 332.4522761939169
1.4621104011834 103.80960133766766 332.4522761939166
1.4621165603052049 103.80959814123388 332.4522761939169
