234889285#0
1.2734622219957505 103.80627319616211 122.71349950315222
1.2734574365456772 103.80628060592699 122.71349950315222
1.2734527049010365 103.80628793237972 122.71349950315222
1.2734489721441886 103.80629371215998 122.71349950315167
1.2734448853435119 103.80630004013972 122.71349950315222
1.2734403804508878 103.80630701549067 122.71349950315222
1.2734366218348316 103.80631283531102 122.71349950315222
1.2734322096975705 103.80631966703994 122.71349950315222
1.273427782401653 103.80632652224033 122.71349950314884
1.2734236307820024 103.80633295058506 122.71349950315167
1.2734194408161497 103.80633943830479 122.71349950315222
1.2734153205549341 103.80634581809416 122.71349950315167
1.273411146880842 103.80635228058767 122.71349950315167
1.2734083440923203 103.80635662040964 122.71349950315222
1.273404357375633 103.80636279341924 122.71349950314884
1.2734018351221403 103.80636669886228 122.71349950315222
1.273399195601187 103.80637078588155 122.71349950314936
1.273395737807985 103.8063761399089 122.71349950314936
1.2733927346941896 103.8063807899132 122.71349950315222
1.2733879886914816 103.80638813859672 122.71349950315167
1.273384159091093 103.80639406832802 122.71349950314936
1.2733814328312671 103.8063982896531 122.71349950315222
1.2733774918481715 103.80640439184864 122.71349950315222
1.2733727707299938 103.80641170200082 122.71349950315222
1.2733679328202858 103.80641919299221 122.71349950314936
1.2733649128770588 103.8064238690548 122.71349950315222
1.2733604188230252 103.80643082762191 122.71349950314936
1.2733566647961054 103.80643664033529 122.71349950315167
1.2733529876917122 103.80644233394223 122.71349950315167
1.2733498235671938 103.8064472332541 122.71349950315167
1.2733466098960002 103.8064522092837 122.71349950314936
1.2733429417761963 103.80645788897883 122.71349950314884
1.2733393703861207 103.80646372214912 122.50404342565801
1.2733356230762283 103.80647131873758 121.26323391615122
1.2733326016197348 103.80647744386783 120.26145666969765
1.273330238535276 103.80648223433893 119.4775779722715
1.273326766321814 103.8064892732486 118.32582828616023
1.2733247444341111 103.80649337204177 117.65550791239886
1.2733220258003304 103.80649888328624 116.75499017708304
1.2733199572884506 103.80650307659639 116.13641244437584
1.2733173769503288 103.80650830748631 116.13641244437584
1.2733148490862967 103.80651343200012 116.13641244437815
1.273311009723031 103.80652121519955 116.13641244437584
1.2733074613846729 103.80652840843001 116.13641244437584
1.2733037816903465 103.80653586794662 116.13641244437584
1.2733007718093607 103.80654196961025 116.13641244437584
1.2732973257006843 103.80654895559933 116.13641244437584
1.2732941048022983 103.80655548503958 116.13641244437584
1.273290465532798 103.80656286260623 116.13641244437584
1.2732883509644415 103.80656714928213 116.13641244437584
1.2732845404831568 103.80657487393103 116.13641244437815
1.2732818311501326 103.80658036632018 116.13641244437584
1.2732783366139846 103.80658745048153 116.13641244437584
1.2732753188324064 103.80659356816078 116.13641244437815
1.2732713855986648 103.80660154165444 116.13641244437584
1.2732677480057402 103.80660891582177 116.13641244437584
1.2732644738857501 103.8066155531528 116.13641244437584
1.2732620694642363 103.80662042742172 116.13641244437584
1.2732598235883974 103.80662498028514 116.13641244437584
1.27325643148353 103.80663185679619 116.13641244437584
1.273254322316704 103.80663613252155 116.13641244437584
1.2732520382551684 103.80664076279531 116.13641244437584
1.2732487415443476 103.80664744592235 116.13641244437584
1.2732466434874428 103.80665169912545 116.13641244437584
1.2732446290748118 103.80665578276398 116.13641244437584
1.2732423340394488 103.80666043528386 116.13641244437584
1.2732388972863034 103.80666740230595 116.13641244437584
1.2732359773974673 103.80667332153524 116.13641244437584
1.2732321384292882 103.80668110393172 116.13641244437584
1.2732290889287052 103.80668728591115 116.13641244437584
1.2732270435954867 103.806691432232 116.13641244437584
1.2732247901039357 103.80669600053353 116.13641244437584
1.2732217125360519 103.80670223941112 116.13641244437584
1.2732179904816805 103.80670978479837 116.13641244437525
1.2732148776705299 103.80671609512136 116.13641244437584
1.273211371748605 103.80672320236249 116.13641244437584
1.2732074550564505 103.80673114232118 116.13641244437815
1.2732040623711618 103.80673802000767 116.13641244437584
1.2732014494056776 103.8067433170381 116.13641244437584
1.2731978685160337 103.80675057625425 116.13641244437584
1.2731957819609234 103.80675721485163 114.7780533963561
1.2731939583855008 103.80676395993618 113.05242412246518
1.2731921309724081 103.8067707192155 111.31868800117907
1.2731905173292142 103.80677668779754 109.78656450278822
1.273188990656865 103.80678233468967 108.33805097926619
1.2731874439240547 103.80678805578184 106.8734548819019
1.2731857818545556 103.80679420348402 105.30511423639966
1.273183631832528 103.8068021560365 105.06202561683587
1.273181714031185 103.8068092496455 105.06202561683587
1.2731803900605632 103.80681414677932 105.06202561683587
1.2731783578456075 103.80682166358392 105.06202561683587
1.2731766090198147 103.80682813218189 105.06202561683587
1.273175225157086 103.80683325084584 105.06202561683723
1.2731734432127746 103.80683984194323 105.06202561683587
1.2731720786876515 103.80684488908066 105.06202561683587
1.2731701252012058 103.80685211468193 105.06202561683587
1.2731681173071503 103.80685954152723 105.06202561683587
1.2731666542560922 103.80686495309448 105.06202561683587
1.2731651075549646 103.80687067406849 105.06202561683587
1.2731638582746219 103.80687529493555 105.06202561683587
1.273162557065756 103.806880107877 105.06202561683587
1.2731610363593338 103.80688573270103 105.06202561683587
1.273159051649836 103.80689307379022 105.06202561683587
1.2731573176985418 103.80689948736912 105.06202561683587
1.2731556564476845 103.8069056320419 105.06202561683587
1.2731537370107355 103.80691273169921 105.06202561683587
1.2731525412397096 103.8069171546444 105.06202561683587
1.273150648009905 103.80692415736596 105.06202561683587
1.2731488391872596 103.80693084788032 105.06202561683587
1.273147261719256 103.80693668265478 105.06202561683587
1.2731459528444284 103.80694152395064 105.06202561683587
1.2731446229376076 103.80694644304008 105.06202561683587
1.2731431549286032 103.80695187294492 105.06202561683587
1.273140846634851 103.80696041091386 105.06202561683587
1.273138642744673 103.80696856271237 105.06202561683587
1.2731366829352202 103.8069758116995 105.06202561683587
1.2731349974883341 103.80698204586811 105.06202561683587
1.2731333400199907 103.80698817654898 105.06202561683587
1.2731314758510015 103.80699507177876 105.06202561683587
1.2731293307118607 103.80700300626704 105.06202561683587
1.273127911182002 103.80700825685553 105.06202561683587
1.2731256613290973 103.80701657866119 105.06202561683723
1.273123794672489 103.80702348309181 105.06202561683587
1.2731217121361276 103.8070311860231 105.06202561683524
1.2731198600431577 103.80703803658518 105.06202561683524
1.2731178297146917 103.80704554640856 105.06202561683524
1.2731155521611837 103.80705397067318 105.06202561683587
1.273114173074471 103.80705907166913 105.06202561683587
1.2731125907451282 103.80706492442329 105.06202561683587
1.2731106293162853 103.8070721793988 105.06202561683587
1.273109259693433 103.80707724538944 105.06202561683587
1.2731077845539802 103.8070827016671 105.06202561683723
1.273105671071349 103.80709051906217 105.06202561683587
1.2731035383012843 103.80709840779791 105.06202561683587
1.273102241791398 103.80710320335648 105.06202561683587
1.2731008190682647 103.80710846575523 105.06202561683587
1.2730985402581647 103.80711689466668 105.06202561683587
1.2730963379802782 103.80712504049899 105.06202561683587
1.2730951016188852 103.80712961357877 105.06202561683587
1.2730936664990695 103.80713492183035 105.06202561683587
1.2730917427426445 103.80714203746132 105.06202561683587
1.2730897995205155 103.80714922509232 105.06202561683587
1.2730884031507523 103.80715439001418 105.06202561683587
1.2730866697040863 103.80716080172311 105.06202561683587
1.2730853632958161 103.80716563389342 105.06202561683587
1.2730834739704262 103.80717262216967 105.06202561683587
1.273081434092382 103.80718016731316 105.06202561683587
1.2730801580385198 103.80718488720774 105.06202561683587
1.2730786602313042 103.8071904273282 105.06202561683587
1.2730774472577169 103.80719491390005 105.06202561683587
1.2730751529649602 103.80720340007757 105.06202561683587
1.27307375452418 103.80720857265919 105.06202561683587
1.2730715688962362 103.80721665690481 105.06202561683587
1.2730694562668428 103.8072244711418 105.06202561683587
1.2730673317201795 103.80723232945847 105.06202561683723
1.2730659735956762 103.80723735291711 105.06202561683587
1.2730647388848382 103.80724191989074 105.06202561683587
1.2730632614964532 103.80724738448497 105.06202561683723
1.2730610599683496 103.80725552754178 105.06202561683723
1.2730598013858314 103.80726018281227 105.06202561683587
1.273057639562405 103.80726817900843 105.06202561683587
1.2730559129073415 103.80727456559497 105.06202561683587
1.2730543304594122 103.80728041878515 105.06202561683587
1.2730523604628625 103.80728770544789 105.06202561683587
1.2730502732876583 103.80729542553327 105.06202561683587
1.2730482467717117 103.80730292125084 105.06202561683587
1.273046249790145 103.80731030772596 105.06202561683587
1.2730448827146905 103.80731536429175 105.06202561683587
1.2730433447875662 103.80732105280704 105.06202561683587
1.2730420017953297 103.80732602029323 105.06202561683524
1.2730397558276196 103.80733432772284 105.06202561683587
1.273038273972497 103.8073398088377 105.06202561683587
1.2730359834194211 103.80734828118028 105.06202561683587
1.2730343878970107 103.80735418272974 105.06202561683587
1.2730330747709417 103.80735903974605 105.06202561683587
1.2730313895702443 103.80736527299919 105.06202561683587
1.2730293570689224 103.80737279085452 105.06202561683587
1.2730273292634926 103.80738029134048 105.06202561683587
1.2730257827999847 103.80738601142954 105.06202561683723
1.273024594708483 103.80739040596526 105.06202561683723
1.273023393286271 103.80739484980884 105.06202561683587
1.2730211395512905 103.80740318596699 105.06202561683587
1.273019410054366 103.807410064413 104.90232244538547
1.2730184254402717 103.80741811531146 103.4369897957471
1.2730178734379032 103.80742262887156 102.6139668840593
1.2730171627982767 103.80742843956152 101.55349078632521
1.2730161903749144 103.8074363907794 100.10189828868361
1.2730154954314843 103.80744207312591 99.06512007846774
1.2730145440244574 103.80744985249909 97.64792278247957
1.273013625188773 103.80745736554583 96.9545647691539
1.2730127395278723 103.80746460733201 96.95456476915454
1.2730119577650545 103.80747099957426 96.9545647691539
1.273011251479296 103.80747677466289 96.9545647691539
1.2730105947002086 103.8074821449501 96.9545647691539
1.2730097392373603 103.80748913981515 96.9545647691539
1.2730086591496677 103.80749797137041 96.9545647691539
1.273007980261346 103.80750352243781 96.9545647691539
1.2730070920144076 103.80751078536802 96.9545647691539
1.2730061106827861 103.80751880942371 96.9545647691539
1.2730053554472698 103.80752498475887 96.95456476915454
1.2730043346207702 103.80753333175194 96.9545647691539
1.273003518514237 103.80754000481086 96.95456476915454
1.2730025385629185 103.80754801757936 96.9545647691539
1.2730015772352135 103.80755587806792 96.9545647691539
1.2730005736754004 103.80756408387552 96.95456476915454
1.2729998861156904 103.80756970584493 96.9545647691539
1.2729988460345438 103.80757821027609 96.9545647691539
1.2729980204149265 103.80758496111955 96.95456476915454
1.27299705425236 103.80759286114025 96.9545647691539
1.2729964143405466 103.80759809350654 96.95456476915389
1.272995358401713 103.80760672760034 96.9545647691539
1.2729944671853664 103.80761401480778 96.9545647691539
1.2729936846817203 103.80762041310406 96.9545647691539
1.2729927713988656 103.80762788074232 96.9545647691539
1.272991686757468 103.80763674952736 96.9545647691539
1.2729908680636952 103.80764344373884 96.9545647691539
1.272990006052379 103.80765049214459 96.95456476915454
1.2729894485175923 103.80765505093778 96.9545647691539
1.2729887293925732 103.80766093100529 96.95456476915454
1.272987965645659 103.80766717593237 96.9545647691539
1.272987187823738 103.80767353594635 96.9545647691539
1.272986217619132 103.80768146901502 96.95456476915454
1.2729855548251672 103.80768688848003 96.9545647691539
1.2729849469452452 103.80769185892949 96.9545647691539
1.2729838918646421 103.80770048600284 96.95456476915423
1.2729830543461158 103.80770733413704 96.95456476915358
1.2729823137258687 103.80771338996334 96.9545647691539
1.272981295798065 103.80772171324891 96.95456476915454
1.2729806534416053 103.80772696560186 96.95456476915486
1.2729795752753539 103.80773578143842 96.9545647691539
1.2729785399289164 103.80774424715013 96.9545647691539
1.2729776423087018 103.80775158671636 96.95456476915454
1.2729768112489177 103.80775838203812 96.9545647691539
1.272975911775812 103.80776573675449 96.9545647691539
1.2729750340130566 103.8077729139518 96.95456476915358
1.272974012449519 103.80778126696381 96.9545647691539
1.272973005299333 103.80778950212205 96.9545647691539
1.2729721821695696 103.80779623260152 96.9545647691539
1.2729712949995582 103.80780348671826 96.9545647691539
1.2729706658089561 103.80780863141646 96.9545647691539
1.2729696103482637 103.80781726159402 96.9545647691539
1.2729690096391104 103.80782217340794 96.9545647691539
1.272968023266755 103.80783023867099 96.95456476915454
1.272967250158484 103.80783656013914 96.9545647691539
1.2729664884157328 103.80784278867478 96.9545647691539
1.272965888467134 103.80784769426943 96.9545647691539
1.2729648635210191 103.80785607493745 96.9545647691539
1.2729641026218526 103.80786229657492 96.9545647691539
1.2729631494115474 103.80787009068098 96.9545647691539
1.2729621205137467 103.80787850366002 96.95456476915454
1.2729611637514193 103.80788632680938 96.95456476915454
1.272960521192472 103.80789158081487 96.9545647691539
1.2729598524744017 103.80789704871529 96.9545647691539
1.2729591904705948 103.80790246171513 96.95456476915454
1.2729581627117823 103.80791086538002 96.9545647691539
1.272957475454249 103.8079164848715 96.9545647691539
1.272956791265303 103.80792207927195 96.9545647691539
1.272956246578436 103.80792653300718 96.9545647691539
1.2729552178389802 103.80793494468975 96.9545647691539
1.2729544147515621 103.80794151128562 96.9545647691539
1.2729534536396638 103.80794936999828 96.9545647691539
1.2729527945573642 103.80795475910884 96.9545647691539
1.2729519351324374 103.80796178635846 96.9545647691539
1.2729512210556024 103.80796762514193 96.9545647691539
1.2729502339156462 103.80797569667715 96.9545647691542
1.2729494433655648 103.80798216075814 96.9545647691539
1.2729484188508688 103.8079905378945 96.95456476915454
1.2729474121022453 103.80799876976295 96.95456476915454
1.2729467500993468 103.80800418275336 96.9545647691539
1.2729459468554922 103.80801075062669 96.9545647691539
1.2729449873330287 103.80801859634106 96.9545647691539
1.2729440000735108 103.80802666885238 96.95456476915454
1.2729434551078735 103.8080311248653 96.9545647691539
1.2729427520957297 103.80803687317479 96.9545647691539
1.272942166834007 103.80804165867596 96.9545647691539
1.272941149407416 103.80804997785327 96.9545647691539
1.2729405402716534 103.80805495856474 96.9545647691539
1.27293980968659 103.8080609323288 96.9545647691539
1.2729391183625587 103.80806658506764 96.9545647691539
1.27293803820671 103.80807541716156 96.9545647691539
1.2729372885612535 103.808081546776 96.9545647691539
1.2729364040342894 103.80808877927379 96.9545647691539
1.2729356544478032 103.80809490840575 96.9545647691539
1.272934945897971 103.80810070199382 96.9545647691539
1.2729339899792793 103.8081085182387 96.9545647691539
1.27293293603532 103.80811713600492 96.9545647691539
1.2729320324515265 103.80812452432345 96.9545647691539
1.2729310620895475 103.80813245866582 96.9545647691539
1.2729303353677293 103.80813840083965 96.95456476915454
1.2729296993955779 103.80814360098215 96.95456476915454
1.2729288664009513 103.80815041211477 96.95456476915454
1.2729280936410137 103.80815673072726 96.9545647691539
1.2729271754347566 103.80816423860796 96.9545647691539
1.272926402442335 103.80817055912111 96.9545647691539
1.2729258470821465 103.80817510012463 96.9545647691539
1.2729246515876202 103.8081838876564 97.1069049859807
1.2729234420142712 103.8081920734599 97.36983302794677
1.2729222422211899 103.80820019307514 97.63064747708466
1.2729215043198117 103.80820518683217 97.79105601187814
1.2729206480575006 103.80821098159824 97.97719179470234
1.2729193456298387 103.80821979579378 98.26030188700247
1.272918586482183 103.80822493333496 98.37853911472627
1.2729178603573763 103.8082298473935 98.378539114727
1.2729166408477288 103.80823810043988 98.378539114727
1.2729159817759985 103.80824256071573 98.37853911472735
1.2729149684426848 103.80824941846099 98.37853911472735
1.2729140778779433 103.80825544536833 98.37853911472627
1.272913108570085 103.80826200517053 98.378539114727
1.2729123713076085 103.80826699460283 98.378539114727
1.2729114220744022 103.80827341854936 98.37853911472656
1.2729101749073009 103.80828185876673 98.37853911472656
1.2729090140909918 103.80828971460394 98.37853911472627
1.2729081363748576 103.80829565455744 98.37853911472735
1.2729068770411711 103.80830417711172 98.37853911472735
1.2729058263361681 103.80831128776894 98.37853911472627
1.2729051414624715 103.80831592265886 98.378539114727
1.272903982854971 103.8083237635471 98.37853911472735
1.272902715482053 103.80833234050621 98.378539114727
1.2729014471668476 103.808340923842 98.37853911472656
1.2729001685189676 103.80834957710405 98.37853911472735
1.2728993715934511 103.80835497030519 98.37853911472627
1.272898531689501 103.80836065436316 98.378539114727
1.2728975433124285 103.80836734321429 98.37853911472627
1.2728967606370263 103.80837263997734 98.378539114727
1.2728958723789336 103.80837865127211 98.378539114727
1.2728949708507884 103.80838475237196 98.37853911472627
1.2728939108013573 103.80839192626591 98.378539114727
1.2728930963005394 103.80839743840731 98.37853911472627
1.2728922531471094 103.80840314445543 98.37853911472656
1.2728912497143474 103.80840993519517 98.378539114727
1.2728902613930693 103.80841662366767 98.37853911472656
1.2728895158642903 103.80842166903983 98.37853911472735
1.2728888271908636 103.80842632964284 98.378539114727
1.2728877415232736 103.80843367690694 98.37853911472627
1.2728867345524646 103.80844049158979 98.378539114727
1.2728858990882548 103.8084461456003 98.37853911472735
1.2728846782555803 103.80845440759465 98.378539114727
1.2728836754021493 103.80846119441269 98.378539114727
1.2728829344446726 103.80846620884782 98.37853911472656
1.272882024993067 103.8084724673281 98.3592668408029
1.2728813466956892 103.8084785793658 98.07661228389249
1.2728804803628777 103.80848638576283 97.71555144974516
1.272879827577922 103.80849226791152 97.44346997894536
1.2728793241494913 103.80849680423056 97.23363691050288
1.2728787582198817 103.80850190373835 96.99775680573833
1.2728782306125337 103.80850665792985 96.77786001568244
1.272877540741408 103.80851287425601 96.4903611147
1.2728765990897426 103.80852135933897 96.31859921649581
1.2728760610339125 103.8085262076798 96.31859921649612
1.2728752363822535 103.80853363849273 96.31859921649612
1.2728742983323738 103.80854209111983 96.31859921649581
1.2728733393831642 103.80855073206735 96.31859921649556
1.2728724725415819 103.80855854304662 96.31859921649581
1.2728716861078373 103.80856562948271 96.31859921649581
1.272871138356403 103.80857056518833 96.31859921649581
1.2728704319132227 103.80857693084121 96.31859921649581
1.2728699120697673 103.80858161507201 96.31859921649581
1.2728691835578232 103.8085881795829 96.31859921649556
1.2728683119526674 103.80859603348483 96.31859921649581
1.272867766646646 103.8086009471546 96.31859921649581
1.2728669845276017 103.80860799471041 96.31859921649556
1.2728661832598738 103.80861521481188 96.31859921649581
1.2728655285701467 103.80862111412117 96.31859921649581
1.2728649514758938 103.80862631422936 96.31859921649524
1.2728639868596097 103.80863500623911 96.31859921649612
1.2728632744560897 103.80864142559808 96.31859921649556
1.2728624353816265 103.80864898636928 96.31859921649612
1.2728617626892555 103.80865504789679 96.31859921649612
1.2728610523340351 103.80866144879835 96.31859921649612
1.2728604834367727 103.80866657504386 96.31859921649524
1.2728599046577294 103.8086717903325 96.31859921649581
1.2728593119978047 103.8086771306995 96.31859921649581
