536908844
1.2715045271955083 103.80648104525895 291.85438000311456
1.2715076177122828 103.8064733790518 291.85438000311456
1.27150935260514 103.80646907554882 291.8543800031144
1.2715116641941662 103.80646334151729 291.85438000311456
1.2715143734140975 103.80645662113902 291.85438000311456
1.2715163312843525 103.80645176452745 291.85438000311456
1.2715196367146342 103.8064435652144 291.8543800031144
1.2715213293368863 103.80643936656591 291.85438000311456
1.2715245123444974 103.8064314709293 291.8543800031144
1.2715269582005975 103.80642540384007 291.85438000311456
1.2715291818441627 103.80641988796197 291.85438000311456
1.2715319964961587 103.80641290605278 291.85438000311456
1.2715345846001729 103.80640648610905 291.85438000311456
1.271536444187847 103.8064018732928 291.85438000311456
1.2715397693756891 103.80639362496926 291.85438000311456
1.2715423385637337 103.80638725194748 291.85438000311456
1.271544877591867 103.80638095373911 291.8543800031144
1.2715481809306797 103.80637275961308 291.85438000311456
1.2715500803028783 103.80636804810868 291.85438000311456
1.2715533373649068 103.80635996877477 291.85438000311456
1.2715559192512391 103.8063535642538 291.85438000311456
1.271558863401569 103.80634626111556 291.85438000311456
1.2715620400487844 103.80633838125505 291.85438000311456
1.2715651435643618 103.80633068280174 291.8543800031144
1.271567793611173 103.80632410920435 291.8543800031144
1.271569803162015 103.80631912439496 291.85438000311456
1.2715723234213416 103.80631287274295 291.85438000311456
1.2715740638907582 103.8063085554058 291.85438000311456
1.2715761153015568 103.80630346676018 291.85438000311456
1.2715781501614578 103.80629841916998 291.85438000311456
1.271580091466644 103.80629360364772 291.8543800031144
1.2715834427265302 103.80628529064943 291.8543800031144
1.2715866061791796 103.80627744351797 291.85438000311456
1.2715885190745204 103.80627269846785 291.85438000311456
1.2715916035018386 103.80626504736323 291.8543800031144
1.2715936379516652 103.80626000078992 291.8543800031144
1.271596532977068 103.80625281950785 291.85438000311456
1.2715988674813075 103.80624702863163 291.8543800031144
1.271602057069202 103.80623911666966 291.8543800031144
1.2716042209032263 103.80623374915092 291.85438000311456
1.271606431034863 103.80622826678818 291.85438000311456
1.2716081933513006 103.80622389525757 291.85438000311456
1.271610114867199 103.80621912882322 291.85438000311456
1.2716130993915344 103.8062117255332 291.85438000311456
1.2716158150778047 103.80620498911192 291.85438000311456
1.2716189602246153 103.8061971873881 291.85438000311456
1.271621628961345 103.80619056742778 291.85438000311456
1.2716241272466755 103.8061843702822 291.8543800031144
1.271626766040394 103.80617782459714 291.85438000311456
1.271629040413038 103.80617218288022 291.85438000311456
1.2716319088548447 103.80616506753925 291.85438000311456
1.2716338149480986 103.80616033936121 291.85438000311456
1.2716356420422097 103.80615580714522 291.85438000311456
1.2716388557648133 103.8061478353144 291.85438000311456
1.2716416311787393 103.80614095073436 291.85438000311456
1.271644234137758 103.80613449393893 291.85438000311456
1.2716472667337904 103.80612697140313 291.8543800031126
1.2716500114250064 103.80612016303236 291.85438000311456
1.271651776273509 103.80611578522002 291.85438000311456
1.271654261199876 103.80610962121136 291.8543800031144
1.2716570437107964 103.80610271902634 291.85438000311456
1.2716592652548429 103.80609720835321 291.85438000311456
1.271661939599947 103.80609057447984 291.85438000311456
1.2716651518596098 103.8060826062103 291.85434835686397
1.2716672274211736 103.80607745759052 291.85431765195415
1.271670557253676 103.80606919763716 291.8542683919369
1.2716722735759656 103.80606494014307 291.8542430014494
1.2716754726791535 103.80605700447553 291.8541956753812
1.271678338367735 103.80604989587329 291.85415328169256
1.2716803824855925 103.8060448252522 291.8541312383055
1.271682709585058 103.80603905266933 291.8541312383055
1.2716850142003924 103.80603333586035 291.8541312383036
1.2716877438343468 103.80602656475375 291.8541312383055
1.271689877654983 103.80602127161653 291.8541312383055
1.2716926442001355 103.80601440894819 291.8541312383036
1.2716952684052962 103.80600789936715 291.8541312383036
1.271698352680341 103.80600024854057 291.8541312383055
1.2717003432032823 103.80599531086615 291.8541312383036
1.271703620986811 103.80598718002389 291.8541312383055
1.2717069514039563 103.80597891861899 291.8541312383055
1.271708716422756 103.80597454032808 291.8541312383055
1.2717115016871705 103.80596763122438 291.8541312383055
1.2717141745840534 103.80596100085853 291.8541312383055
1.2717164397701513 103.80595538185662 291.8541312383055
1.271718627685976 103.80594995453067 291.85413123830534
1.2717217135613859 103.80594229973349 291.8541312383055
1.271724041769609 103.80593652439921 291.8541312383055
1.2717259049242533 103.80593190267301 291.8541312383055
1.2717277967925127 103.80592720972004 291.8541312383055
1.2717298444493634 103.80592213031909 291.8541312383036
1.2717331105016112 103.80591402857632 291.8541312383036
1.2717364494230026 103.80590574607484 291.8541312383055
1.2717392391990923 103.80589882577867 291.8541312383055
1.2717409961383639 103.80589446752919 291.8541312383036
1.2717426990263034 103.80589024335897 291.8541312383055
1.2717444334366073 103.80588594099461 291.8541312383055
1.2717472872546456 103.80587886183625 291.8541312383055
1.2717493810816263 103.80587366790562 291.8541312383055
1.271751315980016 103.80586886821196 291.8541312383055
1.271753649685561 103.80586307924037 291.8541312383036
1.2717569091124397 103.80585499393162 291.85413123830347
1.2717596129138247 103.80584828690304 291.8541312383055
1.2717620084055377 103.80584234466497 291.8541312383036
1.2717639784572408 103.80583745777001 291.8541312383055
1.271767187686973 103.80582949697958 291.8541312383036
1.2717695491418668 103.80582363917279 291.85413123830375
1.2717725452457116 103.8058162070606 291.8541312383055
1.2717750722218089 103.80580993866302 291.8541312383055
1.2717783497792698 103.80580180837897 291.8541312383055
1.271781663042237 103.805793589524 291.8541312383055
1.2717849716289629 103.80578538226875 291.8541312383055
1.2717871850483005 103.80577989167742 291.8541312383036
1.271790393046623 103.80577193394082 291.8541312383055
1.2717933112425879 103.8057646950857 291.8541312383036
1.2717961910452733 103.80575755146856 291.8541312383055
1.2717992698634908 103.80574991417487 291.8541312383055
1.2718010341306722 103.80574553774672 291.8541312383036
1.2718029895505534 103.80574068714655 291.85413123830534
1.271805027795504 103.80573563109108 291.8541312383055
1.271807264582582 103.80573008253342 291.85413123830534
1.2718090076922384 103.80572575858831 291.8541312383036
1.2718117564331428 103.80571894008162 291.8541312383055
1.27181488070891 103.80571119002576 291.8541312383057
1.2718165975433662 103.80570693125858 291.8541312383036
1.2718192669590807 103.80570030952515 291.8541312383057
1.2718225738765265 103.80569210640941 291.8541312383055
1.2718254544975307 103.80568496076147 291.8541312383036
1.2718287746026915 103.80567672493218 291.8541312383055
1.2718314910077866 103.80566998663686 291.8541312383057
1.271833230225572 103.80566567234547 291.8541312383036
1.2718351659087823 103.80566087070328 291.8541312383055
1.2718371203212397 103.80565602260143 291.8541312383055
1.2718396537280545 103.80564973825015 291.85413123830375
1.271842325421867 103.80564311086505 291.8541312383055
1.2718456597997763 103.80563483963029 291.85413123830534
1.2718477163647202 103.80562973812943 291.85413123830347
1.2718501753214966 103.80562363845813 291.8541312383057
1.2718527625197211 103.80561722067192 291.85413123830347
1.2718546190811704 103.80561261529823 291.85413123830534
1.2718570128086903 103.805606677434 291.85413123830534
1.2718595793762608 103.80560031082385 291.8541312383057
1.2718624027459011 103.80559330719215 291.85413123830534
1.27186464822167 103.80558773708003 291.85413123830534
1.271867920212926 103.80557962060038 291.85413123830375
1.2718702939465827 103.80557373233246 291.85413123830534
1.271873648741842 103.80556541044956 291.85413123830347
1.2718763548577485 103.80555869767629 291.8541312383057
1.2718787170216599 103.80555283810799 291.8541312383057
1.271880421475661 103.80554861005055 291.85413123830347
1.271882493389303 103.80554347047509 291.85413123830347
1.2718844704388765 103.80553856621877 291.85413123830347
