479172522#1
1.2738509882425155 103.79934662349525 110.41059562745856
1.2738485777199924 103.79935306895997 110.41059562745856
1.273846766162268 103.79935791286047 110.41059562745856
1.2738443285193932 103.79936443084182 110.41059562745794
1.273842529917412 103.79936924010003 110.41059562745856
1.2738408310703695 103.7993737826248 110.41059562745704
1.2738385793453428 103.79937980348268 110.41059562745794
1.2738358407131392 103.79938712627515 110.41059562745856
1.2738330779371068 103.79939451362539 110.41059562745856
1.273830436560045 103.79940157636845 110.41059562745794
1.2738274861636565 103.79940946539408 110.41059562745794
1.2738254754915501 103.79941484170337 110.41059562745856
1.273822602457311 103.79942252387121 110.41059562745856
1.2738209304760524 103.7994269945595 110.41059562745794
1.273818452277439 103.79943362098147 110.41059562745856
1.2738154814395897 103.79944156466482 110.41059562745794
1.2738138775248586 103.79944585335076 110.41059562745794
1.273812073120077 103.79945067812433 110.41059562745856
1.2738089466076632 103.79945903806352 110.41059562745794
1.2738067350813225 103.79946495143378 110.41059562745794
1.2738036112574604 103.79947330418389 110.41059562745856
1.2738014125472574 103.7994791832851 110.41059562745856
1.2737987205477364 103.7994863813858 110.41059562745856
1.2737960969973956 103.79949339646109 110.41059562745856
1.2737937006075202 103.79949980413505 110.41059562745856
1.2737906934571626 103.799507844913 110.41059562745856
1.2737880382002054 103.79951494476789 110.41059562745856
1.2737860119805766 103.79952036264851 110.41059562745704
1.2737835819262455 103.7995268603371 110.41059562745856
1.2737818995231733 103.79953135889129 110.41059562745856
1.2737790523443193 103.7995389719232 110.41059562745765
1.2737763305429652 103.79954624970985 110.41059562745765
1.2737742338200504 103.79955185610794 110.41059562745856
1.2737716161066368 103.79955885557514 110.41059562745856
1.2737690101594987 103.79956582358058 110.41059562745856
1.2737661735774553 103.79957340827735 110.41059562745856
1.2737632586708831 103.79958120240488 110.41059562745856
1.2737601267580638 103.79958957678225 110.41059562745765
1.2737581718423436 103.79959480400365 110.41059562745856
1.2737554706548362 103.79960202667051 110.41059562745856
1.2737537218765465 103.79960670270387 110.41059562745794
1.2737511520277098 103.799613574186 110.41059562745856
1.2737480684408182 103.79962181934486 110.41059562745704
1.273745499000597 103.79962868973422 110.41059562745856
1.2737434861459085 103.79963407187743 110.41059562745704
1.2737409351106637 103.79964089305385 110.41059562745856
1.2737384170094872 103.79964762616822 110.41059562745794
1.2737363780638489 103.7996530780755 110.41059562745856
1.2737335669251402 103.79966059473854 110.41059562745856
1.2737311620530645 103.79966702509105 110.41059562745794
1.2737292261686948 103.79967220142412 110.41059562745794
1.2737264337701302 103.79967966797791 110.41059562745704
1.2737234950715555 103.79968752572107 110.41059562745794
1.2737218497300165 103.79969192517572 110.41059562745856
1.2737202097258424 103.79969631035883 110.41059562745765
1.2737172825220477 103.79970413736602 110.41059562745794
1.2737151838849772 103.79970974888077 110.41059562745856
1.2737126670468533 103.79971647861711 110.41059562745794
1.2737103420730096 103.79972269533029 110.41059562745856
1.2737079439640746 103.79972910759825 110.41059562745856
1.2737060081335412 103.79973428378678 110.41059562745765
1.2737031978925175 103.79974179804844 110.41059562745794
1.273700842206379 103.79974771445708 110.58028821105272
1.2736987438039071 103.79975206765468 111.13864475945967
1.2736957327633682 103.79975831414667 111.94043806424159
1.2736930192818046 103.79976394334379 112.66336537451217
1.2736905151101745 103.79976913832125 113.33063258997949
1.273688291177869 103.79977375193398 113.92316030921553
1.2736863057012715 103.79977787086337 114.45199528748334
1.2736835035178793 103.79978368407481 115.1979237910522
1.27368081977379 103.79978925158045 115.61784311587455
1.2736779398300617 103.79979522610789 115.61784311587343
1.2736750901287595 103.79980113789651 115.61784311587343
1.2736725021751756 103.79980650668178 115.61784311587343
1.273668830037011 103.79981412463951 115.61784311587343
1.2736660950243142 103.79981979850308 115.61784311587343
1.2736633433420217 103.79982550694814 115.61784311587515
1.2736607199061154 103.79983094934231 115.61784311587343
1.2736580186221333 103.79983655323451 115.61784311587343
1.2736545341298005 103.79984378191514 115.61784311587343
1.2736507080542807 103.79985171921996 115.61784311587455
1.2736469924542877 103.79985942733994 115.61784311587343
1.2736439972917883 103.7998656408914 115.61784311587455
1.2736411087844366 103.7998716331836 115.61784311587343
1.2736384640041898 103.79987711985679 115.61784311587343
1.2736358515483654 103.799882539472 115.61784311587343
1.2736333751467486 103.79988767683876 115.61784311587455
1.2736296042788828 103.79989549961311 115.61784311587455
1.2736260218549567 103.79990293145497 115.61784311587343
1.2736238641795947 103.79990740761477 115.61784311587343
1.2736203944789997 103.79991460560868 115.61784311587343
1.2736171870925599 103.79992125942424 115.61784311587343
1.273613664342936 103.79992856746972 115.61784311587343
1.2736115307623725 103.79993299364398 115.61784311587455
1.2736090799987159 103.79993807782363 115.61784311587343
1.2736065196408881 103.7999433893595 115.61784311587343
1.2736037954521913 103.79994904076716 115.61784311587343
1.2736011060509038 103.79995462000728 115.61784311587343
1.273598533407861 103.79995995702906 115.61784311587343
1.2735950788022987 103.79996712370728 115.61784311587286
1.2735911710012764 103.79997523055235 115.61784311587343
1.273587701640738 103.79998242784 115.61784311587343
1.2735840709618111 103.7999899597872 115.61784311587455
1.2735803000404273 103.79999778267124 115.61784311587343
1.2735772671209022 103.80000407454932 115.61784311587343
1.2735745076792078 103.80000979908975 115.61784311587343
1.2735721627726375 103.80001466354258 115.61791060278847
1.2735695261383162 103.80002013243391 115.61839567936757
1.2735670259643477 103.80002531827994 115.61885565055796
1.2735642337185786 103.80003110993952 115.61936935584964
1.2735618211713384 103.80003611403062 115.61981320584468
1.2735593744006548 103.80004118910774 115.62026335211648
1.2735558084457952 103.8000485855899 115.62091940104072
1.2735535325309377 103.80005330627881 115.6213381139912
1.273551030219222 103.80005849655865 115.62144130650805
1.2735478676022234 103.80006505643966 115.62144130650746
1.2735449606021876 103.80007108612148 115.62144130650917
1.2735419704598518 103.80007728825645 115.62144130650805
1.273539811088841 103.80008176721059 115.62144130650917
1.2735362440920377 103.80008916585345 115.62144130650805
1.2735331523449342 103.80009703459127 114.81982525673996
1.273531515680041 103.800101494373 114.23289890144238
1.2735292248581394 103.80010773668054 113.41092097494304
1.2735265402773623 103.80011505194962 112.44738280793197
1.2735234621604772 103.80012343957318 111.34290461590557
1.2735217000483778 103.80012824118838 110.7110783139747
1.273519258200721 103.80013489502875 110.05942453139477
1.273517204424998 103.80014049140398 110.05942453139328
1.2735149384381006 103.80014666603769 110.05942453139477
1.273512636368912 103.80015293899268 110.05942453139328
1.2735099023161052 103.80016038700813 110.06032356675532
1.2735070136821294 103.80016825467219 110.06190880424485
1.2735043355707154 103.80017554894376 110.0633785102023
1.27350219941009 103.80018112524178 110.1701034070143
1.2734984527790383 103.80018905124433 111.1671968509881
1.2734957340717212 103.80019480267289 111.89131498089588
1.2734935205060645 103.80019948547364 112.4806641023242
1.273490504093961 103.80020586669693 113.2830145210695
1.2734868038016605 103.80021369466947 114.26688934105482
1.2734838448944146 103.800219954241 115.05296844499398
1.2734812819492727 103.80022537615423 115.18397041533217
1.2734779918043162 103.80023233645939 115.18397041533109
1.2734741772734814 103.80024040610331 115.18397041533217
1.273470427468317 103.80024833881993 115.18397041533167
1.2734682205952865 103.80025300746202 115.18397041533167
1.2734645798480801 103.80026070946624 115.1839704153328
1.2734613967273842 103.80026744336107 115.1839704153328
1.27345785182252 103.80027494261056 115.18397041533217
1.2734554063574666 103.80028011599406 115.1839704153328
1.273452044146698 103.80028722875387 115.18397041533109
1.273449534469179 103.8002925379788 115.18397041533217
1.2734475056272108 103.80029682999567 115.18397041533217
1.2734442186088226 103.80030378368575 115.18397041533217
1.2734421546698855 103.80030814995023 115.18397041533217
1.2734395300758927 103.80031370228085 115.1839704153328
1.2734374545100804 103.80031809314191 115.18397041533109
1.2734345469128243 103.80032424416605 115.18397041533217
1.2734307968565417 103.80033217741281 115.1839704153328
1.2734271108062023 103.80033997525486 115.18397041533217
1.273423578225852 103.80034744843093 115.1839704153328
1.2734214876021783 103.80035187114665 115.18397041533217
1.273418150592573 103.80035893059255 115.18397041533109
1.273415895918571 103.80036370035677 115.1839704153328
1.2734123446428613 103.8003712130826 115.18397041533217
1.273408997842161 103.80037829324132 115.18397041533217
1.2734054446457788 103.80038581003015 115.18397041533217
1.2734031765255178 103.80039060823972 115.1839704153328
1.2733998348942246 103.80039767746236 115.18397041533217
1.2733964198492365 103.80040490199163 115.18397041533217
1.2733943526960922 103.800409275055 115.18397041533167
1.273391335416689 103.80041565811086 115.1839704153328
1.2733893067919022 103.80041994966741 115.18397041533109
1.2733864302222442 103.80042603505164 115.18397041533217
1.2733831340508104 103.80043300810352 115.18397041533109
1.27338029893358 103.80043900579501 115.18397041533167
1.2733780985151744 103.80044366078087 115.18397041533217
1.2733751734006957 103.80044984886143 115.18397041533109
1.2733716203782453 103.80045736528143 115.18397041533167
1.2733693060063898 103.8004622613357 115.18397041533217
1.273367184134146 103.80046675015693 115.1839704153328
1.2733649326510823 103.80047151316987 115.18397041533109
1.2733620343779706 103.80047764446725 115.1839704153328
1.2733594640042865 103.80048308209325 115.1839704153328
1.273357158409074 103.80048795958032 115.18397041533109
1.2733539282118904 103.80049479306295 115.18397041533217
1.2733509027143561 103.80050119350338 115.18397041533167
1.273347977908496 103.80050738093047 115.18397041533217
1.273344175014206 103.80051542595366 115.18397041533167
1.2733412634049535 103.8005215854632 115.18397041533109
1.2733382584015938 103.8005279425479 115.18397041533217
1.273335728875399 103.8005332937606 115.18397041533167
1.2733326674438712 103.80053977021898 115.18397041533217
1.2733290055768505 103.80054751689855 115.18397041533109
1.2733257956375452 103.80055430752496 115.18397041533109
1.273323364526542 103.8005594505401 115.18397041533217
1.2733199608785906 103.80056665095701 115.1839704153328
1.2733175904535114 103.80057166559098 115.18397041533109
1.27331565413694 103.80057576186842 115.1839704153328
1.2733120974915972 103.80058328595109 115.18397041533217
1.273309434548473 103.80058891940679 115.18397041533217
1.273306894760997 103.80059429232668 115.18397041533217
1.273303084187728 103.8006023535936 115.1839704153328
1.2732994230247616 103.80061009878295 115.18397041533217
1.2732971577290468 103.80061489101543 115.18397041533167
1.2732950019175295 103.80061945163406 115.18397041533109
1.2732924250805795 103.80062490293184 115.18397041533109
1.273289881867694 103.80063028309789 115.1839704153328
1.2732867429106278 103.80063692356048 115.1839704153328
1.273283647576581 103.80064347173852 115.18397041533109
1.2732803538433946 103.80065043962979 115.1839704153328
1.2732773419768575 103.8006568112322 115.1839704153328
1.2732745279469329 103.8006627643113 115.1839704153328
1.2732708483299777 103.80067054853927 115.18397041533217
1.2732680879403486 103.8006763881422 115.18397041533217
1.2732644946170788 103.80068398981575 115.18397041533167
1.273261566693105 103.80069018383738 115.18397041533167
1.2732591944654101 103.80069520228375 115.18397041533109
1.2732558778350533 103.8007022186134 115.18397041533167
1.2732534380168916 103.80070738004726 115.1839704153328
1.2732511586431776 103.80071220206098 115.18397041533109
1.2732474192823033 103.80072011267654 115.1839704153328
1.273244604849778 103.80072606660669 115.18397041533217
1.2732419494408416 103.80073168412251 115.18397041533109
1.273239956086805 103.8007359010616 115.18397041533109
1.2732366348034052 103.80074292723428 115.18397041533217
1.2732341017258515 103.80074828595798 115.18397041533109
1.2732315413949642 103.80075370233605 115.18397041533167
1.2732284972945043 103.80076014212821 115.1839704153328
1.2732257829400293 103.80076588434297 115.18397041533109
1.2732237515297473 103.80077018178976 115.18397041533167
1.2732215870751649 103.80077476069162 115.18397041533217
1.2732187145852603 103.8007808374416 115.18397041533217
1.2732152638002985 103.80078813757419 115.1839704153328
1.2732124913198317 103.80079400275415 115.1839704153328
1.273209167809462 103.80080103363728 115.18397041533109
1.2732068941869108 103.80080601824656 115.08933673527319
1.2732038149666285 103.80081283959508 114.92295058478341
1.2732007501734415 103.80081962898345 114.7573399902842
1.2731972862807017 103.80082730249069 114.57016212601182
1.2731948370109514 103.80083272831949 114.43781252043662
1.2731916054368635 103.80083988717473 114.2631942834713
1.2731891701639093 103.80084528199653 114.1828661264691
1.2731856279837002 103.80085312893245 114.1828661264691
1.2731832435013695 103.80085841123848 114.1828661264691
1.2731796139058156 103.80086645182405 114.18286612646966
1.2731776219624489 103.8008708645446 114.1828661264691
1.2731741177911333 103.8008786272797 114.1828661264691
1.273171125909552 103.80088525514738 114.1828661264691
1.2731680670706316 103.80089203134453 114.18286612646966
1.2731650138697859 103.80089879505167 114.1828661264691
1.273162740335328 103.80090383157625 114.18286612647073
1.2731604685381264 103.80090886425224 114.1828661264691
1.2731580289761426 103.80091426857486 114.1828661264691
1.2731550334675439 103.80092090447702 114.18286612646966
1.273151785156728 103.80092810040783 114.1828661264691
1.2731487156316261 103.80093490027741 114.18286612646966
1.2731461260693555 103.800940636893 114.1828661264691
1.2731424312862778 103.80094882188634 114.18286612646966
1.273140402303463 103.80095331665918 114.18286612646966
1.2731369570574678 103.80096094885691 114.1828661264691
1.2731348033479308 103.80096571993475 114.1828661264691
1.2731322851145448 103.80097129853634 114.18286612646966
1.2731297492611358 103.80097691617122 114.18286612646966
1.273127169518457 103.80098263103321 114.18286612646966
1.273125254085623 103.8009868742604 114.18286612647073
