758049888
1.2710917771694894 103.80166957528722 356.0002973486265
1.2710984469400408 103.80166986463684 358.1883677883606
1.2711044327664136 103.80167012431544 0.14472034684243026
1.2711113924902635 103.80167042624386 2.404477975083217
1.2711198788005174 103.801670794399 2.526745892762972
1.2711275242771933 103.8016711260769 2.5267458927655673
1.2711340664411683 103.80167140989059 2.5267458927655673
1.271141944903618 103.80167175167588 2.5267458927655673
1.2711485023530675 103.80167203615267 2.5267458927655673
1.2711572797255128 103.80167241693464 2.5267458927655673
1.2711633128354503 103.80167267866437 2.526745892762972
1.2711694304422212 103.80167294405976 2.5267458927655673
1.2711767023991924 103.8016732595334 2.5267458927655673
1.271182552192055 103.8016735133104 2.5267458927655673
1.2711884681278864 103.80167397385954 2.786608068079839
1.271195672733777 103.80167584253154 4.776931000899764
1.271200353926833 103.80167705670128 6.07540666431147
1.271204819071167 103.80167821483404 7.316388399045579
1.2712095501628897 103.80167944194606 8.632565919729686
1.2712141235524406 103.8016806281546 9.904845154156872
1.271219779854914 103.80168209524025 11.476456642439736
1.2712245089445766 103.801683321833 12.787214197639052
1.2712324336638148 103.8016853772821 14.657397189749862
1.2712373892176403 103.80168666261325 14.657397189749847
1.271244576671843 103.80168852683654 14.657397189749847
1.2712497554273257 103.8016898700599 14.657397189747329
1.271255952989557 103.80169147753307 14.657397189747304
1.2712644691196386 103.80169368637743 14.657397189749862
1.2712728808013263 103.80169586813082 14.657397189747341
1.271280918320566 103.801697952837 14.657397189747341
1.2712887330367397 103.80169997975432 14.657397189749862
1.2712965023915632 103.80170199490617 14.657397189749862
1.2713019266835701 103.80170340181475 14.657397189749862
1.2713098381136785 103.8017076062375 17.32775183462718
1.2713172923795442 103.8017119020238 20.283748797794136
1.2713244447098557 103.80171602380894 23.13083727390998
1.271330043405383 103.8017191450012 25.223334346471265
1.2713361057998016 103.80172227487184 27.161219705077745
1.2713405878629933 103.80172458885485 28.5852508962738
1.2713467079247565 103.80172774849777 28.921901028351648
1.2713508704417362 103.80172989750665 28.646248641550205
1.2713568323865472 103.80173297551751 28.251450229449052
1.2713626521456016 103.80173598012122 27.86611843851626
1.2713672539628125 103.80173835593044 27.56148663702728
1.2713737808088912 103.80174172558644 27.48415596079308
1.2713816754212681 103.80174580138777 27.484155960793
1.2713871904089349 103.80174864864524 27.484155960793
1.2713943683698505 103.8017523544564 27.484155960792926
1.2713981652762878 103.80175494859529 28.202055301550512
1.2714027688950933 103.80175838892526 29.409348264499222
1.2714071579022952 103.8017616688739 30.562713683262796
1.2714115729163071 103.80176496825766 31.72427638418953
1.2714181759753749 103.80176990278919 33.46198130724244
1.2714220317329916 103.80177278423511 34.47584554784926
1.2714273579422386 103.80177676456411 35.873919666852736
1.2714311540767909 103.80177960145313 36.86781715718559
1.2714375489276952 103.80178438038868 36.975564987632545
1.271441982087263 103.80178769333283 36.975564987632445
1.2714476389823723 103.80179192078667 36.975564987632545
1.2714514558873593 103.80179477319766 36.975564987634634
1.2714575633975518 103.80179933740065 36.975564987632445
1.2714625382539801 103.80180305516025 36.975564987632545
1.2714692435818844 103.80180806611837 36.975564987632545
1.2714740848248514 103.80181168402731 36.975564987632445
1.2714788983515735 103.80181528122364 36.975564987632545
1.271483987325989 103.80181908426475 36.975564987632445
1.2714895763273282 103.80182326098097 36.975564987632545
1.2714967717669894 103.8018286382045 36.975564987632545
1.2715013598983678 103.80183206696066 36.975564987632445
1.2715050873727691 103.8018348525393 36.97556498763453
1.2715095016196003 103.80183815134981 36.975564987632545
1.2715144086981398 103.80184181845839 36.975564987632545
1.2715211185336084 103.8018468327851 36.975564987632545
1.2715269536343972 103.80185119341392 36.975564987632545
1.2715341750077003 103.80185659001796 36.975564987632445
1.2715397891992932 103.80186078555916 36.975564987632445
1.2715450217208157 103.8018646958745 36.975564987632445
1.2715507002328865 103.80186893948304 36.97556498763453
1.2715566411162835 103.80187337916429 36.975564987632445
1.2715623271065801 103.8018776283614 36.975564987632445
1.271567372539423 103.80188139886354 36.975564987632445
1.271571772023773 103.80188405008089 36.32652898436892
1.2715773204396623 103.80188728787193 35.39900542914242
1.271581500906282 103.801889727393 34.69955050464839
1.271588531645624 103.80189383019739 33.52264675756668
1.271592701732211 103.80189626366115 32.824612137610536
1.2715982970416313 103.80189952881705 31.888460163664494
1.2716022869635393 103.8019018571453 31.22147186619831
1.2716071552175672 103.80190469802632 30.45395127746697
1.2716129121398612 103.80190805749177 30.45395127746472
1.2716185537542561 103.80191134966906 30.453951277467137
1.2716244575716547 103.80191479485549 30.45395127746705
1.2716295131804922 103.80191774506785 30.45395127746705
1.2716358487999517 103.80192144223341 30.45395127746481
1.2716409359884784 103.80192441087418 30.45395127746705
1.2716472154569671 103.80192807527271 30.45395127746472
1.2716532555755677 103.80193159999806 30.453951277467137
1.2716572644020763 103.80193393935815 30.45395127746705
1.2716642453017688 103.8019380130785 30.45395127746472
1.2716720048626495 103.80194254118841 30.45395127746705
1.2716768755690109 103.80194538350051 30.45395127746481
1.2716835541251879 103.8019492807876 30.453951277467137
1.2716890667673493 103.80195249770286 30.45395127746705
1.2716945955977326 103.80195572406475 30.45395127746481
1.2716988958399515 103.80195823348117 30.45395127746705
1.271704877538775 103.80196172591958 30.45593472126818
1.2717116666761406 103.80196575192609 30.526507499912732
1.2717183023406446 103.8019696869221 30.59548531558063
1.2717233139319457 103.8019726588312 30.64758099656847
1.271728960237872 103.80197600713059 30.706274571911656
1.2717335067325244 103.8019787032341 30.753535493944344
1.2717377372175631 103.80198121194168 30.79751137021739
1.2717417750777942 103.80198360642137 30.83948475728994
1.2717489261765746 103.80198784707358 30.857653357966264
1.2717531164469318 103.80199033193357 30.857653357966264
1.2717594678613506 103.80199409836729 30.857653357966264
1.2717665923956722 103.80199832326659 30.85765335796841
1.271774159232607 103.80200281045445 30.857653357966186
1.2717808659411292 103.80200678758011 30.857653357966186
1.271788038439978 103.80201104092271 30.857653357966264
1.2717924232795783 103.80201364116365 30.857653357966264
1.2717967836944821 103.80201622692054 30.8576533579685
1.2718040494282017 103.8020205355521 30.85765335796841
1.2718094993808318 103.80202376741262 30.857653357966264
1.2718161491515971 103.80202771077379 30.857653357966186
1.2718207475541552 103.80203043765906 30.8576533579685
1.2718249698480617 103.80203294150925 30.857653357966264
1.2718319221285563 103.80203706426083 30.857653357966264
1.2718370325326585 103.802039763243 30.494581679591825
1.2718423144648285 103.80204228575234 29.826403147378688
1.2718472031451642 103.80204462045512 29.207592460469407
1.2718525347507796 103.80204716668715 28.532473867158494
1.271860160933278 103.80205080874764 27.566726793919777
1.2718644196914104 103.80205284261645 27.027556666563246
1.2718718084668656 103.80205637129768 26.09269871870269
1.2718798305983101 103.8020602024528 25.698874282525868
1.2718863879066147 103.80206333404756 25.698874282525868
1.2718912034744445 103.80206563383378 25.698874282525868
1.271896774288246 103.80206829430523 25.698874282525868
1.2719039455215773 103.80207171909417 25.698874282525868
1.2719114344273406 103.80207529559495 25.698874282525868
1.27191639322852 103.80207766378555 25.698874282525868
1.2719226613915313 103.80208002456887 24.971177613505372
1.2719289657631303 103.80208205997155 23.847486208063607
1.2719364840838845 103.80208448730471 22.505494487921013
1.2719426696816791 103.8020864843606 21.400795112459573
1.271947744896648 103.80208812292297 20.494621595667677
1.2719552349035943 103.80209054111482 19.158670913136728
1.2719607649839697 103.8020923265331 18.174105376244555
1.2719681906846125 103.8020947239633 18.028190487599034
