645135357
1.4418561343284109 103.80161710508038 335.11946641999134
1.4418628258959385 103.80161401725312 335.11946641999134
1.4418705023365639 103.80161047495564 335.11946641999145
1.441876266885774 103.80160781490139 335.11946641999134
1.4418829280997714 103.80160474108067 335.11946641999145
1.4418907284633056 103.80160114159874 335.11946641999145
1.4418986442919646 103.80159748883533 335.11946641999145
1.4419040938059347 103.80159497415411 335.11946641999145
1.4419118931986172 103.80159137512004 335.1194664199916
1.4419177521685314 103.8015886714951 335.11946641999134
1.4419254520352145 103.80158511838725 335.1194664199916
1.4419324148133157 103.80158190540932 335.1194664199916
1.4419397818537005 103.80157850588428 335.11946641999145
1.4419453580931128 103.80157593272534 335.11946641999145
1.4419527263372118 103.80157253264474 335.1194664199916
1.441959254229748 103.80156952034484 335.1194664199916
1.4419633619929144 103.80156762481508 335.11946641999145
1.4419715118008258 103.80156386408126 335.1194664199916
1.4419792537839684 103.8015602915384 335.11946641999134
1.4419833994505487 103.80155837851798 335.11946641999134
1.4419880498902107 103.8015562325697 335.11946641999145
1.4419933470399926 103.80155378819661 335.11946641999145
1.4420012333193926 103.80155014906799 335.11946641999145
1.4420094283303562 103.80154636747493 335.11946641999145
1.4420149234421287 103.80154383175204 335.11946641999145
1.4420191231446577 103.80154189379657 335.11946641999145
1.4420251884079331 103.80153909497686 335.11946641999145
1.4420318149205307 103.80153603716825 335.11946641999145
1.4420365016378338 103.80153387447943 335.11946641999134
1.4420437258486363 103.80153054086252 335.11946641999145
1.4420494104501045 103.80152791769932 335.11946641999145
1.4420539565104142 103.80152581991669 335.11946641999134
1.4420598033433853 103.8015231218916 335.11946641999145
1.4420661094341034 103.80152021194168 335.11946641999145
1.442072005188789 103.80151749134156 335.11946641999145
1.4420788183838695 103.80151434738791 335.11946641999145
1.442086195964932 103.80151094299791 335.1194664199916
1.4420920705687437 103.80150823215776 335.11946641999134
1.4420963250757424 103.80150626891245 335.11946641999134
1.442101700092745 103.80150378860698 335.11946641999145
1.4421061318123034 103.80150174358674 335.11946641999145
1.4421137047761214 103.80149824903704 335.11946641999134
1.4421197263708727 103.80149547036768 335.11946641999145
1.44212756719315 103.8014918522144 335.11946641999145
1.4421336240831746 103.80148905725794 335.11946641999145
1.442139159125459 103.80148650310849 335.11946641999145
1.4421438076632338 103.8014843580372 335.1194664199916
1.4421519180994713 103.80148061547015 335.11946641999145
1.4421567283709815 103.80147839576667 335.11946641999145
1.4421640128875404 103.80147503432082 335.11946641999134
1.4421687614037892 103.80147284311428 335.11946641999134
1.4421755411843156 103.80146971457921 335.11946641999134
1.4421822443808188 103.80146662138384 335.11946641999145
1.442187025186943 103.80146449218668 335.2083654987046
1.4421934281117699 103.80146177501872 335.4828735217032
1.4421995880253649 103.80145916097582 335.7469861550587
1.4422054294230675 103.80145668209944 335.99745265522427
1.442212623625391 103.80145362914203 336.3059242140079
1.4422188825601057 103.80145097307809 336.5742803034068
1.4422234340691336 103.8014490415834 336.7694145198955
1.4422299537579424 103.80144627486484 336.9035000399881
1.4422373421712662 103.8014431394912 336.9035000399881
1.4422418864961088 103.80144121104514 336.9035000399881
1.4422490288092065 103.80143818010741 336.9035000399882
1.4422536631562142 103.80143621345918 336.9035000399881
1.4422609431357636 103.80143312410074 336.9035000399881
1.442266626932013 103.80143071210439 336.9035000399881
1.4422730769749024 103.8014279749408 336.9035000399881
1.4422783053310335 103.80142575621662 336.9035000399882
1.4422838425912092 103.80142340640474 336.9035000399881
1.4422892422925722 103.80142111496784 336.9035000399882
1.4422964802510472 103.80141804344137 336.9035000399881
1.4423030466131117 103.801415256916 336.9035000399881
1.442309406926478 103.80141255783019 336.9035000399882
1.4423152768283536 103.80141006685712 336.9035000399881
1.4423220997051749 103.8014071714761 336.9035000399881
1.442328353080632 103.80140451777072 336.9035000399881
1.4423326993499535 103.8014026733719 336.9035000399882
1.4423369562686252 103.80140086689022 336.9035000399882
1.442341363759305 103.80139899651125 336.9035000399881
1.442347937385481 103.80139620690298 336.9035000399882
1.442352333352166 103.80139434141432 336.9035000399881
1.4423594667223878 103.80139131427097 336.9035000399882
1.4423644178329655 103.80138921319934 336.9035000399882
1.4423692003690483 103.8013871836646 336.9035000399882
1.4423750600426883 103.80138469703175 336.9035000399881
1.4423820182848786 103.80138174420622 336.9035000399882
1.4423876709100956 103.80137934543717 336.90350003998793
1.4423932338432126 103.80137698473013 336.9035000399881
1.4424003226604138 103.80137397649321 336.9035000399881
1.4424075307900508 103.80137091762437 336.9035000399881
1.442415044825579 103.80136772894011 336.9035000399882
1.4424231409852637 103.80136429322341 336.9035000399882
1.4424312940611794 103.8013608333535 336.9035000399882
1.4424386713856516 103.80135770268431 336.9035000399881
1.4424441073637335 103.80135539585217 336.90350003998833
1.442451258803445 103.80135236104022 336.9035000399882
1.4424559720737682 103.801350360899 336.9035000399881
1.442461415139507 103.80134805105902 336.9035000399881
1.4424685895481482 103.80134500649979 336.9035000399881
1.4424750988123993 103.80134224420371 336.9035000399882
1.4424797729932841 103.80134026065055 336.9035000399882
1.4424855888055117 103.80133779263035 336.9035000399882
1.4424922258337554 103.80133497611577 336.9035000399881
1.4424965565345336 103.80133313832306 336.9035000399881
1.4425048103077207 103.80132963572036 336.9035000399881
1.4425111445471632 103.80132694769827 336.9035000399881
1.4425175774869845 103.80132421779129 336.9035000399881
1.442522969617771 103.80132192956599 336.9035000399881
1.442530655504515 103.80131866795357 336.9035000399882
1.4425363227516843 103.80131626297876 336.9035000399882
1.4425433873307587 103.80131326502676 336.9035000399882
1.4425478215123546 103.80131138332038 336.9035000399881
1.4425521772355583 103.80130953490885 336.9035000399882
1.4425572895376584 103.80130736543258 336.9035000399882
1.4425644030336815 103.80130434672188 336.9035000399881
1.442569807814037 103.80130205312837 336.90350003998793
1.4425754846376941 103.80129964408943 336.9035000399882
1.4425833625492883 103.80129630098827 336.9035000399882
1.442591305116684 103.80129293044946 336.9035000399882
1.4425967300501885 103.80129062830355 336.9035000399882
1.4426050021307175 103.80128711793117 336.9035000399881
1.442609232928772 103.80128532253318 336.9035000399881
1.4426159653366901 103.8012824655422 336.9035000399881
1.4426203318612436 103.80128061254673 336.90350003998833
1.4426273967829315 103.80127761444886 336.9035000399881
1.4426331011267108 103.80127519373112 336.9035000399882
1.4426395223914792 103.80127246877795 336.9035000399881
1.4426455814188754 103.80126989754524 336.9035000399882
1.4426509291239302 103.80126762817204 336.9035000399885
1.4426561316671525 103.80126542040027 336.903500039988
1.442662639671574 103.8012626586378 336.9035000399881
1.4426689149885634 103.80125999561942 336.9035000399882
1.4426747585311117 103.80125751583054 336.9035000399881
1.442679499568601 103.80125550390508 336.9035000399882
1.442686638608216 103.80125247435389 336.9035000399882
1.4426933871387768 103.80124961052061 336.9035000399882
1.4427002607015524 103.80124669362813 336.9035000399881
1.4427047867551774 103.80124477293397 336.9035000399881
1.4427127041377228 103.80124141308188 336.9035000399881
1.4427187047851964 103.80123886662314 336.9035000399881
1.4427256418099874 103.8012359227995 336.9035000399882
1.4427300752650694 103.80123404140075 336.9035000399882
1.4427381000846067 103.8012306359561 336.9035000399882
1.4427440581500797 103.80122810756747 336.9035000399882
1.442748259383456 103.80122632471517 336.9035000399882
1.4427565667814126 103.8012227993543 336.9035000399882
1.4427633459455576 103.80121992252084 336.9035000399881
1.442769907357696 103.80121713809346 336.9035000399882
1.4427744411174632 103.80121521412885 336.90350003998833
1.4427824072599802 103.80121183358432 336.9035000399881
