480920244
1.4410484804459118 103.80064039669269 66.10865467826945
1.4410967888790471 103.80074860610536 66.10865467826959
1.4411285912637686 103.80081984248048 66.10865467826957
1.4411438876009866 103.80085410581262 66.10865467826959
1.4411475556114262 103.80086232204508 66.10865467826959
1.441151223621858 103.8008705382776 66.10865467826959
1.4411548916322823 103.80087875451015 66.10865467826947
1.441158559642698 103.80088697074277 66.10865467826963
1.441162227653106 103.80089518697541 66.10865467826955
1.4411658956635065 103.80090340320812 66.10865467826945
1.441169563673899 103.80091161944085 66.10865467826955
1.4411732316842845 103.80091983567365 66.10865467826955
1.4411768996946615 103.80092805190648 66.10865467826959
1.4411805677050304 103.80093626813935 66.10865467826945
