651863472
1.4405012102238473 103.80223079173125 335.1961274000074
1.4405055684739005 103.80222878765916 335.1961274000074
1.4405135372235864 103.8022251233561 335.1961274000074
1.440520968245813 103.80222170631842 335.1961274000074
1.4405279655828542 103.80221848870396 335.1961274000074
1.4405322919707078 103.80221649928308 335.1961274000074
1.4405396754981232 103.80221310408503 335.1961274000074
1.4405450558436734 103.80221063001837 335.1961274000074
1.4405513883154133 103.80220771813151 335.19612740000713
1.4405569208016777 103.8022051741053 335.1961274000074
1.4405649694254938 103.80220147307301 335.1961274000074
1.4405719481246797 103.80219826402859 335.19612740000713
1.4405779612038578 103.80219549900923 335.1961274000074
1.4405833887457005 103.80219300323992 335.1961274000074
1.4405908032640486 103.80218959379081 335.1961274000074
1.440597731112402 103.80218640812919 335.19612740000713
1.4406047170405547 103.80218319576043 335.1961274000074
1.4406126505488885 103.80217954766186 335.1961274000074
1.4406168466250602 103.80217761816243 335.19612740000747
1.4406251095356968 103.80217396502815 335.3652215372883
1.4406294655836476 103.80217207216198 335.49247191458
1.440634976615315 103.80216967741207 335.65346630068456
1.4406415012983504 103.8021668421926 335.8440754418139
1.440646054123625 103.80216486381927 335.97707933010184
1.4406518023956978 103.80216236597943 336.1450035199233
1.440659842193204 103.80215887238579 336.3798595008992
1.4406649867897872 103.80215663686555 336.4091131208806
1.4406706640236204 103.8021541698944 336.40911312088065
1.4406780704216797 103.80215095153645 336.40911312088065
1.4406849248151115 103.80214801702196 336.4603798857172
1.4406930893656658 103.8021446460605 336.66654422203453
1.4407001461442412 103.80214173247343 336.8447418841685
1.4407060434299606 103.80213929761518 336.99366157264586
1.4407112953710735 103.80213712920535 337.1262842861073
1.4407159937542517 103.80213518934725 337.24492680947947
1.4407219096913337 103.8021327467882 337.3943108580785
1.4407274048373884 103.80213047796437 337.46590711290656
1.4407345727665901 103.80212751848548 337.46590711290656
