655493880
1.4237382951975104 103.79624577207558 221.17906092954837
1.4237320361926957 103.79624033745093 221.17906092954837
1.4237285226369905 103.79623728666937 221.17906092954837
1.4237238411393196 103.79623322177673 221.1790609295489
1.423718354347868 103.79622845765644 221.17906092954837
1.423714389211724 103.7962250147726 221.17906092954837
1.42370769495751 103.79621920222574 221.17906092954797
1.4237042670093223 103.79621622577629 221.1790609295489
1.4236978206889708 103.79621062850771 221.17906092954837
1.4236928672694256 103.79620632750839 221.17906092954848
1.4236883638811888 103.79620241726627 221.17906092954797
1.4236826635652735 103.7961974677451 221.17906092954837
1.4236774220609352 103.79619291660498 221.17906092954797
1.4236736559692766 103.79618964654932 221.17906092954837
1.4236669217009845 103.79618379925881 221.1790609295489
1.423661718505678 103.79617928138204 221.17906092954837
1.423656576391065 103.79617481654093 221.17906092954797
1.4236498863718663 103.79616900767147 221.17906092954837
1.4236460397072295 103.79616566765525 221.17906092954837
1.4236394434090156 103.7961599401627 221.17906092954837
1.423634214496508 103.79615539995599 221.17906092954797
1.4236282519161847 103.79615022271369 221.17906092954797
1.4236218184762233 103.79614463662921 221.17906092954837
1.423615533144546 103.79613917914553 221.17906092954848
1.4236101661911928 103.79613451907953 221.17906092954837
1.4236060963892265 103.79613098531571 221.17906092954837
1.4236009922852484 103.79612655347894 221.17906092954837
1.4235974674349106 103.79612349289057 221.17906092954837
1.4235933128568246 103.79611988551659 221.17906092954797
1.4235891917980767 103.79611630724709 221.17906092954837
1.4235852602090908 103.7961128934921 221.17906092954837
1.4235784731378565 103.79610700035363 221.17906092954837
1.4235720664193523 103.79610143747121 221.17906092954837
1.4235681923667116 103.79609807367439 221.17906092954797
1.4235619456925463 103.79609264975673 221.17906092954848
1.4235578254640642 103.79608907220819 221.17906092954797
1.4235519623721993 103.79608398135079 221.17906092954837
1.4235472344644824 103.79607987616116 221.17906092954837
1.4235407748157414 103.7960742673201 221.17906092954797
1.4235363925543545 103.79607046225132 221.17906092954837
1.4235319165296245 103.79606657576892 221.17906092954837
1.423528347433611 103.79606347676263 221.17906092954837
1.4235244559220572 103.79606009780649 221.1790609295489
1.4235184115739206 103.79605484956636 221.17906092954837
1.423512911684637 103.79605007407383 221.17906092954848
1.4235065420389175 103.79604454338147 221.17906092954797
