1.4214142501475298 103.79660483243246 293.67107592320616 0.0 1.0
1.4214237617587406 103.79658324256486 293.6710759232059 2.6 2.0
1.4214427849800964 103.79654006282956 293.6710759232059 5.2 3.0
1.4214713198094648 103.79647529322632 293.67107592320616 7.800000000000001 4.0
1.4215078955700298 103.79639225207727 293.6609991377114 10.0 5.0
1.4215444610786605 103.79630920647215 293.6590128373504 10.0 6.0
1.4215810265820317 103.79622616086645 293.6590128373505 10.0 7.0
1.4216175920801444 103.79614311526021 293.6590128373504 10.0 8.0
1.4216540679603877 103.79606003276116 293.5371893554717 10.0 9.0
1.4216873287283371 103.79597562664763 291.41223376759024 10.0 10.0
1.4217205894910991 103.79589122053393 291.41223376759064 10.0 11.0
1.4217538502486724 103.79580681442005 291.41223376759024 10.0 12.0
1.4217871110010585 103.79572240830596 291.41223376759024 10.0 13.0
1.4218203717482552 103.7956380021917 291.4122337675904 10.0 14.0
1.4218555028881026 103.7955543858392 293.9655056504878 10.0 15.0
1.4218931682028355 103.79547182810602 294.1434647469391 10.0 16.0
1.4219304390239793 103.79538909265786 294.1434647469391 10.0 17.0
1.421977305594437 103.79531153081118 302.88658182946284 10.0 18.0
1.4220368562236536 103.79524466644834 320.2494198161463 10.0 19.0
1.4221096337888375 103.7951900090854 322.9462785469011 10.0 20.0
1.4221867217933934 103.79514238407253 333.37805994879255 10.0 21.0
1.4222700061820417 103.79510612902047 338.3246570724203 10.0 22.0
1.4223590636615842 103.7950864745231 347.50709439682356 10.0 23.0
1.4224415395123056 103.79508076299314 2.5390544471192547 9.139666666666672 24.0
1.4224838255959205 103.79508260417138 2.5390544471192675 4.639666666666672 25.0
1.4224850985227862 103.79508265959588 2.5390544471192675 0.13966666666667515 26.0
1.4224850985227862 103.79508265959588 2.5390544471192675 4.7748263676261615e-15 27.0
1.4224850985227862 103.79508265959588 2.5390544471192675 4.7748263676261615e-15 28.0
1.4224850985227862 103.79508265959588 2.5390544471192675 4.7748263676261615e-15 29.0
1.4224850985227862 103.79508265959588 2.5390544471192675 4.7748263676261615e-15 30.0
1.4224850985227862 103.79508265959588 2.5390544471192675 4.7748263676261615e-15 31.0
1.4224850985227862 103.79508265959588 2.5390544471192675 4.7748263676261615e-15 32.0
1.4224850985227862 103.79508265959588 2.5390544471192675 4.7748263676261615e-15 33.0
1.4224850985227862 103.79508265959588 2.5390544471192675 4.7748263676261615e-15 34.0
1.4224850985227862 103.79508265959588 2.5390544471192675 4.7748263676261615e-15 35.0
1.4224850985227862 103.79508265959588 2.5390544471192675 4.7748263676261615e-15 36.0
1.4225086836720156 103.79508581520884 5.22658006487406 2.600000000000005 37.0
1.4225557145676502 103.7950947855567 10.896152141140508 5.200000000000005 38.0
1.4226228958687888 103.7951195497226 22.10579776844519 7.800000000000004 39.0
1.4227042134644003 103.79516220665508 29.605682754337245 10.0 40.0
1.4227790533329205 103.79521529702117 36.64937407967148 10.0 41.0
1.4228487392898252 103.79527357031935 40.113884035135534 10.0 42.0
1.422918425248206 103.79533184362049 40.11388403513504 10.0 43.0
1.4229881112080625 103.79539011692462 40.113884035135534 10.0 44.0
1.423057797169395 103.79544839023173 40.11388403513575 10.0 45.0
1.4231274831322027 103.79550666354184 40.113884035135534 10.0 46.0
1.4231970842337902 103.79556500722167 40.250861347597485 10.0 47.0
1.4232650347660607 103.79562471953051 41.51969794223114 10.0 48.0
1.4233327237016637 103.7956844777288 41.7281036712669 10.0 49.0
1.423400260250224 103.79574426266035 41.72810367126717 10.0 50.0
1.4234677968001657 103.79580404759501 41.72810367126717 10.0 51.0
1.4235353333514889 103.79586383253283 41.72810367126717 10.0 52.0
1.4236028699041936 103.79592361747379 41.72810367126717 10.0 53.0
1.4236704064582797 103.79598340241789 41.72810367126668 10.0 54.0
1.4237379430137462 103.7960431873651 41.72810367126717 10.0 55.0
1.4238054795705937 103.79610297231547 41.72810367126717 10.0 56.0
1.4238730161288213 103.79616275726896 41.72810367126717 10.0 57.0
1.42394055268843 103.79622254222562 41.72810367126717 10.0 58.0
1.4240080892494182 103.79628232718538 41.72810367126765 10.0 59.0
1.4240764612262224 103.79634116670263 40.89665402157182 10.0 60.0
1.4241448637935656 103.79639997160494 40.89665402157132 10.0 61.0
1.4242132663623268 103.7964587765103 40.89665402157182 10.0 62.0
1.4242816689325057 103.7965175814187 40.89665402157182 10.0 63.0
1.4243500715041013 103.79657638633013 40.896654021572246 10.0 64.0
1.4244184740771149 103.7966351912446 40.89665402157175 10.0 65.0
1.4244868766515453 103.79669399616212 40.896654021572246 10.0 66.0
1.4245552792273923 103.79675280108268 40.896654021572246 10.0 67.0
1.4246236818046558 103.79681160600629 40.89665402157132 10.0 68.0
1.4247112417616132 103.79684884201984 40.89372529893817 10.0 69.0
1.4247796405780575 103.79690763763827 40.89372529893811 10.0 70.0
1.4248480393959178 103.79696643325974 40.893725298939096 10.0 71.0
1.4249164382151938 103.79702522888425 40.893725298937674 10.0 72.0
1.4249848370358844 103.79708402451178 40.89372529893811 10.0 73.0
1.4250532358579913 103.79714282014237 40.893725298939096 10.0 74.0
1.4251216346815123 103.797201615776 40.893725298937674 10.0 75.0
1.4251900313077037 103.79726041393751 40.89798279242333 10.0 76.0
1.4252584189780555 103.79731922238776 40.90452614261006 10.0 77.0
1.4253268066498221 103.79737803084106 40.90452614261105 10.0 78.0
1.4253951943230017 103.7974368392974 40.90452614260963 10.0 79.0
1.4254635819975952 103.79749564775678 40.90452614261006 10.0 80.0
1.425531969673601 103.7975544562192 40.90452614261006 10.0 81.0
1.4256003573510196 103.79761326468467 40.90452614261006 10.0 82.0
1.4256687450298515 103.7976720731532 40.90452614261006 10.0 83.0
1.4257371327100952 103.79773088162476 40.904526142610486 10.0 84.0
1.4258055203917515 103.79778969009936 40.90452614260963 10.0 85.0
1.4258739080748197 103.79784849857703 40.90452614261062 10.0 86.0
1.4259422957592995 103.7979073070577 40.90452614260963 10.0 87.0
1.4260106834451913 103.79796611554146 40.904526142610486 10.0 88.0
1.4260790711324938 103.79802492402824 40.904526142610486 10.0 89.0
1.426147458821208 103.79808373251808 40.904526142610486 10.0 90.0
1.4262158465113324 103.79814254101098 40.904526142610486 10.0 91.0
