635718134
1.4239887044473492 103.75716378365078 168.34333626198185
1.4239826578704793 103.75716502648245 168.34333626198185
1.4239741653576508 103.75716677205915 168.34333626198185
1.4239674580766832 103.75716815069384 168.34333626198156
1.423959116961721 103.7571698651517 168.343336261982
1.4239542488387242 103.7571708657603 168.34333626198156
1.423949398069245 103.75717186280201 168.34333626198185
1.4239442583753876 103.75717291923009 168.34333626198185
1.423935797168011 103.75717465837197 168.34333626198185
1.423929502370204 103.75717595222352 168.34333626198156
1.423920599036424 103.7571777822413 168.34333626198165
1.4239130850270474 103.75717932669316 168.343336261982
1.423907610119689 103.75718045202191 168.34333626198156
1.4239020594870404 103.75718159291544 168.34333626198165
1.4238962062601574 103.75718279600507 168.34333626198185
1.4238884745857732 103.75718438519635 168.34333626198185
1.4238837892730152 103.7571853482294 168.34333626198156
1.4238773186933198 103.75718667821148 168.34333626198185
1.4238702048358698 103.75718814041477 168.34333626198185
1.4238620673031204 103.75718981302725 168.34333626198185
1.4238549328252494 103.75719127946884 168.34333626198156
1.4238465846162482 103.75719299538427 168.34333626198216
1.4238392318674256 103.75719450668986 168.34333626198216
1.4238314995312833 103.7571960960169 168.34333626198156
1.4238260020824127 103.75719722597863 168.34333626198156
1.4238208524813751 103.7571982844427 168.34333626198165
1.4238159626308966 103.75719928951686 168.34333626198156
1.4238111590630542 103.75720027685621 168.34333626198216
1.423805083482208 103.75720152564882 168.34333626198216
1.423797472966016 103.75720308993647 168.34333626198165
1.423790673296374 103.75720448756036 168.3433362619823
1.4237843287693845 103.75720579163286 168.34333626198216
1.423777376154938 103.7572072206934 168.34333626198165
1.4237724411488286 103.75720823504885 168.34333626198156
1.4237676878242032 103.75720921206094 168.34333626198165
1.423762254864256 103.75721032876724 168.3433362619823
1.4237563538979228 103.75721154166891 168.34333626198156
1.4237488007053087 103.7572130941739 168.3433362619823
1.4237422122099128 103.75721444839222 168.34333626198216
1.4237368174863856 103.75721555723922 168.34333626198216
1.4237289614117947 103.75721717199934 168.34333626198165
1.4237210365621669 103.75721880089567 168.34333626198165
1.4237139657993525 103.75722025424052 168.34333626198156
1.4237094689146563 103.75722117854308 168.34333626198156
