481056405#0
1.4234427217696457 103.75682887354338 56.21353588564306
1.4234454593329928 103.75683293682548 56.21711766418341
1.4234496615246777 103.75683917401093 56.22261573598185
1.4234529188159637 103.75684400870945 56.22687751703511
1.4234567156728517 103.75684964426883 56.23130153594669
1.4234618832972865 103.7568573136718 56.230800406687315
1.4234654729408358 103.7568626400078 56.22968194410299
1.423469090040189 103.75686800708291 56.22855492682625
1.4234729140268834 103.75687368113881 56.22736344750824
1.4234779208424935 103.75688111028384 56.22580342188059
1.4234819150379763 103.7568870368967 56.22455890884244
1.4234861765623856 103.75689336017392 56.22323110135369
