22742176#0
1.4237102080734068 103.75698348598748 349.94644919844313
1.4237159169881772 103.75698247715572 349.94644919844313
1.4237223917411168 103.75698133299139 349.9464491984427
1.4237287439216217 103.756980210487 349.9464491984428
1.423733783561814 103.7569793199238 349.94644919844313
1.4237422912248863 103.75697781652046 349.946449198443
1.423748808759367 103.75697666479606 349.9464491984427
1.4237576952725457 103.75697509444541 349.9464491984428
1.4237663023522227 103.7569735734739 349.94644919844313
1.423771873472519 103.75697258899183 349.9464491984428
1.4237792935500688 103.7569712777774 349.9464491984428
1.4237859287690255 103.75697010525663 349.94644919844313
1.42379220303247 103.7569689965209 349.94644919844313
1.4238004854176523 103.75696753292652 349.94644919844313
1.4238056438384323 103.75696662137321 349.9464491984428
1.4238109416061417 103.75696568519562 349.9464491984428
1.4238192235007527 103.75696422168788 349.9464491984428
1.4238238313898128 103.7569634074199 349.9464491984428
1.4238308556783827 103.75696216614581 349.9464491984427
1.4238396307451053 103.75696061548865 349.9464491984428
1.4238477147091482 103.75695918695742 349.94644919844313
1.4238563503338617 103.75695766094125 349.9464491984428
1.4238623423623096 103.7569566020795 349.9464491984428
1.4238711365970598 103.75695504803498 349.946449198443
1.423876080353011 103.75695417441527 349.9464491984427
1.4238845436345489 103.75695267885402 349.9464491984428
1.4238932044273929 103.75695114839016 349.9464491984428
1.4238993005427447 103.75695007113492 349.94644919844313
1.4239068214020525 103.75694874211064 349.946449198443
1.4239141230464463 103.7569474518242 349.94644919844313
1.4239192491688846 103.75694654597805 349.9464491984427
1.4239263219988283 103.75694529612576 349.94644919844313
1.42393346786661 103.7569440333668 349.946449198443
1.4239390062287418 103.756943054673 349.946449198443
1.4239444976683275 103.75694208427093 349.9464491984427
1.4239494979687968 103.75694120065893 349.9464491984428
1.4239581536582269 103.7569396710966 349.9464491984428
1.423963083509152 103.75693879993382 349.9464491984428
1.4239690956006146 103.75693773752634 349.94644919844313
1.423976716371942 103.75693639084618 349.94644919844313
1.4239855054523545 103.75693483771194 349.946449198443
1.4239903058400247 103.75693398942678 349.9464491984428
1.4239970715940775 103.75693279383816 349.94644919844313
1.4240054845230115 103.75693130717424 349.9464491984428
1.424010203223467 103.7569304733241 349.94644919844313
1.4240157590553029 103.75692949154298 349.9464491984428
1.4240239325708917 103.75692804718615 349.9464491984428
1.4240310994391279 103.75692683263065 350.01158856570987
1.4240367037494368 103.75692593572418 350.12883522633075
1.424044530350742 103.75692468316514 350.29257777060803
1.4240493834158618 103.75692390648692 350.39411128584567
1.4240558293775027 103.7569228748836 350.5289707056952
1.4240628301636773 103.75692175448687 350.6754364123435
1.4240709343540436 103.75692045750272 350.84498239753935
1.4240797406527725 103.756919048154 350.8810303594413
1.4240886685744023 103.7569176193409 350.88103035944147
1.424094313636964 103.75691671591231 350.8810303594416
1.4241003384208326 103.75691575171358 350.88103035944147
1.4241060741533709 103.75691483377426 350.8810303594414
1.424111827652868 103.75691391299151 350.88103035944147
1.4241196682486945 103.75691265819248 350.88103035944147
1.4241268158706941 103.75691151429609 350.8810303594416
1.4241324373104753 103.75691061464795 350.8810303594413
1.424137745091169 103.7569097651974 350.8810303594414
1.424142829490621 103.75690896470644 350.8976510768585
1.4241490013135198 103.75690801487215 350.9453325059838
1.4241564261506514 103.75690687220083 351.0026944950281
1.4241622822885418 103.75690597094997 351.0479372781809
1.4241691399734866 103.75690491556247 351.10091772178527
1.4241744090456137 103.75690410466014 351.1416249630759
1.424182577798978 103.75690284750111 351.2047340653914
1.4241905593399053 103.75690161915378 351.22647865793283
1.4241974202803265 103.75690056326515 351.2264786579325
1.4242021849238164 103.75689982999354 351.2264786579325
1.424207918526823 103.75689894760048 351.2264786579325
1.4242137271789912 103.75689805365742 351.2264786579325
1.4242188244812513 103.75689726919008 351.22647865793283
1.42422596791174 103.75689616982656 351.2264786579325
1.424234087858449 103.7568949201786 351.22647865793283
1.4242420512340779 103.75689369462665 351.2264786579325
1.4242468647026114 103.75689295384083 351.22647865793283
1.424255462279143 103.75689163068624 351.22647865793283
1.4242634111415333 103.75689040736778 351.2264786579325
1.4242714798694125 103.75688916560216 351.2264786579325
1.4242795643565584 103.75688792141116 351.2264786579325
1.4242881605367261 103.75688659847134 351.2264786579325
1.4242965505888323 103.75688530725427 351.22647865793283
1.4243038878546108 103.7568841780595 351.2264786579325
1.4243115791195669 103.75688299438471 351.22647865793283
1.424316845931517 103.75688218382979 351.2264786579325
1.4243244205000418 103.75688101811438 351.2264786579325
1.4243291444998534 103.75688029109746 351.2264786579325
1.4243369977163127 103.75687908249846 351.22647865793283
