480257499
1.2902900041208254 103.84215323541714 26.137148340642888
1.290297833595167 103.84215704820345 26.137148340642888
1.2903044474909027 103.842160269029 26.137148340642888
1.290308628053806 103.84216230487358 26.137148340642888
1.2903137098674977 103.84216477960801 26.137148340642888
1.2903179810196561 103.84216685956763 26.13714834064318
1.2903245567889465 103.84217006182644 26.13714834064318
1.2903312106627391 103.84217330212046 26.137148340642888
1.2903353943771183 103.84217533949976 26.137148340642888
1.290340873662958 103.8421780077946 26.137148340642888
1.2903475225959447 103.84218124568254 26.13714834064318
1.2903516427188118 103.84218325209415 26.137148340642888
1.2903564744427374 103.8421856050402 26.137148340642888
1.2903610057160597 103.84218781167324 26.13714834064318
1.2903664967979094 103.84219048571249 26.137148340642888
1.2903726871726269 103.8421935002924 26.137148340642888
1.2903807663651239 103.8421974346861 26.13714834064318
1.2903862593570674 103.84220010965551 26.137148340642597
