477957450
1.288542006662701 103.8443121459027 308.635538609865
1.2885449945339802 103.84430842843459 308.635538609865
1.2885504576437004 103.84430163130897 308.635538609865
1.2885555521053376 103.8442952928501 308.6355386098654
1.2885603492468183 103.84428932431285 308.6355386098654
1.2885633152743865 103.84428563402221 308.63553860986485
1.2885683771751046 103.84427933607505 308.635538609865
1.2885720657609765 103.84427474678726 308.63553860986485
1.2885764070928656 103.84426934536181 308.6355386098653
1.2885801999813213 103.8442646263021 308.635538609865
1.2885857178499214 103.84425776104571 308.6355386098654
1.2885905022137842 103.8442518084058 308.635538609865
1.2885946245806974 103.84424667941337 308.635538609865
1.2885983455226921 103.84424204986826 308.635538609865
1.28860342866961 103.84423572548641 308.635538609865
1.2886081781717629 103.84422981622073 308.635538609865
1.2886129674914728 103.84422385741453 308.635538609865
1.2886184064405763 103.84421709034822 308.6355386098653
1.2886212831306472 103.84421351120965 308.6355386098654
1.2886269102779762 103.84420650998958 308.63553860986485
1.288629868323127 103.84420282963004 308.6355386098654
1.288633610678729 103.84419817344208 308.63553860986485
1.2886380413707466 103.84419266083526 308.6355386098654
1.2886411330407057 103.84418881422147 308.635538609865
1.2886450364982205 103.84418395759259 308.63553860986485
1.2886504960532759 103.8441771648882 308.635538609865
1.288653989575116 103.84417281829562 308.635538609865
1.288657844792915 103.8441680216858 308.635538609865
1.2886628742277337 103.84416176413102 308.635538609865
1.288667518013992 103.8441559863949 308.635538609865
1.2886730188514408 103.84414914232717 308.6355386098653
1.2886777733313617 103.84414322686733 308.635538609865
1.2886817466070037 103.84413828337131 308.6355386098654
1.2886852850839605 103.84413388084589 308.635538609865
1.2886884506031848 103.84412994234945 308.635538609865
1.288692436445078 103.84412498321856 308.635538609865
1.2886961387804767 103.84412037682257 308.635538609865
1.2887009681476405 103.84411436818876 308.635538609865
1.2887054427149405 103.84410880099212 308.635538609865
1.2887094509808568 103.84410381396135 308.635538609865
1.2887126775949966 103.84409979945124 308.63553860986485
1.288715863584228 103.84409583548607 308.635538609865
1.2887200310889588 103.8440906503324 308.63553860986485
1.2887256674042957 103.84408363770413 308.635538609865
1.2887308128753785 103.84407723577768 308.635538609865
1.2887359058693173 103.84407089914248 308.63553860986485
1.288739872995098 103.84406596329741 308.635538609865
1.2887452643812582 103.84405925540648 308.635538609865
1.2887498259985548 103.84405357990286 308.635538609865
1.2887536884492776 103.84404877429297 308.6355386098654
1.288757203136833 103.84404440136535 308.635538609865
1.288761624620857 103.84403890021355 308.635538609865
1.2887654430246387 103.84403414940616 308.6355386098653
1.288770494510779 103.84402786441397 308.635538609865
1.2887757941153786 103.844021270716 308.6355386098654
1.2887802347704143 103.84401574571167 308.635538609865
1.2887850090899573 103.84400980556632 308.6355386098654
1.2887889679376152 103.84400488002026 308.635538609865
1.2887922784648946 103.84400076110583 308.63553860986485
1.2887970383395357 103.84399483893249 308.635538609865
1.2888013644930025 103.84398945638924 308.635538609865
1.2888053867732476 103.84398445192102 308.635538609865
1.2888084551978256 103.84398063422746 308.635538609865
1.288814014973569 103.84397371682743 308.635538609865
1.288818381798596 103.843968283681 308.6355386098654
1.2888225589305953 103.84396308654807 308.63553860986485
1.2888266026483512 103.84395779303713 308.42656755870007
1.2888315848930512 103.84395050105613 307.555399185207
1.2888354664426045 103.84394482004537 306.87630653028856
1.2888383707741486 103.84394056928447 306.368087018773
1.2888418730624494 103.84393544335794 305.755250342894
1.2888453159635271 103.84393040435008 305.1529519189519
1.2888491878051802 103.84392473754754 304.4759549312674
1.2888521726247824 103.84392036898471 304.19662473707797
1.288856572502944 103.84391392935122 304.19662473707785
1.2888612882503374 103.84390702741347 304.19662473707825
1.288865324788992 103.8439011195612 304.19662473707825
1.2888682703931618 103.84389680839367 304.19662473707825
1.2888709848134667 103.84389283558535 304.19662473707837
1.28887575607957 103.84388585239053 304.19662473707785
1.2888799089473837 103.84387977427943 304.19662473707797
1.2888827926276063 103.84387555374326 304.19662473707797
1.2888865101078075 103.8438701120554 304.1960461139423
1.2888910578829418 103.84386344915544 304.1911684440617
1.288894630128584 103.84385821549395 304.1873370682813
1.2888988958605478 103.8438519658125 304.1827619007091
1.2889026893510624 103.84384640800725 304.17869323088564
1.2889066835897591 103.84384055608777 304.17440925064886
1.2889098073088892 103.84383597955784 304.1710589373945
1.2889143296945553 103.84382935385534 304.16942342098696
1.2889174698107613 103.84382475330213 304.1694234209866
1.2889206352615052 103.8438201156315 304.1694234209866
1.2889237951967691 103.84381548604152 304.16942342098645
1.288928866094066 103.84380805671984 304.1694234209866
1.2889319651817572 103.84380351627692 304.1694234209866
1.2889356711339581 103.84379808672274 304.1694234209866
1.2889394407865409 103.84379256384172 304.16942342098696
1.2889422662074475 103.84378842434522 304.1694234209868
1.288947042127325 103.84378142719174 304.16942342098645
1.2889516678836714 103.8437746500413 304.16942342098673
1.2889565317774874 103.84376752399791 304.1694234209866
1.2889606580336173 103.8437614786602 304.16942342098673
1.2889647375390951 103.84375550181639 304.16942342098673
1.2889677420424326 103.84375109994771 304.1694234209871
1.2889726679361313 103.84374388306861 304.1694234209866
1.28897566846921 103.84373948701663 304.1694234209868
1.2889796532234075 103.84373364899179 304.16942342098696
1.288983226771666 103.84372841342072 304.16942342098645
1.288987696018972 103.84372186556958 304.1694234209866
1.288992614561782 103.84371465945986 304.1694234209868
1.288996193107925 103.84370941656628 304.16942342098696
1.2890006585591778 103.84370287427649 304.1694234209868
1.2890035367758672 103.84369865742879 304.1694234209868
1.289007038568349 103.84369352698616 304.16942342098673
1.2890101431921055 103.84368897843156 304.16942342098645
1.2890140308965718 103.84368328259286 304.16942342098645
1.289018220834646 103.84367714395454 304.16942342098645
1.2890221557627883 103.84367137892878 304.16942342098645
1.2890265956272549 103.84366487412552 304.16942342098673
1.2890308933469645 103.84365857757716 304.16942342098673
1.289034407186021 103.84365342948485 304.1694234209868
1.2890381189570281 103.84364799140428 304.16942342098673
1.2890421429215395 103.84364209593188 304.1694234209868
1.289044973112229 103.84363794944622 304.16942342098645
1.289049259311716 103.84363166977573 304.16942342098673
1.2890522137473879 103.84362734125985 304.16942342098645
1.2890552548732446 103.84362288573494 304.16942342098645
1.2890592147444808 103.84361708416476 304.1694234209868
1.2890633579334034 103.84361097988058 304.14497135567353
1.289067858115221 103.84360415665155 303.9801809432515
1.2890704790513317 103.84360018275711 303.8842037104983
1.2890741315794567 103.84359464475055 303.75044869015125
1.2890767977709376 103.84359060223932 303.65281284577935
1.2890809890212946 103.84358424741562 303.49933035441177
1.289085137313525 103.84357795772547 303.34742403101865
1.2890883766881795 103.84357304614696 303.26249501914634
1.2890931912116625 103.84356574630891 303.26249501914634
1.2890971212760605 103.84355978749824 303.26249501914634
1.2891003546792899 103.84355488497351 303.26249501914657
1.2891035908000728 103.84354997832837 303.26249501914634
1.2891081393105293 103.84354308182219 303.26249501914634
1.2891118918354987 103.8435373921987 303.26249501914634
1.2891161304648924 103.8435309655378 303.26249501914634
1.289119212686147 103.84352629223677 303.2624950191467
1.2891225905126815 103.84352117073541 303.26249501914634
1.2891272148422686 103.84351415927105 303.26249501914634
1.2891309244311258 103.84350853474756 303.26249501914634
1.289134907764995 103.84350249516851 303.26249501914634
1.2891394440514283 103.843495617196 303.26249501914594
1.2891433536681602 103.84348968938764 303.26249501914634
1.2891469293284352 103.84348426792808 303.26249501914634
1.2891506346548818 103.84347864986701 303.26249501914657
1.2891540714772345 103.84347343891511 303.26249501914634
1.2891584832982064 103.84346674965833 303.26249501914634
1.289162689141398 103.84346037270753 303.26249501914634
1.2891667876499722 103.84345415849869 303.26249501914657
1.2891694975800072 103.8434500496696 303.26249501914634
1.2891735925969936 103.84344384075467 303.26249501914634
1.2891775652476294 103.84343781737303 303.26249501914634
1.2891823979779364 103.84343048992797 303.26249501914634
1.289185674710126 103.84342552170632 303.2624950191467
1.2891903672999605 103.84341840674381 303.26249501914634
1.2891942649160255 103.84341249713027 303.26249501914634
1.289198640837357 103.84340586230431 303.26249501914634
1.2892029810745067 103.84339928158309 303.26249501914634
1.2892059960392808 103.84339471025619 303.26249501914657
1.2892089682847658 103.84339020370074 303.26249501914594
1.2892134630935468 103.84338338861593 303.26249501914634
1.2892174192329982 103.84337739026816 303.26249501914634
1.2892219085820016 103.8433705834614 303.26249501914634
1.2892247103746872 103.84336633534843 303.26249501914634
1.2892286631422603 103.84336034211299 303.26249501914634
1.2892315270619394 103.84335599980226 303.26249501914657
1.2892360376304495 103.84334916082194 303.26249501914634
1.2892407757207842 103.84334197687015 303.26249501914657
1.2892456294502552 103.84333461758474 303.26249501914634
1.289248188263082 103.84333073788065 303.26249501914634
1.2892527000103413 103.84332389711285 303.26249501914634
1.2892553098863804 103.843319939986 303.26249501914634
1.289258539699201 103.84331504290319 303.26249501914634
1.289263423777771 103.84330763760178 303.26249501914634
1.2892672081136856 103.84330189974395 303.2624950191467
1.2892709908573228 103.84329616430033 303.26249501914634
1.2892747475738722 103.84329046831924 303.26249501914634
1.2892786733893489 103.84328451594816 303.26249501914634
1.289283143842425 103.84327773779059 303.26249501914634
1.2892869663117685 103.84327194211411 303.26249501914634
1.2892910257792507 103.84326578709798 303.2624950191467
1.2892939751280408 103.84326131525786 303.26249501914634
1.289297323297832 103.84325623872024 303.2624950191467
1.2893006785192693 103.8432511514908 303.26249501914634
1.2893035723963868 103.84324676375745 303.2624950191467
1.2893083701140764 103.84323948939668 303.26249501914606
1.2893111964794377 103.84323520402542 303.26249501914634
1.2893148997790633 103.84322958903519 303.26249501914634
1.2893178430198293 103.84322512645586 303.26249501914634
1.289322507244894 103.84321805449808 303.26249501914594
1.2893259223344327 103.84321287649551 303.26249501914634
1.2893297273359878 103.8432071073033 303.26249501914634
1.2893324777328368 103.84320293711626 303.2624950191467
1.2893362429109907 103.84319722830472 303.26249501914657
1.2893399185107437 103.84319165531305 303.26249501914634
1.2893439244801896 103.84318558141052 303.26249501914634
1.2893471910581327 103.8431806285829 303.2624950191465
1.2893519746565327 103.84317337562918 303.2624950191465
1.2893548708921951 103.84316898431922 303.2624950191464
1.2893587711790533 103.84316307065377 303.2624950191464
1.2893633309109087 103.84315615712924 303.26249501914634
1.28936798954388 103.84314909364946 303.26249501914634
1.2893715540890387 103.84314368903976 303.2624950191465
1.2893750405795623 103.84313840277748 303.26249501914634
1.2893787502108833 103.84313277818616 303.2624950191465
1.28938245237809 103.84312716491199 303.2624950191465
1.2893858082824352 103.84312207664601 303.26249501914634
1.289389226393057 103.84311689406204 303.26249501914634
1.2893941338373687 103.84310945333083 303.26249501914634
1.2893987022424194 103.8431024744514 303.22597904538765
1.2894029552956576 103.84309568935967 302.99055081773497
1.289406260484075 103.84309041644029 302.8075822650961
1.2894110253326918 103.8430828148577 302.54380343361174
1.289413852394315 103.84307830471593 302.38729962827585
1.2894168284221106 103.84307355692152 302.2225526719572
1.289420346213984 103.84306794482588 302.0278230268024
1.2894240013196137 103.84306211366717 301.9401446601161
1.2894277518814152 103.84305613022282 301.9401446601161
1.2894321004850893 103.84304919269455 301.9401446601163
1.289435074427709 103.84304444822652 301.9401446601161
1.2894396643059483 103.84303712578166 301.9401446601161
1.2894438190333315 103.84303049755302 301.9401446601161
1.2894469096056826 103.84302556702002 301.9401446601161
1.2894497353859342 103.84302105892208 301.9401446601163
1.2894540201970777 103.8430142231646 301.9401446601161
1.289458201011393 103.843007553318 301.9401446601161
1.289461733071361 103.8430019184592 301.9401446601161
1.2894646270469445 103.84299730156592 301.9401446601161
1.289468068694479 103.84299181094615 301.9401446601161
1.2894719350436086 103.8429856427802 301.9401446601161
1.2894756661400844 103.84297969038901 301.9401446601163
1.289479105461977 103.84297420347932 301.9401446601161
1.2894827580858241 103.84296837627905 301.9401446601163
1.289485988608144 103.84296322247688 301.9401446601161
1.2894904596832153 103.84295608956329 301.9401446601163
1.2894932807134953 103.84295158904267 301.9401446601161
1.2894974975770932 103.8429448616843 301.9401446601161
1.289500465280262 103.84294012716957 301.94014466011623
1.2895034773635918 103.84293532185305 301.9401446601161
1.2895079078035057 103.84292825376627 301.9401446601161
1.2895122964943933 103.84292125228359 301.9401446601163
1.2895165906662944 103.84291440159134 301.9401446601161
1.2895192496501922 103.84291015959059 301.9401446601161
1.2895235694063196 103.84290326808252 301.9401446601161
1.2895271957503232 103.84289748280705 301.9401446601161
1.2895305480584995 103.84289213471365 301.94014466011623
1.2895343620496023 103.8428860500759 301.94014466011623
1.2895383335182413 103.84287971420686 301.9401446601161
1.2895417176346449 103.84287431536814 301.9401446601166
1.2895460910697554 103.8428673382231 301.9401446601164
1.2895494577722517 103.8428619671655 301.9401446601161
1.2895522612103691 103.8428574947098 301.9401446601161
1.2895556763376759 103.84285204639778 301.9401446601161
1.2895587921157272 103.84284707565153 301.9401446601164
1.289561279791405 103.84284310694629 301.9401446601163
1.2895659473547958 103.84283566056432 301.9401446601161
1.2895691917790169 103.84283048458269 301.9401446601161
1.289573780795481 103.84282316351013 301.94014466011623
