670350817
1.2895215986532558 103.84272339985169 214.14041387225186
1.2895161714780548 103.84271970258004 214.31792181604655
1.2895094578863564 103.84271512893514 214.46318807993575
1.2895056549157902 103.84271253815545 214.46318807993575
1.289501664271656 103.84270981952287 214.46318807993575
1.289494523602249 103.84270495493061 214.46318807993575
1.2894872605231553 103.84269995208484 214.52088828008618
1.2894812927268147 103.84269579283381 214.61941671303092
1.289476742123665 103.84269262129445 214.6945478838223
1.2894726572027349 103.84268977431196 214.76199079330894
1.2894664077548896 103.84268541876412 214.86517047325324
1.2894594038620606 103.84268053740645 214.98080542179105
1.2894548637047631 103.84267737314737 215.05576299471724
1.2894493417898194 103.84267352465302 215.07441121111665
1.2894434393955752 103.84266941098396 215.07441121111665
1.2894368880466784 103.84266484502646 215.07441121111688
1.2894319952566424 103.84266143500024 215.07441121111688
1.2894279500735375 103.84265861571303 215.07441121111665
1.2894238679793584 103.84265577070069 215.07441121111688
1.2894190783588728 103.84265243257843 215.0744112111166
1.2894121157388745 103.8426475799859 215.07441121111665
1.2894073295469692 103.8426442442532 215.0744112111166
1.2894003285301494 103.84263936490002 215.07441121111665
1.2893940071632992 103.84263495922835 215.07441121111688
1.2893877139076637 103.8426305731488 215.0744112111164
1.289383213204614 103.84262743638735 215.07441121111688
1.2893782886071918 103.84262400419307 215.07441121111665
1.2893712258407595 103.84261908180358 215.07441121111665
1.2893643936928778 103.84261432014353 215.0744112111164
1.2893574386960314 103.84260947286397 215.07441121111688
1.2893530148368617 103.84260638965884 215.07441121111665
1.289347280847148 103.84260239335926 215.0744112111164
1.2893432765369914 103.84259960255848 215.07441121111665
1.2893392478675498 103.84259679478052 215.07441121111665
1.2893339305188112 103.84259308885855 215.07441121111665
1.289328754361446 103.8425894813398 215.07441121111665
1.2893236125851166 103.84258589778288 215.0744112111166
1.2893163357590476 103.84258082620475 215.07441121111665
1.2893103976446267 103.84257668764067 215.0744112111164
1.2893056122975746 103.84257335249687 215.07441121111665
1.289299182123598 103.84256887099227 215.0744112111166
1.289293020649798 103.84256457675805 215.07441121111688
1.2892857775191973 103.842559528664 215.07441121111665
1.289280691630203 103.84255598405775 215.07441121111665
1.2892736570499734 103.84255108131272 215.07441121111665
1.2892695397784113 103.84254821178364 215.0744112111164
1.2892652745631938 103.84254523914532 215.07441121111665
1.2892593108152974 103.84254108271605 215.07441121111665
1.2892523159000646 103.84253620761554 215.07441121111665
1.2892472180965022 103.84253265470547 215.0744112111164
1.2892399496206977 103.84252758894715 215.0744112111166
1.2892331777750605 103.84252286931483 215.07441121111665
1.289229051589355 103.84251999357306 215.0744112111164
1.2892243700822268 103.84251673080048 215.0744112111164
1.289219150190917 103.84251309280148 215.07441121111688
1.289211762581168 103.8425079440129 215.07441121111665
1.289207492586 103.84250496804324 215.07441121111665
1.2892018433383783 103.84250103080473 215.0744112111164
1.2891954136656627 103.8424965496496 215.07441121111665
1.2891915272848697 103.84249384103968 215.07441121111665
1.2891868842918384 103.84249060510949 215.0744112111164
1.289180624129449 103.84248624209445 215.07441121111665
1.2891742282037197 103.84248178445927 215.07441121111665
1.289168188308215 103.84247757495906 215.07441121111688
1.2891616481791248 103.84247301682147 215.0744112111164
1.2891556184833437 103.84246881442996 215.07441121111665
1.289148604239363 103.84246343847981 215.58336387702747
1.2891421187734782 103.84245823863994 216.29361164357874
1.2891360572288397 103.84245337868664 216.9576352183955
1.2891322392111582 103.84245031752175 217.37590464379025
1.2891271134534539 103.84244620785259 217.9373681401672
1.2891201860347163 103.84244065366903 218.69587576440435
1.289116021915236 103.84243731501078 218.92834747330286
1.289111096473121 103.8424333659483 218.92834747330286
1.2891052917483807 103.84242871190504 218.9283474733031
1.2890991611108638 103.84242379655532 218.92834747330264
1.2890946381118928 103.84242017015895 218.9283474733029
1.2890894543853366 103.84241601401226 218.92834747330286
1.289083422216911 103.84241117761195 218.9283474733031
1.2890764802465373 103.84240561176145 218.92834747330286
1.289069911172899 103.84240034488768 218.92834747330286
1.2890650940872694 103.84239648270201 218.92834747330264
1.2890586618691613 103.84239132555467 218.92834747330286
1.2890550458305845 103.84238842633026 218.92834747330286
1.2890492540913108 103.84238378269843 218.92834747330264
1.2890445317485901 103.84237999647463 218.92834747330286
1.2890403271259232 103.84237662534231 218.92834747330286
1.289035505258051 103.84237275932244 218.9283474733031
1.2890310444056055 103.84236918275323 218.9283474733031
1.28902416140712 103.8423636641846 218.9283474733031
1.2890172327945963 103.84235810904411 218.92834747330303
1.2890120158097562 103.8423539262321 218.92834747330286
1.289007153292243 103.84235002762068 218.92834747330286
1.2890015849402285 103.84234536940262 219.1205886565721
1.2889971028235836 103.84234121590181 219.67650049913175
1.2889918859750535 103.84233638153755 220.32384231255506
1.288986301164941 103.84233120618957 221.0170246451322
1.2889802283216911 103.84232557858967 221.77076222304723
1.2889763749797636 103.84232200776366 222.24889852183122
1.288970898792704 103.84231693307486 222.9280831336523
1.2889674068776054 103.8423136971769 223.0313757495147
1.2889618272146102 103.84230852659874 223.0313757495147
1.2889579444725967 103.84230492852821 223.03137574951458
1.2889545293120819 103.84230176375746 223.0313757495147
1.2889499234617297 103.8422974955948 223.03137574951458
1.2889435861440672 103.84229162291108 223.03137574951495
1.2889386594865369 103.84228705746195 223.03137574951458
1.2889331176712455 103.84228192195665 223.03137574951484
1.2889274403776998 103.84227666090602 223.0313757495147
1.2889220577925893 103.84227167295666 223.0313757495147
1.2889172390602508 103.84226720751998 223.03137574951495
1.288910686663218 103.84226113552597 223.03137574951458
1.2889064994762307 103.84225725533157 223.03137574951484
1.2889014969428312 103.84225261956963 223.03137574951458
1.2888959193396499 103.84224745090042 223.0313757495147
1.288891976540822 103.84224379717635 223.03137574951484
