37553427#0
1.3412702792649873 103.8533546594773 6.236825847744545
1.3412771732427944 103.85335540480345 6.2368258477432725
1.341282134570343 103.85335594118567 6.236825847744545
1.3412905421947907 103.8533568501561 6.236825847744571
1.3412974748613133 103.85335759966496 6.236825847744545
1.341305464176361 103.85335846341084 6.236825847744545
1.341311307176213 103.85335909511292 6.236825847744545
1.341319238431029 103.85335995258174 6.2368258477445835
1.3413258572077122 103.85336066815508 6.236825847744545
1.3413313486335483 103.85336126184754 6.2368258477445835
1.3413388601599907 103.85336207393838 6.236825847744545
1.3413468280489957 103.85336293536776 6.23682584774326
1.341355224974388 103.85336384318136 6.236825847744545
1.341360016721541 103.85336436122968 6.2368258477445835
1.3413680259563918 103.85336522712903 6.236825847743285
1.3413737674497916 103.85336584785689 6.2368258477445835
1.3413788420387718 103.85336639648396 6.236825847743285
1.3413858934825444 103.85336715883398 6.236825847744545
1.3413930791255058 103.85336793569259 6.2368258477445835
1.3414007828717607 103.85336876856469 6.23682584774326
1.3414080821588998 103.85336955770964 6.236825847744545
1.3414152666703716 103.8533703344459 6.236825847744545
1.3414221646880782 103.85337108020855 6.236825847744545
1.3414298435406766 103.85337191038926 6.2368258477445835
1.3414369767705927 103.85337268158129 6.23682584774326
1.341443005023152 103.85337333331131 6.236825847744545
1.3414510804129156 103.85337271155687 4.3355241569518705
1.341458356054486 103.85337182125397 2.1903744491187034
1.3414658606397718 103.85337090293577 359.9702164531486
1.3414745348979953 103.85336984148745 357.403148622036
1.3414805064808564 103.85336911075903 355.6404557950733
1.3414884541718937 103.85336813821897 353.3066627587327
1.3414962920967857 103.85336717911068 353.0057639415364
1.341501444306527 103.85336654864696 353.0057639415364
1.3415071445171787 103.85336585112567 353.0057639415363
1.3415133589713948 103.85336509067758 353.0057639415363
1.3415210977335383 103.85336414370353 353.0057639415363
1.3415299470158244 103.85336306083768 353.0057639415376
1.34153840705847 103.85336202560218 353.0057639415364
1.3415467928102651 103.85336099945741 353.0057639415376
1.3415518902837633 103.85336037569155 353.0057639415364
1.341559351118744 103.85335946272664 353.0057639415364
1.341567957509927 103.85335840958267 353.0057639415364
1.3415734955384804 103.85335773190705 353.0057639415364
1.341579735655407 103.85335696831848 353.0057639415363
1.341586251816263 103.85335617095107 353.0057639415376
1.341591691407541 103.85335550532095 353.0057639415376
1.3415978164934916 103.85335475580841 353.0057639415363
1.341604219699706 103.85335397226294 353.0057639415364
1.341612947234999 103.85335290429467 353.0057639415363
1.3416218347295747 103.85335181675252 353.0057639415363
1.3416299657138868 103.85335082178277 353.0057639415364
1.3416350813257105 103.85335019579715 353.0057639415363
1.341640320834686 103.8533495546505 353.0057639415364
1.3416486054709398 103.85334854087863 353.0057639415363
1.3416565549267594 103.853347568122 353.0057639415363
1.3416632561673822 103.85334674810655 353.0057639415376
1.3416691155125584 103.85334603111191 353.0057639415363
1.3416775368427243 103.85334546480073 353.59353198395564
1.3416848033480588 103.85334549889035 354.76440646622876
1.3416913760190228 103.85334552972493 355.8248678731767
1.3416967394886539 103.85334555488677 356.6906847591928
1.3417030694709124 103.8533455845828 357.7124708018888
1.3417111180432695 103.8533456223413 359.01061323923017
1.341715815538656 103.85334564437878 359.76723242414585
1.3417211271220628 103.85334566929714 0.2973802682587353
1.3417282759998164 103.85334570283483 0.2973802682587353
1.3417330207444296 103.85334572509394 0.2973802682587353
1.3417418373488144 103.85334576645542 0.2973802682587353
1.3417464234425824 103.85334578797023 0.29738026826004565
1.3417542673796423 103.85334582476861 0.2973802682587353
1.3417594564530004 103.85334584911216 0.29738026826004565
1.3417681708122224 103.8533458899939 0.29738026826004565
1.3417754743341943 103.85334592425694 0.2973802682587353
1.3417814568904214 103.85334595232294 0.29738026826004565
1.341789728316249 103.85334599112669 0.2973802682587353
1.341798398769513 103.85334603180237 0.29738026826004565
1.3418054214872197 103.85334606474802 0.29738026826004565
1.3418107706075693 103.8533460898423 0.29738026826004565
1.341816313319558 103.85334611584477 0.29738026826004565
1.34182509780087 103.85334615705533 0.29738026826004565
1.34183020786689 103.8533461810281 0.29738026826004565
1.3418390614279383 103.85334622256268 0.2973802682587353
1.341844987696584 103.85334625036448 0.2973802682587353
1.3418524350017547 103.85334628530187 0.29738026826004565
1.341858455935338 103.85334631354772 0.2973802682587353
1.3418649825559947 103.85334634416591 0.29738026826004565
1.3418702200504549 103.85334636873641 0.29738026826004565
1.3418750337494785 103.8533463913188 0.29738026826004565
1.3418838378998945 103.85334643262141 0.2973802682587353
1.3418918190457596 103.8533464700631 0.29738026826004565
1.341896376561274 103.85334649144359 0.2973802682587353
1.3419012854322248 103.85334651447239 0.29738026826004565
1.3419087062082173 103.8533465492852 0.29738026826004565
1.3419138866559222 103.85334657358801 0.29738026826004565
1.3419208739331976 103.8533466063671 0.29738026826004565
1.3419290895646807 103.85334664490871 0.29738026826004565
1.341935445283277 103.85334666306659 0.282515743349613
1.3419402096660038 103.85334630989114 359.80356604912066
1.3419487834055839 103.85334567433462 358.94109225235803
1.3419574200291384 103.85334503411659 358.0718753878003
1.3419648330433196 103.8533444846026 357.3257754994298
1.3419696825740481 103.8533441251152 356.8377964975963
1.3419766743394894 103.85334360682764 356.13457968832404
1.3419828888462255 103.85334314615687 355.76008920570047
1.3419917188855393 103.85334249160115 355.76008920570047
1.3419984760036838 103.8533419907075 355.76008920570047
1.3420057009433977 103.85334145513501 355.76008920570047
1.3420119586083523 103.85334099126496 355.76008920570047
1.3420167716963123 103.85334063447891 355.76008920570047
1.3420216322360983 103.85334027417534 355.76008920570047
1.3420269260861772 103.85333988175118 355.76008920570047
1.3420315394710902 103.85333953976877 355.76008920570047
1.3420378789435956 103.85333906983438 355.76008920570047
1.3420441921594464 103.85333860184635 355.76008920570047
1.3420509073106024 103.8533381040635 355.76008920570047
1.3420595354459626 103.85333746447432 355.76008920570047
1.3420679858892983 103.85333683805713 355.76008920570047
1.342076427743795 103.85333621227659 355.76008920570047
1.342083889443665 103.85333565915325 355.76008920570047
1.3420925649620306 103.85333501605153 355.76008920570047
1.3420991481037547 103.85333452805419 355.76008920570047
1.34210751862301 103.85333390756149 355.76008920570047
1.3421129024462755 103.85333350846761 355.7600892057005
1.342120854076368 103.85333291902643 355.76008920570047
1.3421294110989899 103.85333228470849 355.76008920570047
1.3421347216170225 103.85333189104853 355.76008920570047
1.3421423993351795 103.85333132191192 355.76008920570047
1.3421508342517048 103.85333069664543 355.7600892057005
1.3421570030361056 103.85333028350138 355.81620952058694
1.3421622341809547 103.8533299466698 355.88098508694185
1.342168727619381 103.8533295285596 355.9613917696313
1.342174873162584 103.8533291328502 356.0374908383375
1.3421829066467488 103.85332861557694 356.13696788295687
1.3421883982707539 103.85332826197318 356.204969274617
1.3421968890572378 103.85332771525432 356.310107550971
1.3422039586884749 103.85332726004316 356.31896098487556
1.3422104470666285 103.85332684225867 356.31896098487556
1.342218254334078 103.8533263395513 356.31896098487556
1.3422252021427268 103.8533258921842 356.31896098487556
1.3422299332342373 103.85332558755076 356.31896098487556
1.3422366390519935 103.85332515576532 356.31896098487556
1.3422454269751896 103.85332458991378 356.31896098487556
1.342253886088532 103.85332404523416 356.31896098487556
1.3422584074316415 103.85332375410631 356.31896098487556
1.3422671658063694 103.8533231901573 356.31896098487556
1.3422719457276577 103.85332288237964 356.31896098487556
1.3422785865414522 103.85332245477969 356.31896098487556
1.3422834418609841 103.85332214214716 356.3189609848756
1.3422895068702638 103.85332175162304 356.31896098487556
1.3422945089351332 103.8533214295416 356.31896098487556
1.3423009984147418 103.85332070374152 355.927047079605
1.3423072736730461 103.85331977943342 355.2645416028182
1.3423120988838437 103.85331906870867 354.75487648072243
1.3423171808511298 103.85331832016522 354.2179562679392
1.342322852025391 103.85331748483506 353.6187352624004
1.3423307656042691 103.85331631921206 352.782732311241
1.3423394446415953 103.85331504084155 351.8664527059199
1.3423456859704455 103.85331412153096 351.59443928970904
1.3423543742282091 103.85331285278224 351.6082874665292
1.342362349023933 103.85331169782168 351.6331076757303
1.3423683967757545 103.85331082194783 351.6519302934536
1.342374663378489 103.8533099143786 351.6714340508329
1.3423796553001905 103.85330919141676 351.68697057479176
1.3423878354199108 103.85330800671979 351.7124298251871
1.3423933391176175 103.85330720963924 351.72955915092626
1.3424008663931992 103.8533057079733 351.2142337805893
1.3424052250636436 103.85330447963992 350.4595500418785
1.3424111670439698 103.85330280510794 349.42937645829556
1.342419473942793 103.85330046410931 347.9877491390207
1.3424256593241535 103.85329872098355 346.91418072544593
1.3424320493212114 103.85329692019418 345.80587946173756
1.3424406769929997 103.8532944887972 344.3121789670024
1.342446860987051 103.85329274606231 344.191719811355
1.3424526891935298 103.85329110359324 344.191719811355
1.3424608728715837 103.8532887973197 344.191719811355
1.3424673952495343 103.85328695922347 344.1917198113537
1.3424722801612519 103.85328558258783 344.19171981135514
1.3424791528344389 103.8532836457735 344.1917198113537
1.3424839918997842 103.85328228205798 344.191719811355
1.3424885531169821 103.85328099664386 344.191719811355
1.3424950576846204 103.85327916356671 344.191719811355
1.3425021118817166 103.85327717559636 344.191719811355
1.342508565165672 103.85327528560975 344.10418059820086
1.3425145432200858 103.85327307768054 343.46204975716626
1.3425214570524973 103.8532705241319 342.718927640639
1.3425283961327914 103.85326796125818 341.9728195766112
1.3425331865950993 103.85326619195311 341.4577095833212
1.3425402191027023 103.85326359457298 340.70167340366294
1.342545419868113 103.85326167372688 340.14281702291504
1.3425514653658241 103.85325944088804 339.63552050265787
1.3425594710130428 103.8532564840893 339.6355205026589
1.342566182143623 103.85325400540613 339.63552050265764
1.3425729996310454 103.85325148744121 339.63552050265787
1.3425812996737199 103.85324842191055 339.63552050265764
1.3425870389308554 103.85324630217823 339.63552050265787
1.3425942384999334 103.85324364309548 339.63552050265764
1.3425994169525586 103.85324173049014 339.6355205026589
1.3426054412588575 103.85323950547792 339.63552050265787
1.342610931309951 103.8532368635813 338.9010497072909
1.3426186543598706 103.85323310528078 337.81659643256125
1.34262465230631 103.85323018647468 336.97382755774385
1.3426292722028568 103.85322793827478 336.3246128043734
1.3426355174781597 103.85322489910992 335.44720885264013
1.3426426394357662 103.85322143332137 334.44742711817815
1.3426496736415032 103.85321801023582 333.93229552830627
1.342655607752697 103.85321512249398 333.93229552830485
1.3426607892700733 103.85321260099 333.93229552830485
1.3426684429563902 103.85320887644387 333.93229552830485
1.3426762443534603 103.8532050800166 333.93229552830485
1.3426817350369442 103.8532024080617 333.93229552830485
1.3426866832762425 103.85320000007876 333.93229552830485
1.342694061517209 103.8531964095736 333.9322955283051
1.3427018275096962 103.85319263037522 333.93229552830485
1.3427098234962975 103.85318873925374 333.93229552830485
1.3427176374473553 103.85318456044222 333.5013860266646
1.3427224711737162 103.85318195940226 333.21643114416884
1.3427274831072673 103.85317926246856 332.92094704113003
1.3427331496840045 103.85317621326973 332.58685823947627
1.342740254042119 103.8531723903972 332.1680203887234
1.3427454965608925 103.85316956938493 331.8589854489376
1.342750221312049 103.85316702698468 331.58786547765834
1.3427542099597436 103.85316488068352 331.58786547765834
1.3427620514677059 103.85316066114865 331.58786547765834
1.3427661046792871 103.85315848010545 331.58786547765806
1.342771455661592 103.85315560072856 331.58786547765834
1.3427758634928728 103.85315322886358 331.58786547765806
1.342782907019548 103.85314943872427 331.58786547765806
1.3427870336193788 103.8531472181906 331.58786547765834
1.3427936876960487 103.85314363761526 331.58786547765834
1.342799544604064 103.85314048599834 331.58786547765806
1.342804996612955 103.85313755225862 331.58786547765806
1.3428090865258335 103.8531353514662 331.58786547765834
1.342816291511647 103.8531314744451 331.58786547765806
1.3428211032648443 103.85312888522851 331.58786547765806
1.3428252444098492 103.85312665686787 331.58786547765834
1.3428309256899869 103.85312359975659 331.58786547765834
1.3428362641610216 103.85312075789919 331.62238288743436
1.3428406033032247 103.85311853137782 331.7438985375177
1.3428468067193344 103.85311534825128 331.9176283899924
1.3428546393316434 103.85311132914376 332.13699043817826
1.3428623292340778 103.85310738326416 332.35235614497975
1.3428685187195346 103.85310420728567 332.5256968717354
1.3428764625282468 103.85310013112036 332.71327668052135
1.3428844201842363 103.85309604784962 332.71327668052015
1.3428903506891428 103.85309300476034 332.7132766805205
1.3428943844294225 103.85309093494806 332.71327668052015
1.3429007024441448 103.85308769301784 332.7132766805205
1.3429082835320547 103.85308380297333 332.71327668052135
1.3429123110047074 103.85308173637706 332.71327668052015
1.3429177224854305 103.85307895961186 332.71327668052135
1.3429222184059766 103.85307665264331 332.71327668052163
1.3429270174918824 103.85307419011305 332.71327668052163
1.3429339847218282 103.85307061505416 332.71327668052015
1.342938495058286 103.85306830068836 332.71327668052163
1.3429455643391082 103.85306467326456 332.71327668052015
1.3429501128359533 103.85306233931767 332.71327668052015
1.3429552576193517 103.85305969940131 332.71327668052015
1.3429596171428568 103.85305746242133 332.7132766805205
1.342967203124627 103.85305356986525 332.71327668052015
1.3429748136419641 103.85304966471932 332.71327668052015
1.3429821522254712 103.85304589910936 332.7132766805205
1.3429894324334464 103.85304207614402 332.61435082683596
1.34299619912956 103.85303665988131 330.4038559385066
1.3430025621527153 103.85303156673027 328.31565942464766
1.343006722697761 103.85302823650751 326.94794283273757
1.343011109695524 103.8530247250253 325.5058073796018
1.343016131030158 103.85302070580114 323.85748573203796
1.3430206504488311 103.85301708832527 322.3782045670067
1.3430265935021575 103.85301233133025 321.17198080500725
1.343032729021508 103.85300742027965 321.17198080500725
1.3430377885885005 103.85300337045305 321.1719808050083
1.3430432127286767 103.85299902881127 321.17198080500685
1.3430492257654385 103.85299421579921 321.17198080500685
1.3430529980097767 103.85299119638351 321.17198080500725
1.3430575568677907 103.852987547339 321.17198080500685
1.3430613341565019 103.85298452388561 321.17198080500725
1.3430665034506224 103.85298038622994 321.17198080500725
1.3430705422129685 103.85297715348527 321.1719808050083
1.3430742761616201 103.85297416472245 321.17198080500725
1.343081178904976 103.8529686395627 321.17198080500725
1.343084780694936 103.85296575658354 321.17198080500685
1.3430909512107156 103.85296081752028 321.17198080500685
1.3430965002914765 103.85295637587194 321.17198080500685
1.3431018721749246 103.85295207605753 321.17198080500725
1.3431057034444318 103.85294900939606 321.17198080500685
1.3431118143642993 103.85294411803494 321.1719808050083
1.3431167302998823 103.85294002055836 321.0104419902835
1.3431193774672265 103.85293574568757 318.8550612693908
1.3431235904002319 103.85292894228527 315.38307516338153
1.3431260097962245 103.85292503523895 313.37420486105225
1.3431291079877612 103.85292003201586 310.7952928770894
1.3431320092565067 103.85291534680037 308.3823185114898
1.3431347123058026 103.85291098168649 306.1436261135939
1.3431379506625 103.85290575211265 303.4831840221332
1.3431408198357146 103.85290111872764 301.6294227362318
1.3431434637076687 103.85289684917825 301.6294227362318
1.3431461560301894 103.85289250138675 301.6294227362318
1.3431489568194785 103.85288797843383 301.6294227362318
1.3431530822940054 103.85288131626638 301.6294227362318
1.343155692603045 103.85287710091713 301.6294227362318
