464804345
1.3437782946495043 103.85615855104128 15.518657880384248
1.3437827937800892 103.85615890214068 14.010103210910259
1.3437885106773744 103.85615934827112 12.08949378192669
1.3437952989665267 103.85615987800996 9.809060892068313
1.3438018736050388 103.85616039107606 7.606952314228708
1.3438103850973089 103.85616105528874 4.776255984146614
1.3438157084249636 103.85616147070608 4.51768830169456
1.3438233807288453 103.85616206943082 4.51768830169456
1.3438289680570108 103.85616250545002 4.51768830169456
1.343836855470389 103.85616312096126 4.51768830169456
1.3438451964812521 103.8561631236488 3.6883666675386215
1.3438541229767549 103.85616278511799 2.362001860453999
1.3438613479300714 103.85616251111689 1.287469529325773
1.3438675476307633 103.85616227599775 0.36532890479240426
1.3438723754535844 103.85616209290605 359.6475083141936
1.3438808542755876 103.85616177135283 358.3881421747248
1.343888737490161 103.85616147238756 357.8409554159515
1.3438969817468298 103.85616115973002 357.8409554159515
1.3439028225794851 103.8561609382206 357.8409554159515
1.3439094436675187 103.85616068712052 357.8409554159515
1.3439164358715054 103.85616042194613 357.8409554159515
1.3439215085710452 103.85616022956756 357.8409554159515
1.3439277032157382 103.85615999464002 357.8409554159515
1.3439365028808763 103.85615966091886 357.8409554159515
1.3439433972054975 103.85615939945643 357.8409554159515
1.343950008335582 103.8561591487339 357.8409554159515
1.3439559392501301 103.85615892380807 357.8409554159515
1.3439623630309816 103.8561586801906 357.8409554159528
1.343969016963358 103.85615842784479 357.8409554159515
1.3439756305734412 103.85615817702815 357.8409554159515
1.3439825459223622 103.85615791476825 357.8409554159515
1.3439902324793846 103.85615762326078 357.8409554159515
1.3439978971646749 103.85615733258278 357.8409554159515
1.3440047656639622 103.85615707209958 357.8409554159515
1.3440131315327684 103.8561567548296 357.8409554159515
1.3440192127216737 103.85615652420458 357.8409554159515
1.3440270793913385 103.85615622586636 357.8409554159515
1.3440334235558598 103.85615598526812 357.8409554159528
1.3440411490552604 103.85615569228365 357.8409554159515
1.3440500169501002 103.85615535597456 357.8409554159515
1.3440578478018856 103.85615505899463 357.8409554159515
1.344064729232021 103.85615479802087 357.8409554159515
1.344071898838346 103.85615452611817 357.8409554159515
1.344079474168336 103.85615423882868 357.8409554159515
1.3440884212898994 103.85615389951484 357.8409554159515
1.3440970338725755 103.85615357288813 357.8409554159515
1.3441016563171708 103.85615339758486 357.8409554159515
1.3441101762966046 103.85615307447006 357.8409554159515
1.344118421879482 103.8561527617615 357.8409554159515
1.3441264723920023 103.85615245645089 357.8409554159515
1.3441331077755692 103.85615209687018 357.7026414078699
1.3441389248170443 103.85615176393493 357.55869726993376
1.3441473514156617 103.85615128164306 357.3501733564575
1.344152051493061 103.85615101263663 357.23386453095077
1.344160829665543 103.85615051022256 357.0166404298444
1.3441670169139135 103.85615015609866 356.8635354471347
1.344172158402521 103.85614986182826 356.7363125373429
1.3441790579433615 103.85614946693663 356.7300053340995
1.3441840301970192 103.85614918235228 356.7300053340995
1.344188524600215 103.85614892511742 356.7300053340995
1.3441946629515538 103.85614857379204 356.7300053341008
1.3442034966144496 103.85614806820188 356.7300053340995
1.3442119186788342 103.85614758616931 356.7300053340995
1.3442172356400421 103.85614728185573 356.7300053340995
1.344224460106088 103.85614686836705 356.7300053340995
1.3442321595105096 103.85614642769548 356.7300053340995
1.344239115839737 103.85614602955344 356.7300053340995
1.3442461363647107 103.85614562773715 356.7300053340995
1.344253095966605 103.85614522940777 356.7300053340995
1.3442607609261388 103.85614479070756 356.73000533409953
1.3442675053759636 103.85614440469226 356.7300053340995
1.3442721133519164 103.85614414095699 356.7300053340995
1.3442783384330732 103.85614378466745 356.7300053340995
1.3442849134595576 103.85614340834897 356.7300053340995
1.3442922717107733 103.85614298720296 356.7300053340995
1.3442997609563234 103.85614255855955 356.7300053340995
1.3443078661816044 103.85614209466078 356.7300053340995
1.3443140135633322 103.85614174281827 356.7300053340995
1.344322683788212 103.85614124658198 356.73000533409953
1.3443282771793237 103.85614092644684 356.7300053340995
1.3443361372406313 103.85614047657982 356.73000533409953
1.3443438858325745 103.85614003309271 356.73000533409953
1.3443507277312736 103.85613964149974 356.73000533409953
1.3443573127187007 103.85613926461096 356.73000533409953
1.3443631240356415 103.85613893200284 356.7300053340995
1.3443683962493855 103.85613863025004 356.7300053340995
1.344375759346847 103.85613820882641 356.7300053340995
1.344384646405558 103.85613770017953 356.7300053340995
1.3443933581274163 103.85613720156792 356.7300053340995
1.3444020514756923 103.85613670400791 356.7300053340995
1.3444077168791155 103.85613637975099 356.7300053340995
1.3444131229338578 103.85613607033775 356.7300053340995
1.3444219139341096 103.8561355671886 356.7300053340995
1.3444269395898536 103.85613527433642 356.72333430567545
1.34443268775993 103.8561348000079 356.53726895536425
1.344437913069721 103.85613436882483 356.3681184752141
1.3444459511151143 103.8561337055399 356.1079045288964
1.3444538101943135 103.85613305702292 355.8534800211776
1.3444619279098453 103.85613238716371 355.59068896965886
1.3444674046406504 103.85613193523378 355.41340245634535
1.344473525863049 103.85613143012155 355.27925753718523
1.3444818961987894 103.8561307394165 355.2792575371852
1.3444871228411597 103.85613030812337 355.2792575371852
1.344492752764349 103.85612984355221 355.27925753718523
1.3445003515329916 103.85612921651544 355.2792575371852
1.3445078364171787 103.85612859887617 355.27925753718523
1.3445148872201735 103.8561280170565 355.27925753718523
1.3445232494138364 103.8561273270232 355.27925753718523
1.3445309304967143 103.85612669319391 355.2792575371852
1.3445385150061264 103.85612606733365 355.2792575371852
1.3445445068725699 103.85612557289546 355.2792575371852
1.3445507033493973 103.85612506157317 355.27925753718523
1.344557554258788 103.85612449624824 355.2792575371852
1.3445620844759847 103.85612412242271 355.27925753718523
1.344569048518862 103.85612354776218 355.27925753718523
1.3445736746875425 103.85612316601888 355.27925753718523
1.3445795541315357 103.85612268085751 355.2792575371852
1.3445884639475159 103.85612194563514 355.27925753718523
1.344594105037779 103.85612148014224 355.2792575371865
1.3445988861338074 103.85612108561456 355.2792575371852
1.3446077241032985 103.85612035632077 355.2792575371852
1.3446149288166576 103.85611976180039 355.2792575371852
1.344620643258776 103.85611929025458 355.27925753718523
1.3446258993371094 103.85611885653213 355.2792575371852
1.3446324682191635 103.8561183144794 355.27925753718523
1.3446408388756512 103.85611762374734 355.27925753718523
1.3446481278592475 103.85611702227303 355.27925753718523
1.3446553204932825 103.85611642874929 355.2792575371852
1.3446599458432344 103.85611604707339 355.2792575371852
1.3446675455561934 103.85611541995816 355.2792575371852
1.3446748115289548 103.8561148203826 355.27925753718523
1.3446812055779993 103.85611429275663 355.2792575371852
1.344689130182291 103.85611363883187 355.2792575371852
1.3446954479159885 103.85611311750327 355.2792575371865
1.3447012915452394 103.85611263529698 355.2792575371852
1.344707372072541 103.85611213354224 355.27925753718523
1.3447129795435688 103.85611167082328 355.27925753718523
1.3447198423816382 103.85611110451353 355.27925753718523
1.34472450804121 103.85611071951125 355.2792575371852
1.3447321481665468 103.85611008906106 355.2792575371852
1.344739273380659 103.85610950110043 355.27925753718523
1.3447448529517054 103.85610904068366 355.27925753718523
1.3447519332794315 103.85610845642697 355.2792575371852
1.344758688040248 103.85610789903548 355.27925753718523
1.3447645129151162 103.85610741837661 355.27925753718523
1.3447734748134825 103.85610667885578 355.2792575371851
1.3447799350209668 103.8561061457703 355.27925753718523
1.3447848362886952 103.85610574132589 355.2792575371851
1.3447936203156035 103.85610501648264 355.27925753718523
1.3448012135909757 103.85610438989822 355.27925753718523
1.3448100540100374 103.85610366040154 355.27925753718523
1.3448181137940602 103.85610300360096 355.28983806214603
1.3448262718079607 103.85610237712262 355.3495269832051
1.3448336031872516 103.85610181412399 355.40316792720904
1.3448389017396194 103.85610140723223 355.44193549062123
1.3448434787189438 103.85610105575223 355.4754235711521
1.3448488757919745 103.85610064129474 355.5149119468585
1.3448573535340227 103.8560999902634 355.57694028000157
1.344863129840333 103.85609954668342 355.6073049019327
1.3448704807861032 103.85609898218212 355.607304901934
1.344875153742225 103.85609862333169 355.6073049019327
1.3448823277101456 103.85609807242102 355.607304901934
1.3448907155652445 103.8560974337564 355.61429090763653
1.344898011037904 103.85609687843098 355.6205761050104
1.3449067109885189 103.85609621619781 355.62807128875426
1.3449148848156707 103.85609559401269 355.635113206437
1.3449220469349243 103.85609504883794 355.64128351706756
1.344927591486033 103.85609462679118 355.6459339852455
1.344934040989792 103.85609413586012 355.6459339852456
1.3449386937807626 103.85609378169337 355.6459339852469
1.3449458516313733 103.85609323684349 355.6459339852456
1.3449526895086132 103.85609271634969 355.6459339852468
1.3449601948035248 103.85609214505257 355.6459339852456
1.3449654188232973 103.85609174740429 355.6459339852456
1.344970248996918 103.85609137973528 355.6459339852456
1.3449791915842004 103.85609069903253 355.6459339852468
1.344987385823337 103.85609007529344 355.6459339852469
1.344992204240861 103.85608970851924 355.6459339852469
1.34499682343985 103.8560893569094 355.6459339852469
1.345002820767012 103.85608890039748 355.6459339852469
1.3450100398421347 103.85608835088703 355.6459339852468
1.3450152049289263 103.8560879577246 355.6459339852468
1.3450204450973844 103.85608755884698 355.6459339852456
1.34502918677416 103.85608689343721 355.6459339852455
1.3450342538106839 103.85608650773823 355.6459339852468
1.3450391760829323 103.8560861330586 355.6459339852468
1.3450455986095924 103.85608564418071 355.6459339852469
1.3450535554383283 103.85608494712774 355.5290860641775
1.3450588702067092 103.85608432739821 355.25392631082235
1.3450665749368897 103.85608342898676 354.85497261985836
1.345075417363291 103.8560821073281 354.0247147002817
1.3450814589499538 103.85608085852503 353.0134494765368
1.3450881480596073 103.85607947587818 351.893059683548
1.3450963650263286 103.85607777742142 350.5558474035666
1.3451026277561802 103.85607648290772 349.83591876344593
1.3451082830010739 103.85607531396187 349.18607949451194
