482089304
1.3405221840266253 103.85309697512672 22.51247767510526
1.3405265888270685 103.85309878665882 22.51247767510526
1.3405308383055619 103.85310053431272 22.512477675106467
1.3405354397119176 103.85310242670158 22.51247767510526
1.3405435822863707 103.85310577544237 22.512477675105288
1.3405513447509094 103.85310896785795 22.51247767510526
1.340556740681317 103.85311118700528 22.512477675105288
1.3405615369483348 103.85311315953314 22.51247767510526
1.340568109346098 103.85311586251812 22.51247767510526
1.3405739373087635 103.85311825934438 22.51247767510526
1.3405790401653375 103.85312035796123 22.512477675106467
1.3405839177810508 103.8531223639448 22.51247767510526
1.3405902546593995 103.85312497006933 22.512477675106467
1.3405964326127022 103.85312751083381 22.51247767510526
1.340603596220452 103.85313030403795 22.33145858944528
1.3406080745070499 103.85313196462317 22.11698384455026
1.3406163426194488 103.85313503050675 21.720965424138043
1.3406239982910513 103.8531378692923 21.354261686104557
1.3406303744119612 103.85314023360996 21.048855930566898
1.340635411056775 103.85314210123897 20.807626253217755
1.3406412188908456 103.85314425483125 20.529491654941722
1.3406487785411612 103.85314705801127 20.492594769869964
1.3406570256339996 103.85315011610062 20.492594769869992
1.3406637891037474 103.8531526240504 20.492594769869964
1.340672011979897 103.85315567315995 20.492594769869964
1.340680307655142 103.85315874926403 20.492594769871186
1.3406859719217985 103.85316084962031 20.492594769869964
1.3406910613130731 103.85316273680812 20.492594769869942
1.3406973557121895 103.85316507082267 20.492594769869964
1.3407025052400185 103.8531669803096 20.492594769869964
1.3407101059736235 103.85316979872363 20.492594769869942
1.3407175590033507 103.85317256236783 20.492594769871225
1.3407246376436739 103.85317518718539 20.492594769869992
1.3407304489304421 103.85317734205792 20.492594769869992
1.3407368820957726 103.85317972752807 20.492594769869992
1.340741903455534 103.85318158948922 20.492594769869992
1.3407489634807703 103.85318420740417 20.492594769869992
1.3407537243238283 103.8531859727636 20.492594769869992
1.3407587618835541 103.85318784073182 20.492594769869992
1.3407664558929133 103.8531906937332 20.492594769871225
1.3407732847458433 103.85319322592755 20.492594769869942
