1.3405003288524788 103.8531502700001 22.47060199706354 0.0 1.0
1.3405221001596233 103.85315920522413 22.470601997062367 2.6 2.0
1.3405639680582604 103.85317638834734 22.47060199706356 5.0 3.0
1.3406062042103004 103.85319264098695 21.19771723536716 5.0 4.0
1.3406486378778721 103.85320839455493 20.515036299994495 5.0 5.0
1.3406910715457974 103.85322414812292 20.515036299995703 5.0 6.0
1.3407335052140763 103.85323990169091 20.515036299995653 5.0 7.0
1.340776486266769 103.85325382074896 18.079375517705696 5.0 8.0
1.3408210066797726 103.85325957415851 7.437448926948228 5.0 9.0
1.3408627573819063 103.85327671261571 22.474653461239743 5.0 10.0
1.3409041721356432 103.85329473576483 23.680162113724723 5.0 11.0
1.340945586889757 103.85331275891407 23.680162113725917 5.0 12.0
1.3409870016442487 103.85333078206345 23.680162113724723 5.0 13.0
1.341028440444546 103.85334872659917 23.576072142421978 5.0 14.0
1.3410710574712137 103.85336281905867 18.434948822921957 5.0 15.0
1.3411152320537638 103.85336954400746 8.737905080940907 5.0 16.0
1.3411601091725194 103.85337088513702 1.7496373177201439 5.0 17.0
1.3412045134212998 103.85337740691999 8.435509990075298 5.0 18.0
1.3412483748186954 103.85338703249052 12.481903622177173 5.0 19.0
1.341292026110679 103.85339776877234 13.93059679076611 5.0 20.0
1.3413359240200406 103.8534072974676 12.350462507585501 5.0 21.0
1.3413803346942086 103.85341431535733 9.063672270287048 5.0 22.0
1.3414245840931582 103.85342224193776 10.246988987147303 5.0 23.0
1.3414687319947898 103.8534307403962 10.991668986814503 5.0 24.0
1.3415128798966396 103.85343923885428 10.991668986815787 5.0 25.0
1.3415576016601163 103.85344521036062 7.68087097840214 5.0 26.0
1.341602664428931 103.85344563246927 0.566995548235509 5.0 27.0
1.341647383541111 103.85343927666453 351.8861775465928 5.0 28.0
1.3416921723348885 103.85343314133463 352.1770537153264 5.0 29.0
1.3417372698299257 103.85342973186239 355.6755637362886 5.0 30.0
1.3417824385116732 103.85342943898954 359.65295249127627 5.0 31.0
1.341827645248742 103.85343081219959 1.7779794370186606 5.0 32.0
1.3418728519858365 103.85343218540896 1.7779794370199582 5.0 33.0
1.3419180587229582 103.85343355861771 1.7779794370199709 5.0 34.0
1.3419632654601064 103.85343493182577 1.7779794370199582 5.0 35.0
1.3420084721972807 103.85343630503318 1.7779794370199582 5.0 36.0
1.3420536789344812 103.85343767823994 1.7779794370199582 5.0 37.0
1.3420988856717089 103.85343905144605 1.7779794370199709 5.0 38.0
1.3421430607845855 103.85343597796843 356.02130070023304 5.0 39.0
1.342188114288975 103.85343203961183 354.99893657211373 5.0 40.0
1.3422331677932173 103.85342810125441 354.9989365721124 5.0 41.0
1.342278221297312 103.85342416289612 354.99893657211373 5.0 42.0
1.3423232748012595 103.85342022453699 354.9989365721124 5.0 43.0
1.3423683283050596 103.85341628617702 354.99893657211373 5.0 44.0
1.3424133699157441 103.85341226387784 354.8909946303987 5.0 45.0
1.342457766692937 103.85340369046449 349.0281915412006 5.0 46.0
1.3425021634698158 103.85339511705016 349.02819154119936 5.0 47.0
1.3425463079187276 103.8533854558345 347.6047886660651 5.0 48.0
1.3425900028727864 103.85337385681893 345.0685828218612 5.0 49.0
1.342633697826418 103.85336225780235 345.0685828218626 5.0 50.0
1.3426752118028507 103.85334468652529 336.95307382330054 5.0 51.0
1.3427162260596162 103.85332574684585 335.09948593430465 5.0 52.0
1.3427569511933817 103.85330624298113 334.2924274543601 5.0 53.0
1.342796492598172 103.85328442922506 330.9864333710926 5.0 54.0
1.342836034002147 103.85326261546791 330.9864333710937 5.0 55.0
1.3428755754053072 103.85324080170967 330.98643337109223 5.0 56.0
1.3429151168076523 103.85321898795036 330.9864333710926 5.0 57.0
1.3429546582091823 103.85319717418997 330.9864333710937 5.0 58.0
1.3429932084692195 103.8531738973804 328.73964995666734 5.0 59.0
1.3430284319215477 103.85314570978525 321.178226540237 5.0 60.0
1.3430636553728403 103.85311752218917 321.1782265402364 5.0 61.0
1.3430988788230975 103.85308933459211 321.178226540237 5.0 62.0
1.3431341022723198 103.85306114699411 321.1782265402374 5.0 63.0
1.3431693257205064 103.85303295939511 321.178226540236 5.0 64.0
1.3432045491676567 103.85300477179518 321.1782265402374 5.0 65.0
1.3432397726137724 103.85297658419428 321.178226540236 5.0 66.0
1.343274996058853 103.85294839659244 321.1782265402374 5.0 67.0
1.3433102195028972 103.85292020898963 321.1782265402374 5.0 68.0
1.3433454429459062 103.85289202138587 321.178226540236 5.0 69.0
1.3433834419681292 103.85286767348454 327.2093559843808 5.0 70.0
1.3434215758831332 103.85284351219244 327.5019302005506 5.0 71.0
1.343459709797237 103.8528193508993 327.5019302005491 5.0 72.0
1.343497843710441 103.8527951896051 327.5019302005495 5.0 73.0
1.3435359776227442 103.85277102830985 327.5019302005506 5.0 74.0
1.3435741115341475 103.85274686701355 327.5019302005495 5.0 75.0
1.3436158693248186 103.85273034410777 338.3124739529845 5.0 76.0
1.3436588949477142 103.8527164935308 342.0749000509487 5.0 77.0
1.3437019205700964 103.8527026429528 342.07490005094996 5.0 78.0
1.3437454232826977 103.8526906642894 344.53710492228754 5.0 79.0
1.3437898979493508 103.85268249919041 349.55811897572517 5.0 80.0
1.343834372615705 103.85267433409044 349.5581189757253 5.0 81.0
1.3438792495626997 103.85267345896906 358.902544901102 5.0 82.0
1.3439243560771788 103.85267674397991 4.2190953492483265 5.0 83.0
1.3439694625917407 103.85268002899016 4.2190953492483265 5.0 84.0
1.3440117152615305 103.85269576109437 20.56983780769803 5.0 85.0
1.3440538031107294 103.85271221206804 21.501434324047388 5.0 86.0
1.3440958909602885 103.85272866304176 21.501434324048365 5.0 87.0
1.3441372559941593 103.85274637938569 23.345807861801056 5.0 88.0
1.3441730503526328 103.85277384781973 37.707692390352626 5.0 89.0
1.3442088447114753 103.8528013162544 37.70769239035222 5.0 90.0
1.3442442098763199 103.8528292078643 38.46835503391044 5.0 91.0
1.3442715797581262 103.85286498261858 52.78657077504078 5.0 92.0
1.3442989496400874 103.85290075737386 52.78657077504104 5.0 93.0
1.3443263195222037 103.85293653213012 52.78657077504104 5.0 94.0
1.3443417230653005 103.85297874347162 70.09763440530756 5.0 95.0
1.3443569086714726 103.85302107204036 70.40813835392215 5.0 96.0
1.3443720942773554 103.85306340061017 70.40813835392278 5.0 97.0
1.3443872798829501 103.85310572918105 70.40813835392215 5.0 98.0
1.3443932757119528 103.85314969408746 82.3101926705157 5.0 99.0
1.3443938294519102 103.85319462801463 89.32539626044064 5.0 100.0
1.344394383191053 103.85323956194253 89.32539626044127 5.0 101.0
1.3443949369293804 103.85328449587115 89.32539626044061 5.0 102.0
1.344395490666893 103.85332942980054 89.32539626044061 5.0 103.0
1.3443855591082992 103.85337308506202 102.7639812988705 5.0 104.0
1.344374085262921 103.85341655224393 104.72297506175029 5.0 105.0
1.3443626114164118 103.85346001942605 104.72297506174999 5.0 106.0
1.3443424342612276 103.8534998822235 116.72549741108347 5.0 107.0
1.3443194400556087 103.85353857836883 120.58498871674854 5.0 108.0
1.3442964458487425 103.85357727451377 120.58498871674865 5.0 109.0
1.3442666873961302 103.85361048980668 131.7016345539653 5.0 110.0
1.3442331632848357 103.85364065390655 137.86339095995294 5.0 111.0
1.344199639172446 103.85367081800551 137.86339095995237 5.0 112.0
1.3441661150589617 103.85370098210359 137.86339095995294 5.0 113.0
1.3441292767537343 103.85372651373468 145.12921939002754 5.0 114.0
1.3440895865191385 103.85374805903338 151.37724397169515 5.0 115.0
1.3440498962837373 103.853769604331 151.37724397169484 5.0 116.0
1.344010206047531 103.85379114962754 151.37724397169515 5.0 117.0
1.34397051581052 103.853812694923 151.37724397169515 5.0 118.0
1.3439306708585814 103.85383395135226 151.7944562585932 5.0 119.0
1.3438905136033648 103.85385462468372 152.63665460542367 5.0 120.0
1.343850356347375 103.85387529801409 152.63665460542398 5.0 121.0
1.3438101990906133 103.85389597134339 152.63665460542512 5.0 122.0
1.3437700418330796 103.85391664467161 152.63665460542398 5.0 123.0
1.3437326860042307 103.85394191533354 145.77771313985284 5.0 124.0
1.3436956356424623 103.85396768728808 145.03157773236123 5.0 125.0
1.3436591045737012 103.85399408676726 143.99751125335916 5.0 126.0
1.343626493850204 103.85402522367367 136.1670228667033 5.0 127.0
1.3435938831255854 103.85405636057925 136.16702286670278 5.0 128.0
1.3435612723998454 103.85408749748397 136.1670228667033 5.0 129.0
1.3435355159677658 103.85412442765265 124.74729185559103 5.0 130.0
1.3435098124128624 103.85416140251375 124.65977485125244 5.0 131.0
1.3434841088567226 103.85419837737432 124.6597748512517 5.0 132.0
1.3434584052993468 103.85423535223437 124.6597748512517 5.0 133.0
1.343440664749241 103.854276573988 113.17874285930671 5.0 134.0
1.3434238551608109 103.85431829225 111.8453287130313 5.0 135.0
1.3434070455711686 103.85436001051194 111.84532871303189 5.0 136.0
1.3433951819907894 103.85440307834499 105.3335686404456 5.0 137.0
1.3433881896017377 103.85444747533467 98.92072827808161 5.0 138.0
1.343381197211656 103.85449187232473 98.92072827808161 5.0 139.0
1.3433746709932686 103.85453630145558 98.33042742805381 5.0 140.0
1.3433754248316978 103.85458123251176 89.07182555647506 5.0 141.0
1.3433761786693195 103.85462616356865 89.07182555647566 5.0 142.0
1.343376932506133 103.85467109462631 89.07182555647506 5.0 143.0
1.3433778395748968 103.85471602260878 88.87766519221024 5.0 144.0
1.3433789128201226 103.85476094725627 88.66710284702062 5.0 145.0
1.343379986064552 103.85480587190452 88.66710284702131 5.0 146.0
1.3433810593081825 103.8548507965535 88.66710284702066 5.0 147.0
1.3433821325510158 103.85489572120323 88.66710284702062 5.0 148.0
1.3433832057930515 103.8549406458537 88.66710284702127 5.0 149.0
1.34338427903429 103.85498557050494 88.66710284702062 5.0 150.0
1.3433853522747305 103.85503049515691 88.66710284702131 5.0 151.0
1.343386425514373 103.85507541980964 88.66710284702066 5.0 152.0
1.3433874987532186 103.8551203444631 88.66710284702127 5.0 153.0
1.343388571991266 103.85516526911732 88.66710284702066 5.0 154.0
1.3433896452285157 103.85521019377228 88.66710284702131 5.0 155.0
1.343390718464968 103.85525511842799 88.66710284702059 5.0 156.0
1.3433917917006222 103.85530004308444 88.66710284702131 5.0 157.0
1.343392864935479 103.85534496774164 88.66710284702062 5.0 158.0
1.3433939381695383 103.8553898923996 88.66710284702066 5.0 159.0
1.3433950161882116 103.8554348169451 88.66103881097831 5.0 160.0
1.3433960958389302 103.85547974145273 88.6589696857882 5.0 161.0
1.3433971754888512 103.85552466596108 88.65896968578818 5.0 162.0
1.3433982551379748 103.85556959047021 88.65896968578818 5.0 163.0
1.3433980420008247 103.85561452310648 90.29686909883917 5.0 164.0
1.3433975345241405 103.85565945759366 90.66973445241462 5.0 165.0
1.3433970270466082 103.85570439208155 90.66973445241462 5.0 166.0
1.343396519568228 103.8557493265701 90.66973445241524 5.0 167.0
1.3433960120890003 103.85579426105936 90.66973445241462 5.0 168.0
1.3433955046089245 103.8558391955493 90.66973445241462 5.0 169.0
1.3433949971280006 103.85588413003993 90.66973445241462 5.0 170.0
1.3433944896462295 103.85592906453125 90.66973445241462 5.0 171.0
1.3433939821636096 103.85597399902323 90.6697344524146 5.0 172.0
1.3433934746801428 103.85601893351594 90.66973445241462 5.0 173.0
1.3433929671958278 103.85606386800934 90.66973445241462 5.0 174.0
1.3433924597106648 103.85610880250341 90.66973445241462 5.0 175.0
1.3433919522246542 103.85615373699817 90.66973445241462 5.0 176.0
1.3433914447377957 103.85619867149362 90.66973445241462 5.0 177.0
1.343390937250089 103.85624360598977 90.66973445241462 5.0 178.0
1.3433904297615342 103.8562885404866 90.66973445241462 5.0 179.0
1.343389922272132 103.85633347498413 90.66973445241462 5.0 180.0
1.3433894147818821 103.85637840948232 90.66973445241524 5.0 181.0
1.3433889072907843 103.85642334398122 90.66973445241462 5.0 182.0
1.3433883997988387 103.85646827848082 90.6697344524146 5.0 183.0
1.3433878923060454 103.85651321298111 90.66973445241462 5.0 184.0
1.343387384812404 103.85655814748208 90.66973445241462 5.0 185.0
1.3433868773179143 103.85660308198374 90.66973445241462 5.0 186.0
1.343386369822577 103.85664801648608 90.66973445241462 5.0 187.0
1.3433833129197228 103.85669281866927 93.90514003808147 5.0 188.0
1.3433791056615305 103.85673756114709 95.36441588747145 5.0 189.0
1.3433743496740258 103.8567822481288 96.06316679365275 5.0 190.0
1.3433692968792181 103.85682690561521 96.44103116127883 5.0 191.0
1.3433649538698997 103.8568716301434 95.53778964257003 5.0 192.0
1.3433615326926933 103.85691643853164 94.36502393566295 5.0 193.0
1.3433608283402987 103.85696137189 90.91910478371432 5.0 194.0
1.343361105539729 103.85700630449452 89.675602594807 5.0 195.0
1.343362274377807 103.85705123641436 88.54622850772216 5.0 196.0
1.34336344321509 103.85709616833496 88.54622850772216 5.0 197.0
1.3433646120515774 103.85714110025631 88.54622850772218 5.0 198.0
1.3433657808872708 103.85718603217839 88.54622850772212 5.0 199.0
1.3433669497221687 103.85723096410123 88.54622850772284 5.0 200.0
1.343368118556272 103.85727589602483 88.54622850772212 5.0 201.0
1.3433692873895797 103.85732082794918 88.54622850772218 5.0 202.0
1.3433704562220925 103.85736575987426 88.54622850772218 5.0 203.0
1.3433715358717695 103.85741069348778 88.65920233606464 5.0 204.0
1.343372089865765 103.85745563704937 89.32510480899825 5.0 205.0
1.3433726438589466 103.85750058061171 89.32510480899825 5.0 206.0
1.3433731978513128 103.85754552417478 89.32510480899826 5.0 207.0
1.3433737518428643 103.85759046773858 89.32510480899825 5.0 208.0
1.343374305833601 103.8576354113031 89.32510480899825 5.0 209.0
1.3433748598235236 103.85768035486835 89.32510480899889 5.0 210.0
