474457762#1
1.2991786147385878 103.8978403499656 166.29635476227492
1.2991709657214832 103.8978422066198 166.29635476227432
1.2991625416046593 103.89784425141475 166.29635476227432
1.299157997354136 103.89784535444556 166.29635476227432
1.299153156640261 103.89784652943725 166.29635476227506
1.2991479500172454 103.89784779324641 166.29635476227432
1.2991433045640117 103.89784892084222 166.29635476227506
1.29913570326236 103.89785076591426 166.29635476227446
1.2991294963492488 103.89785227252486 166.29635476227432
1.2991225388046581 103.89785396133699 166.29635476227432
1.2991156648227826 103.89785562986584 166.29635476227432
1.2991101403709788 103.89785697082182 166.29635476227432
1.299103839105005 103.8978585003347 166.29635476227432
1.2990986354459169 103.8978597634243 166.29635476227446
1.299090506444163 103.89786173658534 166.29635476227492
1.2990824807547505 103.89786368466922 166.29635476227432
1.2990768691456207 103.8978650467809 166.29635476227432
1.2990688697931612 103.8978669884719 166.29635476227432
1.2990630482229624 103.8978684015476 166.29635476227432
1.299058126426844 103.8978695962202 166.29635476227446
1.299050528392405 103.89787144049882 166.29635476227432
1.2990420163051102 103.89787345473222 166.3602245996957
1.2990375004348533 103.89787442196526 166.51882795499031
1.2990288251042863 103.89787628009353 166.82353902987228
1.2990219721610974 103.89787774789322 167.06425186178845
1.2990169028179757 103.89787883367194 167.24231569555363
1.2990113206456186 103.89788002929116 167.43838917050957
1.299005240406223 103.89788133158898 167.6519474626613
1.2989991625236095 103.89788263338198 167.85975203972154
1.2989929056881306 103.89788397350405 167.85975203972205
1.2989867442050078 103.89788529320303 167.85975203972205
1.2989787913595567 103.89788699658541 167.8597520397222
1.298973961523395 103.89788803106518 167.85975203972205
1.2989685716339145 103.8978891855001 167.85975203972205
1.298961193574365 103.89789076577175 167.85975203972205
1.2989530557405433 103.89789250877578 167.85975203972146
1.2989458707115435 103.89789404770308 167.85975203972146
1.2989376229098408 103.89789581426056 167.85975203972205
1.2989299996186712 103.89789741749742 167.8963475874264
1.2989252257275463 103.89789841140981 167.9317361286261
1.2989201582694527 103.89789946644211 167.96930093964275
1.2989140592641903 103.89790073624002 168.01451261821987
1.2989061499482404 103.89790238294007 168.07314406744229
1.29889945107222 103.89790377762954 168.12280249876466
1.298894616122092 103.8979047842542 168.15864365401606
1.2988876589035003 103.89790623272988 168.19011704297148
1.2988823531243605 103.89790733737996 168.19011704297148
1.2988767909561516 103.89790849540957 168.19011704297148
1.2988701933478681 103.89790986901524 168.19011704297225
1.2988620734351375 103.89791155956084 168.19011704297148
1.2988534763549269 103.89791334945151 168.19011704297148
1.2988476750583344 103.89791455726697 168.19011704297148
1.298841765961171 103.89791578752623 168.1901170429716
1.2988345068151432 103.89791729886227 168.1901170429716
1.2988285144485254 103.897918546458 168.1901170429716
1.2988218843774542 103.89791992682214 168.19011704297148
1.2988145992020503 103.89792144357736 168.19011704297148
1.2988066614078797 103.89792309620611 168.19011704297148
1.2987982572330399 103.89792484593414 168.19011704297148
1.2987907864372168 103.89792640133497 168.19011704297148
1.298784704324538 103.89792766761545 168.1901170429716
1.2987761515720093 103.89792944827686 168.1901170429721
1.2987695077105903 103.89793083151194 168.19011704297148
1.2987623054026805 103.89793233101418 168.19011704297148
1.298755432478956 103.89793378703969 168.1590037730305
1.2987480288675723 103.89793577337669 167.60735407661295
1.298741529723199 103.8979375170515 167.12293224460706
1.2987370426712574 103.89793872089602 166.78843241709833
1.298729438796624 103.89794076096217 166.22155557812002
1.2987212551987926 103.89794295656394 165.61153517338195
1.2987130071680246 103.89794516945256 164.99692784761277
1.2987083146784915 103.89794642841449 164.91376064798936
1.2987034505358124 103.8979477334297 164.9137606479895
1.2986977754301305 103.8979492560206 164.9137606479895
1.2986894330615877 103.89795149421927 164.91376064798936
1.2986845530780067 103.89795280348444 164.9137606479895
1.2986769116459578 103.89795485362674 164.9137606479895
1.298670480218747 103.89795657913326 164.91376064798936
1.298665211437015 103.89795799271019 164.9137606479895
1.2986604049024622 103.89795928226944 164.9137606479895
1.298652714553167 103.89796134553579 164.9137606479895
1.2986473879547156 103.89796277462446 164.91376064798936
1.2986392509033522 103.89796495773776 164.9137606479895
1.2986328493659436 103.89796667522491 164.9137606479895
1.2986264779787366 103.89796838462296 164.9137606479895
1.2986195658847568 103.89797023908876 164.9137606479895
1.2986114994545759 103.89797240325476 164.9137606479895
1.298606810342813 103.89797366131016 164.9137606479895
1.2986000214088622 103.89797548273293 164.9137606479895
1.298592790904621 103.89797742262586 164.9137606479895
1.2985860456427882 103.89797923233165 164.9137606479895
1.2985797848440213 103.89798091205944 164.9137606479895
1.2985728009238464 103.89798278579552 164.9137606479895
1.2985641529751475 103.89798510597856 164.9137606479895
1.2985588093020337 103.897986539648 164.9137606479895
1.2985543204545076 103.8979877439738 164.9137606479895
1.2985481252176998 103.89798940611163 164.9137606479895
1.2985435063307482 103.89799064532606 164.9137606479895
1.2985387728774864 103.89799191527779 164.91376064798888
1.298532198685963 103.89799367908644 164.9137606479895
1.298524589727483 103.89799572051564 164.9137606479895
1.2985166408122528 103.89799785315276 164.91376064798936
1.2985085289650107 103.89800002950338 164.9137606479895
1.2985019043999628 103.89800180682674 164.9137606479895
1.2984960590123247 103.89800337510239 164.9137606479895
1.298490434816033 103.89800488403397 164.9137606479895
1.2984820788350548 103.89800712588377 164.9137606479895
1.2984770374457117 103.89800847845237 164.9137606479895
1.2984700771604996 103.89801034584694 164.9137606479895
1.298465383966247 103.89801160499727 164.9137606479895
1.2984577367876935 103.89801365668035 164.9137606479895
1.2984499846933695 103.89801573651154 164.9137606479895
1.2984448889189129 103.89801710367118 164.91376064798936
1.2984404236983738 103.89801830165773 164.9137606479895
1.2984343717286235 103.89801992535766 164.9137606479895
1.2984296802289175 103.89802118405323 164.9137606479895
1.2984245024580328 103.89802257321188 164.9137606479895
1.29841698100533 103.89802459116343 164.91376064798936
1.2984102907919626 103.89802638609946 164.9137606479895
1.2984054743092055 103.89802767832701 164.9137606479895
1.2983971887985661 103.89802990126972 164.9137606479895
1.298392311481527 103.89803120981867 164.91376064798936
1.2983860700638274 103.89803288434595 164.9137606479895
1.2983796144179218 103.89803461634908 164.91376064798936
1.2983728142536342 103.89803644078397 164.9137606479895
1.2983642887422837 103.89803872811696 164.9137606479895
1.2983559051202238 103.89804097738205 164.9137606479895
1.298350007304735 103.89804255972324 164.9137606479895
1.2983445742379995 103.89804401737565 164.9137606479895
1.2983370565346484 103.89804603432093 164.9137606479895
1.298330241784951 103.89804786266882 164.9137606479895
1.2983249664757783 103.89804927799598 164.9137606479895
1.2983191007759924 103.89805085172061 164.91376064798936
1.2983123772692755 103.89805265558861 164.9137606479895
1.2983048790278167 103.89805466731228 164.9137606479895
1.2982993077479812 103.89805616204613 164.9137606479895
1.298290623969736 103.89805849184062 164.91376064798936
1.2982837921903068 103.89806032475727 164.9137606479895
1.2982753059703958 103.89806260154823 164.91376064798936
1.2982684746161965 103.89806443435074 164.91376064798936
1.2982610391515215 103.89806642923166 164.9137606479895
1.2982532648530796 103.89806851501918 164.91376064798888
1.2982467714835377 103.89807025714279 164.9137606479895
1.2982380291012372 103.89807260266006 164.9137606479895
1.2982319901868076 103.89807422285662 164.9137606479895
1.298227367582556 103.89807546306753 164.9137606479895
1.2982223302572722 103.89807681454502 164.9137606479895
1.2982167376257112 103.89807831500711 164.9137606479895
1.298209365088973 103.89808029300472 164.9137606479895
1.2982041265347704 103.89808169847042 164.9137606479895
1.2981976793290169 103.89808342820842 164.91376064798942
1.29819195657703 103.89808496358081 164.91376064798962
1.2981842554353116 103.89808702974058 164.9137606479895
1.2981793227784044 103.89808835313622 164.9137606479895
1.2981731151074607 103.89809001860871 164.9137606479901
1.298165773983987 103.89809198817817 164.91376064798888
1.2981589203981578 103.89809382694484 164.9137606479895
1.2981507635494296 103.8980960153673 164.9137606479895
1.2981445025595264 103.8980976951448 164.9137606479895
1.2981370542135773 103.89809969348113 164.9137606479895
1.2981323707693024 103.89810095001471 164.9137606479895
1.2981238286295966 103.89810324180777 164.9137606479895
1.29811892877757 103.89810455640192 164.9137606479895
1.298113634711346 103.8981059767608 164.9137606479895
1.298107752746383 103.89810755484856 164.9137606479895
1.2981030431892113 103.89810881838795 164.91376064798942
1.298096946297659 103.89811045413889 164.91376064798942
1.2980921602535989 103.89811173819912 164.9137606479895
1.2980854560170485 103.89811353689619 164.91376064798942
1.2980808747070438 103.89811476602775 164.91376064798942
1.2980741575440498 103.89811656819285 164.9137606479895
1.2980657400732571 103.89811882653788 164.91376064798942
1.29805802134808 103.89812089741461 164.91376064798942
1.2980493482513893 103.89812322434213 164.91376064798936
1.2980421728769107 103.89812514944182 164.91376064798942
1.2980352274431757 103.89812701285011 164.91376064798936
1.2980287018044019 103.89812876363051 164.9137606479895
1.2980235798057116 103.89813013782467 164.91376064798962
1.2980182686746973 103.89813156276162 164.9137606479895
1.2980127169787101 103.89813305224034 164.9137606479895
1.2980054521446518 103.89813500134123 164.9137606479895
1.297997779189805 103.89813705993787 164.91376064798888
1.2979931576789026 103.89813829985479 164.91376064798942
1.297984371446281 103.8981406571355 164.9137606479895
1.2979769421366296 103.89814265036385 164.9137606479895
1.2979683719376656 103.89814494968427 164.91376064798996
1.297962545918875 103.89814651276157 164.9137606479895
1.2979569831622162 103.8981480052076 164.9137606479895
1.297952147598777 103.89814930255314 164.91376064798942
1.2979442809326491 103.89815141312081 164.9137606479895
1.2979368232934025 103.89815341394961 164.9137606479895
1.297929493051804 103.89815538059854 164.9137606479895
1.2979219420129433 103.89815740648568 164.91376064798942
1.2979140541857446 103.8981595227306 164.91376064798942
1.2979078427049964 103.89816118922428 164.91376064799005
1.2979027515193975 103.89816255515116 164.9137606479895
1.2978979921544018 103.89816383205306 164.9137606479895
1.2978896191482547 103.89816607846774 164.9137606479895
1.2978823306871736 103.89816803390706 164.91376064798942
1.2978755908210828 103.89816984216245 164.9137606479895
1.2978687493669023 103.89817167767313 164.9137606479895
1.2978643466586453 103.89817285888661 164.9137606479895
1.2978562565162657 103.89817502941088 164.9137606479895
1.2978498117617125 103.89817675849 164.91376064798936
1.2978418352268308 103.89817889853414 164.91376064798942
1.2978356428104068 103.89818055991277 164.9137606479895
1.2978291656579997 103.89818229768387 164.9137606479895
1.2978247558231566 103.89818348080928 164.9137606479895
1.2978169812953897 103.89818556665635 164.91376064798942
1.2978091943047885 103.89818765584707 164.91376064798936
1.2978046222895174 103.89818888248422 164.9137606479895
1.2977959813673612 103.89819120077826 164.91376064798942
1.2977874768531668 103.89819348247502 164.9137606479895
1.2977828218241307 103.89819473138405 164.9137606479895
1.297776143690859 103.8981965230766 164.9137606479895
1.2977703453931229 103.89819807871594 164.91376064798942
1.2977617323385005 103.89820038953317 164.91376064798942
1.29775624418918 103.89820186196198 164.9137606479895
1.297750821727488 103.89820331676727 164.9137606479895
1.2977432262442496 103.89820535457773 164.9137606479895
1.2977372381160175 103.89820696114704 164.91376064798942
1.2977307996303362 103.89820868854378 164.9137606479895
1.29772320976217 103.89821072484767 164.91376064798877
1.297718793466805 103.89821190970609 164.91376064798936
1.2977106996938066 103.89821408120376 164.9137606479895
1.2977021528965258 103.89821637424434 164.9137606479895
1.2976936335217584 103.89821865992765 164.91376064799005
1.297686421625015 103.89822059482452 164.9137606479895
1.2976820097473227 103.89822177849764 164.91376064798962
1.2976739032943825 103.89822395339706 164.91376064798936
1.2976657808985739 103.8982261325738 164.9137606479895
1.2976594291012025 103.89822783671246 164.91376064798942
1.2976535834603458 103.89822924641902 165.10773304749247
1.297645055993668 103.89823109594667 165.64383351670816
1.2976392565121695 103.89823235379986 166.0085049894511
1.297630756702924 103.89823419732879 166.54300928471957
1.2976257435797913 103.8982352846282 166.85824300367773
1.2976204690035344 103.8982364286343 167.18988129837905
1.2976118558444987 103.89823829674766 167.71071452937636
1.2976043909465058 103.89823991581395 167.71071452937636
1.297596593450881 103.89824160701751 167.71071452937645
1.2975888190660794 103.89824329320852 167.71071452937645
1.2975802417653866 103.89824515354441 167.71071452937636
1.2975715210793377 103.89824704497919 167.71071452937636
1.2975646167354316 103.89824854246639 167.71071452937645
1.2975582832515502 103.89824991613942 167.71071452937636
1.2975503491837106 103.89825163696403 167.7107145293763
1.2975444274086552 103.89825292134124 167.710714529377
1.2975397617652868 103.89825393327533 167.71071452937645
1.2975327750869994 103.89825544861998 167.71071452937696
1.2975280845709147 103.89825646594869 167.71071452937636
1.2975234315872053 103.89825747513696 167.7107145293771
1.2975151357061323 103.89825927443529 167.71071452937645
1.2975082736289858 103.89826076275504 167.71071452937636
1.2975012042804228 103.89826229603 167.71071452937696
1.2974966226829683 103.8982632897352 167.710714529377
1.297489292457491 103.89826487959184 167.71071452937636
1.2974804807253586 103.89826679077323 167.71071452937645
1.297473622356334 103.89826827828861 167.71071452937636
1.2974687335501118 103.89826933862443 167.71071452937645
1.2974629248855138 103.8982705984688 167.71071452937645
1.297458276616309 103.8982716066344 167.71071452937636
1.2974500372119109 103.89827339368318 167.71071452937636
1.297444488941663 103.89827459705043 167.7107145293763
1.29743600647703 103.89827643681663 167.7107145293771
1.2974272987524758 103.8982783254395 167.71071452937645
1.2974209355917796 103.89827970554872 167.710714529377
1.2974142525104824 103.89828115504562 167.71071452937636
1.2974080619589912 103.89828249771747 167.710714529377
1.2974009880051192 103.89828393451042 167.83133961782073
1.2973938137709724 103.89828488923094 168.57580374461816
1.2973873335033128 103.89828575160091 169.24869177221072
1.2973795432407447 103.89828678830015 170.0578824200631
1.2973725393185782 103.89828772035611 170.7854020402038
1.2973650458530184 103.89828871755866 171.5635047918767
1.2973604590153605 103.89828932795794 172.03953413674998
1.2973529489320665 103.89829032737185 172.3962476045357
1.2973479652773594 103.89829099057805 172.3962476045357
1.2973431122755434 103.89829163639745 172.39624760453566
1.297338217498328 103.89829228777614 172.3962476045357
1.297331737976447 103.89829315004673 172.3962476045357
1.2973267130436137 103.89829381874603 172.3962476045357
1.2973212659081317 103.89829454363046 172.3962476045357
1.2973128590969272 103.89829566237745 172.39624760453566
1.2973063179975068 103.89829653284248 172.3962476045357
1.2973018010487245 103.8982971339411 172.39624760453566
1.2972955656537093 103.89829796372409 172.39624760453626
1.297290879905256 103.89829858728592 172.3962476045357
1.2972841428868231 103.89829948382304 172.3962476045357
1.297278044454314 103.89830029537953 172.3962476045357
1.2972705592388716 103.89830129148386 172.3962476045357
1.2972657135180643 103.89830193633415 172.3962476045357
1.2972608509115606 103.89830258343153 172.3962476045357
1.2972552576247707 103.89830332776506 172.3962476045357
1.2972492135538305 103.89830359582614 173.06990848910962
1.2972438052289719 103.89830356707921 174.01163087215642
1.2972391747594127 103.89830354246682 174.8189405725591
1.2972319847396634 103.8983035042496 176.07360064327284
1.29722327565654 103.89830345795806 177.59359690109378
1.2972149761701612 103.89830341384366 179.0405285129196
1.297208004189945 103.89830337678535 180.25346410641683
1.2971991985166829 103.89830332998034 180.33145948957412
1.2971901930481524 103.89830328211333 180.33145948957412
1.297185601259902 103.89830325770646 180.33145948957477
1.2971793965486882 103.89830322472639 180.33145948957412
1.2971711272747053 103.89830318077244 180.33145948957412
1.2971628395847283 103.89830313672059 180.33145948957477
1.2971563379422733 103.89830310216215 180.33145948957477
1.297147882211251 103.89830305721705 180.33145948957477
1.2971390687017905 103.89830216072066 181.40924205054336
1.2971301591526925 103.89830045617431 183.519327037645
1.2971220207952578 103.89829889916989 185.45192429604796
1.297115425705897 103.89829763741854 187.01854275549255
1.297107587170566 103.89829613777508 188.8776423020845
1.297098659794908 103.89829442981815 190.92419709517
1.2970906076394384 103.89829288930557 190.9241970951701
1.2970841745343382 103.89829165854447 190.9241970951701
1.2970770575071129 103.89829029693759 190.9241970951701
1.2970690044802922 103.89828875625824 190.9241970951701
1.2970619775514736 103.89828741188869 190.92419709517065
1.2970549928752897 103.89828607560275 190.92419709517
1.2970477197942276 103.89828468414012 190.92419709517065
1.2970425147096207 103.89828368831994 190.9241970951701
1.297037629237293 103.89828275364697 190.92419709517
1.2970312664490538 103.89828153633862 190.92419709517068
1.297022807577706 103.89827991801434 190.92419709517006
1.2970152466165379 103.89827847147532 190.92419709517
1.2970069851656998 103.89827689092087 190.9241970951701
1.2970009427183302 103.89827573489909 190.9241970951701
1.296996180995624 103.89827482390146 190.92419709517
1.2969886868422786 103.89827339014388 190.92419709517006
1.2969802142454125 103.8982717691936 190.92419709517006
1.2969720523697579 103.8982702076895 190.9241970951701
1.2969663759061592 103.89826912168651 190.92419709517011
1.2969575125699968 103.8982674259812 190.92419709517006
1.2969529567373648 103.8982663021066 191.2380313055049
1.296947997057163 103.89826465515402 192.1075162289776
1.2969434881911612 103.89826315790252 192.89902333236003
1.29693511815013 103.89826037847719 194.3699497385267
1.2969289210213557 103.89825832060711 195.45941608902433
1.296920990270716 103.89825568705618 196.8527644332754
1.296912864324314 103.8982529886869 198.27777399674403
1.2969059746520546 103.8982507008451 198.50557221673645
1.296897552747577 103.8982479041975 198.50557221673665
1.2968919713365343 103.89824605078778 198.5055722167365
1.296883356447638 103.89824319005618 198.50557221673645
1.296877546077484 103.89824126061637 198.50557221673645
1.2968715118702816 103.89823925684738 198.50557221673645
1.296867023993121 103.89823776656557 198.50557221673665
1.296860779159497 103.89823569285421 198.50557221673665
1.2968524765171154 103.89823293580974 198.50557221673645
1.2968442139960652 103.89823019208832 198.50557221673665
1.2968359426588516 103.8982274454393 198.50557221673665
1.2968302906094302 103.89822556857277 198.50557221673603
1.296825269740057 103.89822390130115 198.50557221673603
1.2968179110960998 103.89822145772862 198.50557221673645
1.2968123820637094 103.89821962171213 198.50557221673645
1.2968070785254062 103.8982178605751 198.50557221673665
1.29680212951353 103.89821621716506 198.50557221673665
1.2967944115180372 103.8982116618298 200.91034511601075
1.2967885435204987 103.8982078482032 203.1774833862849
1.296784337805539 103.89820511489829 204.80798967745486
1.296778036753147 103.89820101982825 207.2532023345056
1.2967725331173412 103.8981974430013 209.38512890859482
1.2967668581920615 103.89819375485287 211.57316126000768
1.296762953838866 103.89819121740378 213.06926570355526
1.296757583635526 103.89818772729492 213.2141488990908
1.2967504578396754 103.89818309622203 213.21414889909053
1.2967450692269131 103.89817959414884 213.2141488990908
1.2967402959192618 103.89817649196407 213.21414889909053
1.296734306364989 103.89817259933747 213.2141488990908
1.2967289617333329 103.89816912584774 213.2141488990908
1.2967242409027864 103.89816605776795 213.21414889909025
1.2967196977366822 103.89816291604366 213.41459454237264
1.296715908005837 103.89816018012084 213.70397610782658
1.2967105867717275 103.89815633855886 214.11037794862287
1.2967053167502163 103.89815253396883 214.51291925250635
1.2966986855489124 103.89814774670141 215.01944214117944
1.2966934883203345 103.89814399466285 215.41639176420864
1.2966881006749056 103.89814010515653 215.82780378289246
1.2966815837736374 103.89813540040583 216.02737338510377
1.2966776170456162 103.89813253670332 216.027373385104
1.2966703754261977 103.89812730875641 216.02737338510377
1.2966636242055287 103.89812243484337 216.02737338510377
1.2966579130944933 103.89811831181736 216.02737338510366
1.2966541050958675 103.89811556270651 216.02737338510377
1.2966482741408538 103.89811135316145 216.0273733851035
1.2966438408480607 103.8981081526316 216.02737338510377
1.2966386369435048 103.8981043957735 216.0273733851035
1.29663483623837 103.89810165192804 216.02737338510377
1.2966302351778942 103.89809833028157 216.02737338510377
1.2966241022538163 103.89809202093684 217.96181927293958
1.2966203992811522 103.89808785232727 219.50630511286153
1.296616008644462 103.89808290958213 221.34272888696313
1.2966116225014268 103.89807797189572 223.17926173082182
1.2966085304639132 103.89807449104444 224.47308747551025
1.2966026998701203 103.89806792727227 226.9057905127274
1.2965987759227116 103.89806350990112 228.53422291640547
1.2965952779719376 103.89805957209435 228.59390572444696
1.2965907531307135 103.89805447826895 228.59390572444678
1.2965855419319372 103.8980486117788 228.59390572444678
1.2965815895634523 103.89804416241277 228.59390572444693
1.2965781278210693 103.8980402653675 228.59390572444653
1.2965741647509894 103.8980358039542 228.59390572444653
1.2965699973018334 103.89803111246184 228.59390572444653
1.29656505472115 103.8980255483677 228.59390572444636
1.296561583322685 103.89802164045217 228.59390572444696
1.296558292657848 103.89801793599695 228.59390572444644
1.2965545715262512 103.89801374694518 228.59390572444644
1.2965497883615995 103.89800836231315 228.59390572444696
1.2965455193573645 103.89800355649557 228.59390572444636
1.2965417211003722 103.89799928062016 228.59390572444653
1.2965364620257855 103.89799336023414 228.59390572444693
1.2965328476779632 103.89798929139391 228.59390572444636
1.2965277560621695 103.8979835595241 228.59390572444696
1.296521848445262 103.89797690904375 228.59390572444653
1.2965160166794787 103.89797034395257 228.59390572444678
1.2965117480016586 103.89796553850253 228.59390572444653
1.2965067079419486 103.8979598646719 228.59390572444678
1.29650277719034 103.89795543964122 228.59390572444693
1.296499640446976 103.89795190846273 228.59390572444636
1.2964952723185845 103.89794699105659 228.5939057244465
1.2964915473991994 103.89794279774088 228.59390572444644
1.2964867104717712 103.89793556498199 230.0946018951737
1.2964837616557252 103.89793102234744 231.12367328301485
1.2964806873417813 103.89792628638406 232.19775188632116
1.2964758417936375 103.89791882184439 233.89135636975718
1.2964730877162516 103.89791457920369 234.85337229068395
1.2964704878442692 103.89791057411554 235.76052237455855
1.2964675387687101 103.89790603108126 236.7877575233083
1.2964641285765979 103.89790077769955 237.2043802894873
1.2964604609917643 103.89789512780582 237.20438028948723
1.2964574308330215 103.89789045986342 237.20438028948718
1.2964547559974926 103.89788633929442 237.20438028948757
1.296451820667357 103.89788181743494 237.20438028948718
1.2964469244668018 103.89787427486574 237.2043802894874
1.2964443182043273 103.89787025993319 237.2043802894873
1.2964418163099176 103.89786640577906 237.2043802894873
1.2964389399185854 103.89786197471454 237.20438028948723
1.296434628398876 103.89785533284295 237.2043802894873
1.296429949458527 103.89784812496197 237.2043802894877
1.2964270636376294 103.89784367937132 237.2043802894873
1.2964234502896526 103.8978375361442 237.60067098959448
1.2964211040707097 103.89783119977864 239.47761796066658
1.2964182689591492 103.89782354307499 241.75693208914987
1.2964162684406986 103.89781814033282 243.36905186362398
1.2964139502290812 103.89781187960594 245.23730596376402
1.296412010547027 103.89780664116292 246.79785895436248
1.29640917031996 103.89779897064415 249.07353820810945
1.2964074726774055 103.89779438587026 249.8266234478572
1.2964055731528144 103.8977892558794 249.82662344785697
1.296403508663265 103.89778368037251 249.8266234478569
1.2964010271065867 103.89777697850462 249.8266234478572
1.2963982201339643 103.8977693977954 249.8266234478569
1.2963964896274378 103.89776472426684 249.8266234478572
1.2963942903730648 103.89775878480467 249.82662344785697
1.2963920004650447 103.89775260051685 249.8266234478572
1.2963889899022991 103.89774446997792 249.82662344785697
1.296386696929328 103.89773827741278 249.8266234478571
