-23946430
1.2999875357698272 103.90005671384559 239.75822523814102
1.2999845063539384 103.90005155611077 239.75822523814102
1.2999818683044722 103.90004706469725 239.75822523814168
1.2999773261785423 103.90003933149664 239.75822523814165
1.2999731236582754 103.90003217649199 239.75822523814168
1.299969117920906 103.9000253355603 239.7716946859836
1.299964889321281 103.90001810844045 239.78950435939944
1.2999613188801378 103.90001200618245 239.80454205686084
1.299957887803112 103.90000614211236 239.81899279194016
1.2999543295021263 103.90000006060319 239.83397935693668
1.299951087769872 103.89999452014321 239.84763262002363
1.299947640802792 103.89998862891538 239.85396381648115
1.2999445254247535 103.89998330440802 239.85396381648115
1.2999404573560687 103.89997635165257 239.85396381648115
1.2999370052832546 103.89997045169862 239.85396381648056
1.2999330074810194 103.89996361903596 239.85396381647993
1.2999288042267665 103.89995643523432 239.85396381648115
1.299925633417204 103.89995101598879 239.85396381648061
1.2999214739689584 103.89994390705625 239.85396381648115
1.29991807453853 103.89993809707379 239.85396381648115
1.2999147349203426 103.89993238931672 239.85396381648115
1.2999114997034398 103.89992685999239 239.85396381648056
1.2999077599096414 103.89992046829336 239.85396381648115
1.2999053787497687 103.89991639864192 239.85396381648115
1.2999021296074866 103.89991084551772 239.85396381648115
1.2998979229739398 103.89990365594078 239.85396381648115
1.299894853251241 103.89989840946347 239.85396381648115
1.2998924147954398 103.89989424188737 239.85396381648115
1.2998884160672588 103.89988740764252 239.85396381648115
1.2998844584615774 103.89988064368038 239.85396381648056
1.2998817617780336 103.89987603476611 239.85396381648056
1.2998776136116506 103.89986894511583 239.85396381648056
1.299874329975032 103.89986333303739 239.85396381648115
1.2998719802221264 103.8998593170639 239.85396381648115
1.2998681024994216 103.89985268963025 239.85396381648115
1.2998640258466398 103.89984572220432 239.85396381648061
1.2998599325269853 103.89983872629298 239.85396381648056
1.2998573679267247 103.89983434312298 239.85396381648115
1.2998543538796015 103.89982919180132 239.85396381648115
1.299851478795422 103.89982427798186 239.85396381648061
1.2998484756033906 103.89981914521269 239.85396381648056
1.299844069329089 103.8998116144293 239.85396381648115
1.2998411406250827 103.899806608968 239.85396381648115
1.2998378572273492 103.8998009972981 239.85396381648115
1.2998341970037697 103.89979474159345 239.85396381648115
1.2998305169168225 103.89978845194024 239.85396381648056
1.2998268125130925 103.89978212072715 239.85396381648115
1.2998226328773603 103.89977497729295 239.85396381648115
1.299820096459758 103.89977064229024 239.85396381648115
1.2998178024321385 103.89976672155736 239.85396381648115
1.2998141493910182 103.89976046704538 239.86106567884258
1.299810576832203 103.89975434057536 239.87426191039904
1.2998076428899397 103.89974930924902 239.8850992373178
1.2998046358396411 103.899744152552 239.89620660976922
1.2998001783610593 103.89973650856068 239.912671540175
1.2997972260921586 103.8997314458066 239.9235765608118
1.2997938790152277 103.89972570600855 239.93593991148512
1.2997910279232985 103.89972081675977 239.93771757172556
1.2997870583832345 103.89971400951914 239.93771757172505
1.2997843112282965 103.8997092985087 239.93771757172436
1.2997806811342314 103.89970307337349 239.93771757172496
1.2997763962196829 103.89969572530704 239.93771757172436
1.2997731886180368 103.89969022469097 239.93771757172505
1.2997690942371118 103.89968320336479 239.93771757172505
1.2997665584765052 103.89967885486799 239.93771757172496
1.299762983041543 103.89967272346608 239.93771757172436
1.2997594059916946 103.8996665892949 239.93771757172436
1.2997558874050976 103.89966055538055 239.93771757172436
1.2997533008577582 103.89965611979125 239.93771757172436
1.2997499447346412 103.89965036448046 239.93771757172436
1.2997464855201666 103.89964443238158 239.93771757172436
1.299742514266841 103.8996376222033 239.93771757172505
1.299739024929694 103.89963187396688 239.78717370425542
1.2997346097003866 103.89962484622758 239.4395382647252
1.2997314914786735 103.89961988294081 239.19400217210318
1.299729033910163 103.89961597121857 239.000481858884
1.2997257634395267 103.89961076559658 238.74295042706396
1.2997227351290095 103.89960594542188 238.50449660805663
1.2997185558527542 103.89959929325016 238.17544359289667
1.2997144818675432 103.89959280867069 238.05195992271234
1.2997101382543172 103.89958589492318 238.05195992271234
1.2997072993582897 103.8995813762404 238.05195992271234
1.2997040377145952 103.89957618466839 238.05195992271234
1.2997011246009316 103.89957154785316 238.05195992271234
1.299698539437853 103.89956743303821 238.05195992271234
1.2996948131947956 103.89956150196151 238.0519599227116
1.2996919445483874 103.899556935925 238.05195992271234
1.2996883512288508 103.89955121642328 238.0519599227116
1.2996853123545284 103.89954637943431 238.05195992271234
1.2996828558688727 103.89954246943584 238.05195992271234
1.29968007022445 103.89953803551401 238.05195992271234
1.2996768637604228 103.89953293177187 238.0519599227116
1.299673071335594 103.8995268953535 238.05195992271234
1.2996688408562185 103.89952016168192 238.05195992271234
1.299665755948155 103.89951525142097 238.0519599227118
1.2996610174460763 103.8995077091276 238.05195992271234
1.2996567009418305 103.89950083852997 238.05195992271197
1.2996528376046994 103.89949468924034 238.0519599227116
1.2996483795667428 103.89948759336295 238.05195992271234
1.2996443627889545 103.89948119984125 238.0519599227116
1.2996406103768923 103.89947522711158 238.05195992271234
1.2996368032527308 103.89946916729646 238.05195992271197
1.299634371885344 103.89946529727904 238.05195992271197
1.2996303139241103 103.89945883820556 238.05195992271197
1.2996261825232343 103.89945226223792 238.05195992271143
1.2996229025243082 103.89944692137298 238.13302920604318
1.2996186554500357 103.89943978507496 238.38704056536335
1.2996148048204539 103.8994333149173 238.61735341722587
1.2996114395870113 103.89942766036383 238.81863739414808
1.299607553215429 103.89942113014946 239.051089371564
1.2996042043852116 103.89941550315814 239.2513819602537
1.2996008661136476 103.89940989390841 239.4288437512534
1.2995982953106142 103.89940557422501 239.42884375125305
1.2995941725742275 103.89939864685037 239.4288437512534
1.2995897618991943 103.89939123565658 239.4288437512534
1.2995870300563364 103.89938664538037 239.428843751254
1.2995837248240403 103.89938109164615 239.4288437512534
1.2995801815246977 103.89937513789133 239.4288437512534
1.2995765467965859 103.89936903051007 239.4288437512534
1.299573535965857 103.89936397145463 239.4288437512534
1.2995694515269756 103.8993571084309 239.42884375125251
1.299566739412702 103.89935255130446 239.4288437512534
1.299564042937869 103.89934802045676 239.4288437512534
1.2995613364388132 103.8993434727655 239.4288437512534
1.2995588167534193 103.89933923897453 239.4288437512534
1.2995557706511573 103.89933412065294 239.4288437512534
1.2995520624148338 103.89932788975707 239.42884375125305
1.29954768770354 103.89932053899302 239.4288437512534
1.2995447481508156 103.89931559970513 239.42884375125305
1.2995412157517419 103.89930966426614 239.4288437512534
1.2995384507152103 103.89930501821532 239.4288437512534
1.29953550009478 103.89930006033059 239.428843751254
1.2995327009445974 103.89929535695913 239.42884375125305
1.2995296098209017 103.89929016298883 239.4288437512534
1.2995271455925554 103.8992860223817 239.42884375125305
1.2995229677031321 103.89927900233478 239.42884375125305
1.2995200319620979 103.89927406945176 239.4288437512534
1.2995166185934013 103.89926833401795 239.4288437512534
1.299512974429654 103.8992622107826 239.4288437512534
1.2995099459141328 103.89925712201202 239.4288437512534
1.2995069699921689 103.89925212161364 239.4288437512534
1.2995030198806008 103.8992454842987 239.42884375125305
1.2994999563734417 103.89924033673225 239.4288437512534
1.2994961230255877 103.89923372620375 239.53879720249824
1.2994928426675014 103.89922576223186 241.13321127333612
1.29948946793041 103.89921756912905 242.77746893601773
1.2994869362838755 103.89921142286055 244.01198807436592
1.2994847590542509 103.89920613703663 245.07341698639124
1.2994817698046655 103.89919887981091 246.52892219493498
1.2994788075402368 103.89919168809914 247.76818400455306
1.2994770485391196 103.89918741764006 247.76818400455306
1.2994744417895248 103.8991810890384 247.76818400455278
1.2994723546783407 103.89917602200195 247.76818400455278
1.2994705017201316 103.89917152343625 247.76818400455278
1.2994675740173025 103.89916441563244 247.76818400455278
1.2994646316629055 103.89915727225795 247.76818400455278
1.2994616577156493 103.89915005218317 247.76818400455278
1.2994585301150257 103.89914245907262 247.76818400455278
1.2994557337006647 103.89913567000785 247.7681840045525
1.2994530387426095 103.89912881147508 247.92071830968493
1.2994519918697445 103.8991234558581 249.28320559087678
1.2994510392678007 103.89911858251459 250.52710803369712
1.2994495347798196 103.89911088581952 252.4967330378889
1.2994481787017635 103.89910394836356 254.27402934268915
1.2994470984793811 103.89909842213659 255.68874991096197
1.2994458382917393 103.8990919752392 257.33552416764655
1.2994445945579625 103.89908561251696 258.95445170861916
1.299442962683268 103.89907726413446 259.0341508733841
1.2994418324623034 103.89907148212389 259.0341508733841
1.2994409440376167 103.89906693710032 259.03415087338396
1.2994395275948012 103.89905969082949 259.03415087338396
1.2994386546315044 103.89905522490376 259.03415087338396
1.2994377468499243 103.8990505808539 259.0341508733841
1.2994363094049122 103.89904322713976 259.03415087338396
1.299435256416068 103.89903784023538 259.03415087338396
1.2994344501611228 103.89902948012838 260.06513888287407
1.29943425155779 103.8990215065096 261.7637385965499
1.2994341211622529 103.89901627132959 262.8811326357477
1.299434005650796 103.89901163372286 263.8716053751541
1.299433808277392 103.89900370948607 265.5636234318344
1.2994336695173039 103.89899813848382 266.75152547331896
1.2994335279216633 103.89899245363901 267.9611013121068
1.2994333511190694 103.89898535529053 268.6073461360564
1.2994332297950124 103.89898048431924 268.6073461360564
1.2994334122051467 103.89897490002768 269.0146031875317
1.2994336820476644 103.89897006586646 269.5091990682996
1.2994340882744118 103.89896278841555 270.25414307041706
1.2994344727498524 103.89895590063352 270.95940565618173
1.299434966152787 103.89894706144194 271.8644250208424
1.2994353351208197 103.89894045147048 272.5409124770036
1.299435686024629 103.89893416511484 273.1838594222953
1.2994360207556324 103.89892816849076 273.19938356261696
1.2994364058684973 103.89892126928764 273.19938356261696
1.2994367615099112 103.89891489805804 273.19938356261696
1.2994371023197717 103.89890879253183 273.1993835626175
1.299437571776598 103.89890038232592 273.19938356261696
1.2994378369076203 103.8988956325673 273.19938356261696
1.2994380897843947 103.89889110234043 273.19938356261696
1.2994385536049906 103.89888279310512 273.19938356261696
1.2994389053325168 103.89887649199005 273.1993835626175
1.2994393002160316 103.89886941774535 273.19938356261696
1.2994397885998998 103.89886066846343 273.1993835626175
1.2994402481762377 103.8988524352611 273.19938356261696
1.299440511669763 103.89884771483614 273.19938356261696
1.2994408398566835 103.8988418354439 273.19938356261696
1.299441188268624 103.89883559372485 273.19938356261696
1.299441657413345 103.89882718910557 273.19938356261696
1.2994421462662935 103.89881843141741 273.1993835626175
1.299442574215917 103.89881076479783 273.19938356261696
1.2994429118349298 103.89880471643013 273.19938356261696
1.299443190643423 103.89879972163934 273.1993835626175
1.299443600975538 103.89879237063238 273.1993835626175
1.299443896011323 103.89878708513278 273.19938356261696
1.2994442454297208 103.89878082538073 273.19938356261696
1.2994445697414188 103.89877501540926 273.19938356261696
1.2994440812718873 103.89876774488711 272.0669420567149
1.2994436314312747 103.8987615869369 271.0603686199974
1.2994430153009549 103.89875315261686 269.6802979480921
1.2994425801283713 103.89874719546042 268.70535964726895
1.2994420732402616 103.89874025657737 267.57039913752055
1.2994415249876872 103.89873275144895 266.34458268448014
1.2994411933825387 103.89872821204638 265.8737126680086
1.2994405583456379 103.89871951891223 265.87371266800926
1.2994401030780227 103.89871328667235 265.87371266800926
1.2994395960599905 103.89870634601196 265.87371266800926
1.299439038570322 103.89869871443665 265.87371266800864
1.2994379571701347 103.89869078605254 265.23860744349594
1.2994366949888085 103.89868562937046 264.1164671288737
1.2994352706625574 103.8986798102402 262.84744328163816
1.299433568940309 103.8986728577998 261.3291439386238
1.299432064821717 103.89866671267546 259.98683021753794
1.2994307773793647 103.89866145278887 258.83881070483824
1.2994286411274076 103.89865272506374 256.93837240405685
1.2994274433680708 103.89864783158005 256.3564976171765
1.2994259069211136 103.89864155437739 256.3564976171764
1.2994244031818976 103.89863541080332 256.356497617177
1.2994228366304315 103.89862901060786 256.356497617177
1.2994210397266632 103.89862166930088 256.356497617177
1.2994196851312263 103.89861613505857 256.3564976171764
1.2994167513053914 103.8986077448685 255.27174773398434
1.2994136238312746 103.89859994916687 253.76568208971426
1.2994115474302894 103.8985947734238 252.7645406429477
1.2994097530968887 103.8985903007768 251.8991600384712
1.299407630535354 103.89858500997165 250.87576147991626
1.2994048385630155 103.89857805055901 249.53111550643544
1.2994026530798601 103.89857260291228 248.48063140431313
1.2993993563341948 103.89856438527599 248.2928758789785
1.299397014747288 103.89855854851714 248.2928758789781
1.2993937036315062 103.8985502950613 248.29287587897787
1.2993905765112577 103.89854250024213 248.29287587897866
1.2993874428456151 103.89853468910763 248.29287587897787
1.2993854236766382 103.89852965602431 248.29287587897787
1.299382252501434 103.89852175139167 248.29287587897787
1.2993795949561313 103.8985151270591 248.29287587897787
1.2993779158249028 103.89851094157122 248.2928758789785
1.2993757795611427 103.89850561661159 248.2928758789785
1.2993727397539712 103.89849803943378 248.2928758789785
1.2993707926911349 103.89849318608601 248.2928758789781
1.2993691169176185 103.89848900896783 248.29287587897787
1.2993661525042393 103.89848161972051 248.2928758789785
1.299363715402807 103.89847554487778 248.29287587897787
1.2993612495964475 103.89846939848371 248.29287587897866
1.2993587376131575 103.8984631369867 248.29287587897787
1.2993564016244368 103.89845731418274 248.29287587897815
1.2993545760885994 103.89845276375955 248.29287587897787
1.2993526187470517 103.89844788479077 248.2928758789785
1.2993495917864728 103.8984403396354 248.2928758789785
1.2993476286575347 103.89843544624075 248.2928758789785
1.2993439248724354 103.89842760229175 247.63725269316336
1.2993415836245514 103.89842275916197 247.168189746185
1.2993393561768716 103.89841815144052 246.7218212688853
1.2993360869688892 103.8984113887229 246.06661910810305
1.2993327022395087 103.89840438703655 245.3883396486687
1.299329597505051 103.89839796455064 244.76639722381165
1.2993272969723828 103.89839320564491 244.36976203490102
1.2993240878165047 103.89838642150679 244.45016233878218
1.2993216454953216 103.89838074199216 244.7965014486139
1.2993197120409063 103.89837624582569 245.07072395677554
1.2993168286886632 103.89836954071203 245.47971457716125
1.2993138387305228 103.8983625876909 245.90384239319795
1.2993103133469786 103.89835438956074 246.40387858400058
1.2993078127347588 103.89834857449291 246.75849544678792
1.2993047991125677 103.89834156644217 246.8901221906417
1.2993026638494738 103.8983372237341 246.57803999320248
1.299300057411778 103.89833297968633 245.6661985595266
1.2992958261198129 103.89832608989755 244.1829787917662
1.2992918428819473 103.89831960401392 242.78493287505998
1.2992888194644343 103.89831468100031 241.72365943357298
1.299285788119155 103.89830929270346 240.88906363769806
1.2992835958643811 103.89830512432754 240.4234343530389
1.299279665806482 103.8982976516748 240.0457288556255
1.299276858377449 103.89829231360021 240.5554875095058
1.2992729128683898 103.89828481156856 241.27186902799085
1.2992704927414973 103.89828020991432 241.71118897441326
1.2992677371250454 103.89827497035678 242.2112383014478
1.2992654368091794 103.8982705965125 242.43607974628236
1.299262572986767 103.89826515121106 242.43607974628236
1.2992590506639716 103.89825845383028 242.43607974628236
1.2992559978942477 103.89825264926256 242.43607974628236
