0
4
7
6
7
7
7
7
7
6
6
6
8
6
7
7
7
6
6
0
1
5
7
6
2
0
1
0
1
6
7
7
8
6
8
7
6
6
7
7
6
4.514150480333586e-05
0
4.514150593505382e-05
4.5141506516168235e-05
0
4.514150765513552e-05
6
6
7
4.6221018108588004e-05
4.541460258276647e-05
4
6
7
6
7
6
6
7
7
6
0
0
4.532434569015737e-05
7
6
1
5
4
4.531280452060073e-05
7
7
6
6
5
8
4.530627552968605e-05
3
0
4.529457393804456e-05
4.529457474159969e-05
4.5294575515179414e-05
0
0
3
6
7
6
8
7
7
8
7
6
8
6
7
7
7
6
6
6
7
8
7
7
7
6
6
7
6
6
7
6
7
6
7
6
7
6
7
6
7
6
6
7
7
6
8
6
7
8
7
6
7
6
8
6
6
7
6
7
6
6
7
6
7
7
7
7
6
7
6
8
7
7
7
7
6
7
6
7
6
6
7
7
7
7
7
6
7
6
7
7
5
7
7
6
6
7
5
1
4
7
6
7
6
7
6
7
6
6
7
6
7
6
7
7
7
6
2
1
0
7
7
7
7
6
6
6
