1057560070-AddedOffRampEdge
1.3340702584437671 103.8172338689063 44.28917072092851
1.3340735074134793 103.81723701486581 44.28917072092757
1.334077821610527 103.81724081183343 43.94155345199615
1.3340829856632501 103.81724527578035 43.451306992696885
1.3340879871856066 103.81724959923164 42.97638048809303
1.3340944621300255 103.81725519634885 42.36149017227992
1.3340985117431414 103.81725869694404 41.9769475582875
1.3341043482920971 103.81726374221498 41.42284014984619
1.334108598738237 103.81726741641569 41.05126054433033
1.3341145989273782 103.81727260314162 41.05126054433033
1.3341209342128935 103.81727807953396 41.0512605443299
1.3341277089438701 103.81728393579486 41.0512605443299
1.3341331922956658 103.81728867575265 41.05126054433033
1.3341378975357543 103.81729274308961 41.05126054433033
1.3341415615941734 103.81729591040093 41.05126054433033
1.3341479965650387 103.81730147296405 41.05126054433131
1.3341539795018424 103.81730664477668 41.05126054433033
1.3341602364502358 103.81731205345237 41.05126054433089
1.334164669328788 103.81731588535268 41.05126054433131
1.3341696943793104 103.8173202291425 41.0512605443299
1.3341750010869367 103.81732481640435 41.0512605443299
1.3341788509936945 103.81732814436808 41.05126054433033
1.3341835523966283 103.81733220838817 41.05126054433033
1.3341902308703157 103.81733798144181 41.05126054433033
1.3341954632927946 103.8173425044896 41.05126054433033
1.3342004807858232 103.81734684174656 41.05126054433033
1.3342049820317636 103.81735073274557 41.05126054433033
1.334209748766928 103.81735506327381 41.25341735930901
1.3342145043184253 103.8173597436818 41.801830644176675
1.334219231051673 103.81736439572693 42.34712091847507
1.334224173437043 103.81736926001662 42.9173956854766
1.3342296670032356 103.81737466677782 43.551260035416725
1.334235144937758 103.81738005815438 44.18316306597708
1.3342400538398216 103.81738488948989 44.749165920864186
1.3342460329087569 103.81739077408236 44.75581179437101
1.3342503791217541 103.81739505161997 44.75581179437101
1.3342560014141283 103.81740058507341 44.75581179437101
1.334260535575265 103.81740504758939 44.75581179437101
1.334266056973566 103.81741048174301 44.75581179437101
1.334272394839517 103.81741671946315 44.75581179437101
1.3342779915329717 103.8174222277222 44.75581179437101
1.3342829096767606 103.8174270681535 44.75581179437101
1.3342880337794811 103.81743211128936 44.75581179437101
1.3342934478520707 103.81743743981323 44.75581179437101
1.3342998423412582 103.81744373326197 44.75581179437101
1.3343059977362126 103.81744979139447 44.75581179437055
1.3343093013877725 103.81745304284448 44.75581179437101
1.3343153905994023 103.81745903583946 44.75581179437101
1.3343212837003948 103.81746483582259 44.75581179437055
1.3343272575480445 103.81747024542612 44.32978608795599
1.3343325975964258 103.81747423334792 43.17849785335675
1.3343372797412048 103.81747772995058 42.167472966320574
1.334344062322174 103.81748279514862 40.701614490674665
1.33434784542103 103.81748562034821 39.88397231418371
1.334354910984321 103.81749089687608 38.35820737650631
1.3343598911091865 103.81749461600882 37.284778251452835
1.3343640295005632 103.81749770653911 36.956851248673296
1.334369582950654 103.81750185382832 36.95685124867225
1.3343735851245975 103.81750484263212 36.956851248673296
1.3343772026760383 103.81750754420173 36.95685124867186
1.3343821434436551 103.81751123394268 36.95685124867186
1.3343892536713473 103.81751654382576 36.956851248673296
1.334396032602836 103.81752160629848 36.956851248673296
1.334400312232412 103.8175248023048 36.956851248673296
1.3344061272153325 103.81752914490548 36.956851248673296
1.334412324476836 103.81753377298993 36.95685124867186
1.3344179236360778 103.81753795441455 36.956851248672905
1.3344235744665784 103.81754217442702 36.956851248673296
1.3344291762600171 103.81754635781886 36.956851248673296
1.3344353457968348 103.81755096519869 36.956851248672905
1.3344407744140907 103.81755501926342 36.956851248673296
1.3344444833804954 103.81755778910134 36.956851248673296
1.334449459512829 103.817561571044 37.02394499473604
1.3344542160123902 103.81756614649676 38.06864835531378
1.3344595391116705 103.81757126698274 39.23970894107265
1.3344649569747618 103.81757647862554 40.432718132891814
1.3344708204493534 103.81758211891855 41.72391242691084
1.3344752675825773 103.81758639678043 42.70247592480495
1.3344815397886822 103.8175924302474 44.08034994432702
1.3344855861545406 103.81759632259634 44.1005326583375
1.3344912722728812 103.81760179228387 44.100532658337045
1.334496877752168 103.81760718440171 44.1005326583375
1.3345018273122689 103.81761194556665 44.100532658337045
1.3345065910178604 103.81761652795126 44.100532658337976
1.334510795035463 103.8176205719513 44.1005326583375
1.3345146090555282 103.8176242407983 44.10053265833843
1.334519935660797 103.81762936465695 44.1005326583375
1.3345263647287409 103.81763554901526 44.1005326583375
1.3345326669546738 103.81764161135959 44.100532658337045
1.334538955888821 103.81764766091804 44.10053265833843
1.3345430543498495 103.81765160337939 44.1005326583375
1.334546965193096 103.81765536536423 44.1005326583375
1.3345533247705816 103.81766148287717 44.1005326583375
1.334556960691646 103.81766498040423 44.10053265833843
1.334561126438313 103.81766898759014 44.100532658337045
1.3345649132637882 103.81767263027773 44.1005326583375
1.3345707385021652 103.81767823379016 44.10053265833843
1.334576434042265 103.81768371254104 44.100532658337976
1.3345823170182811 103.81768937159347 44.100532658337045
1.3345862860506912 103.81769318955271 44.1005326583375
1.334590722151532 103.81769745680236 44.1005326583375
1.3345967882035517 103.81770329196242 44.1005326583375
1.3346005759948132 103.8177069355791 44.100532658337045
1.3346046560470495 103.81771086033245 44.1005326583375
1.334610162937998 103.81771615761483 44.1005326583375
1.3346155872959449 103.81772137550564 44.1005326583375
1.3346206970716457 103.81772629078814 44.10053265833843
1.3346267572231076 103.81773212027232 44.100532658337045
1.3346323237679187 103.81773747493801 44.1005326583375
1.3346378203251454 103.81774276228005 44.1005326583375
1.3346421626807394 103.81774693935277 44.1005326583375
1.334646653319193 103.81775125906428 44.1005326583375
1.3346516182303945 103.81775603499636 44.10053265833843
1.3346549013166042 103.81775919311865 44.1005326583375
