1.3342587815340003 103.81838961244063 240.12077789882287 0.0 1.0
1.3342470554758705 103.81836935666136 240.12077789882287 2.6 2.0
1.3342245053640913 103.81833040324051 240.1207778988234 5.0 3.0
1.3342019552523225 103.81829144982075 240.12077789882287 5.0 4.0
1.3341794051405662 103.81825249640207 240.12077789882287 5.0 5.0
1.3341568550288208 103.81821354298445 240.12077789882287 5.0 6.0
1.334134304917087 103.81817458956795 240.12077789882287 5.0 7.0
1.334111754805365 103.81813563615248 240.1207778988234 5.0 8.0
1.3340892046936543 103.8180966827381 240.12077789882287 5.0 9.0
1.3340666545819553 103.8180577293248 240.12077789882287 5.0 10.0
1.334044176635042 103.81801878691435 240.19310341047105 5.0 11.0
1.3340229907868941 103.8179798648646 241.6221348694314 5.0 12.0
1.3339972045953135 103.81794368165022 234.72598056461715 5.0 13.0
1.333970559508434 103.81790796754932 233.4788911791475 5.0 14.0
1.3339439144217162 103.81787225344935 233.4788911791483 5.0 15.0
1.3339172693351606 103.81783653935038 233.4788911791483 5.0 16.0
1.333890449341675 103.81780096780375 233.18948462736537 5.0 17.0
1.3338513121716498 103.81778065780647 207.60549452254753 5.0 18.0
1.3338167663556924 103.81775343675261 218.4441325287681 5.0 19.0
1.3337885994838052 103.81771869026709 231.17837778352242 5.0 20.0
1.3337604326121266 103.8176839437825 231.17837778352242 5.0 21.0
1.3337322657406578 103.81764919729885 231.1783777835219 5.0 22.0
1.333704098869399 103.81761445081614 231.17837778352242 5.0 23.0
1.3336759319983482 103.8175797043344 231.17837778352242 5.0 24.0
1.3336460503197856 103.81754640431706 228.307813624167 5.0 25.0
1.333616114053361 103.81751315034644 228.216472054442 5.0 26.0
1.3335861777871993 103.8174798963767 228.21647205444287 5.0 27.0
1.3335562415212998 103.81744664240783 228.21647205444248 5.0 28.0
1.3335263052556623 103.81741338843986 228.216472054442 5.0 29.0
1.3334953846118922 103.81738107702819 226.47187906383564 5.0 30.0
1.3334630449184912 103.81735012437656 223.95650757917352 5.0 31.0
1.333430705225416 103.8173191717257 223.95650757917258 5.0 32.0
1.3333983655326667 103.81728821907564 223.95650757917352 5.0 33.0
1.3333660258402424 103.81725726642634 223.95650757917352 5.0 34.0
1.333332475156393 103.81722764424532 221.65229383204885 5.0 35.0
1.3332982389188306 103.81719877525543 220.34809524743352 5.0 36.0
1.3332640026816347 103.81716990626623 220.34809524743352 5.0 37.0
1.3332297664448058 103.81714103727771 220.3480952474331 5.0 38.0
1.333195530208343 103.81711216828985 220.34809524743352 5.0 39.0
1.3331612939722475 103.8170832993027 220.3480952474331 5.0 40.0
1.3331256316197904 103.81705621941246 217.41636018487335 5.0 41.0
1.3330895063912445 103.81702972021203 216.46517476703468 5.0 42.0
1.3330533811630947 103.81700322101217 216.46517476703525 5.0 43.0
1.3330172559353417 103.81697672181285 216.46517476703525 5.0 44.0
1.3329811307079862 103.8169502226141 216.46517476703525 5.0 45.0
1.3329450054810268 103.8169237234159 216.46517476703525 5.0 46.0
1.3329088802544649 103.81689722421827 216.46517476703525 5.0 47.0
1.3328723187161713 103.81687132519333 215.5143629723437 5.0 48.0
1.332835645850435 103.81684557930669 215.27176763846236 5.0 49.0
1.3327989729851013 103.8168198334206 215.27176763846236 5.0 50.0
1.3327623001201714 103.816794087535 215.2717676384629 5.0 51.0
1.3327256272556443 103.81676834164995 215.27176763846236 5.0 52.0
1.3326889543915208 103.81674259576539 215.27176763846236 5.0 53.0
1.3326522815278006 103.81671684988137 215.2717676384629 5.0 54.0
1.3326156086644838 103.81669110399785 215.27176763846236 5.0 55.0
1.3325789358015698 103.81666535811489 215.27176763846268 5.0 56.0
1.33254226293906 103.81663961223241 215.27176763846236 5.0 57.0
1.3325055900769534 103.81661386635047 215.27176763846236 5.0 58.0
1.3324689172152497 103.81658812046905 215.27176763846236 5.0 59.0
1.33243224435395 103.81656237458816 215.2717676384629 5.0 60.0
1.3323955714930533 103.81653662870777 215.27176763846236 5.0 61.0
1.3323588986325607 103.81651088282791 215.27176763846236 5.0 62.0
1.3323222257724705 103.81648513694857 215.27176763846268 5.0 63.0
1.332285552912785 103.81645939106974 215.27176763846236 5.0 64.0
1.3322488800535024 103.81643364519147 215.2717676384629 5.0 65.0
1.332212207194624 103.81640789931369 215.27176763846236 5.0 66.0
1.3321755343361483 103.81638215343641 215.27176763846236 5.0 67.0
1.332138861478077 103.81635640755968 215.27176763846236 5.0 68.0
1.3321010748802709 103.8163318978179 213.16516772692103 5.0 69.0
1.332062824487413 103.81630790284075 212.2945262147742 5.0 70.0
1.3320224689412703 103.81628769959947 206.76955133955542 5.0 71.0
1.3319811430716586 103.81626948609836 203.9485217178605 5.0 72.0
1.3319391038759558 103.81625289697978 201.68858811731002 5.0 73.0
1.331897578770969 103.81623506830216 203.39776391592565 5.0 74.0
1.331855974644944 103.81621953936029 200.61708778480715 5.0 75.0
1.3318134435671343 103.81620703126205 196.51596273696882 5.0 76.0
1.3317709124896324 103.81619452316363 196.51596273696956 5.0 77.0
1.3317269760246089 103.81618848406515 187.90377796731875 5.0 78.0
1.3316830390050265 103.81618244751958 187.90039143283926 5.0 79.0
1.3316390396712947 103.81618348731573 178.66500128327746 5.0 80.0
1.3315949721295286 103.81618849252978 173.50607378106733 5.0 81.0
1.3315519518190035 103.81619728580709 168.4028309721511 5.0 82.0
1.3315113265941076 103.81621497498399 156.36265012809628 5.0 83.0
1.3314722522688665 103.81623566875476 151.96884428249393 5.0 84.0
1.331434089029444 103.81625812759358 149.38933188252062 5.0 85.0
1.3313980193018753 103.81628325673863 144.98991496219642 5.0 86.0
1.3313667631374857 103.81631452565702 134.83123530540743 5.0 87.0
1.3313398487047974 103.81634879784859 127.99136397189079 5.0 88.0
1.3313211827064573 103.81638877566763 114.9145666429997 5.0 89.0
1.331305088648469 103.81642971349628 111.36357710161785 5.0 90.0
1.3312926449466556 103.81647201386701 106.3203729428495 5.0 91.0
1.3312829665322605 103.81651482520445 102.68712259134614 5.0 92.0
1.3312792724494928 103.81655874231977 94.80487155613035 5.0 93.0
1.3312807545227245 103.81660275601527 88.11128366850207 5.0 94.0
1.3312930899962403 103.81664449797184 73.66423605709345 5.0 95.0
1.3313101330327106 103.81668518273875 67.42972707980131 5.0 96.0
1.3313296495285878 103.8167247575812 63.92325330284784 5.0 97.0
1.3313533829771822 103.8167615122714 57.34413815013459 5.0 98.0
1.331382937774371 103.81679437384449 48.24364031669248 5.0 99.0
1.3314138967641242 103.81682592220119 45.75224857183843 5.0 100.0
1.3314478754412555 103.81685356843424 39.341341499149074 5.0 101.0
1.3314868922793777 103.81687452942246 28.427672126384714 5.0 102.0
1.331529137050868 103.81688595241648 15.25172136299923 5.0 103.0
1.331572981893021 103.8168926163889 8.72474488268902 5.0 104.0
1.3316168799866288 103.81689892639479 8.259437979878971 5.0 105.0
1.3316607574257622 103.81689909557821 0.2498475512957872 5.0 106.0
1.3317046120919758 103.81689249419539 351.4126081511939 5.0 107.0
1.3317460417706093 103.81687760403398 340.14085884063707 5.0 108.0
1.3317866243736873 103.81685981850966 336.22581437334065 5.0 109.0
1.331827820109991 103.81684352430976 338.3206003100885 5.0 110.0
1.3318693288600312 103.81682799145352 339.389844746202 5.0 111.0
1.3319061742271108 103.81680445597833 327.29085125742347 5.0 112.0
1.3319403981729632 103.81677642200235 320.52437760932264 5.0 113.0
1.331975822725655 103.81674990391276 323.0324778755073 5.0 114.0
1.3320112736628047 103.81672342163192 323.09017430271183 5.0 115.0
1.33204250100521 103.81669212428103 314.7787818733352 5.0 116.0
1.3320708878358987 103.81665845419734 309.9795141438633 5.0 117.0
1.3320965550726844 103.81662251238605 305.3849956219509 5.0 118.0
1.3321203917982953 103.8165854188001 302.58507189919953 5.0 119.0
1.3321421205165553 103.81654699883642 299.3602745873408 5.0 120.0
1.3321638492336019 103.81650857887244 299.36027458734054 5.0 121.0
1.3321846095964207 103.81646963487678 297.93585014220923 5.0 122.0
1.3322053082399021 103.81643065748162 297.8450735467896 5.0 123.0
1.3322260068821743 103.81639168008624 297.8450735467896 5.0 124.0
1.3322467055232368 103.81635270269058 297.8450735467896 5.0 125.0
1.3322674041630895 103.81631372529466 297.8450735467896 5.0 126.0
1.3322881028017328 103.8162747478985 297.8450735467893 5.0 127.0
1.3323088014391664 103.8162357705021 297.8450735467896 5.0 128.0
1.3323295000753903 103.81619679310543 297.8450735467896 5.0 129.0
1.332350198710404 103.81615781570851 297.8450735467896 5.0 130.0
1.3323708973442083 103.81611883831135 297.8450735467896 5.0 131.0
1.3323915959768027 103.81607986091392 297.8450735467896 5.0 132.0
1.3324122946081873 103.81604088351625 297.8450735467896 5.0 133.0
1.3324329950771467 103.8160019070824 297.847759222314 5.0 134.0
1.3324539881459294 103.81596309154095 298.27971953029254 5.0 135.0
1.3324762423264345 103.81592496966184 300.14191392570365 5.0 136.0
1.3324984965057256 103.81588684778237 300.14191392570365 5.0 137.0
1.3325207506838035 103.81584872590258 300.14191392570365 5.0 138.0
1.3325430048606675 103.81581060402246 300.14191392570405 5.0 139.0
1.3325652590363175 103.81577248214198 300.14191392570365 5.0 140.0
1.3325874789032297 103.8157343415688 300.09138469991916 5.0 141.0
1.3326078661344387 103.81569520248827 297.391222569609 5.0 142.0
1.3326282533644391 103.81565606340753 297.391222569609 5.0 143.0
1.332648640593231 103.81561692432653 297.3912225696093 5.0 144.0
1.3326690278208135 103.8155777852453 297.39122256960866 5.0 145.0
1.332689415047187 103.81553864616384 297.3912225696093 5.0 146.0
1.3327098022723523 103.81549950708212 297.3912225696093 5.0 147.0
1.332730944040568 103.81546077716713 298.50168886337616 5.0 148.0
1.332753044820099 103.81542256729581 299.9131264480096 5.0 149.0
1.3327751455984156 103.8153843574242 299.9131264480096 5.0 150.0
1.332799497335727 103.81534693610256 302.91288930072517 5.0 151.0
1.3328271849351208 103.81531178952908 308.0784195039975 5.0 152.0
1.3328564049069553 103.81527776301044 310.4992451497955 5.0 153.0
1.3328809781629332 103.8152403922497 303.18536142133627 5.0 154.0
1.33290300756274 103.81520129643529 299.2699992180769 5.0 155.0
1.3329237350420753 103.81516136033815 297.3069561828351 5.0 156.0
1.3329444625201543 103.81512142424079 297.3069561828357 5.0 157.0
1.3329651899969763 103.81508148814318 297.3069561828351 5.0 158.0
1.3329859174725418 103.81504155204533 297.30695618283596 5.0 159.0
1.3330066449468505 103.81500161594722 297.3069561828351 5.0 160.0
1.3330273724199018 103.81496167984886 297.3069561828357 5.0 161.0
1.3330480998916965 103.8149217437503 297.3069561828351 5.0 162.0
1.3330688273622342 103.81488180765146 297.30695618283596 5.0 163.0
1.3330895548315156 103.81484187155239 297.3069561828357 5.0 164.0
1.33311028229954 103.81480193545308 297.3069561828351 5.0 165.0
1.3331290837238745 103.81476150664146 294.82752102937343 5.0 166.0
1.3331354591638946 103.8147181742595 278.34439307967216 5.0 167.0
1.3331510627190613 103.81467615470123 290.2794029770853 5.0 168.0
1.3331675311372633 103.8146342421371 291.35325070025124 5.0 169.0
1.3331839995542434 103.81459232957296 291.35325070025135 5.0 170.0
1.333200467970001 103.8145504170088 291.35325070025124 5.0 171.0
1.333216120575071 103.81450820414403 290.2524203420821 5.0 172.0
1.3332311112852453 103.81446574763531 289.35929838545815 5.0 173.0
1.3332461019942181 103.81442329112664 289.35929838545826 5.0 174.0
1.3332610927019892 103.81438083461804 289.3592983854588 5.0 175.0
1.3332760834085593 103.8143383781095 289.35929838545826 5.0 176.0
1.3332910741139277 103.81429592160103 289.35929838545815 5.0 177.0
1.3333060648180948 103.8142534650926 289.35929838545815 5.0 178.0
1.3333210555210593 103.81421100858427 289.3592983854589 5.0 179.0
1.3333360462228234 103.81416855207596 289.3592983854588 5.0 180.0
1.3333510369233854 103.81412609556772 289.35929838545815 5.0 181.0
1.3333645217613508 103.81408314465716 287.3525517337214 5.0 182.0
1.3333779425454013 103.81404017271707 287.26721095233216 5.0 183.0
1.3333913633282757 103.81399720077708 287.26721095233154 5.0 184.0
1.333404784109974 103.81395422883726 287.26721095233216 5.0 185.0
1.3334182048904968 103.81391125689757 287.2672109523314 5.0 186.0
1.3334316299463491 103.81386828627687 287.2728764552394 5.0 187.0
1.3334450569211838 103.81382531624847 287.2754202758652 5.0 188.0
1.3334584838948425 103.81378234622021 287.2754202758651 5.0 189.0
1.3334719108673243 103.8137393761921 287.27542027586446 5.0 190.0
1.3334858939799454 103.81369658335825 288.01438812176946 5.0 191.0
1.3335001214450914 103.81365386837892 288.3390636888479 5.0 192.0
1.3335143489090477 103.81361115339968 288.3390636888472 5.0 193.0
1.3335285763718134 103.81356843842053 288.33906368884715 5.0 194.0
1.3335431831035056 103.81352585156688 288.84592102014005 5.0 195.0
1.3335581091716076 103.81348337259224 289.2726828099641 5.0 196.0
1.3335730352385091 103.8134408936177 289.2726828099641 5.0 197.0
1.333587961304209 103.81339841464317 289.2726828099641 5.0 198.0
1.3336028873687082 103.81335593566871 289.2726828099642 5.0 199.0
1.333615957344122 103.8133128632317 286.8053214110898 5.0 200.0
1.3336287670390674 103.81326970757355 286.4594280236425 5.0 201.0
1.3336415767328482 103.81322655191558 286.45942802364243 5.0 202.0
1.3336543864254635 103.81318339625776 286.45942802364243 5.0 203.0
