660095068
1.3509731165692185 103.77014937578603 172.4832017854512
1.3509644717719644 103.77015051358029 172.48320178545188
1.3509571691376931 103.77015147472427 172.48320178545188
1.3509525532315574 103.7701520822517 172.4832017854512
1.3509469422228175 103.77015282075055 172.4832017854512
1.3509422262939128 103.77015344144253 172.4832017854518
1.3509349657564056 103.77015439704584 172.4832017854518
1.350927618980983 103.77015536399942 172.48320178545126
1.3509229995952063 103.77015597198475 172.4832017854518
1.350916949723546 103.77015676824495 172.48320178545188
1.350909608403455 103.77015773448043 172.48320178545188
1.3509050592313059 103.77015833322449 172.4832017854518
1.3508997243554752 103.7701590353797 172.4832017854518
1.3508947212176952 103.77015969387286 172.48320178545188
1.3508886583216653 103.77016049184718 172.4832017854518
1.3508818233118605 103.77016139144405 172.4832017854518
1.3508729027921185 103.77016256552741 172.4832017854512
1.3508668377871003 103.77016336377925 172.4832017854518
1.350859321870592 103.77016435299427 172.4832017854518
1.3508532436114637 103.77016515299051 172.4832017854518
1.350846157818524 103.77016608559434 172.4832017854512
1.35084075501919 103.77016679668922 172.48320178545188
1.3508324827566216 103.7701678854514 172.4832017854518
1.3508264718005452 103.7701686765894 172.48320178545126
1.3508198592856193 103.77016954690218 172.4832017854518
1.3508117874030032 103.77017060929107 172.4832017854518
1.3508059328765072 103.77017137984036 172.48320178545188
1.350801121447104 103.77017201310142 172.4832017854518
1.350796139097146 103.77017266885834 172.48320178545188
1.3507892270827735 103.77017357858992 172.4832017854512
1.3507817823463066 103.77017455843621 172.48320178545188
1.3507756862617912 103.77017536077835 172.48320178545126
1.3507700271564314 103.770176105607 172.48320178545188
1.3507639393627262 103.77017690685788 172.4832017854518
1.3507585929957584 103.77017761052517 172.4832017854518
1.3507519277508406 103.77017848777783 172.4832017854512
1.3507452039927457 103.77017937273175 172.4832017854518
1.3507372050320483 103.77018042552264 172.4832017854518
1.3507298847643694 103.77018138898666 172.48320178545188
1.3507252615356504 103.77018199747732 172.4832017854518
1.3507201845233345 103.77018266569313 172.4832017854518
1.3507125982383406 103.77018366416921 172.48320178545188
1.3507079041073806 103.77018428199169 172.4832017854512
1.3507012401776035 103.77018515907109 172.4832017854512
1.3506949855522914 103.77018598227947 172.4832017854512
1.3506886347701546 103.7701868181436 172.4832017854512
1.3506840086505196 103.77018742701468 172.4832017854518
1.350677692174194 103.77018825836358 172.48320178545188
1.350670023979756 103.7701892676201 172.4832017854518
1.3506619068114158 103.77019033596869 172.4832017854512
1.3506560324763446 103.77019110912471 172.4832017854518
1.350650972895149 103.77019177504613 172.48320178545188
1.350646452338618 103.77019237002332 172.4832017854518
1.3506409067279026 103.77019309991393 172.4832017854512
1.3506324528906404 103.7701942125734 172.48320178545188
1.3506261425547874 103.77019504311399 172.48320178545126
1.3506174921974765 103.77019618163854 172.48320178545188
1.3506114944536225 103.77019697103701 172.48320178545188
1.350606899627699 103.77019757578913 172.48320178545126
1.3505989948001367 103.77019861619006 172.48320178545188
1.3505940184438494 103.77019927115762 172.48320178545188
1.3505860628331403 103.77020031824237 172.48320178545188
1.3505785720932555 103.77020130414272 172.4832017854512
1.3505701818704132 103.77020240842927 172.48320178545126
1.3505652185728272 103.77020306167802 172.48320178545188
1.3505580080399588 103.77020401069859 172.4832017854518
1.3505521594304475 103.77020478046843 172.4832017854518
1.3505460701855232 103.77020558190968 172.48320178545188
1.3505374529615168 103.77020671607305 172.4832017854518
1.3505320835443608 103.77020742277348 172.48320178545188
1.3505235209650606 103.7702085497447 172.4832017854518
1.3505170447441752 103.77020940211803 172.4832017854518
1.3505101380208415 103.77021031115227 172.4832017854512
1.3505032284116825 103.77021122056634 172.4832017854518
1.3504981842193275 103.77021188446194 172.48320178545126
1.3504922610040933 103.7702126640509 172.48320178545188
1.350484550924653 103.77021367881946 172.48320178545126
1.3504788213465484 103.77021443292267 172.48320178545126
1.350472330109279 103.77021528727224 172.4832017854512
1.3504666622843688 103.7702160332477 172.4832017854512
1.350459160082237 103.77021702065623 172.48320178545126
1.3504539436060436 103.77021770722702 172.48320178545188
1.3504492517574642 103.77021832474853 172.48320178545126
1.3504438469736169 103.77021903610355 172.4832017854512
1.350437508682373 103.7702198703229 172.4832017854512
1.3504324115942576 103.7702205411803 172.4832017854512
1.3504249393469667 103.77022152464617 172.48320178545188
1.3504195561363186 103.77022223316176 172.48320178545126
1.3504131304814588 103.77022307887947 172.4832017854512
1.3504068194049734 103.77022390951684 172.48320178545188
1.3504001055428776 103.77022479316713 172.48320178545126
1.3503933776868247 103.77022567865924 172.48320178545188
1.3503875474313718 103.77022644601291 172.4832017854518
1.3503812612816068 103.77022727336944 172.4832017854512
1.3503749788038164 103.77022810024269 172.4832017854518
1.3503690697202289 103.77022887797132 172.4832017854518
1.3503603144302407 103.77023003030561 172.4832017854518
1.3503555548099722 103.77023065674672 172.4832017854518
1.3503484324115076 103.77023159416667 172.4832017854518
1.3503420583722419 103.77023243309074 172.4832017854518
1.350334938934996 103.7702333701209 172.4832017854518
1.3503282985354177 103.77023424410214 172.48320178545188
1.3503217550328703 103.77023510533017 172.4832017854512
1.3503163651287302 103.77023581472649 172.48320178545188
1.3503113062037102 103.7702364805607 172.4832017854518
1.3503054415576938 103.77023725244048 172.4832017854518
1.350297051102946 103.77023835675644 172.48320178545126
1.3502914708203586 103.77023909120948 172.4832017854512
1.350286363717437 103.7702397633846 172.4832017854518
1.3502791481880987 103.7702407130618 172.48320178545126
1.3502707785352128 103.77024181463979 172.48320178545188
1.350265074288301 103.77024256540841 172.4832017854512
1.3502581649999499 103.77024347477942 172.48320178545188
1.3502507112918765 103.77024445580459 172.4832017854512
1.3502418912478964 103.770245616661 172.48320178545188
1.350236838081149 103.77024628173717 172.4832017854518
1.3502280639253899 103.77024743655393 172.4832017854512
