703350195
1.390888766686437 103.76439617301716 124.62721289734321
1.3908843308027659 103.76440140104448 126.75882876647674
1.3908798590889666 103.76440502613433 129.92690087250185
1.3908757824534566 103.76440718494227 133.55341500885444
1.3908680698303477 103.76441126921026 137.95642057842076
1.390861712643971 103.76441463569815 141.47025168486698
1.3908570710272057 103.76441709369536 144.03542246488598
1.3908513621657779 103.76442011685866 147.17310711325152
1.3908459943871017 103.76442295939941 150.09053924392336
1.390839536828793 103.76442590559904 152.5070673106165
1.390833302489064 103.76442789854974 153.9844918873154
1.3908271400931667 103.76442986850188 155.44894049330136
1.3908227242004045 103.76443128014395 156.4997730784513
1.3908164357190849 103.76443329040218 157.9967248881284
1.3908086233410426 103.76443578780913 159.85447345214678
1.390803760621988 103.7644373422895 161.0081182095738
1.3907991136885909 103.76443882778896 162.10761332698556
1.390791692669122 103.76444053054117 163.00924936876035
1.3907869508392487 103.76444101324317 164.2690838620713
1.3907780350818957 103.76444192083665 166.6472094992129
1.3907731544238597 103.76444241767084 167.95181939228172
1.3907685303345079 103.76444288838722 169.18809562291227
1.3907630887711278 103.76444344231965 170.64164961171718
1.3907570682113968 103.76444405519184 172.2461151272869
1.3907492823472627 103.76444484776596 174.18033450327763
1.3907439983095418 103.76444504391691 174.6139677203398
1.3907358429828833 103.76444512794097 175.56155891908435
1.3907306859642674 103.76444518107357 176.16115298356684
1.3907248785703967 103.76444524090692 176.83652766937166
1.3907170178038475 103.7644453218961 177.75065287442513
1.3907091288429942 103.76444540317573 178.6675740527168
1.390701817120623 103.76444547850808 179.4358960804794
1.390696894059082 103.76444552923013 179.4358960804794
1.390692052762725 103.76444557910979 179.4358960804794
1.3906845277899669 103.7644456566392 179.4358960804794
1.3906775406839476 103.76444572862697 179.4358960804794
1.3906717895391243 103.76444578788069 179.43589608047816
1.3906651039279243 103.76444585676214 179.4358960804794
1.390656526574459 103.76444594513409 179.43589608047816
1.390648416764979 103.76444602868891 179.4358960804794
1.3906412264168648 103.76444610277059 179.43589608047816
1.390632928035194 103.76444618826822 179.4358960804794
1.3906261348681734 103.76444625825772 179.4358960804794
1.390619103097452 103.76444633070551 179.4358960804794
1.3906121415170343 103.76444640243012 179.4358960804794
1.3906068011844164 103.76444645745114 179.43589608047816
1.3905984213860718 103.76444654378747 179.4358960804794
1.3905907961301358 103.76444662234982 179.4358960804794
1.390584936730382 103.76444668271868 179.4358960804794
1.3905790636648128 103.76444674322835 179.43589608047816
1.390574301824581 103.76444679228915 179.4358960804794
1.390568631088781 103.7644468507142 179.4358960804794
1.3905603050687436 103.76444693649636 179.4358960804794
1.3905547380194228 103.7644469938531 179.43589608047816
1.390546745812142 103.76444707619596 179.4358960804794
1.3905405619452964 103.76444713990767 179.4358960804794
1.3905317893343805 103.76444723029094 179.4358960804794
1.3905241982790195 103.7644473085007 179.43589608047816
1.3905157774817094 103.76444739525921 179.43589608047816
1.3905099022320888 103.76444745579123 179.4358960804794
1.390502473517076 103.76444753232836 179.4358960804794
1.390496998158825 103.7644475887403 179.43589608047816
1.3904897316227933 103.76444766360649 179.4358960804794
1.3904844012450341 103.7644477185247 179.4358960804794
1.390476256669784 103.76444780243719 179.4358960804794
1.3904691870465427 103.76444787527457 179.4358960804794
1.3904646336719364 103.76444792218737 179.43589608047816
1.3904574747032101 103.76444799594523 179.43589608047816
1.3904520193531194 103.76444805215094 179.4358960804794
1.390446468151579 103.76444810934417 179.4358960804794
1.3904394461312561 103.76444818169101 179.4358960804794
1.3904342405327894 103.76444823532353 179.4358960804794
1.3904263011212121 103.76444831712209 179.43589608047947
1.390421234265851 103.76444836932514 179.4358960804794
1.3904155235987439 103.76444842816124 179.43589608047816
1.3904106800652205 103.7644484780634 179.4358960804794
1.3904048567702558 103.7644485380599 179.43589608047947
1.3903978308893972 103.76444861044642 179.43589608047816
1.390390922620253 103.76444868162119 179.4358960804794
1.3903857517325953 103.76444873489598 179.4358960804794
1.390378428115681 103.76444881034998 179.4358960804794
1.3903697273668412 103.76444889999229 179.43589608047816
1.390364205572679 103.76444895688238 179.4358960804794
1.390358298568599 103.76444901774119 179.4358960804794
1.390351006764305 103.76444909286732 179.43589608047816
1.3903440530240079 103.76444916451045 179.43589608047816
1.3903359190432591 103.76444924831334 179.4358960804794
1.3903277387076303 103.76444933259381 179.4358960804794
1.3903214847107586 103.76444939702755 179.4358960804794
1.390315245126191 103.7644494613128 179.4358960804794
1.3903086805687652 103.76444952894614 179.43589608047947
1.3902999305595614 103.76444961909574 179.4358960804794
1.3902910071155699 103.7644497110322 179.4358960804794
1.3902837211936243 103.76444978609754 179.4358960804794
1.390278242545076 103.76444984254293 179.43589608047816
1.3902723248488842 103.7644499035117 179.4358960804794
1.3902657340710307 103.76444997141509 179.43589608047816
1.3902573467897805 103.76445005782746 179.4358960804794
1.3902492476069213 103.76445014127155 179.43589608047947
1.3902444712714144 103.7644501904811 179.4358960804794
1.390239687410844 103.76445023976815 179.43589608047816
1.3902306630780228 103.76445033274382 179.4358960804794
1.390225256691882 103.76445038844457 179.4358960804794
1.3902169436844056 103.76445047409157 179.4358960804794
1.390210093793623 103.76445054466441 179.4358960804794
1.3902043966514752 103.76445060336071 179.43589608047947
1.39019734201511 103.76445067604297 179.43589608047947
1.390192360570297 103.76445072736558 179.4358960804794
1.3901878363049274 103.76445077397801 179.43589608047816
1.3901796528401853 103.76445085829023 179.43589608047816
1.3901711266083294 103.76445094613389 179.43589608047816
1.3901639754900919 103.76445101981007 179.4358960804794
1.3901576349276739 103.76445108513526 179.4358960804794
1.3901520825751863 103.76445114233972 179.43589608047816
1.3901447568416982 103.7644512178149 179.4358960804794
1.3901399251648499 103.7644512675944 179.43589608047947
1.3901316025468666 103.76445135334014 179.4358960804794
1.390123801941473 103.76445143370769 179.43589608047947
1.390116699269547 103.76445150688461 179.4358960804794
1.390109326867633 103.76445158284046 179.43589608047816
1.3901035026397917 103.76445164284588 179.43589608047947
1.39009733385153 103.76445170640122 179.43589608047947
1.3900892536430964 103.76445178964933 179.43589608047816
1.3900806968695671 103.76445187780736 179.43589608047816
1.3900727827911996 103.76445195934383 179.43589608047816
1.3900646726779384 103.7644520429 179.4358960804794
1.3900599985160984 103.76445209105653 179.4358960804794
1.3900538502389286 103.76445215440043 179.43589608047816
1.390046597287008 103.76445222912545 179.4358960804794
1.3900388566901227 103.7644523088745 179.43589608047816
1.3900334462776236 103.76445236461636 179.4358960804794
1.390025048964144 103.76445245113132 179.4358960804794
1.3900160160959387 103.76445254419417 179.4358960804794
1.390007072440206 103.7644526363379 179.43589608047816
1.3900010202786348 103.76445269869143 179.43589608047816
1.3899948129942996 103.7644527626431 179.4358960804794
1.3899896692615137 103.76445281563736 179.4358960804794
1.3899815907136168 103.76445302653444 179.27310967494725
1.3899763503100162 103.76445326426175 179.03880461069886
1.389969372919777 103.76445358078625 178.72680620146855
1.3899620202043699 103.76445391433708 178.39800593651898
1.3899572990385023 103.76445412850951 178.18688346011
1.3899515616564915 103.76445438878186 177.93032682221659
1.389942867891715 103.7644547831684 177.54161181520882
1.3899351720261064 103.76445513228592 177.41587057571985
1.389929068491313 103.76445540916846 177.41587057572113
1.3899228567336508 103.76445569096046 177.41587057571985
1.389914667700995 103.7644560624501 177.41587057571985
1.389907417183459 103.76445639136465 177.41587057571985
1.3899020393774864 103.76445663532495 177.41587057572116
1.3898934911819703 103.76445702310767 177.41587057571985
1.3898860857781459 103.76445735904846 177.41587057572116
1.389880870989175 103.76445759561358 177.41587057571985
1.3898739225109404 103.76445791082621 177.41587057571985
1.389867934820373 103.76445818245342 177.41587057571985
1.389859391498345 103.76445857001495 177.41587057572116
1.3898515510295748 103.76445892569204 177.41587057572113
1.3898455090507589 103.76445919978192 177.41587057572113
1.3898403118375176 103.76445943554964 177.41587057571985
1.389834753532607 103.764459687698 177.41587057571985
1.3898282191562938 103.76445998412511 177.41587057571985
1.389823413227272 103.76446020214247 177.41587057571985
1.3898181505885305 103.7644604408781 177.41587057571985
1.3898093533643738 103.76446083995754 177.41587057571985
1.3898019851827206 103.76446117420952 177.41587057571985
1.389797307504897 103.76446138640881 177.41587057571985
1.3897891415552086 103.76446175685086 177.41587057571985
1.3897831218648844 103.76446202992953 177.41587057571985
1.3897783035753315 103.76446224850751 177.41587057571985
1.3897736406151417 103.76446246003911 177.41587057571985
1.3897661704136868 103.76446279891901 177.41587057571985
1.3897591581419786 103.76446311702529 177.41587057571985
1.3897506035025349 103.76446350509984 177.41587057571985
1.3897428151861582 103.76446385841072 177.41587057572116
1.389736947030039 103.76446412461499 177.41587057571985
1.389729040769983 103.76446448327626 177.41587057572116
1.3897233273112606 103.7644647424628 177.41587057572116
1.3897175281888061 103.76446500553537 177.41587057571982
1.389711470923438 103.7644652803184 177.41587057572116
1.3897056243674637 103.76446554554273 177.41587057571985
1.3897003706611064 103.76446634638765 176.69880698859964
1.3896936704847331 103.76446752937984 175.57643813600464
1.3896880379649856 103.76446852386513 174.6317557018815
1.389679438579072 103.7644700421843 173.18865299489866
1.3896744872212645 103.76447091640267 172.35791083736075
1.3896668099323388 103.76447227191508 171.07103886892665
1.389661264005401 103.76447325111134 170.14299130362915
1.3896532315875298 103.76447466932574 169.95378538998025
1.389646627228637 103.76447583540013 169.95378538998025
1.3896415168229836 103.76447673770011 169.95378538998025
1.3896341688209126 103.76447803507305 169.95378538998025
1.3896283578752453 103.7644790610613 169.95378538998025
1.3896212300791153 103.76448031955434 169.95378538998025
1.3896129063165563 103.76448178920876 169.95378538998025
1.3896057737992198 103.76448304853533 169.953785389979
1.3895995158840335 103.76448415344099 169.953785389979
1.3895918589930716 103.7644855053516 169.95378538998025
1.3895847300436832 103.76448676404814 169.95378538998025
1.3895759051283705 103.76448832218657 169.95378538998025
1.3895705072751248 103.76448927523847 169.953785389979
1.38956367383928 103.76449048175868 169.95378538997898
1.3895562678184856 103.76449178937519 169.953785389979
1.3895491423748345 103.7644930474526 169.95378538998025
1.3895445379413447 103.76449386041725 169.95378538998025
