262190480#1
1.3891874625098835 103.75960472767305 250.86739425366144
1.3891845914940473 103.75959651877872 250.86739425366156
1.3891821279540326 103.7595894749515 250.86739425366156
1.3891805515054072 103.7595849675225 250.86739425366144
1.3891778224996418 103.75957716466777 250.86739425366144
1.3891760531289936 103.75957210563044 250.86739425366156
1.3891739958150213 103.75956622329701 250.86739425366156
1.3891717077615877 103.75955968122646 250.86739425366156
1.3891697398459033 103.7595534511251 251.11928063204365
1.3891675095261895 103.75954603099983 251.55483234411042
1.389164986972442 103.75953763863147 252.04753156728026
1.3891624791121477 103.75952929514733 252.53737378847637
1.3891608052561304 103.75952372633989 252.8642876297702
1.3891588065431888 103.75951707675522 253.25458388152592
1.389157479331776 103.75951266121135 253.40161836591884
1.3891555331091638 103.75950618625856 253.40161836591884
1.3891535316557349 103.75949952755659 253.40161836591884
1.389151913362604 103.75949414360338 253.40161836591884
1.38914958181539 103.75948638670154 253.40161836591895
1.3891476243663543 103.7594798743994 253.40161836591875
1.3891462521506983 103.75947530912966 253.40161836591884
1.389144714571775 103.75947019370739 253.40161836591884
1.3891428579548704 103.75946401686713 253.40161836591895
1.389140858805038 103.75945736582943 253.40161836591884
1.3891395132819564 103.75945288936421 253.40161836591884
1.3891371391993788 103.75944499095046 253.40161836591884
1.3891354919504098 103.75943951066351 253.40161836591884
1.3891330618577866 103.75943142590822 253.40161836591884
1.3891312083141383 103.75942525929278 253.40161836591895
1.3891297677580117 103.75942046665918 253.40161836591884
1.3891281732965037 103.75941516199273 253.40161836591895
1.3891266908126108 103.75941022986831 253.40161836591884
1.3891242644787516 103.7594021576185 253.40161836591895
1.3891221598444696 103.75939515564163 253.40161836591884
1.3891204609525405 103.75938950354235 253.40161836591884
1.3891181707169125 103.7593818840824 253.40161836591875
1.389116575071782 103.75937657547837 253.40161836591895
1.3891142177985374 103.7593687329889 253.4016183659189
1.3891126778558642 103.75936360970329 253.40161836591884
1.3891113440678873 103.7593591722805 253.4016183659189
1.389109724602074 103.75935378442684 253.40161836591884
1.3891083721892956 103.75934928504063 253.4016183659188
1.3891064379028348 103.75934284979994 253.40161836591895
1.38910389088259 103.75933437603534 253.4016183659188
1.3891018701099853 103.7593276530612 253.4016183659188
1.3890999786489358 103.75932136029795 253.40161836591895
1.3890974547654966 103.75931296350815 253.4016183659188
1.3890959225248132 103.75930786584689 253.40161836591895
1.389093920558028 103.75930120543869 253.4016183659188
1.3890916540208258 103.75929366482264 253.40161836591884
1.3890891837460067 103.75928544638539 253.40161836591884
1.3890875409724028 103.75927998098877 253.4016183659188
1.3890856672621563 103.75927374728161 253.40161836591884
1.3890843281635215 103.75926929219112 253.4016183659189
1.389082614395984 103.75926359060259 253.40161836591884
1.3890810293691975 103.75925831732589 253.40161836591884
1.3890787841814145 103.75925084773829 253.4016183659189
1.3890762572522137 103.75924244081622 253.4016183659189
1.3890745752541276 103.7592368449227 253.40161836591895
1.3890731382432038 103.75923206408488 253.40161836591884
1.3890713531221295 103.75922498210909 253.81765180367154
1.3890696973676286 103.7592177412715 254.44845178963465
1.38906850383419 103.75921252178898 254.9032966525059
1.3890672507339554 103.75920704181289 255.38089677679596
1.389065858928611 103.7592009552607 255.91134872827064
1.3890640374061627 103.75919298949788 256.6054082462454
1.389062704393346 103.7591871600535 257.1131013703574
1.3890612923883385 103.75918098516566 257.2294642581024
1.3890595766376441 103.75917348195719 257.2294642581023
1.389058255830169 103.7591677058886 257.2294642581023
1.389056730005137 103.75916103325073 257.2294642581023
1.3890554800545447 103.7591555670489 257.2294642581024
1.389054379462651 103.75915075401277 257.2294642581024
1.3890532030365739 103.7591456093436 257.2294642581024
1.3890515307341222 103.75913829614056 257.2294642581024
1.3890498994862532 103.75913116247482 257.2294642581024
1.3890478994992714 103.75912241626358 257.2294642581023
1.389046070893684 103.75911441952627 257.2294642581023
1.3890447550789786 103.75910866529227 257.2294642581023
1.3890429780588225 103.75910089414513 257.2294642581024
1.3890412549532896 103.75909335877397 257.2294642581024
1.3890396176049176 103.75908619843044 257.2294642581023
1.3890380385585404 103.75907929304941 257.2294642581024
1.3890361405571687 103.75907099283563 257.2294642581023
1.389035108314902 103.75906647870222 257.2294642581024
1.389033827485232 103.75906087746291 257.2294642581023
1.3890326242528266 103.75905561556688 257.2294642581024
1.3890315272520686 103.75905081823605 257.2294642581023
1.3890300739036014 103.75904446254917 257.2294642581024
1.3890290533975438 103.75903999973997 257.2294642581024
1.3890271964588865 103.75903187909947 257.2294642581023
1.3890257159888741 103.75902540480664 257.2294642581023
1.389023748794654 103.75901680200404 257.2294642581023
1.3890222075955172 103.75901006213483 257.2294642581023
1.389020914329377 103.75900440650972 257.2294642581023
1.3890197266252369 103.75899921252133 257.2294642581024
1.3890180636681138 103.75899194018845 257.2294642581024
1.3890166824778831 103.75898590005974 257.2294642581023
1.3890153771802145 103.75898019181938 257.2294642581023
1.3890135387945228 103.75897215231426 257.2294642581024
1.3890122730980612 103.75896661725537 257.2294642581024
1.3890112666101178 103.75896221574982 257.2294642581024
1.389009506043331 103.75895451655734 257.2294642581023
1.389007881333854 103.75894769275969 257.1502160277254
1.3890062206461302 103.75894082208256 257.03984468959567
1.3890049208700441 103.75893544458647 256.9534590995158
1.389002960764263 103.75892733514274 256.8231862165853
1.389001022280028 103.75891931515278 256.69435089776647
1.3889990735615212 103.7589112528212 256.56483726081484
1.3889976082343398 103.75890519039946 256.5256876341235
1.3889964794373677 103.75890052028663 256.5256876341236
1.3889952567799382 103.75889546184987 256.5256876341236
1.3889936116973993 103.75888865573583 256.5256876341236
1.388991668089802 103.75888061454974 256.5256876341236
1.3889895724072017 103.75887194419182 256.5256876341236
1.388987912154519 103.75886507531538 256.5256876341236
1.3889859255119312 103.75885685608318 256.5256876341236
1.388984746131002 103.75885197669237 256.5256876341235
1.3889836058456817 103.7588472590498 256.5256876341235
1.3889816754258721 103.75883927242538 256.5256876341235
1.3889803886676557 103.7588339487883 256.5256876341236
1.388978400380717 103.7588257227534 256.5256876341235
1.3889771241810305 103.75882044279967 256.5256876341236
1.3889752852478823 103.75881283467855 256.52568763412347
1.3889736544989006 103.75880608786684 256.5256876341236
1.3889725210214108 103.75880139839029 256.5256876341235
1.3889710526916201 103.75879532354703 256.5256876341236
1.3889698394048198 103.75879030387972 256.5256876341235
1.388967815931427 103.75878193227035 256.5256876341235
1.388966449441011 103.75877627876194 256.5256876341235
1.3889644696057846 103.75876808769462 256.5256876341235
1.3889630213272333 103.75876209580863 256.5256876341236
1.3889611158930735 103.75875421255706 256.5256876341236
1.3889593135948959 103.75874675600463 256.5256876341235
1.3889577275657277 103.75874019421053 256.5256876341236
1.3889557412051796 103.75873197614682 256.5256876341235
1.3889537780939234 103.75872385427125 256.5256876341235
1.3889526492003934 103.75871918376029 256.5256876341235
1.3889514152216893 103.75871407848605 256.5256876341236
1.3889502074120021 103.75870908147954 256.5256876341235
1.3889491150474067 103.75870456209788 256.5256876341236
1.388947841523463 103.75869929321537 256.5256876341236
1.388945807391514 103.7586908775101 256.5256876341236
1.3889438480044682 103.75868208428277 256.7296332222743
1.3889426232087236 103.75867645592362 256.89626371648586
1.3889409236748425 103.75866864597899 257.12748846215084
1.3889391965472155 103.75866070923165 257.3624690157334
1.3889378171900568 103.7586543706097 257.55013033496124
1.3889364664268573 103.75864816338692 257.7338937299886
1.3889353008579823 103.758642807196 257.8294660361458
1.3889342605372976 103.75863802656374 257.8294660361459
1.3889330520532692 103.75863247316298 257.8294660361458
1.3889320210616678 103.75862773540115 257.8294660361458
1.3889304042008712 103.7586203053685 257.8294660361458
1.3889285751399671 103.75861190020332 257.8294660361458
1.3889266913817218 103.7586032436851 257.8294660361459
1.3889257270186541 103.7585988121046 257.8294660361459
1.3889238971593698 103.75859040327092 257.8294660361458
1.3889224813795302 103.75858389727496 257.8294660361458
1.3889208926275751 103.75857659641268 257.8294660361459
1.3889194517321966 103.75856997500235 257.8294660361459
1.3889176006773545 103.75856146876819 257.8294660361458
1.3889158970944073 103.75855364021827 257.8294660361458
1.3889142564330212 103.75854610081466 257.8294660361458
1.388912734409455 103.75853910659276 257.8294660361458
1.388910901772515 103.75853068499565 257.8294660361458
1.3889091016654116 103.75852241288446 257.8294660361458
1.3889071975691603 103.7585136629075 257.8294660361458
1.388905757329851 103.75850704451277 257.8294660361459
1.3889041399050062 103.75849961188968 257.8294660361458
1.388902497045575 103.75849206238601 257.8294660361458
1.3889006965158164 103.75848378833312 257.8294660361459
1.388899141985826 103.7584766347087 257.832160238982
1.3888975778962305 103.75846942704453 257.8375715046417
1.3888957958665553 103.75846121506531 257.84373677560905
1.388894321363955 103.75845442023764 257.8488380981072
1.388892880597654 103.7584477808742 257.853822703372
1.3888915207439543 103.75844151437366 257.8585273759452
1.3888900396475885 103.75843468916072 257.86253269645005
1.3888881607326775 103.75842603071386 257.86253269645005
1.3888866953007242 103.7584192776861 257.86253269645005
1.3888854122458345 103.75841336509141 257.86253269645005
1.3888841333672903 103.7584074717423 257.86253269645005
1.388882972208075 103.75840212086938 257.86253269645005
1.3888816176761938 103.75839587889344 257.86253269645005
1.3888804523521239 103.75839050882806 257.86253269645005
1.3888787624707724 103.75838272148937 257.86253269645005
1.3888771713950818 103.75837538946863 257.86253269645005
1.3888757582266507 103.75836887728306 257.86253269645005
1.388874563936898 103.75836337373784 257.86253269645005
1.3888734719204998 103.75835834149036 257.86253269645005
1.3888724803822465 103.75835377226792 257.86253269645005
1.3888714194835976 103.75834888341784 257.86253269645005
1.3888702145008882 103.75834333059733 257.86253269645005
1.3888687423203296 103.75833654647154 257.86253269645005
1.3888675679038565 103.75833113450696 257.86253269645005
1.3888660035180107 103.75832392547944 257.86253269645005
1.3888644235373033 103.75831664458755 257.86253269645005
1.3888629985797714 103.75830907652288 258.1309955579685
1.3888620532514715 103.7583039294812 258.3429780040865
1.388860789957858 103.75829705120955 258.62627913349274
1.388859718254137 103.75829121609007 258.86662134559185
1.388858879213253 103.75828664775304 259.05478435208505
1.388857614744391 103.75827976308278 259.3383409966726
1.3888561170941878 103.75827160880709 259.67415168073205
1.3888546152672991 103.75826343179072 259.68804222687515
1.3888535133628166 103.75825743223714 259.68804222687515
1.3888520467098908 103.75824944673313 259.68804222687515
1.3888506678956118 103.75824193948543 259.6880422268752
1.3888495389074695 103.75823579246939 259.68804222687515
1.388848691743579 103.75823117990548 259.68804222687515
1.3888476705846324 103.75822561998854 259.68804222687515
1.3888461248813961 103.75821720407885 259.68804222687515
1.3888448600048826 103.75821031719 259.68804222687515
1.3888433111124667 103.75820188391643 259.68804222687515
1.3888424711173095 103.75819731038452 259.68804222687515
1.3888409033606957 103.75818877440102 259.68804222687515
1.3888395023008584 103.75818114603364 259.68804222687515
1.3888384542785328 103.75817543985391 259.68804222687515
1.3888373080731553 103.75816919909583 259.68804222687515
1.3888361434719438 103.7581628581778 259.68804222687515
1.3888349233149666 103.75815621477476 259.68804222687515
1.3888339900859985 103.75815113361206 259.68804222687515
1.3888324561759486 103.75814278191416 259.68804222687515
1.388831412572447 103.75813709979413 259.68804222687515
1.3888304383009662 103.75813179516699 259.68804222687515
1.3888289213080063 103.75812353557811 259.68804222687515
1.3888275704480155 103.75811618053542 259.68804222687515
1.3888264382764595 103.75811001618823 259.68804222687515
1.3888254885261369 103.75810484507201 259.68804222687515
1.3888239541224152 103.75809649068702 259.68804222687515
1.388822731474769 103.7580898337239 259.68804222687515
1.3888217811444414 103.75808465944996 259.68804222687515
1.3888209391962052 103.75808007528522 259.68804222687515
1.3888193996343796 103.75807169281629 259.68804222687515
1.3888181195773863 103.75806472327623 259.68804222687515
1.3888168096459492 103.75805759107857 259.68804222687515
1.3888154886226334 103.75805039848893 259.68804222687515
1.3888146274342539 103.75804570956753 259.68804222687515
1.3888134934878513 103.75803953555769 259.68804222687515
1.388812632428615 103.75803484733953 259.68804222687515
1.3888116371401567 103.75802942828217 259.68804222687515
1.3888103456093033 103.75802239627087 259.68804222687515
1.388809329126786 103.75801686181816 259.68804222687515
1.388808051718631 103.75800990670105 259.68804222687515
1.3888066708434523 103.75800238823611 259.68804222687515
