1030864443
1.390576577681163 103.76531414609465 264.00104561292096
1.3905757097581535 103.76530598084145 264.0010456129207
1.3905750191075503 103.76529948333322 264.00104561292096
1.3905742619105836 103.76529235976977 264.00104561292045
1.39057371167072 103.76528718321907 264.00104561292045
1.3905731301688788 103.7652817125618 264.00104561292085
1.3905724844043204 103.76527563733343 264.00104561292045
1.3905719655477946 103.76527075603141 264.00104561292096
1.3905713420270058 103.76526489006835 264.00104561292096
1.390570817826619 103.76525995849252 264.0010456129207
1.3905701029654711 103.76525323321731 264.00104561292085
1.390569275707588 103.76524545053557 264.00104561292096
1.3905685926034839 103.76523902402482 264.00104561292085
1.3905676970595613 103.76523059892173 264.00104561292096
1.3905669079895118 103.76522317550435 264.0010456129207
1.39056639912656 103.7652183882209 264.00104561292085
1.3905659088086604 103.76521377540575 264.00104561292096
1.390565059591749 103.76520578613894 264.00104561292085
1.390564496471725 103.76520048841586 264.00104561292096
1.3905639875529836 103.76519570060796 264.00104561292096
1.390563094073958 103.76518729493236 264.00104561292085
1.3905625404946422 103.76518208696677 264.00104561292096
1.3905617028195945 103.76517420628448 264.00104561292096
1.3905608440552633 103.76516612719857 264.00104561292045
1.3905598994236719 103.76515724029065 264.00104561292045
1.3905590543834672 103.76514929031914 264.00104561292045
1.390558226663941 103.76514150329737 264.0010456129207
1.3905576236640376 103.76513583039355 264.00104561292085
1.390556683516207 103.76512698566899 264.0010456129207
1.3905557980557879 103.765118655433 264.00104561292085
1.3905551107052165 103.76511218897535 264.00104561292096
1.3905541729325874 103.76510336659696 264.00104561292045
1.3905535263158728 103.76509728335569 264.00104561292096
1.3905526698972874 103.76508922634041 264.00104561292045
1.3905519325443085 103.7650822894708 264.00104561292085
1.390551059068803 103.76507407198785 264.00104561292045
1.3905502789557431 103.7650667328404 264.00104561292085
1.3905497847270447 103.76506208323583 264.00104561292096
1.3905491649830224 103.76505625280838 264.00104561292096
1.3905484938464843 103.7650499388906 264.00104561292096
1.3905476784532576 103.76504226783504 264.00104561292096
1.3905467811716006 103.7650338263899 264.00104561292085
1.3905462447393138 103.76502877974305 264.00104561292085
1.3905457520780553 103.76502414488532 264.00104561292085
1.3905452055048315 103.76501900283479 264.00104561292085
1.3905445702899277 103.76501302686135 264.0010456129207
1.3905437382946344 103.76500519961799 264.00104561292085
1.3905429191698633 103.76499749345811 264.00104561292045
1.390542366345814 103.76499229260158 264.00104561292085
1.390541561548478 103.76498472123168 264.00104561292085
1.3905406879427586 103.76497650252671 264.00104561292045
1.3905401700792557 103.76497163057229 264.00104561292096
1.3905396041378515 103.76496630631085 264.0010456129207
1.3905388496453197 103.76495920819903 264.0010456129207
1.3905381881858327 103.76495298532323 264.0010456129207
1.3905375234325117 103.76494673145987 264.0010456129207
1.390536750224765 103.76493945727965 264.00104561292045
1.3905359985458638 103.76493238563856 264.00104561292085
1.3905352585199333 103.76492542362641 264.00104561292085
1.3905346328128885 103.76491953710305 264.00104561292085
1.3905340814143168 103.76491434965862 264.00104561292096
1.3905333065120673 103.76490705953773 264.00104561292045
1.3905326688791873 103.76490106081896 264.00104561292085
1.3905318732549006 103.76489357574978 264.00104561292085
1.3905313792876024 103.76488892860742 264.00104561292045
1.3905304603604187 103.76488028353043 264.00104561292096
1.3905295175534904 103.764871413798 264.0010456129207
1.3905286810002957 103.76486354367897 264.00104561292085
1.39052798449807 103.76485699113059 264.00104561292085
1.3905271783019135 103.76484940660468 264.00104561292045
1.3905262658703046 103.76484082263796 264.0010456129207
1.3905253217168236 103.76483194023878 264.00104561292096
1.3905245323978168 103.76482451449026 264.00104561292045
1.3905239458070187 103.76481899596656 264.00104561292085
1.3905230987751853 103.76481102726824 264.00104561292085
1.3905224654339696 103.76480506892668 264.00104561292045
1.3905217940573629 103.76479875275628 264.00104561292096
1.3905212519684609 103.76479365289761 264.0010456129207
1.390520547751837 103.7647870277755 264.00104561292085
1.390519789744881 103.76477989660543 264.0010456129207
1.390519208767793 103.76477443089524 264.00104561292085
1.3905187316252878 103.76476994203907 264.00104561292096
1.3905180750964308 103.76476376555398 264.00104561292045
1.390517491768505 103.76475827772794 264.00104561292085
1.3905166703226017 103.76475054973842 264.00104561292085
1.3905160099582885 103.76474433717064 264.00104561292096
1.3905153255224416 103.76473789814311 264.0010456129207
1.3905144786755612 103.76472993118716 264.0010456129207
1.390513533151621 103.76472103589863 264.00104561292096
1.3905126144578681 103.7647123930231 264.00104561292045
1.3905117449666176 103.76470421303452 264.00104561292085
1.3905110252923418 103.7646974424923 264.00104561292045
1.3905102466489017 103.76469011718096 264.00104561292045
1.3905097198848255 103.76468516149704 264.0010456129207
1.3905090755414566 103.76467909965238 264.00104561292096
1.390508222666784 103.76467107599001 264.00104561292096
1.3905074708309255 103.76466400287937 264.00104561292085
1.390506552080311 103.76465535947072 264.00104561292096
1.390505828311586 103.76464855041006 264.00104561292085
1.390505170380038 103.76464236073156 264.00104561292096
1.390504586626353 103.76463686890256 264.00104561292045
1.3905037405409606 103.76462890911351 264.0010456129207
1.3905030347710068 103.76462226938207 264.00104561292085
1.3905024572101345 103.76461683581412 264.0010456129207
1.390501646824972 103.76460921188573 264.00104561292085
1.3905009882189423 103.76460301586275 264.0010456129207
1.390500372430634 103.76459722265976 264.0010456129207
1.3904995147530783 103.76458915381534 264.00104561292085
1.3904986406993225 103.76458093090744 264.00104561292085
1.3904979468197076 103.7645744030389 264.0010456129207
1.3904970033168251 103.76456552676919 264.00104561292085
1.3904965053464136 103.7645608419721 264.00104561292096
1.3904957829874167 103.76455404617624 264.00104561292085
1.3904950738582431 103.76454737484383 264.00104561292045
1.3904941884735098 103.76453904533786 264.00104561292096
1.39049355538388 103.7645330893692 264.00104561292045
1.3904929010709495 103.76452693373652 264.00104561292045
1.3904923578200192 103.7645218229509 264.00104561292045
1.390491692034599 103.7645155593878 264.00104561292096
1.3904907714016548 103.76450689827539 264.00104561292096
1.3904900971439054 103.76450055500683 264.00104561292096
1.390489541847406 103.76449533089966 264.0010456129207
1.390488805891754 103.76448840719112 264.00104561292096
1.3904882242322976 103.7644829350673 264.0010456129207
1.3904877221771734 103.76447821184357 264.00104561292045
1.390486947217014 103.7644709211897 264.00104561292045
1.3904864234519472 103.76446599372383 264.00104561292045
1.3904859232382427 103.76446128782408 264.00104561292045
1.3904852544906134 103.76445499639459 264.00104561292085
1.3904846834486881 103.76444962415881 264.0010456129207
1.3904839876826938 103.76444307854683 264.00104561292085
1.3904832799457605 103.76443642031506 264.00104561292096
1.3904827875528876 103.76443178799245 264.00104561292096
1.3904822985385452 103.76442718745439 264.00104561292085
1.3904817879484508 103.76442238393655 264.00104561292045
1.3904811276743267 103.76441617222481 264.0010456129207
1.3904805533360862 103.76441076897882 264.00104561292045
1.3904796986591081 103.76440272836878 264.0010456129207
1.3904791173042643 103.76439725911241 264.0010456129207
1.3904782977702712 103.7643895491201 264.00104561292096
1.390477795173939 103.76438482080644 264.00104561292096
1.3904771547240264 103.76437879559732 264.00104561292045
1.3904763513627139 103.76437123775446 264.0010456129207
1.3904758564325546 103.76436658156277 264.0010456129207
1.3904750810005198 103.76435928647263 264.00104561292096
1.3904741690831144 103.76435070735907 264.00104561292085
1.3904733870990462 103.76434335062929 264.00104561292045
1.3904726753216985 103.7643366543887 264.0010456129207
1.390472112610305 103.76433136052707 264.00104561292045
1.3904713987450523 103.76432464464422 264.00104561292045
1.3904707289159237 103.76431834304343 264.00104561292096
1.3904701425147992 103.76431282631454 264.00104561292096
1.3904695170672614 103.76430694224597 264.00104561292085
1.3904686819407346 103.76429908556521 264.00104561292045
1.3904680005948826 103.76429267561831 264.00104561292045
1.3904674778724766 103.76428775796484 264.00104561292096
1.3904665869750954 103.76427937660516 264.00104561292096
1.3904660291503095 103.76427412871674 264.0010456129207
1.390465152399011 103.7642658804406 264.0010456129207
1.390464572277442 103.7642604227894 264.0010456129207
1.3904639641922079 103.76425470206256 264.0010456129207
1.390463224715913 103.7642477452388 264.0010456129207
1.390462329843137 103.76423932648079 264.0010456129207
1.3904616568138206 103.76423299477536 264.00104561292085
1.3904610779030684 103.76422754851592 264.00104561292096
1.3904604610416946 103.76422174522587 264.00104561292096
1.3904598264641892 103.76421577526665 264.0010456129207
1.3904592501463402 103.76421035340101 264.00104561292096
1.3904583574994729 103.76420195558498 264.00104561292096
1.3904575582145922 103.76419443609723 264.00104561292045
1.3904568301063693 103.76418758622323 264.0010456129207
1.3904551746496545 103.76418040938233 262.875035872161
1.3904538140715506 103.76417507309907 261.8722565271299
1.3904517858323375 103.76416711820194 260.3753434120853
1.3904500698936664 103.76416038816963 259.108338474623
1.3904484603191127 103.7641540753049 257.9205567780235
1.3904470597056837 103.7641485820005 256.88832979305033
1.3904453981501272 103.76414206526275 255.81398952133893
1.39044378124322 103.76413572364021 255.8139895213392
1.390442542220343 103.76413086410545 255.81398952133893
1.3904404507790882 103.76412266132601 255.8139895213392
1.390438425885579 103.76411471955157 255.8139895213392
1.3904362945429585 103.76410636027636 255.81398952133952
1.390434493684287 103.76409929718247 255.81398952133893
1.390432941982792 103.7640932113005 255.8139895213392
1.3904313236153272 103.76408686395003 255.8139895213392
1.3904300831600653 103.7640819987977 255.81398952133893
1.3904281873981685 103.76407456348696 255.81398952133952
1.3904260469978524 103.76406616868735 255.81398952133893
1.3904247913646002 103.76406124400602 255.81398952133893
1.3904226474018735 103.76405283523454 255.81398952133893
1.390421161248116 103.76404700643582 255.81398952133952
1.3904189552390909 103.76403835431461 255.81398952133893
1.3904170225747299 103.76403077427031 255.8139895213392
1.3904158000326645 103.7640259793752 255.81398952133893
1.3904137067558615 103.7640177693979 255.81398952133893
1.390412069560444 103.76401134820355 255.8139895213392
1.3904101330825476 103.76400375320264 255.8139895213392
1.390408393972107 103.76399693229067 255.8139895213392
1.3904070752675812 103.76399176023993 255.81398952133893
1.3904054601566473 103.76398542566275 255.81398952133893
1.3904043090287954 103.76398091085944 255.81398952133893
1.3904028077664772 103.76397502280452 255.8139895213392
1.390401569589024 103.76397016658673 255.8139895213392
1.3904002632447017 103.76396504301378 255.8139895213392
1.3903984337319402 103.76395786753802 255.81398952133893
1.3903967907259098 103.76395142355467 255.81398952133893
1.3903949679451832 103.76394427448257 255.8139895213392
1.3903931424912783 103.76393711492616 255.8139895213392
1.3903916902797904 103.76393141925237 255.81398952133893
1.3903901368749771 103.7639253266914 255.81398952133893
1.3903884992127433 103.76391890366709 255.81398952133952
1.3903863469679092 103.76391046241439 255.81398952133893
1.3903845593511488 103.76390345125823 255.8139895213392
1.3903832356652792 103.76389825967104 255.8139895213392
1.3903820476457658 103.76389360017669 255.81398952133952
1.3903804035602687 103.76388715196022 255.8139895213392
1.3903786209061904 103.76388016026826 255.8139895213392
1.3903765994305852 103.76387223190196 255.81398952133893
1.390374605792775 103.76386441271748 255.8139895213392
1.3903731793143135 103.763858817971 255.8139895213392
1.3903713173574939 103.76385151524856 255.8139895213392
1.390369936018172 103.76384609754099 255.8139895213392
1.390368036922927 103.76383864915924 255.8139895213392
1.3903667318819788 103.76383353069923 255.8139895213392
1.390364624756058 103.76382526640705 255.8139895213392
1.3903632009997493 103.76381968233736 255.81398952133952
1.3903613495503986 103.76381322083502 255.56341266302476
1.3903588998999428 103.76380719101886 254.4411884358639
1.3903556294926978 103.7637991409094 252.94010360876695
1.390353554109568 103.76379403235256 251.98667378138143
1.3903512597954795 103.76378838489708 250.93265298166622
1.390349142897568 103.76378317415164 249.9607209286098
1.390346063051359 103.76377559310846 248.54884362650594
1.3903438414831364 103.76377012471706 248.0481863044712
1.3903415298611814 103.76376443465838 248.048186304472
1.3903388531280316 103.76375784587835 248.04818630447167
1.3903370930171193 103.76375351336442 248.0481863044712
1.39033413567168 103.76374623385718 248.04818630447167
1.3903316678701554 103.76374015936253 248.04818630447167
1.3903290593047781 103.76373373837764 248.04818630447167
1.3903269210006979 103.76372847494117 248.048186304472
1.390324252614371 103.76372190670708 248.0481863044712
1.3903215303162475 103.76371520576909 248.0481863044715
1.3903192062282945 103.76370948502564 248.0481863044712
1.3903165409723255 103.76370292449703 248.0481863044715
1.390314807800493 103.7636986582939 248.0481863044712
1.390312373347734 103.76369266588753 248.0481863044712
1.3903095375445986 103.76368568555714 248.0481863044712
1.3903065718685805 103.76367838554461 248.0481863044712
1.3903037837475793 103.76367152258388 248.0481863044712
1.3903009207651122 103.76366447535167 248.04818630447167
1.3902979428869777 103.76365714530378 248.0481863044715
1.3902951864564155 103.76365036034922 248.04818630447167
1.3902928352300772 103.76364457280498 248.04818630447167
1.3902906616338855 103.76363922249743 248.0481863044712
1.3902888966898281 103.76363487808722 248.04818630447167
1.3902862232865176 103.7636282975044 248.04818630447167
1.3902836046354239 103.7636218516942 248.0481863044712
1.3902809163255523 103.76361523441894 248.0481863044712
1.3902784113541402 103.76360906843138 248.048186304472
1.3902763937629634 103.76360410213039 248.0481863044712
1.390272683550453 103.76359763921327 246.771621089189
1.3902684295640915 103.76359096369896 244.9503051219064
1.3902647669749792 103.76358521622733 243.37867645916037
1.3902620979704252 103.76358102792571 242.2327796478343
1.390259173669845 103.76357643900403 240.97789247289148
1.390255649923351 103.7635709094095 239.4682839329464
1.3902531300990622 103.76356695520714 238.391534742665
1.3902484427722022 103.76355959967889 237.6890303885792
1.390243945980917 103.7635525431462 237.6890303885792
1.3902393585144002 103.7635453443226 237.6890303885795
1.3902354743873888 103.7635392492056 237.6890303885792
1.390231423347433 103.76353289216262 237.68903038857962
1.3902273973781965 103.76352657446158 237.6890303885789
1.3902232699140076 103.7635200974909 237.6890303885792
1.3902200477780968 103.76351504119512 237.6890303885792
1.3902175182333338 103.7635110717392 237.6890303885792
1.390213894020553 103.76350538448945 237.6890303885792
1.3902108230257215 103.76350056536994 237.6890303885795
1.3902066135459572 103.76349395969747 237.6890303885792
1.3902026753351862 103.76348777971045 237.6890303885792
1.3901994694731 103.76348274895227 237.6890303885792
1.3901965471071065 103.76347816306675 237.6890303885792
1.3901938951256239 103.76347400147867 237.6890303885792
1.3901895012262784 103.76346710640826 237.6890303885792
1.3901866236422402 103.76346259079627 237.6890303885799
1.3901834578496528 103.76345762291673 237.6890303885792
1.3901798783515962 103.7634520058352 237.6890303885792
1.3901759383262988 103.76344582300092 237.6890303885792
1.3901716870493637 103.76343915173904 237.6890303885799
1.3901676634348703 103.76343283773353 237.6890303885792
1.3901651400240278 103.76342887790342 237.6890303885795
1.3901613430340627 103.7634229195256 237.6890303885792
1.3901571482230017 103.76341633687215 237.6890303885799
1.3901541048230504 103.76341156105586 237.68903038857962
1.3901498143892173 103.76340482834765 237.6890303885792
1.3901473598919931 103.76340097665943 237.6890303885792
1.3901449084500583 103.76339712976566 237.6890303885792
1.3901403451929353 103.76338996893311 237.6890303885792
1.3901369094399603 103.76338457742195 237.6890303885792
1.3901324661031311 103.76337760477281 237.6890303885792
1.3901279621086677 103.7633705369375 237.6890303885799
1.3901254713544964 103.76336662835362 237.6890303885792
1.3901227369523377 103.76336233742826 237.6890303885789
1.3901190844678983 103.76335660581415 237.6890303885799
1.3901166238676408 103.76335274454894 237.6890303885789
1.39011321671383 103.76334739791679 237.6890303885795
1.390110543314594 103.76334320271954 237.6890303885799
1.3901073813989435 103.76333824092426 237.6890303885792
1.390103647364844 103.76333238133947 237.68903038857962
1.3900995834853518 103.76332600414909 237.6890303885799
1.390095404322319 103.76331944605157 237.6890303885792
1.3900927252432869 103.76331524194147 237.6890303885792
1.3900893790924218 103.76330999103752 237.6890303885792
1.390086621355195 103.7633056634941 237.6890303885799
1.3900833814065334 103.76330057924662 237.6890303885792
1.3900790737469453 103.76329381950765 237.6890303885789
