1.3905679790234031 103.7673292241004 276.40794186292976 23.5532 1.0
1.3905871236640082 103.76715904847013 276.4079418629296 19.0532 2.0
1.3905954866476127 103.76702852108964 273.648117727961 14.5532 3.0
1.390601225137451 103.76693835077738 273.6481177279611 10.0532 4.0
1.3906043949704536 103.76688854238138 273.648117727961 5.5532 5.0
1.3906072490292698 103.76684369581072 273.64811772796077 5.0 6.0
1.3906101030871312 103.7667988492407 273.648117727961 5.0 7.0
1.390612957144038 103.76675400267132 273.64811772796077 5.0 8.0
1.3906158111999907 103.7667091561026 273.64811772796065 5.0 9.0
1.390618665254988 103.76666430953456 273.6481177279611 5.0 10.0
1.390621519309031 103.76661946296714 273.64811772796065 5.0 11.0
1.3906228144151964 103.76657456636684 271.671692058659 5.0 12.0
1.390622879114436 103.76652963027809 270.11190567706603 5.0 13.0
1.3906229438128128 103.76648469419007 270.1119056770664 5.0 14.0
1.3906230085103253 103.76643975810282 270.11190567706603 5.0 15.0
1.3906230732069753 103.76639482201635 270.1119056770664 5.0 16.0
1.390623137902762 103.76634988593064 270.11190567706603 5.0 17.0
1.3906232025976846 103.76630494984568 270.1119056770664 5.0 18.0
1.3906232672917438 103.76626001376147 270.11190567706603 5.0 19.0
1.39062333198494 103.76621507767804 270.1119056770664 5.0 20.0
1.3906233966772727 103.76617014159537 270.11190567706603 5.0 21.0
1.390623461368742 103.76612520551345 270.1119056770664 5.0 22.0
1.3906235260593478 103.7660802694323 270.11190567706603 5.0 23.0
1.3906235907490903 103.7660353333519 270.1119056770664 5.0 24.0
1.3906236554379694 103.76599039727228 270.11190567706603 5.0 25.0
1.3906229989620005 103.7659454858435 269.19787002386 5.0 26.0
1.3906198264974543 103.76590066041454 266.00748084183624 5.0 27.0
1.390616654032158 103.76585583498645 266.0074808418361 5.0 28.0
1.3906134815661124 103.76581100955926 266.0074808418359 5.0 29.0
1.3906103090993178 103.76576618413291 266.00748084183624 5.0 30.0
1.3906071366317734 103.76572135870747 266.0074808418361 5.0 31.0
1.3906039641634798 103.76567653328289 266.00748084183624 5.0 32.0
1.3906007916944372 103.76563170785917 266.0074808418361 5.0 33.0
1.3905976192246443 103.76558688243634 266.00748084183624 5.0 34.0
1.3905944467541023 103.76554205701439 266.0074808418359 5.0 35.0
1.3905912742828106 103.76549723159332 266.0074808418361 5.0 36.0
1.3905881018107697 103.76545240617311 266.00748084183624 5.0 37.0
1.3905849293379797 103.76540758075379 266.00748084183624 5.0 38.0
1.3905817568644399 103.76536275533535 266.0074808418361 5.0 39.0
1.3905769930229597 103.7653180535507 263.9855796667681 5.0 40.0
1.390572243002099 103.76527336626792 264.00104561292096 5.0 41.0
1.3905674929805467 103.76522867898608 264.00104561292045 5.0 42.0
1.3905627429583034 103.76518399170517 264.00104561292096 5.0 43.0
1.3905579929353695 103.76513930442518 264.00104561292045 5.0 44.0
1.3905532429117442 103.76509461714613 264.00104561292096 5.0 45.0
1.390548492887428 103.76504992986798 264.00104561292045 5.0 46.0
1.39054374286242 103.76500524259079 264.00104561292096 5.0 47.0
1.3905389928367213 103.7649605553145 264.00104561292045 5.0 48.0
1.3905342428103313 103.76491586803915 264.00104561292096 5.0 49.0
1.3905294927832506 103.76487118076471 264.00104561292085 5.0 50.0
1.3905247427554783 103.76482649349123 264.0010456129207 5.0 51.0
1.390519992727015 103.76478180621865 264.00104561292085 5.0 52.0
1.390515242697861 103.764737118947 264.0010456129207 5.0 53.0
1.3905104926680163 103.76469243167628 264.00104561292085 5.0 54.0
1.3905057426374798 103.76464774440647 264.0010456129207 5.0 55.0
1.3905009926062524 103.7646030571376 264.00104561292085 5.0 56.0
1.3904962425743341 103.76455836986968 264.0010456129207 5.0 57.0
1.3904914925417249 103.76451368260265 264.00104561292085 5.0 58.0
1.3904867425084244 103.76446899533657 264.0010456129207 5.0 59.0
1.3904819924744325 103.7644243080714 264.00104561292085 5.0 60.0
1.3904772424397505 103.76437962080716 264.0010456129207 5.0 61.0
1.390472492404377 103.76433493354386 264.00104561292096 5.0 62.0
1.3904677423683127 103.76429024628148 264.00104561292045 5.0 63.0
1.390462992331557 103.76424555902001 264.00104561292085 5.0 64.0
1.3904582422941107 103.76420087175948 264.0010456129207 5.0 65.0
1.3904491925639624 103.76415694722076 258.4607647201598 5.0 66.0
1.390438086255525 103.76411338749868 255.8139895213392 5.0 67.0
1.390426979946644 103.76406982777769 255.8139895213392 5.0 68.0
1.3904158736373193 103.76402626805778 255.81398952133893 5.0 69.0
1.3904047673275521 103.76398270833896 255.81398952133952 5.0 70.0
1.3903936610173406 103.76393914862122 255.81398952133893 5.0 71.0
1.3903825547066855 103.76389558890455 255.8139895213392 5.0 72.0
1.3903714483955867 103.76385202918895 255.81398952133893 5.0 73.0
1.3903595268339795 103.76380873421739 254.72861496719892 5.0 74.0
1.3903425985087288 103.7637670651349 248.04818630447167 5.0 75.0
1.3903256701832705 103.76372539605353 248.04818630447167 5.0 76.0
1.3903087418576034 103.76368372697333 248.0481863044715 5.0 77.0
1.390291813531729 103.76364205789426 248.04818630447167 5.0 78.0
1.3902745459535053 103.76360056176571 247.56673384979564 5.0 79.0
1.3902503524650063 103.7635625964401 237.6890303885792 5.0 80.0
1.3902261589765845 103.7635246311156 237.6890303885799 5.0 81.0
1.3902019654882392 103.76348666579219 237.6890303885792 5.0 82.0
1.3901777719999706 103.76344870046985 237.6890303885789 5.0 83.0
1.3901535785117791 103.76341073514865 237.6890303885799 5.0 84.0
1.3901293850236647 103.76337276982854 237.6890303885792 5.0 85.0
1.390105191535628 103.76333480450953 237.6890303885792 5.0 86.0
1.3900809980476672 103.7632968391916 237.6890303885789 5.0 87.0
1.390061547312523 103.76325656895975 244.39295897239484 5.0 88.0
1.3900473661348611 103.76321400940591 251.71154054663705 5.0 89.0
1.3900331849568826 103.76317144985322 251.71154054663694 5.0 90.0
1.3900190037785882 103.76312889030164 251.71154054663734 5.0 91.0
1.3900048225999773 103.76308633075118 251.71154054663705 5.0 92.0
1.3899906414210506 103.76304377120185 251.71154054663734 5.0 93.0
1.3899764602418072 103.76300121165363 251.71154054663714 5.0 94.0
1.389962279062248 103.76295865210653 251.71154054663674 5.0 95.0
1.3899489991560954 103.76291584479587 252.89860340116297 5.0 96.0
1.3899391469646405 103.76287209519023 257.41758961497607 5.0 97.0
1.389929294772696 103.76282834558563 257.4175896149762 5.0 98.0
1.389919442580262 103.76278459598208 257.41758961497607 5.0 99.0
1.389909590387337 103.7627408463796 257.41758961497635 5.0 100.0
1.389899738193923 103.76269709677814 257.4175896149759 5.0 101.0
1.3898898860000195 103.76265334717776 257.41758961497635 5.0 102.0
1.389880033805626 103.76260959757842 257.41758961497635 5.0 103.0
1.3898701816107426 103.76256584798013 257.4175896149759 5.0 104.0
1.3898606176756283 103.76252204107467 257.7908466181668 5.0 105.0
1.3898527694170308 103.76247789308123 260.0129514370988 5.0 106.0
1.3898449133409514 103.76243371902231 260.008973466942 5.0 107.0
1.3898370320371127 103.76238946084128 259.99616815913294 5.0 108.0
1.38982915582604 103.7623452084798 260.001229239825 5.0 109.0
1.389821282522405 103.7623009594414 260.00411950043156 5.0 110.0
1.3898134092181993 103.76225671040405 260.00411950043167 5.0 111.0
1.389805535913423 103.76221246136768 260.00411950043156 5.0 112.0
1.3897976626080757 103.76216821233236 260.00411950043156 5.0 113.0
1.389789789302158 103.76212396329801 260.00411950043167 5.0 114.0
1.3897819159956692 103.7620797142647 260.00411950043156 5.0 115.0
1.3897740426886107 103.76203546523239 260.0041195004314 5.0 116.0
1.3897661693809806 103.7619912162011 260.00411950043156 5.0 117.0
1.3897582960727803 103.76194696717081 260.00411950043167 5.0 118.0
1.3897504227640094 103.76190271814154 260.00411950043156 5.0 119.0
1.3897425494546676 103.76185846911329 260.00411950043156 5.0 120.0
1.389734676144755 103.76181422008607 260.00411950043167 5.0 121.0
1.3897268028342724 103.76176997105982 260.00411950043156 5.0 122.0
1.3897177971943362 103.76172596116292 258.53740533594834 5.0 123.0
1.3897068773990564 103.76168235550348 256.0574826220884 5.0 124.0
1.3896959576033263 103.76163874984513 256.0574826220886 5.0 125.0
1.389685037807147 103.76159514418784 256.0574826220886 5.0 126.0
1.3896741180105172 103.76155153853163 256.05748262208874 5.0 127.0
1.389663198213438 103.76150793287653 256.0574826220886 5.0 128.0
1.389652278415909 103.76146432722247 256.0574826220886 5.0 129.0
1.3896413586179297 103.76142072156951 256.0574826220884 5.0 130.0
1.389630438819501 103.76137711591763 256.0574826220886 5.0 131.0
1.3896195190206224 103.7613335102668 256.05748262208874 5.0 132.0
1.3896085992212936 103.76128990461709 256.0574826220886 5.0 133.0
1.3895976794215155 103.76124629896843 256.0574826220886 5.0 134.0
1.3895867596212879 103.76120269332084 256.0574826220884 5.0 135.0
1.38957583982061 103.76115908767434 256.05748262208874 5.0 136.0
1.3895649200194826 103.76111548202894 256.0574826220886 5.0 137.0
1.3895540002179056 103.76107187638459 256.0574826220886 5.0 138.0
1.3895430804158793 103.76102827074132 256.0574826220886 5.0 139.0
