628752171
1.4026210972976243 103.85484607584584 343.5519182756974
1.4026257676924785 103.85484470335956 343.55191827569615
1.4026325903559178 103.85484269838732 343.55191827569666
1.4026380672907865 103.85484108888355 343.55191827569666
1.4026452345463443 103.85483898264614 343.55191827569615
1.4026531801984912 103.85483664766174 343.55191827569666
1.4026588899621495 103.8548349697366 343.55191827569666
1.4026635774161722 103.85483359223706 343.55191827569666
1.4026719503950842 103.85483113167426 343.5519182756974
1.4026804012935383 103.85482864821327 343.55191827569666
1.4026879485365193 103.85482643030898 343.55191827569666
1.4026954850755056 103.85482421555021 343.55191827569666
1.4027021237729493 103.85482226463965 343.5519182756974
1.4027078270214666 103.85482058862895 343.5519182756974
1.4027149654042252 103.85481849087607 343.5519182756974
1.4027205204653093 103.8548168584131 343.55191827569666
1.4027253840249372 103.85481542916129 343.55191827569666
1.4027318469734853 103.85481352989783 343.55191827569615
1.402736775847648 103.85481208145202 343.5519182756974
1.4027445263791682 103.85480980380717 343.55191827569666
