14058412
1.398002362491722 103.85391922677765 47.49295353408231
1.3980071028872696 103.85392436062875 47.49295353408231
1.3980114038264566 103.8539290185484 47.49295353408135
1.3980168935983623 103.85393496397455 47.49295353408231
1.3980228019357854 103.85394136270747 47.49295353408135
1.3980267564218531 103.85394564541822 47.49295353408231
1.3980322655328337 103.85395161178869 47.49295353408135
1.3980362983564196 103.85395597933903 47.49295353408231
1.3980401129915512 103.85396011059117 47.49295353408231
1.3980459156388527 103.8539663948617 47.49295353408135
1.3980496672299703 103.85397045783714 47.49295353408231
1.398055693867684 103.85397698468948 47.49295353408231
1.3980588703887453 103.85398042486374 47.49295353408135
1.3980620582874745 103.85398387736002 47.49295353408135
1.3980658085894129 103.85398793893934 47.49295353408135
1.3980705569137828 103.85399308137758 47.49295353408231
1.398075090794566 103.8539979915733 47.49295353408135
1.3980790162983865 103.85400224289641 47.49295353408231
1.3980843722101397 103.85400804335221 47.49295353408231
1.3980887141276939 103.85401274565169 47.49295353408231
1.3980925542822564 103.85401690454151 47.49295353408231
1.3980958719712475 103.85402049760081 47.49295353408135
1.3981017162527816 103.85402682696147 47.49295353408135
1.3981054198806173 103.85403083799282 47.49295353408231
1.3981087171058635 103.85403440888989 47.49295353408135
1.398113329474484 103.85403940408811 47.49295353408231
1.3981182709705045 103.85404475573154 47.49295353408135
1.3981223233416797 103.8540491444522 47.49295353408231
1.398128404775315 103.85405573064885 47.49295353408143
1.398132615535838 103.85406029090532 47.49295353408231
1.398136482946309 103.85406447931344 47.49295353408135
1.3981403049042251 103.85406861849643 47.49295353408231
1.3981453913407051 103.85407412711058 47.49295353408135
1.3981507271170466 103.85407990575997 47.49295353408135
1.398156553876129 103.85408621614403 47.49295353408231
1.398161656737303 103.85409195378851 47.675502679473496
1.3981659742604313 103.85409833730668 49.153960702119996
1.3981699951065345 103.85410428218376 50.53405678127787
1.3981734980936824 103.85410946139915 51.73766899258076
1.3981761064422122 103.85411331787888 52.633986813964064
1.3981797333918005 103.85411868037451 53.87956559717207
1.3981825947740105 103.85412291096809 54.8609096690258
1.3981860994154316 103.85412809262942 56.06037197124003
1.3981910804967703 103.85413545722784 56.12568785731919
1.3981947184305574 103.85414083596386 56.125687857319924
1.398197537531705 103.85414500404436 56.12568785732101
1.398200240416105 103.85414900029679 56.125687857319924
1.3982039454830235 103.85415447829013 56.12568785732028
1.398207842159128 103.85416023958035 56.12568785732101
1.3982127789836996 103.85416753874469 56.125687857319924
1.3982170535419716 103.85417385873905 56.125687857319924
1.3982213612348513 103.85418022772342 56.125687857319924
1.3982242808032823 103.85418454434634 56.12568785732028
1.39822713072951 103.85418875800228 56.12568785732101
1.3982306804401383 103.85419400629931 56.12568785731919
1.3982339098428356 103.85419878101658 56.12568785732101
1.3982387084411 103.85420587581156 56.125687857319924
1.3982432393315078 103.85421257479676 56.12568785732101
1.3982469996136986 103.8542181344269 56.12568785732028
1.3982519984842225 103.85422552532735 56.12568785732028
1.398254965248768 103.85422991173053 56.125687857319924
1.3982580007016707 103.85423439969041 56.125687857319924
1.3982619211571197 103.85424019613906 56.125687857319924
1.3982664449479802 103.85424688462763 56.125687857319924
1.3982694393086024 103.85425131183206 56.12568785731919
1.3982737201772562 103.85425764115676 56.125687857319924
1.398276327072585 103.85426149548833 56.12568785732028
1.3982802785543798 103.85426733780996 56.125687857319924
1.3982847791731947 103.85427399203849 56.125687857319924
1.3982877275250176 103.85427835121831 56.12568785731919
1.3982920098628544 103.85428468271537 56.12568785731919
1.3982948466930776 103.85428887700898 56.125687857319924
1.3982974802911248 103.85429277082098 56.12568785732028
1.3983009870624636 103.85429795563203 56.125687857319924
1.398304645760363 103.85430336506869 56.12568785731919
1.3983089235879402 103.85430968989736 56.125687857319924
1.3983138169857483 103.85431692485538 56.125687857319924
1.3983167219537953 103.85432121989184 56.125687857319924
1.3983200020753108 103.85432606959802 56.12568785731919
1.398323824279762 103.85433172078156 56.12568785732101
1.3983265391421285 103.8543357347441 56.12568785731919
1.3983305365556595 103.85434164497676 56.125687857319924
1.3983344887263038 103.85434748831722 56.12568785731919
1.3983374041753964 103.85435179885013 56.125687857319924
1.3983415569435313 103.85435803928581 56.19733405693473
1.398344610344357 103.85436270577792 56.305683720097974
1.3983486961324099 103.85436895006052 56.45067028620339
1.3983533766896452 103.85437610332492 56.61676422516975
1.3983567464860374 103.85438125336232 56.736344185161194
1.398359570052499 103.85438556860014 56.83653960695438
1.3983626449950972 103.85439026801446 56.94565328449662
1.3983654363887006 103.85439453408276 56.99843230536914
1.3983688930192697 103.8543998168283 56.99843230536914
1.3983728821920551 103.8544059134546 56.99843230536914
1.3983765945897746 103.85441158708743 56.99843230536805
1.3983805583952238 103.85441764494506 56.99843230536805
1.3983846963256148 103.8544239689167 56.99843230536805
1.398387178026536 103.8544277616838 56.99843230536914
1.3983900362019677 103.85443212981443 56.99843230536914
1.3983928324591322 103.8544364033158 56.99843230536805
1.3983963333097298 103.85444175364269 56.99843230536805
1.3983993537397172 103.85444636974593 56.99843230536914
1.3984025742869006 103.85445129168701 56.99843230536805
1.3984064773211395 103.85445725666854 56.99843230536914
1.3984109806532463 103.85446413908141 56.99843230536805
1.3984136386430122 103.85446820126973 56.99843230536805
1.3984179725320793 103.85447482472395 56.99843230536805
1.3984215759390148 103.85448033178716 56.99843230536914
1.398425634986461 103.8544865352028 56.99843230536805
1.3984293940295718 103.8544922801238 56.99843230536733
1.3984321043460264 103.85449642228272 56.99843230536914
1.3984368551919615 103.85450368296955 56.99843230536733
1.3984402920771848 103.85450893553883 56.99843230536844
1.3984429648965473 103.85451302039125 56.99843230536805
1.3984455291066284 103.85451693925681 56.99843230536805
1.3984481677745004 103.85452097191575 56.99843230536914
1.398451627738218 103.85452625975579 56.99843230536805
1.3984548290299101 103.85453115226909 56.99843230536805
1.398459251377984 103.85453791091494 56.99843230536805
1.3984633791975578 103.85454421943486 56.99843230536914
1.398467908587282 103.85455114167182 56.99843230536914
1.3984718950144561 103.85455723410269 56.99843230536805
1.398476156008603 103.85456374615251 56.99843230536805
1.3984786619284006 103.85456757593356 56.99843230536805
1.3984820414736108 103.85457274087068 56.99843230536805
1.3984863851524114 103.854579379287 56.99843230536844
1.3984891791662442 103.85458364936036 56.99843230536914
1.3984923727573764 103.85458853010515 56.99843230536805
1.3984949999375702 103.85459254520774 56.99843230536805
1.3984993359534665 103.85459917191298 56.99843230536805
1.3985034041147009 103.85460538925769 56.99843230536805
1.3985079489683307 103.85461233512837 56.99843230536914
1.3985125249235406 103.85461932853141 56.99843230536805
1.398517194139091 103.85462646446369 56.99843230536805
1.3985213188388377 103.85463276821596 56.99843230536914
1.3985246255770358 103.85463782188285 56.99843230536805
1.398527821486415 103.85464270617078 56.99843230536733
1.398530510958845 103.85464681647437 56.99843230536914
1.3985344224028415 103.85465279430935 56.99843230536914
1.3985391457567167 103.85466001298103 56.99843230536733
1.3985438199541587 103.8546671565273 56.99843230536805
1.398546944211859 103.85467193131053 56.99843230536914
1.3985502583162666 103.85467699623528 56.99843230536733
1.3985541963859982 103.85468301476233 56.99843230536914
1.3985578448998444 103.85468859076296 56.99843230536914
1.3985618526257115 103.85469471574508 56.99843230536805
1.3985653162371101 103.8546993406327 56.532598104873195
1.3985704380750343 103.85470591465591 55.658421330760824
1.3985738568976145 103.85471030281097 55.07462020268624
1.3985792944723539 103.85471728209134 54.14595889597168
1.398583176102122 103.85472226427252 53.48316175519802
1.3985860129370993 103.85472590543014 52.99895160322021
1.3985900515713567 103.85473108913104 52.310031589820596
1.398595558006202 103.85473815679536 52.283765668746405
1.3986000500240627 103.85474392242693 52.28376566874744
1.3986045999563095 103.85474976239328 52.28376566874744
1.3986081107969535 103.85475426865625 52.283765668746405
1.3986115596058832 103.8547586952998 52.28376566874744
1.3986151863156455 103.85476335028409 52.283765668746405
1.3986202272050092 103.85476982040781 52.283765668746405
1.398624919284221 103.8547758428239 52.28376566874664
1.3986302106237727 103.85478263440756 52.28376566874561
1.3986333312981152 103.85478663988117 52.28376566874744
1.3986362583588272 103.85479039684623 52.28376566874744
1.3986406018049373 103.85479597178197 52.28376566874744
1.3986451199882506 103.85480177099785 52.283765668746405
1.398649737808387 103.85480769810042 52.28376566874664
1.3986535113404688 103.85481254153547 52.283765668746405
1.3986584016400092 103.8548188183731 52.28376566874664
1.3986622794596775 103.85482379566423 52.28376566874744
1.3986651070380391 103.85482742494098 52.28376566874744
1.398670150542549 103.85483389842159 52.283765668746405
1.3986744160691307 103.85483937334556 52.283765668746405
1.3986789625795146 103.85484520892021 52.283765668746405
1.3986832183069255 103.85485067126669 52.28376566874744
1.3986863359809214 103.85485467288947 52.28376566874664
1.3986891264847672 103.85485825458011 52.28376566874744
1.3986921838887463 103.8548621788446 52.283765668746405
1.3986966234230058 103.85486787711245 52.28376566874561
1.3987002509534894 103.85487253315048 52.283765668746405
1.3987057230434308 103.85487955673284 52.283765668746405
1.3987106757119065 103.85488591362305 52.283765668746405
1.398715227640172 103.85489175615187 52.28376566874744
1.3987194946059487 103.85489723292329 52.28376566874744
1.3987235624995291 103.85490245417995 52.28376566874664
1.398728524627373 103.85490882321162 52.28376566874664
1.3987322350266653 103.85491358561423 52.28376566874744
1.3987373159298475 103.85492010709748 52.283765668746405
1.3987425374819416 103.8549268091076 52.28376566874744
1.3987474406750446 103.85493310249497 52.28376566874561
1.3987523498513887 103.85493940356203 52.28376566874744
1.3987566107964358 103.85494487260584 52.283765668746405
1.3987606130525976 103.85495000961515 52.28376566874744
1.3987657740305874 103.85495663387682 52.28376566874744
1.398768803247203 103.85496052196231 52.283765668746405
1.3987728683815681 103.85496573967764 52.28376566874744
1.3987770902905532 103.85497115861764 52.28376566874744
1.3987807451007286 103.85497584967025 52.28376566874664
1.398785599391131 103.85498208028983 52.28376566874744
1.3987896250860563 103.85498724738359 52.28376566874664
1.3987930369828858 103.85499162665008 52.28376566874744
1.398796245185757 103.85499574446959 52.28376566874744
1.3988011136116 103.85500199323246 52.283765668746405
1.3988043564574586 103.85500615551726 52.28376566874744
1.3988076839173924 103.85501042640665 52.28376566874744
1.398811107242075 103.85501482034118 52.28376566874744
1.39881482134296 103.85501958749524 52.28376566874561
1.3988195725981432 103.85502568586635 52.28376566874561
1.3988242127939656 103.85503160994303 52.2589303797308
1.3988295593261442 103.85503839598003 52.19917117802931
1.3988324849500107 103.85504210930134 52.16647085302416
1.3988354923325366 103.8550459263941 52.132856668288206
1.3988396293806085 103.8550511773045 52.0866159596467
1.3988428456697701 103.85505525955013 52.05066681310027
1.3988481199861227 103.85506195392796 51.99171480534075
1.398851414677278 103.8550661356846 51.972884531488
1.398855464753252 103.85507127620654 51.97288453148718
1.3988607907643722 103.85507803619755 51.972884531488
1.3988658520167627 103.85508446014599 51.972884531488
1.3988697123526985 103.8550893598422 51.97288453148902
1.3988728932576204 103.85509339717677 51.972884531488
1.3988781344617964 103.85510004952744 51.972884531488
1.3988830689503755 103.85510631258215 51.972884531488
1.398887251576838 103.85511162134273 51.97288453148718
1.3988905533544715 103.85511581209398 51.97288453148821
1.398893878941152 103.85512003306462 51.97288453148902
1.3988982492492383 103.85512558003848 51.972884531488
1.3989026298679055 103.85513114009892 51.972884531488
1.398905434804781 103.8551347002396 51.972884531488
1.398910401142744 103.85514100371898 51.972884531488
1.3989138873359561 103.85514542853811 51.972884531488
1.3989190904003768 103.85515203248045 51.97288453148902
1.3989232283174131 103.85515728449417 51.972884531488
1.3989287752395805 103.85516432487489 51.972884531488
1.398932865796223 103.8551695167769 51.97288453148902
1.3989369772233167 103.85517473516855 51.972884531488
1.3989419952700388 103.855181104279 51.97288453148821
1.398946188279285 103.8551864262181 51.972884531488
1.3989515526556853 103.85519323490438 51.972884531488
1.3989548124778857 103.85519737240429 51.972884531488
1.3989598487938875 103.85520376470294 51.97288453148718
1.3989646793903114 103.8552098958939 51.97288453148718
1.3989694422877414 103.85521594115853 51.972884531488
1.3989728612452808 103.8552202806396 51.972884531488
1.3989759540056046 103.85522420609779 51.972884531488
1.3989807123764018 103.85523024561711 51.972884531488
1.3989848431076661 103.8552354885106 51.97288453148902
1.398990158101493 103.85524223451874 51.972884531488
1.398994799398313 103.85524812544304 51.97288453148902
1.3989989835792307 103.85525343617708 51.97288453148902
1.3990038292271465 103.85525958647222 51.972884531488
1.3990092786065393 103.85526650304811 51.97288453148902
1.3990146661925238 103.85527334119334 51.972884531488
1.3990198501314457 103.85527992086136 51.972884531488
1.3990252653468696 103.85528679407507 51.97288453148902
1.3990302872762037 103.85529316811393 51.972884531488
1.3990356317450137 103.85529995153318 51.972884531488
1.3990406216429863 103.85530628491658 51.972884531488
1.3990435990374117 103.85531006394787 51.972884531488
1.3990480688400266 103.85531573720493 51.972884531488
1.3990521362298705 103.85532089970319 51.972884531488
1.3990556816935154 103.85532539975128 51.97288453148718
1.3990585798375261 103.85532907819474 51.972884531488
1.3990624769569928 103.85533402457888 51.97288453148902
1.3990660861285065 103.85533860548767 51.972884531488
1.3990711520474108 103.85534503536013 51.97288453148902
1.3990749466219783 103.85534985159013 51.97288453148718
1.399080415773154 103.85535679326162 51.97288453148902
1.3990854595978814 103.8553631950913 51.972884531488
1.3990899874756901 103.85536894206 51.97288453148902
1.39909516218374 103.85537551001221 51.97288453148902
1.3990986882451846 103.85537998543441 51.97288453148902
1.3991026136335027 103.85538506677507 52.0509364681933
1.3991071022130455 103.85539142488375 52.57180586362103
1.3991098093723575 103.85539525959649 52.886031280712324
1.3991129397837283 103.85539969384918 53.2494274825523
1.3991179890233634 103.85540684613741 53.835598259661516
1.3991224325277618 103.85541314039689 54.35139058621271
1.3991251052538494 103.85541692633474 54.66157188344297
1.3991288480775745 103.85542222807449 54.980311893365815
1.3991337027234447 103.85542910471922 54.980311893365815
1.3991380925230663 103.85543532290554 54.98031189336657
1.3991412401590415 103.85543978155714 54.980311893365496
1.3991460196441912 103.85544655173616 54.980311893365815
1.399149775508785 103.8554518719485 54.980311893365815
1.3991530831294023 103.85545655721968 54.98031189336657
1.3991569976448839 103.85546210216232 54.980311893365815
1.3991610972057205 103.85546790922321 54.98031189336657
1.3991637877947 103.85547172046415 54.980311893365496
1.3991676007385847 103.85547712152986 54.98031189336475
1.3991726580170663 103.85548428520558 54.980311893365496
1.399177396802873 103.85549099773388 54.980311893365815
1.3991811010239874 103.85549624479297 54.98031189336475
1.3991862710004679 103.85550356810641 54.980311893365496
1.3991912066400538 103.85551055947978 54.98031189336475
1.3991956347340768 103.85551683191078 54.98031189336475
1.399198812055821 103.85552133261275 54.98031189336657
1.3992037841557574 103.85552837563259 54.98031189336475
1.3992085748104757 103.85553516163381 54.98031189336657
1.3992116187162018 103.85553947335097 54.98031189336475
1.3992164793754032 103.85554635851418 54.98031189336475
1.3992201338316386 103.85555153508113 54.980311893365815
1.3992250837858202 103.85555854673147 54.98031189336657
1.3992282205291562 103.85556298995392 54.980311893365815
1.3992329233310534 103.8555696515111 54.98031189336367
1.3992362009193153 103.85557429424158 54.980311893365815
1.3992411823897242 103.855581350535 54.98031189336657
1.3992448981230479 103.85558661390158 54.980311893365815
1.399249351191648 103.85559292170959 54.980311893365815
1.3992540465832324 103.85559957277013 54.980311893365815
1.3992571094676918 103.855603911371 54.980311893365815
1.3992616276345353 103.8556103113913 54.98031189336442
1.399265092933583 103.85561522001576 54.980311893365815
1.3992677621119027 103.85561900092873 54.98031189336367
1.3992709446477558 103.85562350901682 54.98031189336657
1.3992738406270588 103.85562761119525 54.980311893365815
1.3992766804121226 103.85563163377408 54.98031189336657
1.3992815163998826 103.85563848399043 54.98031189336657
1.3992863635235935 103.85564534998099 54.98031189336657
1.3992914477381126 103.85565255181265 54.98031189336657
1.3992941818958144 103.85565642476952 54.98031189336442
1.39929908072771 103.85566336400522 54.980311893365815
1.3993023854563043 103.85566804518051 54.980311893365815
1.3993050261497013 103.85567178574446 54.98031189336657
1.3993089182064058 103.85567729887488 54.980311893365815
1.3993116100543497 103.85568111189968 54.98031189336657
1.399314294770268 103.85568491482196 54.98031189336442
1.3993188714572744 103.85569139773689 54.98031189336442
1.399322107594991 103.85569598175272 54.98031189336367
1.399326030282103 103.85570153827146 54.980311893365815
1.3993294080727319 103.85570632293982 54.980311893365815
1.399332657387282 103.85571092562078 54.980311893365815
1.399337610669124 103.85571794198556 54.98031189336657
1.3993407761952699 103.85572242597958 54.980311893365815
1.3993446746882336 103.8557279482272 54.98031189336367
1.3993473805680583 103.85573178112844 54.98031189336657
1.3993525129154665 103.85573905114117 54.98031189336657
1.3993571458545297 103.85574561373785 54.98031189336657
1.3993613623077914 103.85575158637897 54.980311893365815
1.3993659898532067 103.85575814133557 54.980311893365815
1.3993709653747712 103.85576518920332 54.980311893365815
1.3993753794758588 103.85577148798787 55.014198600245244
1.399378376689995 103.8557762718355 55.40930660909614
1.3993817062980831 103.85578158621648 55.848358387987595
1.3993851158059762 103.85578702812545 56.29803127866512
1.3993877877296783 103.85579129277771 56.6504504342632
1.3993917017551516 103.85579753994622 57.166678456434624
1.3993945927082578 103.85580215419093 57.54791225725689
1.3993971370840856 103.85580621526432 57.88337066026045
1.3994008280408967 103.85581210639344 58.124780902661286
1.3994046307981052 103.855818175967 58.124780902661975
1.3994071295676516 103.85582216424834 58.124780902661286
1.399411175781076 103.85582862240193 58.124780902661286
1.3994143178693919 103.8558336374832 58.124780902661286
1.3994179947362582 103.8558395061235 58.12478090265907
1.3994224989990853 103.85584669536898 58.124780902661286
1.3994257029460409 103.85585180918275 58.124780902661286
1.3994296985599446 103.85585818657471 58.124780902661286
1.3994320941150038 103.85586201011571 58.124780902661286
1.3994349454535198 103.85586656113186 58.12478090265907
1.3994387706145954 103.85587266646442 58.124780902661286
1.3994414312323697 103.85587691307158 58.12478090266044
1.399443932716279 103.8558809056855 58.12478090266267
1.3994469306762762 103.85588569072397 58.12478090265907
1.3994494590124245 103.85588972619671 58.124780902661286
1.3994520712670446 103.85589389561159 58.124780902661286
1.3994557027946497 103.85589969188624 58.124780902661286
1.3994590863795382 103.85590509241999 58.124780902661286
1.3994638151204264 103.85591263995484 58.12478090266267
1.399467446647736 103.8559184362291 58.12478090265907
1.3994709468903768 103.85592402296017 58.124780902661286
1.399475490507582 103.85593127501956 58.124780902661286
1.3994785281070967 103.8559361233268 58.124780902661286
1.3994824592241524 103.85594239777583 58.12478090266267
1.39948688020619 103.85594945409754 58.12478090266267
1.3994899126658282 103.8559542942011 58.12478090266267
1.3994925502302171 103.85595850401305 58.12478090265907
1.3994956134605419 103.85596339322964 58.124780902661286
1.3994992175056535 103.85596914563983 58.124780902661286
1.3995019963391406 103.85597358093119 58.124780902661286
1.3995062825487266 103.85598042214299 58.12478090266267
1.3995098986388907 103.85598619377835 58.12478090265907
1.3995138127471285 103.85599244107985 58.124780902661286
1.3995174030722721 103.85599817159175 58.124780902661286
1.3995214037509707 103.85600455706829 58.124780902661286
1.3995241575881932 103.85600895246327 58.12478090266044
1.3995269660880838 103.85601343510525 58.12478090266044
1.3995300649648335 103.85601838121727 58.124780902661286
1.399533669153148 103.85602413385625 58.124780902661286
1.3995367490491193 103.85602904967313 58.124780902661286
1.399540684508123 103.85603533105277 58.124780902661286
1.3995437459453546 103.85604021740771 58.124780902661286
1.3995475641316628 103.85604631160865 58.124780902661286
1.399550233720335 103.85605057253477 58.12478090266267
1.3995526552561726 103.85605443754419 58.124780902661286
1.3995568337472795 103.8560611068271 58.12478090266267
1.3995608350581614 103.85606749331296 58.124780902661286
1.3995641674879824 103.85607281219887 58.124780902661286
1.3995667391146378 103.85607691676807 58.124780902661286
1.3995695816438911 103.85608145372449 58.124780902661286
1.3995731163799014 103.85608709551103 58.124780902661286
1.399575880283931 103.85609150697387 58.124780902661286
1.3995785321371084 103.85609573959256 58.124780902661286
1.3995815915887835 103.85610062277858 58.124780902661286
1.3995846488390635 103.85610550245097 58.124780902661286
1.3995883281479395 103.85611137499014 58.124780902661286
1.3995918162559626 103.85611694235395 58.12478090266267
1.399596119531696 103.85612381080571 58.12478090266267
1.3995986371370686 103.85612782915179 58.124780902661286
1.399602800520561 103.8561344743218 58.124780902661286
1.3996064195717102 103.85614025068384 58.124780902661286
1.3996094960502838 103.85614516104661 58.12478090266267
1.3996124567965293 103.85614988668922 58.124780902661286
1.3996148836489362 103.8561537601847 58.124780902661286
1.3996191872022317 103.85616062907965 58.124780902661286
1.3996222115686316 103.85616545626634 58.124780902661286
1.3996259863695393 103.85617148122047 58.12478090265907
1.3996304606811767 103.85617862266265 58.12478090266044
1.3996331250123246 103.85618287519769 58.124780902661286
1.3996356205655012 103.85618685834645 58.124780902661286
1.3996383970446358 103.85619128988073 58.124780902661286
1.399641611594127 103.8561964206185 58.124780902661286
1.3996463125990728 103.85620392388569 58.12478090266267
1.399649861165338 103.8562099256991 58.35304498757713
1.399652945795376 103.85621524703481 58.6218720866675
1.39965646910613 103.85622132514442 58.92895583731091
1.3996603851778022 103.85622808081106 59.27028291123008
1.399662919906184 103.85623245350428 59.49120661157675
1.3996667918252397 103.85623913300273 59.8286538165127
1.399670270079463 103.85624513338482 60.08747366439215
1.3996738545062488 103.85625131692665 60.08747366439215
1.3996769779636715 103.85625670524416 60.08747366439215
1.3996810288589616 103.85626369349698 60.08747366439215
1.399683526303185 103.85626800187094 60.08747366439215
1.3996857961495695 103.85627191761284 60.08747366439215
1.3996881336031037 103.85627594998478 60.08747366439084
1.399690692240105 103.85628036392323 60.08747366439215
1.3996931552178993 103.85628461283875 60.08747366439215
1.399695477456404 103.85628861896306 60.08747366439215
1.3996993758784637 103.85629534418248 60.08747366439084
1.399701634345936 103.85629924029459 60.08747366439084
1.3997042442563876 103.85630374268563 60.08747366439084
1.3997069128651303 103.85630834633788 60.08747366439215
1.3997098666796004 103.85631344200233 60.08747366439215
1.3997142760927703 103.85632104873942 60.08747366439215
1.3997175278939455 103.85632665846472 60.08747366439215
1.3997212494703148 103.85633307860549 60.08747366439215
1.3997238787334039 103.85633761438216 60.08747366439084
1.3997264229910935 103.85634200351487 60.08747366439084
1.3997302285380235 103.85634856851445 60.08747366439215
1.3997328776783708 103.85635313858167 60.08747366439215
1.3997366172185766 103.85635958971223 60.08747366439215
1.3997408041391173 103.85636681262457 60.08747366439215
1.3997440994970174 103.85637249749038 60.08747366439215
1.399748292064418 103.85637973014427 60.08747366439084
1.3997507581696598 103.85638398445532 60.08747366439215
1.3997533169035175 103.85638839856121 60.08747366439215
1.3997556258239656 103.8563923817107 60.08747366439215
1.3997597230600873 103.85639944990744 60.08747366439215
1.3997624762952536 103.85640419955023 60.08747366439084
1.3997659386335903 103.85641017247637 60.08747366439084
1.3997683749795358 103.85641437544935 60.08747366439215
1.3997711564726198 103.8564191738403 60.08747366439084
1.3997749670435153 103.85642574750716 60.08747366439215
1.3997787048502348 103.8564321956476 60.08747366439215
1.3997809573691755 103.85643608149823 60.08747366439215
1.3997851652696311 103.85644334060373 60.08747366439084
1.3997891569825145 103.8564502267612 60.08747366439084
1.399793208616311 103.85645721628907 60.08747366438858
1.3997968885564647 103.85646356460327 60.08747366439084
1.39979949063119 103.85646805347739 60.08747366439084
1.3998037611518885 103.85647542061011 60.08747366439215
1.399807890402381 103.8564825440357 60.08747366439215
1.3998108783272432 103.85648769854514 60.08747366439215
1.3998147074597223 103.85649430423321 60.08747366439084
1.3998188585402598 103.85650146531823 60.08747366439215
1.3998213344248525 103.85650573650015 60.08747366439215
1.3998237565009644 103.85650991485636 60.08747366439215
1.3998264385211094 103.85651454164554 60.08747366439215
1.3998301812159246 103.85652099821895 60.08747366438989
1.3998330518269306 103.85652595034882 60.08747366439215
1.3998358143782628 103.85653071606349 60.08747366439084
1.3998386161732674 103.85653554947797 60.08747366439084
1.3998409287051228 103.85653953885802 60.08747366439084
1.3998433324095958 103.85654368552115 60.08747366439215
1.3998460541864837 103.85654838089535 60.08747366438989
1.3998504145236368 103.85655590297208 60.08747366439215
1.3998541974905 103.85656242901958 60.08747366439215
1.3998580328592456 103.85656904546627 60.08747366439215
1.3998610275672347 103.85657421167771 60.08747366439215
1.399863288881613 103.85657811270188 60.08747366439215
1.3998667413601713 103.85658406861958 60.08747366439215
1.3998705942580578 103.85659071530617 60.08747366439215
1.3998728912098413 103.85659467780896 60.08747366439215
1.3998773230826844 103.85660232329317 60.08747366439215
1.399881700386795 103.85660987464017 60.08747366439215
1.3998842643684206 103.85661429779985 60.08747366439215
1.3998883044254342 103.85662126735733 60.08747366439215
1.399891875950572 103.85662742864413 60.08747366439084
1.399894818897728 103.8566327573806 60.24810975156185
1.3998975822660882 103.85663852023528 60.88358612754139
1.3999009447895225 103.85664553259537 61.65730860199882
1.3999034472523537 103.85665075134578 62.23330218483218
1.3999069348933155 103.85665802463178 63.036058646645245
1.3999092975755258 103.85666295187735 63.57974093104767
1.3999129743587282 103.8566706196093 64.4253269780219
1.3999166346958853 103.85667825304397 64.55257153734878
1.3999192004142478 103.85668360371052 64.55257153734766
1.3999220032240358 103.8566894488184 64.55257153734766
1.3999244133568332 103.85669447501975 64.55257153734878
1.3999277032480963 103.85670133590972 64.55257153734766
1.399930262831919 103.85670667378314 64.55257153734766
1.399933566139313 103.8567135626518 64.55257153734641
1.3999369240233748 103.8567205653372 64.55257153734766
1.3999389431649436 103.85672477614763 64.55257153734766
1.3999423211614457 103.85673182077649 64.55257153734529
1.3999449078937858 103.85673721526682 64.55257153734878
1.3999477830581262 103.85674321126649 64.55257153734878
1.3999502965895287 103.85674845310027 64.55257153734766
1.3999538047199689 103.85675576911657 64.55257153734878
1.3999558648694412 103.8567600654469 64.55257153734878
1.3999580849120739 103.85676469522579 64.55257153734878
1.3999603617935323 103.85676944353898 64.55257153734878
1.3999639817480125 103.85677699275843 64.55257153734766
1.399967487841569 103.8567843045271 64.55257153734878
1.3999709595200114 103.85679154452497 64.55257153734529
1.3999741211844927 103.85679813800552 64.55257153734878
1.3999765693288844 103.85680324347844 64.55257153734878
1.3999792850076682 103.85680890687993 64.55257153734766
1.3999824394651712 103.85681548533083 64.55257153734766
1.399984727931357 103.85682025780356 64.55257153734878
1.3999871625774076 103.85682533512654 64.55257153734878
1.3999894680804659 103.85683014312879 64.55257153734529
1.3999917303089708 103.85683486088433 64.55257153734878
1.3999942887651662 103.85684019640675 64.55257153734878
1.3999971944296838 103.85684625601345 64.55257153734641
1.3999992840372106 103.85685061377731 64.55257153734641
1.400002104772514 103.85685649626876 64.55257153734641
1.4000058462311407 103.85686429887912 64.55257153734878
1.4000084490906703 103.85686972700243 64.55257153734878
1.4000107936478943 103.85687461645024 64.55257153734766
1.4000138672834794 103.85688102635173 64.55257153734529
1.400016437100548 103.85688638556687 64.55257153734766
1.400018412328151 103.8568905047977 64.55257153734529
1.4000215150650641 103.85689697538852 64.55257153734641
1.4000246360849846 103.85690348410763 64.55257153734766
1.4000281976123363 103.85691091148131 64.55257153734766
1.4000303310772566 103.85691536070766 64.55257153734766
1.400033456797115 103.85692187922834 64.55257153734878
1.4000367162866603 103.85692867671852 64.55257153734878
1.400039115051357 103.85693367921336 64.55257153734766
1.4000415154468844 103.8569386851092 64.55257153734766
1.4000445297877058 103.85694497135502 64.55257153734529
1.4000467632644389 103.85694962915075 64.55257153734641
1.400049716362734 103.85695578767863 64.55257153734766
1.400052241254328 103.85696105320443 64.55257153734878
1.4000545886185993 103.85696594850658 64.55257153734878
1.4000573378555063 103.85697168189255 64.55257153734766
1.4000609253426364 103.8569791634044 64.55257153734878
1.4000647915913378 103.85698722625862 64.55257153734878
1.4000674737460557 103.85699281974838 64.55257153734641
1.4000708314438663 103.85699982204707 64.55257153734878
1.400073843518076 103.85700610356632 64.55257153734641
1.4000765394153563 103.85701172571557 64.55257153734766
1.4000788333576915 103.85701650960935 64.55257153734766
1.4000813770452336 103.8570218143334 64.55257153734878
1.4000837983866432 103.85702686391113 64.55257153734766
1.4000867472587692 103.85703301362598 64.55257153734766
1.400089624230399 103.8570390133962 64.55257153734766
1.4000916991417065 103.85704334051263 64.55257153734766
1.4000953708994286 103.85705099776675 64.55257153734529
1.4000990373328421 103.85705864391738 64.55257153734529
1.4001011561778096 103.85706306265516 64.55257153734641
1.4001034962291945 103.85706794270712 64.55257153734766
1.4001068346247683 103.85707490475247 64.55257153734766
1.4001094851971607 103.85708043237943 64.55257153734766
1.4001119619421596 103.85708595409793 64.74860682266977
1.4001147686395048 103.85709274092571 65.26198627042152
1.4001166405574104 103.85709726737906 65.60446487154266
1.4001185201284974 103.85710181233843 65.94838079207103
1.4001216060943216 103.85710927446077 66.51305320014417
1.4001241511771125 103.85711542868293 66.97870196736861
1.400126473320667 103.85712104381949 67.40346449421207
1.400128522943417 103.85712599997807 67.6898481755683
1.4001316507814954 103.85713356335118 67.6898481755683
1.4001338009595063 103.85713876266082 67.6898481755683
1.4001357575649513 103.85714349389586 67.68984817556588
1.4001388663251406 103.85715101113719 67.6898481755683
1.4001413129517681 103.85715692728441 67.6898481755683
1.4001443560595832 103.85716428577291 67.6898481755683
1.4001468177193528 103.85717023827158 67.6898481755683
1.400148875386174 103.8571752138816 67.6898481755683
1.4001516546814294 103.85718193444947 67.6898481755683
1.4001541534940944 103.85718797678706 67.6898481755683
1.4001570085950417 103.85719488065948 67.68984817556732
1.4001600096912468 103.85720213756068 67.6898481755683
1.4001623838002202 103.85720787835443 67.6898481755683
1.4001651606721484 103.85721459306268 67.6898481755683
1.4001673353919433 103.8572198517168 67.6898481755683
1.4001703010534736 103.8572270229342 67.6898481755683
1.4001725190011558 103.85723238611703 67.6898481755683
1.4001759051804592 103.85724057418162 67.6898481755683
1.4001792106612128 103.85724856711043 67.6898481755683
1.4001823210319297 103.85725608824691 67.6898481755683
1.4001845908429753 103.85726157683986 67.6898481755683
1.4001878184262413 103.8572693814062 67.6898481755683
1.400189954434784 103.85727454645357 67.6898481755649
1.4001923646420817 103.85728037453651 67.6898481755683
1.4001957312126898 103.85728851518601 67.68984817556588
1.4001981039911564 103.85729425276297 67.6898481755683
1.4002010567333318 103.8573013927408 67.6898481755683
1.4002044469622752 103.85730959059829 67.6898481755683
1.4002076739123792 103.85731739363396 67.6898481755683
1.4002108099915305 103.8573249769361 67.6898481755683
1.4002137055094326 103.85733197854104 67.6898481755683
1.4002167603801385 103.85733936547446 67.6898481755683
1.4002200105533311 103.85734722466572 67.6898481755683
1.400222150662467 103.85735239962906 67.6898481755683
1.400224900102699 103.85735904800616 67.6898481755683
1.4002278017661955 103.85736606447188 67.6898481755683
1.4002310857315898 103.85737400537573 67.6898481755683
1.4002329828718179 103.85737859282001 67.68984817556732
1.4002353770847304 103.85738438222778 67.6898481755683
1.4002372101536857 103.85738881474238 67.6898481755683
1.400239313270157 103.85739390025458 67.6898481755683
1.4002413609041597 103.85739885160551 67.6898481755683
1.4002439947178373 103.85740522038816 67.6898481755683
1.4002466205128037 103.85741156978094 67.6898481755683
1.4002486481025092 103.85741647266317 67.68984817556588
1.4002509432912817 103.85742202262246 67.6898481755683
1.400252793741608 103.85742649716684 67.6898481755683
1.4002549610680417 103.85743173794431 67.6898481755683
1.4002580648151708 103.85743924306576 67.6898481755683
1.4002612223463275 103.85744687824155 67.68984817556588
1.4002636628324572 103.85745277954226 67.6898481755683
1.400266679481171 103.85746007405255 67.68984817556732
1.400268701681002 103.85746496390185 67.6898481755683
1.400270768432836 103.85746996148167 67.6898481755683
1.400273729181927 103.85747712082211 67.6898481755683
1.400275973733002 103.85748254833553 67.6898481755683
1.4002786820971809 103.8574890973881 67.6898481755683
1.40028151583073 103.85749594959438 67.6898481755683
1.4002843144627857 103.85750271692237 67.6898481755683
1.400287271514995 103.85750986732366 67.68984817556732
1.400290274605741 103.85751818766313 68.20418855935633
1.4002928811396012 103.85752602961685 68.95241059576735
1.4002943587057592 103.85753047498609 69.37668810642388
1.4002960269779157 103.85753549410879 69.85576907438853
1.4002988286685976 103.85754392320668 70.66025946254635
1.4003009523267878 103.8575503123927 71.26982678521682
1.4003036611943016 103.85755846222524 71.7516996021456
1.400305566098336 103.85756419327298 71.7516996021448
1.400307656824819 103.85757048338162 71.75169960214231
1.4003100074662866 103.8575775554642 71.75169960214231
1.4003124933425959 103.8575850344111 71.7516996021448
1.4003148427210044 103.85759210269379 71.7516996021456
1.4003166722553326 103.85759760698627 71.7516996021456
1.400318260143229 103.85760238426722 71.75169960214312
1.4003198367254213 103.85760712753411 71.7516996021448
1.4003217142994508 103.8576127763578 71.7516996021456
1.4003236164899402 103.85761849924198 71.7516996021456
1.4003252698294826 103.85762347343928 71.75169960214231
1.4003271628247103 103.85762916865892 71.7516996021448
1.400329287925696 103.85763556218635 71.7516996021456
1.4003319907127652 103.85764369372622 71.7516996021448
1.400333480407848 103.85764817558689 71.75169960214231
1.4003355242807038 103.85765432473347 71.7516996021448
1.4003378556183073 103.8576613387396 71.7516996021448
1.400339767581113 103.8576670910249 71.75169960214312
1.4003421528869682 103.85767426739874 71.7516996021456
1.4003440922184567 103.85768010202486 71.7516996021448
1.400346047544561 103.85768598477205 71.7516996021448
1.4003482909625093 103.85769273426548 71.75169960214312
1.4003500124148265 103.85769791338568 71.75169960214231
1.4003525204824312 103.85770545909784 71.7516996021448
1.4003547920542123 103.8577122932944 71.75169960214231
1.4003567250073279 103.85771810873096 71.7516996021456
1.4003585572512893 103.85772362117643 71.7516996021448
1.400360945103161 103.85773080521061 71.7516996021448
1.4003625668437212 103.85773568434064 71.7516996021448
1.4003640543226517 103.85774015953434 71.7516996021448
1.4003654781003696 103.85774444307812 71.75169960214231
1.4003677782379305 103.8577513632173 71.7516996021456
1.400369215178413 103.8577556863623 71.7516996021448
1.400371690716089 103.85776313420622 71.75169960214312
1.4003743659603038 103.85777118288256 71.7516996021456
1.4003762778431907 103.85777693492813 71.7516996021448
1.4003780788832272 103.85778235349458 71.7516996021448
1.4003803308631342 103.8577891287481 71.7516996021448
1.4003830497760295 103.85779730880526 71.75169960214231
1.4003854170913406 103.85780443105428 71.75169960214231
1.4003870712599478 103.85780940774697 71.75169960214231
1.4003892435798793 103.85781594333758 71.75169960214312
1.4003915718699111 103.85782294817622 71.7516996021456
1.400393005400762 103.85782726106348 71.75169960214231
1.4003944775501331 103.8578316901375 71.75169960214312
1.400396282961584 103.85783712185604 71.75169960214231
1.4003990351181546 103.8578454019298 71.75169960214231
1.4004006393847113 103.8578502284886 71.7516996021448
1.400402398304748 103.85785552033425 71.75169960214231
1.400404179344545 103.85786087872896 71.75169960214231
1.400405726989222 103.8578655349366 71.7516996021448
1.4004077882058847 103.85787173626494 71.7516996021448
1.4004101280894783 103.85787877598415 71.7516996021456
1.4004128015136326 103.85788681918582 71.75169960214231
1.4004145090633628 103.8578919564802 71.7516996021448
1.4004159713982296 103.8578963560269 71.75169960214231
1.400418406889237 103.85790368338857 71.75169960214312
1.4004201453721181 103.85790891374783 71.75169960214312
1.400422477006868 103.85791592865009 71.7516996021456
1.4004250081580416 103.8579235438129 71.7516996021448
1.4004269642758467 103.85792942894368 71.75169960214231
1.4004297099634688 103.85793768955601 71.75169960214231
1.4004312534347068 103.85794233320794 71.7516996021448
1.4004332595183309 103.85794836866486 71.7516996021448
1.4004353675341192 103.8579547107926 71.75169960214312
1.4004372181488383 103.85796027850944 71.7516996021448
1.4004393800501151 103.8579667827559 71.7516996021456
1.4004412605496734 103.85797244038366 71.7516996021448
1.4004433506398957 103.85797872858113 71.7516996021448
1.400445022897219 103.85798375969615 71.7516996021448
1.4004473238324573 103.85799068223719 71.7516996021448
1.4004492938673594 103.8579966092391 71.75169960214312
1.4004516060024552 103.85800356547587 71.7516996021448
1.4004538527552097 103.85801032500488 71.7516996021448
1.4004559157231815 103.85801653160323 71.7516996021448
1.4004584289412874 103.85802409281393 71.75169960214312
1.4004598987230445 103.85802851476585 71.7516996021448
1.4004626282537076 103.85803672676971 71.75169960214231
1.400464131988229 103.85804125087121 71.75169960214312
1.4004667938280502 103.85804925922204 71.7516996021448
1.4004695613133846 103.85805758541566 71.75169960214312
1.4004714221621681 103.85806318392316 71.75169960214231
1.4004740515290988 103.858071094577 71.7516996021448
1.4004756383524508 103.85807586865788 71.7516996021456
1.4004770007923146 103.85808023946954 71.86063329810699
1.4004789026064397 103.85808636722724 72.02335600620917
1.4004815120007663 103.85809477485036 72.24662784861577
1.4004828552667712 103.85809910293304 72.36156520167286
1.400485054828949 103.85810619005277 72.54977090838621
1.4004870971498722 103.85811277053192 72.72451791385922
1.4004889860091903 103.85811885654874 72.88612767528782
1.4004903441115624 103.8581232324352 72.88939512563798
1.400492567982086 103.85813039787809 72.88939512563547
1.4004939137758536 103.85813473410556 72.88939512563547
1.4004958731198724 103.85814104722843 72.88939512563798
1.4004984303588641 103.85814928680452 72.88939512563547
1.400500617135783 103.85815633272985 72.8893951256372
1.4005021531441328 103.85816128184017 72.8893951256347
1.400504692148497 103.85816946266341 72.88939512563798
1.4005072859875158 103.85817782016726 72.88939512563547
1.4005098377256389 103.8581860420196 72.8893951256372
1.400511710145374 103.85819207506766 72.88939512563547
1.4005142386078204 103.85820022192453 72.8893951256372
1.4005162037003651 103.85820655357003 72.8893951256372
1.4005181256886388 103.85821274633103 72.88939512563798
1.4005199374863955 103.85821858405166 72.88939512563798
1.4005213454084209 103.85822312046056 72.88939512563798
1.4005235616786764 103.85823026141586 72.8893951256372
1.4005250231045199 103.85823497021734 72.88939512563798
1.4005264930205679 103.85823970637479 72.88939512563798
1.400528723017064 103.85824689155699 72.88939512563547
1.4005305891089246 103.85825290421674 72.8893951256347
1.4005319541897077 103.85825730258878 72.88939512563798
1.40053426009015 103.85826473233821 72.88939512563798
1.4005360242682239 103.85827041662576 72.88939512563798
1.4005384623344388 103.85827827222134 72.8893951256372
1.4005403750837158 103.85828443521432 72.88939512563798
1.4005429667508167 103.85829278572133 72.8893951256347
1.4005448614113707 103.85829889043147 72.88939512563547
1.4005473003718476 103.85830674890872 72.88939512563547
1.4005486441883102 103.85831107876615 72.88939512563798
1.4005499778531831 103.8583153759146 72.88939512563798
1.4005515216687165 103.85832035018112 72.88939512563798
1.4005536193837187 103.85832710914512 72.88939512563798
1.400556122294083 103.85833517367304 72.8893951256372
1.4005576429343225 103.8583400732675 72.8893951256372
1.4005593472263722 103.85834556459922 72.88939512563547
1.4005615619567604 103.85835270059404 72.88939512563798
1.4005640601389957 103.85836074988791 72.88939512563798
1.4005655219865252 103.85836546004886 72.88939512563798
1.4005678594252742 103.85837299141764 72.8893951256372
1.400569584060647 103.85837854829698 72.88939512563798
1.400571493527586 103.85838470071484 72.88939512563798
1.4005737000319514 103.85839181020529 72.88939512563798
1.4005758661725507 103.85839878964133 72.88939512563547
1.4005773794123182 103.8584036653914 72.8893951256347
1.4005796288137198 103.85841091309888 72.88939512563798
1.400581119704643 103.85841571683972 72.88939512563798
1.4005827124584302 103.8584208487889 72.88939512563798
1.4005844353849206 103.85842640016246 72.8893951256372
1.4005858998959313 103.85843111890571 72.88939512563798
1.4005881940884308 103.85843851093307 72.8893951256372
1.4005899502331 103.85844416933773 72.88939512563547
1.4005922649230476 103.85845162740922 72.8893951256372
1.400594205190466 103.85845787906867 72.88939512563798
1.4005960402394528 103.85846379170799 72.88939512563798
1.4005984545449197 103.85847157074693 72.88939512563798
1.4006010696973097 103.85847999692696 72.8893951256347
1.400602784868867 103.85848552331406 72.88939512563798
1.4006047527614345 103.85849186398369 72.88939512563798
1.4006068986520095 103.85849877817378 72.88939512563547
1.4006091498892568 103.85850603179733 72.88939512563798
1.4006116125870292 103.85851396675966 72.8893951256372
1.400614149950908 103.85852214230081 72.88939512563798
1.400615727471206 103.85852722516745 72.8893951256372
1.4006182115236199 103.85853522893593 72.88939512563798
1.4006202606089475 103.858541831214 72.8893951256372
1.4006216551419113 103.85854632448441 72.88939512563798
1.4006236202318605 103.8585526561243 72.88939512563798
1.400626184452381 103.85856091819961 72.88939512563798
1.4006288331275931 103.85856945239316 72.88939512563798
1.4006304179585651 103.85857455881555 72.88939512563798
1.4006317904209167 103.85857898097329 72.8893951256372
