477025178
1.403319543853537 103.85488116254513 174.34557917735836
1.403173164281026 103.85489563482275 174.34557917735836
1.4030676819952304 103.8549060636555 174.34557917735967
1.4030039897114595 103.85491838894542 168.72401234748625
1.4029806468137846 103.85492302519525 168.72401234748548
1.4029716908217127 103.8549248039896 168.72401234748548
1.4029627348296274 103.85492658278393 168.72401234748676
1.4029537788375286 103.85492836157822 168.72401234748625
1.4029448228454162 103.85493014037247 168.72401234748497
1.4029358668532919 103.85493191916666 168.72401234748625
1.4029269108611533 103.85493369796085 168.72401234748625
1.4029179548690016 103.85493547675496 168.72401234748625
1.4029089988768373 103.85493725554903 168.72401234748497
1.4029000428846592 103.85493903434309 168.72401234748625
1.4028910868924678 103.8549408131371 168.72401234748625
1.4028821309002633 103.85494259193105 168.72401234748625
1.402873174908046 103.854944370725 168.72401234748497
1.402864218915815 103.85494614951885 168.72401234748625
1.402855262923571 103.85494792831271 168.72401234748625
1.4028463069313137 103.85494970710651 168.72401234748625
1.402837350939043 103.85495148590026 168.72401234748548
1.4028283949467597 103.85495326469399 168.72401234748676
1.4028194389544628 103.85495504348766 168.72401234748676
1.4028104829621526 103.85495682228132 168.72401234748548
1.4028015269698293 103.85495860107493 168.72401234748548
1.4027925709774927 103.85496037986849 168.72401234748625
1.4027836149851427 103.854962158662 168.72401234748625
1.4027746589927799 103.85496393745548 168.72401234748497
1.4027657030004037 103.85496571624891 168.72401234748625
1.4027567470080142 103.85496749504232 168.72401234748625
1.4027477910156116 103.85496927383568 168.72401234748625
1.4027389302491144 103.85497140050973 168.26959253488016
1.4027303012645145 103.85497437393283 166.7061384443275
1.402721672279892 103.8549773473559 165.13985919060545
1.4027130432952475 103.85498032077894 163.57309091028597
1.4027044143105807 103.85498329420193 162.0081741156455
1.4026957853258912 103.85498626762488 160.90136029893426
1.4026871563411794 103.85498924104776 160.9013602989334
1.402678527356445 103.85499221447061 160.9013602989322
1.4026698983716883 103.85499518789342 160.90136029893426
1.4026612693869087 103.85499816131617 160.90136029893426
1.4026526404021074 103.85500113473888 160.9013602989322
1.4026440114172831 103.85500410816157 160.90136029893307
1.4026353824324365 103.85500708158418 160.90136029893426
1.4026267534475674 103.85501005500677 160.9013602989334
1.4026181244626765 103.85501302842931 160.9013602989322
1.4026094954777624 103.85501600185182 160.90136029893426
1.402600866492826 103.85501897527425 160.9013602989334
1.4025922375078677 103.85502194869666 160.9013602989322
1.4025836085228862 103.85502492211901 160.90136029893307
1.402574979537883 103.85502789554134 160.9013602989334
1.4025663505528565 103.85503086896361 160.9013602989334
1.4025577215678082 103.85503384238582 160.90136029893307
1.402549092582737 103.85503681580802 160.9013602989334
1.4025404635976435 103.85503978923016 160.9013602989334
1.402531834612528 103.85504276265225 160.90136029893307
1.4025232056273895 103.8550457360743 160.90136029893307
1.4025145766422291 103.8550487094963 160.9013602989334
1.4025059476570456 103.85505168291826 160.90136029893426
1.40249731867184 103.85505465634019 160.90136029893307
1.4024886896866122 103.85505762976206 160.9013602989334
1.4024800607013619 103.85506060318387 160.9013602989334
1.402471431716089 103.85506357660564 160.90136029893426
1.4024628027307935 103.85506655002739 160.9013602989322
1.4024541737454759 103.85506952344909 160.9013602989334
1.4024455447601358 103.85507249687073 160.90136029893426
1.402436915774773 103.85507547029233 160.9013602989322
1.4024282867893882 103.8550784437139 160.9013602989322
1.4024196578039803 103.85508141713541 160.90136029893426
1.4024110288185507 103.8550843905569 160.90136029893426
1.4024023998330986 103.85508736397831 160.9013602989322
1.4023937708476235 103.8550903373997 160.90136029893426
1.4023851418621267 103.85509331082102 160.90136029893426
1.4023765128766068 103.85509628424234 160.9013602989322
1.4023678838910645 103.85509925766357 160.9013602989322
1.4023593963231331 103.85510254535528 160.4680097357776
1.402351412385838 103.8551069522586 158.48551217052338
1.4023434284485092 103.85511135916184 156.49689451029963
1.4023354445111467 103.85511576606507 154.50693017515098
1.4023274605737508 103.85512017296823 152.52041198561315
1.4023194766363214 103.85512457987136 150.9748652461519
1.402311492698858 103.85512898677445 150.97486524615059
1.4023035087613616 103.85513339367748 150.9748652461519
1.4022955248238307 103.85513780058048 150.97486524615059
1.4022875408862672 103.85514220748341 150.9748652461519
1.4022795569486697 103.8551466143863 150.97486524615059
1.4022715730110389 103.85515102128916 150.9748652461519
1.4022635890733741 103.85515542819198 150.97486524615076
1.402255605135676 103.85515983509474 150.9748652461519
1.4022476211979442 103.85516424199746 150.9748652461519
1.4022396372601786 103.85516864890013 150.9748652461519
1.4022316533223798 103.85517305580277 150.9748652461519
1.402223669384547 103.85517746270534 150.97486524615059
1.4022156854466812 103.85518186960788 150.9748652461519
1.4022077015087817 103.85518627651038 150.97486524615059
1.402199717570848 103.85519068341281 150.9748652461519
1.402191733632881 103.85519509031523 150.97486524615059
1.4021837496948808 103.85519949721758 150.9748652461519
1.4021757657568468 103.85520390411989 150.9748652461519
1.4021677818187792 103.85520831102217 150.9748652461519
1.402159797880678 103.8552127179244 150.9748652461519
1.4021518139425428 103.85521712482657 150.9748652461519
1.4021438300043745 103.8552215317287 150.9748652461519
1.4021358460661726 103.8552259386308 150.97486524615059
1.4021278621279374 103.85523034553283 150.9748652461519
1.4021198781896684 103.85523475243482 150.97486524615059
1.4021118942513655 103.85523915933678 150.9748652461519
1.4021039103130293 103.85524356623868 150.97486524615059
1.402095926374659 103.85524797314055 150.97486524615076
1.4020879424362562 103.85525238004237 150.9748652461519
1.4020799584978194 103.85525678694414 150.9748652461519
1.4020719745593482 103.85526119384586 150.9748652461519
1.4020639906208447 103.85526560074754 150.9748652461519
1.402056006682307 103.85527000764918 150.9748652461519
1.4020480227437355 103.85527441455076 150.97486524615059
1.4020400388051308 103.85527882145232 150.9748652461519
1.402032054866492 103.85528322835381 150.97486524615059
1.4020240709278204 103.85528763525527 150.9748652461519
1.4020160869891147 103.85529204215669 150.97486524615059
1.4020081030503753 103.85529644905805 150.97486524615076
1.4020001191116025 103.85530085595936 150.97486524615059
1.4019921351727962 103.85530526286064 150.9748652461519
1.4019841512339564 103.85530966976187 150.97486524615059
1.401976167295083 103.85531407666305 150.9748652461519
1.4019681833561763 103.8553184835642 150.974865246153
1.4019601994172353 103.8553228904653 150.9748652461519
1.4019522154782609 103.85532729736634 150.9748652461519
1.401944231539253 103.85533170426734 150.9748652461519
1.401936247600212 103.8553361111683 150.9748652461519
1.401928263661137 103.85534051806921 150.9748652461495
1.4019202797220285 103.85534492497008 150.9748652461519
1.4019122957828865 103.85534933187093 150.97486524615059
1.401904311843711 103.85535373877168 150.9748652461519
1.4018963279045016 103.85535814567243 150.97486524615059
1.4018883439652587 103.85536255257311 150.9748652461519
1.4018803600259824 103.85536695947376 150.9748652461519
1.4018723760866723 103.85537136637434 150.9748652461519
1.401864392147329 103.8553757732749 150.9748652461519
1.4018564082079519 103.85538018017542 150.9748652461519
1.401848424268541 103.85538458707586 150.9748652461519
1.4018404403290972 103.85538899397629 150.9748652461495
1.4018324563896187 103.85539340087666 150.9748652461519
1.4018244724501074 103.85539780777698 150.97486524615059
1.4018164885105624 103.85540221467727 150.9748652461519
1.4018085045709838 103.85540662157752 150.97486524615059
1.401800520631372 103.8554110284777 150.9748652461519
1.4017925366917259 103.85541543537785 150.97486524615059
1.4017845527520474 103.85541984227795 150.9748652461519
1.401776568812334 103.85542424917801 150.9748652461519
1.4017685848725876 103.855428656078 150.9748652461519
1.4017606009328074 103.85543306297798 150.9748652461519
1.401752616992994 103.85543746987791 150.9748652461519
1.401744633053147 103.85544187677777 150.9748652461519
1.4017366491132661 103.85544628367762 150.97486524615059
1.4017286651733518 103.8554506905774 150.9748652461519
1.4017206812334044 103.85545509747713 150.97486524615059
1.401712697293423 103.85545950437682 150.9748652461519
1.4017047133534077 103.85546391127649 150.97486524615059
1.4016967294133593 103.8554683181761 150.9748652461519
1.4016887454732767 103.85547272507564 150.97486524615059
1.4016807615331612 103.85547713197516 150.9748652461519
1.4016727775930118 103.85548153887464 150.97486524615076
1.401664793652829 103.85548594577405 150.9748652461519
1.4016568097126128 103.85549035267343 150.9748652461519
1.401648825772363 103.85549475957275 150.9748652461519
