349477751
1.3977070283232382 103.85593025071275 332.5272054427683
1.3977128580827325 103.85592723524825 332.52720544276775
1.3977200696842458 103.8559235050209 332.5272054427683
1.3977241547566606 103.85592139200216 332.52720544276775
1.3977284414241409 103.85591917470761 332.5272054427683
1.3977361117836804 103.85591520718586 332.5272054427683
1.3977439415118322 103.85591115723004 332.52720544276775
1.3977503996002152 103.85590781675991 332.5272054427683
1.397755324064058 103.85590526956274 332.52720544276775
1.3977597445869514 103.85590298303087 332.52720544276775
1.3977665313587682 103.8558995348004 332.5977065160358
1.3977743740186974 103.85589616432834 333.3751501850347
1.3977794578928429 103.85589397947577 333.87937077192026
1.3977856410972471 103.85589132217348 334.49276261662783
1.39779225034611 103.85588848177373 335.1484385254725
1.3977995862666555 103.85588532907853 335.87602364884225
1.3978050650038574 103.85588297452895 336.419152078684
1.3978095946270344 103.8558810278719 336.63811444463664
1.3978141655816534 103.85587906345215 336.63811444463425
1.397819528793991 103.85587675855064 336.63811444463664
1.3978273252383155 103.85587340793994 336.63811444463425
1.3978326846114666 103.85587110468829 336.63811444463425
1.3978405240508975 103.85586773559987 336.63811444463664
1.3978476024473325 103.85586469357831 336.63811444463425
1.3978546493660238 103.85586166508462 336.63811444463425
1.3978596890609387 103.85585949921823 336.63811444463425
1.3978652034146501 103.85585712936177 336.63811444463425
1.3978731119986252 103.85585373055748 336.63811444463425
1.3978807623457972 103.85585044273336 336.63811444463664
1.3978885502539817 103.85584709579078 336.63811444463425
1.3978935039023825 103.85584496690373 336.63811444463425
1.3978999245789605 103.8558422075445 336.63811444463664
1.3979044084343033 103.85584028055632 336.63811444463425
1.3979089195661305 103.85583834184575 336.63811444463664
1.3979148737059428 103.85583578298598 336.63811444463664
1.3979206697456865 103.85583329207147 336.63811444463425
1.397926427287012 103.85583081770207 336.63811444463425
1.3979345755657564 103.85582731588582 336.63811444463425
1.397941224812422 103.85582445829576 336.63811444463425
1.397946583239466 103.85582215545023 336.63811444463664
1.3979537834733737 103.855819061067 336.63811444463664
1.3979606828283069 103.85581609598992 336.63811444463425
1.3979687933762714 103.85581261038867 336.63811444463425
1.397974488337313 103.85581016291364 336.63811444463425
1.3979823653594758 103.85580677767273 336.63811444463664
1.3979869757041246 103.85580479632401 336.63811444463425
1.3979917517097495 103.85580274378059 336.63811444463477
1.3979984296596368 103.85579987385466 336.63811444463425
1.3980062622666078 103.85579650770154 336.63811444463425
1.3980119705690475 103.8557940544927 336.63811444463425
1.3980201094974352 103.85579055669432 336.63811444463425
1.3980276923205912 103.85578729788851 336.63811444463664
1.3980323126468903 103.8557853122499 336.63811444463545
1.398037554798367 103.85578305937474 336.6381144446337
1.3980433998094215 103.85578054741367 336.63811444463425
1.3980516721388732 103.85577699228442 336.63811444463425
1.398056453496844 103.8557749374405 336.63811444463664
1.3980627792827203 103.85577221886079 336.63811444463545
1.3980702641157767 103.8557699235992 337.7190965792962
1.3980748294090997 103.85576865145742 338.52973363737516
1.3980802834873836 103.85576713165128 339.49919577208664
1.3980876372386202 103.85576508249176 340.80713028796356
1.3980951504697186 103.85576298889231 342.14308918324645
1.3981022454756111 103.8557610118334 343.4030681171881
1.398109928100982 103.85575887103134 344.36185635549475
1.398117011125362 103.85575689731107 344.36185635549606
1.3981255345876384 103.8557545222055 344.36185635549606
1.398133548985106 103.85575228895337 344.36185635549475
1.3981410395230052 103.85575020167731 344.36185635549566
1.3981457576283478 103.85574888695349 344.3618563554944
1.3981520917699957 103.85574712191301 344.36185635549606
1.3981606523095462 103.8557447364755 344.36185635549475
1.3981657981092814 103.85574330257242 344.36185635549475
1.3981718847114668 103.85574160650998 344.36185635549606
1.3981790578848525 103.85573960766897 344.36185635549475
1.3981866338040991 103.85573749660074 344.36185635549475
1.3981922230882255 103.85573593911842 344.36185635549606
1.398198628864735 103.85573415411632 344.3618563554944
1.3982061107727666 103.85573219389707 344.51510695671743
1.3982148625831285 103.85573053577177 345.47546474452247
1.3982231442789135 103.85572896671472 346.3849290387067
1.398229217226177 103.85572781612902 347.05199490338197
1.398237326386858 103.85572627976055 347.94258370470857
1.3982418851622869 103.85572541605109 348.4430359384416
1.3982491868650047 103.85572403266424 349.2323504362526
1.3982551403689638 103.85572290470829 349.2323504362539
1.3982604411781576 103.8557219004124 349.2323504362526
1.398266520154461 103.8557207486843 349.2323504362526
1.3982721439950647 103.85571968318658 349.2323504362526
1.3982808214590372 103.85571803914671 349.2323504362526
1.3982895564290831 103.85571638421163 349.2323504362539
1.3982961335332553 103.85571513810771 349.2323504362526
1.3983022637569815 103.85571397667009 349.2323504362526
1.3983094092772654 103.85571262287351 349.2323504362526
1.3983154225339522 103.85571148359654 349.23235043625283
1.3983224215149719 103.85571015756337 349.2323504362526
1.3983299141572778 103.85570873800062 349.2323504362526
1.3983380615501801 103.85570719438823 349.2323504362526
1.398343231235844 103.85570621493491 349.2323504362526
1.3983505781482855 103.85570482298219 349.2323504362539
1.3983552629397678 103.85570393539734 349.2323504362526
1.3983627486766628 103.85570251714279 349.23235043625283
1.3983679578058128 103.8557015302164 349.2323504362526
1.3983725396225126 103.85570066214122 349.2323504362526
1.3983787188817236 103.85569949141305 349.2323504362539
1.3983872210964206 103.85569788057558 349.2323504362539
1.398393886592827 103.85569714336395 349.89215291389695
1.3984014529137385 103.85569694641048 351.4482153361073
1.398409204205092 103.85569674464213 353.0460281881161
1.3984165531267492 103.85569655334756 354.56213666599024
1.398423132212033 103.85569638209203 355.9186779673318
1.3984320782949298 103.85569614922285 357.7593187192275
1.3984377951221854 103.85569600041214 358.5272490936078
1.398444625153758 103.85569582262436 358.5272490936065
1.3984522403364745 103.85569562439882 358.5272490936065
1.3984576234970458 103.85569548427351 358.5272490936078
1.3984663864504385 103.85569525617112 358.5272490936065
1.3984747450347899 103.85569503859458 358.5272490936065
1.3984795252522018 103.855694914164 358.5272490936078
1.398486267297734 103.85569473866644 358.5272490936078
1.3984938508016895 103.8556945412654 358.5272490936065
1.3984999330230636 103.85569438294321 358.5272490936078
1.398508261468473 103.8556941661511 358.5272490936065
1.3985135679268534 103.85569402802224 358.5272490936078
1.398518836103476 103.85569389088987 358.5272490936065
1.39852652205599 103.85569369082198 358.5272490936078
1.3985352020323913 103.8556934648793 358.5272490936065
1.3985432236157889 103.85569325607477 358.5272490936065
1.398548464336421 103.85569311965703 358.5272490936078
1.398554955617408 103.85569295068677 358.5272490936078
1.3985599104314437 103.85569282171126 358.5272490936065
1.3985669537295948 103.85569263837176 358.5272490936065
1.3985756130576985 103.85569241296643 358.5272490936065
1.3985830102829884 103.85569222041404 358.5272490936078
1.3985879403362877 103.85569209208302 358.5272490936078
1.3985969624412928 103.85569185723439 358.5272490936078
1.398605043096388 103.85569164689204 358.5272490936065
1.3986121028215956 103.85569146312484 358.5272490936078
1.3986175877351834 103.85569132035052 358.5272490936065
1.3986262995150534 103.8556910935797 358.5272490936065
1.3986314218297844 103.85569096024395 358.5272490936078
1.3986387555162076 103.85569076934534 358.5272490936065
1.3986469505554 103.85569055602541 358.5272490936065
1.3986545728851996 103.85569035761327 358.5272490936065
1.3986622873349086 103.8556901568032 358.5272490936065
1.3986694435440492 103.85568997052434 358.5272490936065
1.3986760979107489 103.85568979730859 358.5272490936078
1.3986814487568022 103.85568965802399 358.5272490936065
1.3986894054117713 103.85568945090915 358.5272490936065
1.3986959007855804 103.85568998427956 359.42553734676227
1.3987007351881948 103.8556911330861 1.0635783406471115
1.3987076383090138 103.8556927734853 3.4160007856068924
1.3987149322599366 103.85569450675807 5.910957525729259
1.3987222292529227 103.85569624075369 8.407301566813903
1.3987301674263322 103.85569812711401 11.112357865377254
1.3987348939997153 103.8556992502969 12.713001171364247
1.3987402937369853 103.85570053344472 13.478197582524247
1.3987482002365383 103.85570241227832 13.478197582524247
1.3987543290630922 103.85570386868076 13.478197582525215
1.3987598057759283 103.85570517012039 13.478197582523942
1.3987665462831533 103.85570677187742 13.478197582525215
1.3987722315381756 103.85570812287325 13.478197582524247
1.3987791142711188 103.85570975842758 13.478197582525215
1.398785213047908 103.85571120768921 13.478197582524247
1.3987912407954306 103.85571264007203 13.478197582523942
1.3987992498021933 103.85571454326451 13.478197582523942
1.3988057798096658 103.8557160950001 13.478197582523942
1.3988126406936725 103.85571772536241 13.478197582524247
1.398817874285535 103.8557189690288 13.478197582525215
1.398823149293149 103.85572022253686 13.478197582523942
1.3988278481901493 103.85572133914289 13.478197582525521
1.3988328949840558 103.85572253842018 13.478197582523942
1.3988400740038525 103.85572424438153 13.478197582523942
1.3988446351914678 103.85572532826346 13.478197582525521
1.3988490493801713 103.85572637721381 13.478197582525521
1.398853878720256 103.8557275248172 13.478197582524247
1.3988622508780435 103.85572951430572 13.478197582525215
1.3988686854281382 103.85573104335758 13.478197582525215
1.3988751470791014 103.85573257884947 13.478197582525215
1.3988820605952037 103.85573422171873 13.478197582523942
1.3988907385764382 103.85573628388049 13.478197582525215
1.3988983056009974 103.85573808204394 13.478197582523942
1.3989042896553812 103.8557395040438 13.478197582525521
1.3989121628759942 103.85574137496906 13.478197582525521
1.3989192687072014 103.85574306353841 13.478197582523942
1.3989269164448968 103.85574488088182 13.478197582525215
1.3989344238564327 103.85574666487928 13.478197582524247
1.3989427464007982 103.85574864257798 13.478197582525215
1.398948405599731 103.85574998738191 13.478197582525215
1.3989528725642657 103.85575104887337 13.478197582523942
1.3989597824103968 103.85575269087046 13.478197582524247
1.3989669873365858 103.85575440298786 13.478197582525521
1.3989730540133802 103.85575584462133 13.478197582523942
1.398977750118296 103.85575696056377 13.478197582524247
1.3989844508144935 103.8557585528602 13.478197582524247
1.3989925427844137 103.85576047576707 13.478197582525521
1.398999283658622 103.85576207761108 13.478197582525521
1.3990037275058682 103.85576313360912 13.478197582524247
1.399009680627855 103.85576454825836 13.478197582525521
1.3990145258446214 103.85576569963445 13.478197582525215
1.399022677047038 103.85576849013528 14.539353882135554
1.3990295519781721 103.85577124926836 15.941833604278427
1.3990352343807186 103.85577352980098 17.10275067592768
1.3990422293178781 103.85577633709639 18.532448607111228
1.3990501525324694 103.85577951693963 20.150607227345695
1.399055132046928 103.85578151538046 21.165780191639143
1.3990609376310414 103.85578384534986 22.02247121035165
1.3990651918682036 103.85578555271336 22.022471210350442
1.3990704190080643 103.8557876505343 22.022471210350442
1.3990754348068213 103.85578966353717 22.02247121035165
1.3990825929656925 103.85579253633871 22.022471210350442
1.3990883889892558 103.85579486247116 22.022471210352133
1.3990935733511523 103.8557969431239 22.02247121035165
1.399100823428446 103.8557998528153 22.02247121035165
1.3991091950673074 103.85580321262574 22.022471210350925
1.399116582803134 103.85580617756399 22.022471210349234
1.3991235802681865 103.85580898587388 22.02247121035165
1.3991292013905006 103.85581124181276 22.022471210349234
1.399134856147758 103.85581351125043 22.022471210352133
1.3991412407944497 103.85581607361642 22.02247121035165
1.3991472704320582 103.85581849350572 22.02247121035165
1.3991524004572113 103.85582055235137 22.02247121035165
1.399160487964255 103.85582379813049 22.02247121035165
1.3991656151068317 103.85582585581926 22.022471210349234
1.3991700175693231 103.85582762267038 22.02247121035165
1.3991747685232652 103.85582952938242 22.02247121035165
1.3991810313288728 103.85583204284961 22.022471210349234
1.3991875771517537 103.85583466990084 22.022471210349234
1.3991917924614523 103.85583636164147 22.02247121035165
1.3991971577008009 103.85583851488617 22.022471210351153
1.3992029972848488 103.85584085850081 22.02247121035165
1.3992082990266397 103.8558429862619 22.022471210352133
1.3992151055406468 103.85584571793694 22.02247121035165
1.3992232928748625 103.85584900377992 22.022471210352133
1.3992315715742658 103.85585232629073 22.022471210349234
1.3992367660440646 103.8558544110001 22.022471210351153
1.3992426232261521 103.85585676167739 22.022471210349718
1.3992507923358453 103.8558600402063 22.022471210352133
1.3992555559636788 103.85586195200477 22.022471210349718
1.3992620403940836 103.85586455441718 22.022471210349718
1.399267307984799 103.85586666847232 22.022471210352133
1.399275306618387 103.8558698785836 22.022471210349718
1.399280401367453 103.85587192327178 22.022471210351153
1.3992885413409877 103.8558751901074 22.022471210351153
1.399296720197108 103.85587847254783 22.022471210352133
1.3993027133770872 103.85588087780548 22.022471210351153
1.3993110281424026 103.8558842147907 22.022471210352133
1.3993174186574697 103.85588677951183 22.022471210351153
1.3993239282564394 103.85588939202519 22.022471210351153
1.3993318035208688 103.85589255262441 22.022471210351153
1.3993373191470722 103.85589476622424 22.022471210352133
1.3993417057964628 103.855896526729 22.022471210349718
1.3993484415273538 103.85589922999645 22.022471210352133
1.399354775530814 103.85590177203763 22.022471210352133
1.3993624931209105 103.85590486935702 22.022471210351153
1.3993705167759751 103.85590808951022 22.022471210351153
1.3993787935881692 103.85591141126359 22.022471210352133
1.3993869105980734 103.85591466888312 22.022471210351153
1.3993940646630694 103.8559175400416 22.022471210352133
1.399399924554383 103.85591989180617 22.022471210352133
1.3994049919127574 103.85592192550153 22.022471210352133
1.3994108477096288 103.8559242756229 22.022471210351153
1.3994160272602878 103.85592635434469 22.022471210349718
1.3994238734427078 103.85592950327234 22.022471210349718
1.3994317867532649 103.8559326791407 22.022471210352133
1.3994374725323762 103.85593496102837 22.022471210352133
1.3994449225933991 103.85593795097965 22.022471210348737
1.3994525634681765 103.85594101751069 22.022471210352133
1.3994589752996711 103.85594359078675 22.022471210348737
1.3994642905648638 103.85594572397517 22.022471210349718
1.399469851272408 103.85594795566759 22.022471210348737
1.3994750659963242 103.85595004850553 22.022471210349718
1.3994815169259258 103.85595263747292 22.022471210349718
1.399487517248348 103.85595504559706 22.022471210352133
1.3994923464854931 103.85595698372664 22.022471210349718
1.3995002208062857 103.85596014394712 22.022471210349718
1.3995083317030663 103.85596339911322 22.022471210348737
1.3995145474243147 103.85596589368387 22.022471210349718
1.399521721181247 103.85596877274533 22.022471210351153
1.3995273565485715 103.85597103440112 22.022471210352133
1.3995334650218907 103.85597348592971 22.022471210352133
1.3995415633457569 103.85597673604987 22.022471210352133
1.3995476703528125 103.85597918698997 22.022471210348737
1.3995559941894617 103.85598252761575 22.022471210351153
1.3995639771393438 103.85598573143258 22.022471210351153
1.399568886832996 103.85598770185196 22.022471210349718
1.3995752242558344 103.85599024526542 22.022471210352133
1.3995819616373173 103.85599294919524 22.022471210349718
1.3995863641269615 103.85599471605718 22.022471210351153
1.3995908943942874 103.85599653420047 22.022471210351153
1.3995962427375537 103.85599868066417 22.022471210348737
1.3996010047989302 103.85600059183393 22.022471210352133
1.3996083763525686 103.8560035502776 22.022471210349718
1.3996130369072242 103.85600542070944 22.022471210352133
1.3996204897796192 103.85600841178896 22.022471210352133
1.3996278905261923 103.8560113819487 22.022471210349718
1.3996347444288186 103.85601413264223 22.022471210352133
1.3996421165598154 103.8560170913176 22.022471210348737
1.3996503842403474 103.85602040940609 22.022471210352133
1.399654946843762 103.85602224052687 22.022471210352133
1.399663322597176 103.85602560198849 22.022471210352133
1.3996712836598066 103.85602879702125 22.022471210352133
1.3996790452343326 103.85603191199294 22.022471210352133
1.3996870024066872 103.8560351054644 22.022471210348737
1.3996926677715875 103.85603737915916 22.022471210349718
1.3996988390576608 103.85603985589651 22.022471210351153
1.3997043743265747 103.85604207737951 22.022471210351153
1.3997087384045641 103.8560438288256 22.022471210352133
1.3997139361254223 103.85604591483964 22.022471210349718
1.39971973859708 103.85604824355977 22.022471210349718
1.399727463307885 103.85605134373685 22.022471210351153
1.399733508926984 103.85605377003995 22.022471210352133
1.3997389498127106 103.85605595364393 22.022471210352133
1.3997448778000134 103.85605833273758 22.022471210352133
1.3997518197495908 103.85606111876716 22.022471210352133
1.3997560228601487 103.85606280561181 22.022471210349718
1.3997609096032568 103.85606476682035 22.022471210349718
1.3997692749781974 103.85606812411675 22.022471210348737
1.3997770161897758 103.85607123091611 22.022471210349718
1.3997846916330177 103.8560743113205 22.022471210348737
1.3997905435192821 103.85607603250995 21.278463976809682
1.399799100482728 103.85607688026992 18.187218817488333
1.3998070336521358 103.856077666229 15.29828427430564
1.3998155874278766 103.85607851367313 12.175642885599956
1.3998227012965796 103.856079218462 9.585517080198485
1.3998292460478896 103.85607986686699 7.217752527514472
1.3998352239610647 103.85608045911387 5.722093035743284
1.399842245444975 103.85608115474993 5.722093035743284
1.399847949039944 103.8560817198194 5.722093035746146
1.3998566376977346 103.85608258062653 5.722093035745879
1.399861473664662 103.8560830597379 5.72209303574355
1.3998675748326694 103.85608366419589 5.722093035745879
1.399874181678378 103.85608431875265 5.722093035745879
1.3998795880371877 103.85608485437415 5.72209303574355
1.3998847679628579 103.85608536756234 5.722093035743284
1.3998898307005228 103.85608586914041 5.722093035745879
1.3998957803770846 103.85608645858973 5.722093035746146
1.3999045656891753 103.85608732897254 5.722093035745879
1.3999118698744282 103.85608805261639 5.722093035745879
1.399920609993969 103.85608891852179 5.722093035743284
1.3999287356138883 103.85608972354719 5.722093035745879
1.3999355354547312 103.85609039722434 5.722093035743284
1.3999414881107541 103.85609098696877 5.722093035745879
1.3999500209910472 103.85609183234243 5.722093035745879
1.3999577490870405 103.85609259798407 5.722093035745879
1.3999636550821835 103.85609318310566 5.722093035745879
1.3999714758770678 103.85609395793118 5.722093035745879
1.3999783267856694 103.85609463666768 5.722093035745879
1.3999837683684424 103.85609517577875 5.722093035745879
1.3999909557908616 103.85609588785447 5.722093035745879
1.399997671854994 103.85609655323154 5.72209303574355
1.400005100067954 103.85609728916293 5.722093035745879
1.4000112714223014 103.85609790057423 5.722093035746146
1.4000201561236179 103.85609878080349 5.722093035743284
1.400029003569237 103.85609965734174 5.722093035745879
1.4000379864983818 103.85610054730263 5.722093035745879
1.400044496351111 103.85610119224974 5.722093035746146
1.4000523775367586 103.85610197305817 5.72209303574355
1.4000584499794477 103.85610257466998 5.72209303574355
1.4000657354413653 103.85610329645856 5.722093035743284
1.4000732020462519 103.85610403619341 5.722093035745879
1.4000816482660396 103.85610487298109 5.722093035746146
1.4000878189794694 103.85610548432876 5.722093035745879
1.400093667180055 103.85610606372431 5.722093035743284
1.4001013017487687 103.85610668061439 5.544809434141777
1.400106287480864 103.85610572375282 3.6921458289139677
1.4001147281650224 103.8561041038169 0.5273904706985215
1.4001231522605182 103.85610248706466 357.34975513449626
1.4001277991961116 103.85610159522486 355.5957989424716
1.4001330391724378 103.85610058956867 353.62223792236205
1.4001384378784376 103.85609955344906 351.59830691408405
1.4001455359741581 103.85609819118255 349.0956203345448
1.400153874530012 103.85609659084695 349.09562033454426
1.400160467753004 103.85609532547556 349.0956203345417
1.4001671128194748 103.85609405015438 349.0956203345417
1.400175077594275 103.85609252155474 349.0956203345417
1.4001839373458758 103.85609082119107 349.0956203345422
1.4001889554306335 103.85608985812017 349.0956203345448
1.4001958960627594 103.8560885260739 349.09562033454426
1.4002013137899336 103.85608748630358 349.0956203345417
1.400205814413196 103.85608662254384 349.0956203345422
1.4002111361792215 103.85608560119036 349.0956203345422
1.4002177791401753 103.85608432627308 349.0956203345422
1.4002235190928836 103.85608322466115 349.0956203345417
1.4002300422966538 103.85608197272762 349.09562033454426
1.400236789951618 103.85608067771742 349.0956203345448
1.4002422235069998 103.85607963490922 349.09562033454426
1.4002473761326424 103.85607864601705 349.0956203345417
1.4002561950368668 103.85607695349249 349.0956203345422
1.400260978745269 103.85607603540292 349.0956203345422
1.4002655335056722 103.85607516125305 349.09562033454426
1.4002714530835263 103.8560740251673 349.0956203345422
1.4002762848118455 103.8560730978617 349.09562033454426
1.4002819200876555 103.8560720163392 349.0956203345422
1.400287062255882 103.85607102945391 349.09562033454426
1.4002939322174526 103.85606971097039 349.0956203345422
1.4003012914914867 103.85606829857795 349.09562033454426
1.4003086393383934 103.85606688837859 349.0956203345448
1.40031451261054 103.8560657611797 349.0956203345417
1.400319637186274 103.8560646878579 348.9830342068151
1.4003250732033161 103.85606354134188 348.85361842225393
1.4003298401877788 103.85606253593221 348.74012793220174
1.4003379005972445 103.85606083590281 348.5482262995647
1.4003430036513478 103.85605975961231 348.4267331413989
1.4003499780060427 103.85605828864382 348.2606904834784
1.4003564219114082 103.85605692955292 348.10728110185147
1.4003627253832949 103.85605560008099 348.04376694798447
1.4003678595509106 103.85605451722823 348.0437669479819
1.4003759403658562 103.8560528128949 348.0437669479819
1.4003808498284362 103.85605177743491 348.0437669479839
1.4003855088731822 103.85605079479076 348.04376694798447
1.400392206968583 103.85604938208826 348.0437669479819
1.400397680186147 103.85604822772602 348.04376694798447
1.4004025245650737 103.85604720599282 348.04376694798447
1.4004099370818501 103.85604564261085 348.0437669479819
1.4004156582701084 103.85604443594879 348.0437669479819
1.4004209226673914 103.85604332562902 348.04376694798447
1.4004256319249204 103.85604233239434 348.0437669479819
1.4004330642614624 103.85604076483207 348.0437669479819
1.4004408022963037 103.8560391327946 348.0437669479819
1.4004491586092271 103.8560373703554 348.04376694798447
1.4004550319886384 103.85603613159441 348.0437669479819
1.4004609562009642 103.85603488211218 348.0437669479819
1.4004671251195988 103.85603358101865 348.0437669479819
1.4004744704659309 103.85603203180342 348.0437669479819
