701164566
1.3976370026083391 103.85667119820296 266.8201698801353
1.3976365053424897 103.85666238214442 266.8201698801353
1.3976360136676473 103.85665366520972 266.8201698801353
1.3976356257892548 103.85664678848934 266.8201698801353
1.3976360499007388 103.85663926676537 267.8943774993207
1.3976366613099698 103.85663097677383 269.2631845871433
1.3976371714336535 103.85662406009513 270.40640102478494
1.3976377702539509 103.856615940794 271.74843943762863
1.3976383711315605 103.85660779359773 273.09373306138764
1.3976389345940423 103.85660015370638 274.21909534924873
1.3976395032608797 103.85659244324968 274.21909534924873
1.3976406221952882 103.85658492754582 274.9328278134161
1.3976418937012802 103.8565773308111 275.8326849582646
1.3976427475682147 103.85657222930097 276.4372825211594
1.397643962117738 103.85656497285785 277.2973922380378
1.3976447305198931 103.8565603819651 277.8414721066228
1.3976455346474543 103.85655557762739 278.4106538524158
1.3976465880608555 103.85654928390726 279.1558013813201
1.3976475029565851 103.85654381777422 279.4700518241016
1.3976489488217019 103.85653517931306 279.4700518241016
1.397650115505701 103.85652820884636 279.4700518241011
1.3976509460580593 103.85652324663066 279.4700518241024
1.3976521466746281 103.85651607343024 279.4700518241028
1.39765358495852 103.85650748026312 279.4700518241016
1.3976550588227785 103.85649867451738 279.4700518241016
1.3976559788453735 103.85649317775254 279.4700518241011
1.3976573479542662 103.85648499787762 279.4700518241011
1.3976584916146308 103.85647816496682 279.4700518241016
1.3976596118405946 103.85647147206696 279.4700518241016
1.3976605757877554 103.85646571287005 279.4700518241016
1.3976615548292328 103.85645986349057 279.4700518241024
1.3976626723179608 103.85645318694422 279.4700518241028
1.3976638041598917 103.85644642464314 279.4700518241016
1.397665205058853 103.85643805483411 279.4700518241011
1.3976663346038418 103.85643130625603 279.4700518241016
1.397667218022201 103.85642602818571 279.4700518241024
1.3976685160786508 103.85641827281893 279.4700518241016
1.3976692719435564 103.85641375682916 279.4700518241016
1.3976702882808199 103.85640768462135 279.4700518241024
1.3976710615757244 103.85640306449415 279.4700518241028
1.3976720262123277 103.85639730117687 279.4700518241028
1.3976729712319318 103.85639165506322 279.4700518241024
1.3976744065438733 103.85638307964902 279.4700518241028
1.3976757330586809 103.85637515425397 279.4700518241016
1.397678961384599 103.85636747311035 281.9086386135707
1.3976816545767423 103.85636120540255 283.9853631178547
1.397684738098202 103.85635402930414 286.37026553157216
1.3976876201051285 103.85634732217862 288.5992801930605
1.3976908764635765 103.85633974384668 291.1091646811347
1.3976927685445002 103.85633534051772 292.55969280762355
1.3976961781003017 103.85632740565839 293.14774049725656
1.3976986023667504 103.85632176380514 293.14774049725656
1.397701729219923 103.8563144868629 293.14774049725656
1.39770442948093 103.85630820270354 293.14774049725554
1.3977079488733 103.8563000122276 293.14774049725656
1.3977112037310842 103.85629243738744 293.14774049725554
1.3977141333592507 103.85628561943506 293.14774049725656
1.3977162847956308 103.85628061252287 293.14774049725656
1.3977182943679463 103.85627593576258 293.14774049725656
1.3977213295668602 103.85626887212135 293.14774049725656
1.3977232168141578 103.85626448004085 293.14774049725554
1.3977252605542936 103.85625972376366 293.14774049725656
1.3977282103960529 103.85625285876895 293.14774049725554
1.3977300877022816 103.8562484898236 293.14774049725554
1.3977318901649884 103.85624429505718 293.14774049725554
1.39773394372419 103.8562395159285 293.14774049725554
1.397737018873281 103.85623235931307 293.14774049725656
1.3977396315408 103.85622627900402 293.14774049725656
1.3977430665850095 103.85621828482547 293.14774049725656
1.3977457952268195 103.85621193461603 293.14774049725554
1.3977476253565375 103.85620767546152 293.14774049725554
1.3977496417427968 103.85620298284294 293.14774049725554
1.397752395498621 103.85619657418694 293.14774049725656
1.3977557259300066 103.85618882346733 293.14774049725554
1.3977585112207853 103.85618234142171 293.14774049725656
1.3977616482603679 103.85617504077142 293.14774049725656
1.3977651528501116 103.85616688474285 293.14774049725656
1.3977681885673205 103.85615981989405 293.14774049725656
1.3977705266044373 103.85615437871564 293.14774049725656
1.3977737307235794 103.85614692195462 293.14774049725656
1.3977764957225702 103.85614048713242 293.14774049725656
1.397779263860124 103.85613404500593 293.14774049725656
1.3977820378230845 103.85612758932228 293.14774049725656
1.397784487289142 103.85612188882142 293.14774049725656
1.3977868047357933 103.85611649556165 293.14774049725554
1.3977891526336228 103.85611103143458 293.14774049725656
1.3977916756093143 103.85610515985881 293.14774049725435
1.3977949392834086 103.85609756449834 293.14774049725656
1.3977978504528281 103.85609078950155 293.14774049725554
1.3977998602035855 103.85608611232442 293.14774049725656
1.397802945049564 103.85607893314005 293.14774049725656
1.3978055997185774 103.85607275508167 293.14774049725656
1.3978076802736692 103.85606785797661 293.1201318840512
1.3978102863673716 103.85606152188798 292.98442312528687
1.3978122819854317 103.85605667002366 292.8805018271063
1.397815138959388 103.85604972398005 292.731723769891
1.3978180755043905 103.8560425844785 292.57880162178856
1.3978202152164718 103.85603738228413 292.4673759555411
1.3978224772667256 103.85603188265392 292.34958146788153
1.397824304339073 103.85602744056764 292.25672809707925
1.3978262073568442 103.85602281383834 292.25672809707805
1.3978284313897147 103.8560174066381 292.256728097079
1.3978313340269266 103.85601034957475 292.25672809707925
1.3978338699302533 103.85600418413648 292.25672809707805
1.3978362995091496 103.85599827720037 292.25672809707925
1.3978391066850597 103.85599145222797 292.256728097079
1.397840855499755 103.85598720040602 292.2567280970802
1.397843624347601 103.85598046861894 292.2567280970802
1.3978462697499412 103.85597403695984 292.25672809707805
1.3978485767961613 103.85596842793211 292.25672809707925
1.3978504910249476 103.85596377394543 292.25672809707805
1.3978524360129772 103.85595904517501 292.25672809707925
1.3978545829753337 103.85595382535254 292.25672809707805
1.3978579588535787 103.85594561771667 292.2567280970802
1.3978611820415558 103.85593778131033 292.256728097079
1.3978640482615423 103.85593081278572 292.25672809707925
1.397866513226398 103.85592481981637 292.2567280970802
1.3978689372725983 103.85591892633084 292.25672809707925
1.397871663618267 103.85591229787677 292.2567280970802
1.397874800882471 103.85590467037298 292.25672809707925
1.397876876943653 103.85589962292917 292.2567280970802
1.397880167351479 103.85589162309327 292.25672809707925
1.3978828973349902 103.85588498579432 292.25672809707925
1.397885943042349 103.85587758088862 292.256728097079
1.3978886517264004 103.85587099537402 292.256728097079
1.3978916210795993 103.85586377610493 292.25672809707805
1.3978949519990527 103.85585567777423 292.2567280970802
1.3978969689117717 103.85585077413526 292.25672809707925
1.397899283066554 103.85584514782354 292.256728097079
1.3979021516538312 103.85583817354225 292.2567280970802
1.397904154725525 103.85583330355428 292.25672809707925
1.3979063121150705 103.85582805837943 292.25672809707925
1.3979094030806107 103.85582054343857 292.2567280970802
1.3979125222539037 103.85581295991717 292.256728097079
1.397914418397787 103.85580834989828 292.25672809707925
1.3979164991283248 103.85580329110121 292.2567280970802
1.3979198318847335 103.8557951883035 292.2567280970802
1.3979230527127908 103.85578735763261 292.256728097079
1.3979248608894024 103.85578296148483 292.2567280970797
1.3979269597498567 103.85577785860897 292.2567280970797
1.3979297732405103 103.85577101828108 292.256728097079
1.3979326151996454 103.8557641087388 292.2567280970802
1.3979346573880553 103.85575914364723 292.2567280970797
1.3979371925508077 103.8557529800067 292.2567280970802
1.3979391031706039 103.8557483347926 292.25672809707925
1.3979418663055967 103.85574161689206 292.2567280970785
1.3979448496234939 103.85573436366946 292.2567280970797
1.3979467158498817 103.85572982638713 292.2567280970802
1.3979489063900914 103.8557245006134 292.2567280970785
1.3979506803616262 103.85572018762659 292.2567280970797
1.397954035760279 103.85571202977846 292.25672809707805
1.3979560809771203 103.85570705732354 292.2567280970797
1.3979592774535317 103.85569928585662 292.2567280970797
1.3979623671696173 103.85569177395173 292.2567280970785
1.3979654743145906 103.85568421967258 292.2567280970785
1.3979674605687369 103.8556793905711 292.2567280970785
1.3979692663306311 103.85567500029327 292.2567280970797
1.397971427007865 103.85566974712368 292.2567280970802
1.3979746467377445 103.855661919121 292.2567280970785
1.39797648741179 103.85565744396249 292.2567280970797
1.3979796490735141 103.85564975713845 292.2567280970797
1.397982174302451 103.85564361764838 292.2567280970785
1.397984488628742 103.85563799091757 292.2567280970785
1.3979873697438847 103.85563098617519 292.2567280970797
1.3979904222324357 103.85562356477924 292.2567280970797
1.3979933860068856 103.8556163590703 292.2567280970785
1.3979963065872956 103.85560925837727 292.2567280970797
1.397998305931588 103.85560439744957 292.2567280970797
