726154490
1.4015553417462208 103.85569589291012 133.1308710016315
1.4015505383316305 103.85570099262105 133.1308710016334
1.4015459563020662 103.85570537025419 133.55411262050066
1.4015420365038889 103.8557089826783 134.03155196369647
1.4015358346056697 103.85571469824973 134.78724861964272
1.4015321389818303 103.85571810407825 135.23763551410326
1.4015276263363692 103.85572226286094 135.7875739015743
1.4015239698220352 103.85572563264672 136.23309834744367
1.40151904668683 103.8557301697302 136.8327375213956
1.4015135425915104 103.85573524221728 137.18164140355162
1.4015096347900362 103.8557388435852 137.18164140355162
1.401505866132505 103.85574231672027 137.18164140355162
1.4015000143582046 103.85574771688958 137.17486709319817
1.4014949535872807 103.8557526381015 136.9350100902491
1.4014891688286577 103.85575826333596 136.6608175387692
1.4014858570171722 103.8557614838188 136.50383463647765
1.401481423249457 103.85576579531805 136.2936682734322
1.4014766792286322 103.85577040851463 136.06879922650887
1.4014727110675262 103.85577426724707 135.88071419863488
1.4014689855159108 103.85577789006035 135.70413888139853
1.4014629790305893 103.85578373090672 135.64531330343888
1.4014585052717379 103.85578808129408 135.64531330343888
1.4014539397486456 103.85579252091509 135.64531330344164
1.401447669674815 103.8557986180809 135.6453133034398
1.401443123327753 103.8558030390546 135.64531330343797
1.4014379592678 103.85580806070665 135.6453133034398
1.4014332116079058 103.85581267744155 135.64531330343888
1.4014296973639946 103.85581609477403 135.6453133034398
1.4014254043830303 103.8558202693685 135.6453133034398
1.401420712530371 103.85582483183502 135.6453133034398
1.4014172197784645 103.8558282282681 135.64531330343797
1.40141316091356 103.85583217520256 135.6453133034398
1.4014095903150774 103.85583564733541 135.6453133034398
1.4014052306714344 103.85583988675405 135.64531330343797
1.4014012745452662 103.85584373378289 135.6453133034398
1.4013955577152974 103.8558492929609 135.6453133034398
1.4013912217535172 103.85585350935062 135.64531330344164
1.4013877952855847 103.85585684132744 135.6453133034398
1.4013824609357934 103.85586202857273 135.64531330343797
1.4013785319260708 103.85586584923274 135.64531330343797
1.40137514127702 103.85586914637837 135.6453133034398
1.4013711567341356 103.85587302104005 135.64531330344164
1.40136781096096 103.85587627454727 135.6453133034398
1.4013632242129717 103.85588073480709 135.6453133034398
1.4013575421146625 103.85588626021081 135.6453133034398
1.401353088144861 103.85589059135395 135.6453133034398
1.4013474596531883 103.85589606462925 135.64531330344164
1.4013418211773478 103.85590154761333 135.64531330343797
1.401337125003886 103.85590611428076 135.6453133034398
1.4013316608727164 103.85591142772792 135.64531330344164
1.401327736261232 103.8559152441106 135.6453133034398
1.4013216888586124 103.8559211247443 135.6453133034398
1.4013175863440537 103.85592511412395 135.64531330343797
1.4013125291244855 103.8559300318807 135.6453133034398
1.4013060693568118 103.85593631350747 135.64531330343797
1.4013020454601939 103.85594022643713 135.64531330344164
1.4012976828419292 103.85594446874744 135.64531330343797
1.4012927380475437 103.85594927717919 135.64531330344164
1.4012876246422374 103.85595424957201 135.6453133034398
1.401282942418006 103.85595880267441 135.6453133034398
1.4012793363047658 103.85596230934173 135.64531330344164
1.4012730262522404 103.85596844538165 135.6453133034398
1.40126929725329 103.85597207154578 135.6453133034398
1.401265922340385 103.8559753533885 135.6453133034398
1.4012617380558554 103.85597942228272 135.6453133034398
1.4012562690298462 103.85598474048896 135.6453133034398
1.4012518650085661 103.85598902306015 135.64531330343797
1.4012469682276663 103.85599378480205 135.6453133034398
1.401240665215801 103.85599991399506 135.64531330344164
1.4012344609833796 103.85600594713263 135.64531330343797
1.4012302661892344 103.85601002624638 135.6453133034398
1.4012263731497063 103.85601381192703 135.6453133034398
1.4012201184158692 103.85601989417314 135.64531330343797
1.4012146522724083 103.85602520957589 135.6453133034398
1.4012107020614453 103.85602905085123 135.64531330343797
1.4012051576736575 103.85603444234046 135.64531330343797
1.4012017549226035 103.85603775125321 135.6453133034398
1.4011982152953917 103.85604192726372 134.97762657177654
1.4011950164484754 103.85604650916555 133.6355373291013
1.4011905480585762 103.85605290951047 131.7548166619263
1.4011873157151076 103.85605753939134 130.39203031096218
1.4011836936235855 103.85606272753185 128.86475265876769
1.4011803323689345 103.8560675420599 127.44912121484931
1.4011764907570303 103.85607304463262 125.83540272122035
1.401172721796912 103.85607844314175 124.77643506623673
1.401169578258299 103.85608294582185 124.77643506623522
1.401165492982817 103.85608879740847 124.77643506623312
1.4011628860636487 103.8560925314561 124.77643506623522
1.4011599356994713 103.85609675744068 124.77643506623673
1.4011559705005614 103.85610243703425 124.77643506623458
1.4011511183931575 103.85610938700026 124.77643506623522
1.4011469467025162 103.85611536236425 124.77643506623458
1.401143010835995 103.85612099994307 124.77643506623522
1.4011380312285986 103.85612813253479 124.77643506623312
1.4011337894502698 103.8561342082894 124.77643506623312
1.4011295920134101 103.856140220531 124.77643506623312
1.4011249489487574 103.85614687107204 124.77643506623522
1.401120528079499 103.85615320334918 124.77643506623312
1.4011163064137484 103.85615925029506 124.77643506623522
1.4011120565503383 103.85616533763009 124.77643506623522
1.4011087550858772 103.8561700665162 124.77643506623522
1.4011045038255918 103.85617615585195 124.77643506623522
1.4011000104664506 103.85618259196039 124.77643506623673
1.4010972559935138 103.85618653735753 124.77643506623522
1.401094363759586 103.85619068007799 124.77643506623522
1.4010908324695923 103.85619573815683 124.77643506623312
1.4010878037826744 103.85620007632703 124.77643506623312
1.401085135184573 103.85620389872038 124.77643506623522
1.4010809650143188 103.85620987190565 124.77643506623522
1.4010780428530742 103.85621405749262 124.77643506623522
1.4010754106817334 103.85621782770966 124.77643506623458
1.4010715141209904 103.85622340898743 124.77643506623312
1.401066947458827 103.85622995009166 124.77643506623312
1.4010638470455636 103.85623439099956 124.77643506623522
1.4010607992022448 103.85623875660835 124.77643506623312
1.4010557864322086 103.85624593669942 124.77643506623522
1.4010521728024605 103.85625111271794 124.77643506623522
1.4010487791842796 103.85625597360065 124.77643506623458
1.401045320876407 103.85626092714224 124.77643506623522
1.4010404800824015 103.85626786090148 124.77643506623673
1.4010362621905705 103.85627390244056 124.77643506623522
1.4010325476284171 103.85627922303036 124.77643506623522
1.4010286743229767 103.8562847709976 124.77643506623522
1.4010255552323923 103.85628923865774 124.77643506623312
1.401021817909809 103.85629459184851 124.77643506623522
1.4010180242464187 103.85630002573951 124.77643506623522
1.4010150971217714 103.85630421843523 124.77643506623673
1.4010115338817068 103.85630932227706 124.77643506623312
1.4010069719230747 103.85631585664315 124.77643506623673
1.401002267365943 103.85632259526152 124.77643506623312
1.4009973215565865 103.85632967943978 124.77643506623312
1.400993208941417 103.85633557018417 124.77643506623673
1.4009885391272565 103.85634225903789 124.77643506623458
1.4009859508907325 103.8563459663236 124.77643506623312
1.400982452275036 103.85635097759972 124.77643506623522
1.4009777092516529 103.85635777131517 124.77643506623522
1.4009737096183723 103.85636350022858 124.77643506623522
1.4009707826460245 103.85636769270569 124.77643506623522
1.4009676229180388 103.85637221857253 124.77643506623312
1.400964588814712 103.85637656449966 124.77643506623673
1.4009603082614657 103.8563826957913 124.77643506623522
1.4009572034166364 103.8563889192299 123.48551693462343
1.4009555729742962 103.85639354543883 121.8110079715212
1.4009537709391515 103.85639865852428 119.9508607782016
1.4009514568951378 103.85640522438106 117.55374331191652
1.4009495832958045 103.85641054052225 115.61120428766723
1.400947379382375 103.85641679389492 113.33076183162349
1.400945501103184 103.8564221233146 111.39625327843746
1.4009430525652655 103.85642907078338 109.32733428166428
1.4009412219636235 103.85643426492291 109.32733428166343
1.4009393495556695 103.8564395776834 109.32733428166097
1.4009364216452873 103.85644788532083 109.32733428166097
1.40093473456298 103.85645267223919 109.32733428166428
1.4009328780786503 103.85645793981789 109.32733428166343
1.4009312083547194 103.85646267748356 109.32733428166343
1.40092863761336 103.8564699716912 109.32733428166343
1.4009269023371373 103.8564748953545 109.3273342816618
1.4009245206816632 103.8564816530507 109.32733428166343
1.4009217629453419 103.85648947783652 109.32733428166343
1.40091941092085 103.85649615145773 109.3273342816618
1.4009165990522148 103.85650412983806 109.32733428166097
1.4009138617572052 103.85651189662349 109.32733428166343
1.4009118671887908 103.85651755600058 109.32733428166428
1.4009096059465336 103.85652397203646 109.32733428166343
1.400907182046025 103.85653084959783 109.32733428166097
1.400905157008324 103.8565365954281 109.3273342816618
1.4009029114024343 103.8565429670972 109.32733428166343
1.4009004941845573 103.85654982569707 109.32733428166343
1.4008976620656555 103.85655786153455 109.32733428166343
1.4008951792275712 103.8565649063246 109.32733428166097
1.400893425658786 103.85656988189022 109.32733428166343
1.4008908066709038 103.85657731299075 109.3273342816618
1.400888428818048 103.85658405989608 109.3273342816618
1.4008863711425403 103.85658989833209 109.32733428166097
1.4008835919325027 103.85659778404569 109.32733428166428
1.4008814869224917 103.85660375678815 109.32733428166343
1.4008799286553728 103.85660817820565 109.32733428166097
1.4008773279489466 103.85661555743391 109.32733428166428
1.4008758182259842 103.85661984111245 109.32733428166428
1.4008739780240325 103.85662506248994 109.32733428166343
1.400871715749168 103.85663148145441 109.32733428166428
1.400868815435689 103.85663971078552 109.32733428166343
1.4008661283878856 103.85664733499782 109.32733428166343
1.400863975274927 103.85665344422671 109.32733428166343
1.4008623156312812 103.8566581532889 109.32733428166343
1.400859939899989 103.85666489417349 109.32733428166343
1.4008576996877171 103.8566712505372 109.32733428166343
1.4008548695120537 103.8566792808591 109.32733428166343
1.4008522612396004 103.85668668155417 109.32733428166428
1.4008510798410092 103.8566919179649 108.53490577647588
1.400849654838457 103.85669827347255 107.56121158704543
1.4008477389224967 103.85670681845252 106.2507198870853
1.4008463774520161 103.85671289060707 105.3192033863686
1.400845252802774 103.85671790653946 104.54995252640191
1.4008437446728363 103.85672463279458 103.51924925994606
1.4008425896743608 103.85672978408434 102.73091813901942
1.4008409445998167 103.85673712111178 102.58731478184936
1.4008393785936517 103.85674410549439 102.58731478184683
1.400838095954406 103.85674982606129 102.58731478184936
1.4008362533451308 103.85675804409263 102.58731478184936
1.4008351007455877 103.8567631846827 102.58731478184683
1.4008332242196366 103.85677155398203 102.58731478184683
1.4008314765839747 103.85677934843093 102.58731478184683
1.4008295698792248 103.85678785232723 102.58731478184936
1.4008285285633095 103.85679249659238 102.58731478184683
1.4008269813976115 103.85679939694559 102.58731478184683
1.4008251158042677 103.85680771748476 102.58731478184683
1.400823759463285 103.85681376676025 102.58731478184683
1.400822674132029 103.85681860733335 102.58731478184683
1.4008211155763062 103.85682555848558 102.58731478184625
1.400819793212801 103.85683145622139 102.58731478184625
1.4008182846904975 103.85683818422456 102.58731478184683
1.400816974162086 103.85684402917573 102.58731478184625
1.400815757342353 103.8568494561865 102.58731478184625
1.4008143252250962 103.8568558434232 102.58731478184625
1.4008123786052302 103.85686452533913 102.58731478184683
1.4008111071131688 103.85687019618796 102.58731478184683
1.4008094282130763 103.85687768407463 102.58731478184936
1.4008084064423492 103.8568822411673 102.58731478184625
1.4008073885742844 103.85688678085407 102.58731478184683
1.4008054846037543 103.8568952725535 102.58731478184683
1.4008040325583178 103.85690174866907 102.58731478184683
1.4008029054182978 103.856906775708 102.58731478184878
1.4008017466834477 103.85691194365964 102.58731478184683
1.4007999656735377 103.85691988695481 102.58731478184625
1.4007986963156496 103.85692554828445 102.58731478184878
1.4007970981214644 103.85693267622219 102.58731478184683
1.4007957729393599 103.85693877950509 102.53395790454177
1.4007947543988533 103.85694673080684 101.5908419572381
1.4007940814723514 103.8569519840506 100.9672220650921
1.4007930857626971 103.85695975712146 100.04406419668295
1.4007921345318823 103.85696718296519 99.16208441943309
1.4007912399232263 103.85697416678425 98.33293092320699
1.4007903103813466 103.85698142331155 97.47211505036823
1.4007894366440885 103.85698824419637 97.28145818451613
1.4007883088944173 103.8569970480448 97.28145818451613
1.400787560268237 103.85700289224178 97.28145818451868
1.400786609968975 103.85701031081207 97.28145818451613
1.4007858157952024 103.85701651057886 97.28145818451613
1.400784969600099 103.85702311645323 97.28145818451644
1.400784113922385 103.85702979635403 97.28145818451644
1.4007829892444659 103.85703857622121 97.28145818451868
1.4007823278786224 103.85704373921415 97.28145818451868
1.4007815535955759 103.85704978370198 97.28145818451613
1.4007806668845442 103.85705670586556 97.28145818451613
1.400779586992165 103.85706513611083 97.28145818451644
1.4007784897336775 103.8570737019254 97.28145818451613
1.4007774302099998 103.85708197316063 97.28145818451644
1.4007763147486607 103.85709068107631 97.28145818451613
1.4007753809665036 103.85709797070236 97.28145818451868
1.400774262235379 103.85710670414326 97.28145818451644
1.4007733627522843 103.8571137260112 97.28145818451901
1.400772775482752 103.85711831056544 97.28145818451644
1.4007716718811887 103.85712692589586 97.28145818451644
1.4007707240055804 103.85713432554225 97.28145818451901
1.4007697552624403 103.85714188809202 97.28145818451613
1.4007688053474332 103.85714930365866 97.28145818451868
1.4007680566557625 103.85715514836352 97.28145818451868
1.4007672128720048 103.85716173541007 97.28145818451868
1.4007666317602456 103.85716627189242 97.28145818451613
1.4007658841105348 103.85717210846279 97.28145818451613
1.4007647828061702 103.85718070585823 97.28145818451868
1.400764099407952 103.8571860408453 97.28145818451868
1.4007632196377273 103.85719290882149 97.28145818451901
1.400762138180651 103.8572013512773 97.28145818451644
1.4007617973212931 103.85720734849731 96.74526344944539
1.4007626878651929 103.85721466557868 94.44010046203572
1.400763440051143 103.85722084585338 92.48202115771417
1.400764240673311 103.85722742410046 90.39210666478925
1.4007649512432123 103.8572332624405 88.53667416386095
1.4007660299219251 103.85724212531701 85.72799341623163
1.4007670896880207 103.85725083279978 83.13267768426901
1.4007676709075636 103.85725560834345 83.13267768426901
1.4007685996312054 103.85726323912677 83.13267768426931
1.400769266689529 103.85726871995811 83.13267768426931
1.4007701544609565 103.85727601426117 83.13267768426931
1.4007708112297108 103.8572814105493 83.13267768426931
1.4007714872718107 103.85728696519546 83.13267768426931
1.4007721614937612 103.85729250488659 83.13267768426931
1.400772944968505 103.85729894224477 83.13267768426931
1.4007737571777121 103.85730561569753 83.13267768426674
1.4007746432619401 103.85731289613871 83.13267768426931
1.4007754654248268 103.85731965137539 83.13267768426901
1.4007764541220715 103.85732777492872 83.13267768426931
1.4007773744251442 103.85733533652692 83.13267768426931
1.4007782211174034 103.85734229330777 83.13267768426931
1.4007787921682129 103.85734698530227 83.13267768426931
1.4007794328389183 103.8573522493233 83.13267768426901
1.4007802571778925 103.85735902244052 83.13267768426931
1.4007810483037995 103.85736552266528 83.13267768426931
1.400782112816741 103.85737426915365 83.13267768426901
1.40078318767366 103.85738310063279 83.13267768426931
1.4007840357702106 103.857390068953 83.13267768426931
1.4007850012079073 103.8573980013979 83.13267768426931
1.4007860769211455 103.8574068399136 83.13267768426931
1.4007871260378915 103.8574154599015 83.13267768426931
1.4007879936687437 103.85742258872456 83.13267768426931
1.400788908032224 103.85743010152287 83.13267768426931
1.4007895117581348 103.85743506199121 83.13267768426931
1.4007902663153091 103.85744126175337 83.13267768426901
1.4007910486495159 103.85744768974352 83.13267768426931
1.4007916490923653 103.85745262323715 83.13267768426901
1.4007927349269136 103.85746154491541 83.13267768426931
1.4007934139128262 103.85746712375246 83.13267768426931
1.4007939788628045 103.85747176562184 83.13267768426901
1.4007945964630892 103.85747684008862 83.13267768426931
1.4007953492460001 103.85748302527352 83.13267768426931
1.400796331640784 103.85749109704751 83.13267768426931
1.400796934692167 103.85749605197465 83.13267768426931
1.4007977214219982 103.85750251608229 83.13267768426931
1.4007995771632609 103.85750983924612 81.92141262423547
1.4008014207742365 103.85751664173317 80.64302801619017
1.4008035966449799 103.85752467018004 79.13229817591154
1.4008054035162532 103.85753133710644 77.87758554367072
1.4008066666893038 103.85753599791542 77.00101603396217
1.4008086959740094 103.85754348549477 75.59498263933821
1.4008108649744682 103.85755148859221 74.9564207564677
1.400812271865295 103.85755667968586 74.95642075647021
1.4008145354157677 103.8575650316506 74.9564207564677
1.4008168210454268 103.8575734650824 74.9564207564677
1.4008189740225268 103.8575814090578 74.95642075646838
1.4008212010203773 103.85758962615232 74.9564207564677
1.4008232505896112 103.85759718857736 74.95642075647089
1.4008250775738422 103.8576039297165 74.95642075646838
1.4008272158684656 103.8576118195174 74.95642075646838
1.40082870331423 103.85761730784013 74.9564207564677
1.4008307308773476 103.85762478906813 74.95642075646838
1.400832336195059 103.85763071231055 74.95642075646838
1.4008340331213085 103.85763697356685 74.9564207564677
1.400835366329618 103.85764189279008 74.95642075647089
1.4008370148748925 103.85764797553215 74.95642075646838
1.4008389571282691 103.85765514198769 74.95642075647021
1.400840393664635 103.85766044246714 74.95642075647089
1.4008423367865044 103.85766761212733 74.95642075647089
1.400843867585011 103.8576732604119 74.9564207564677
1.4008455108253415 103.85767932358024 74.95642075646838
1.4008476806997323 103.85768732990384 74.95642075646838
1.4008499490285824 103.85769569950124 74.95642075646838
1.4008513391524529 103.85770082872986 74.95642075646838
1.400852779296292 103.85770614252039 74.95642075647021
1.4008544501591114 103.85771230760948 74.9564207564677
1.4008566460386458 103.85772040988631 74.95642075646838
1.4008581937966884 103.85772612074797 74.95642075646838
1.4008594729232877 103.85773084042309 74.95642075647089
1.400861076013306 103.85773675544677 74.9564207564677
1.4008631801988825 103.85774451939481 74.9564207564677
1.400864387264037 103.85774897318034 74.95642075647021
1.4008661402719274 103.85775544136574 74.95642075646838
1.4008673724023335 103.85775998763619 74.95642075646838
1.4008689837629784 103.85776593317678 74.95642075646838
1.4008710504446966 103.85777355874477 74.9564207564677
1.4008730213160245 103.8577808307951 74.9564207564677
1.400874367597712 103.85778579825703 74.95642075646838
1.4008763187756148 103.85779299764339 74.95642075647021
1.4008783629003372 103.85780053998167 74.95642075646838
1.4008801596670095 103.85780716962715 74.9564207564677
1.4008823527074874 103.85781526142966 74.95642075646838
1.4008844214662157 103.85782289466185 74.95642075647089
1.400886275368233 103.85782973512352 74.9564207564677
1.4008878808485663 103.85783565896773 74.9564207564677
1.4008899796358472 103.85784340299845 74.9564207564677
1.4008916523307084 103.85784957484857 74.9564207564677
1.4008930633278098 103.85785478109563 74.95642075646838
1.400894262210984 103.85785920469226 74.9564207564677
1.4008961036037015 103.85786599899791 74.95642075646838
1.4008980134473985 103.85787304587161 74.95642075646838
1.4009003025298712 103.85788149204724 74.95642075646838
1.400901705130514 103.85788666731356 74.95642075647021
1.4009037881610211 103.85789389604524 74.805274337855
1.4009060448464774 103.85790152486152 74.57454771752774
1.4009075301213 103.85790654589303 74.4226859013773
1.4009098770229151 103.8579144796888 74.18272451783776
1.4009124253708476 103.85792309448208 73.92217108162143
1.4009140823065291 103.85792869582022 73.75276701870902
1.4009157910641021 103.85793447234443 73.64883754242807
1.4009181101810486 103.85794231221328 73.64883754243056
1.4009196860920468 103.85794763964434 73.64883754243056
1.4009218024224732 103.85795479398527 73.6488375424313
1.4009237630170406 103.85796142185487 73.6488375424288
1.400925056207194 103.85796579353675 73.64883754242807
1.4009264313275303 103.85797044218698 73.6488375424288
1.4009283926460805 103.85797707250416 73.6488375424313
1.4009300822773323 103.85798278437143 73.6488375424288
1.4009323656940098 103.85799050355457 73.6488375424288
1.4009348536877237 103.85799891431881 73.64883754243056
1.4009369440306199 103.85800598080833 73.6488375424313
1.400939374216227 103.85801419615005 73.6488375424288
1.400941268381784 103.85802059945419 73.6488375424288
1.4009429025044104 103.8580261236726 73.6488375424288
1.400944836853444 103.85803266281872 73.64883754243056
1.4009468101748634 103.85803933371265 73.6488375424313
1.40094813947112 103.85804382745314 73.6488375424288
1.4009501616607145 103.85805066354803 73.6488375424288
1.4009522347922045 103.85805767185416 73.6488375424313
1.4009542403246957 103.85806445163915 73.6488375424313
1.400956277564313 103.85807133861147 73.6488375424313
1.4009585011810486 103.85807885563935 73.6488375424313
1.4009599609449845 103.85808379043144 73.6488375424288
1.4009621740106089 103.858091271791 73.64883754243056
1.4009637171845568 103.85809648855415 73.6488375424313
1.4009654430290106 103.85810232284254 73.6488375424313
1.4009679440421943 103.8581107776209 73.6488375424288
1.4009692560480154 103.8581152129108 73.6488375424288
