14061945
1.3936932164537086 103.85799574554 175.04120724602774
1.3936845256264898 103.85799649898611 175.04120724602774
1.3936770682658297 103.85799714549754 175.04120724602777
1.3936722962118477 103.85799755920789 175.04120724602774
1.3936640352621474 103.85799827538597 175.04120724602774
1.3936586792156072 103.85799873972518 175.04120724602774
1.393652451538343 103.85799927962987 175.04120724602777
1.3936455253916729 103.85799988008793 175.04120724602777
1.3936389939786387 103.85800044632478 175.04120724602774
1.3936312496484702 103.85800111771471 175.04120724602774
1.3936224905952823 103.85800187707541 175.04120724602777
1.3936137825621526 103.85800263201291 175.04120724602774
1.3936079704387183 103.85800313589131 175.04120724602777
1.3936010303159305 103.85800373756089 175.04120724602777
1.3935964218451742 103.85800413708935 175.04120724602777
1.3935896639843866 103.85800472295782 175.04120724602777
1.3935827143458872 103.8580053254523 175.04120724602774
1.3935770951533344 103.8580058126046 175.04120724602777
1.3935689993316038 103.85800651446667 175.04120724602777
1.3935622024894578 103.85800710371451 175.04120724602777
1.3935574377507554 103.85800751679045 175.04120724602777
1.3935520988218855 103.85800797964541 175.04120724602774
1.3935456520987874 103.85800853853986 175.04120724602774
1.3935387104592283 103.85800914034076 175.04120724602774
1.3935340384051043 103.85800954538142 175.04120724602777
1.3935257948882076 103.85801026004766 175.04120724602777
1.393520075152597 103.85801075591635 175.04120724602777
1.393511637152322 103.85801148744316 175.04120724602777
1.3935052011006233 103.85801204541237 175.04120724602777
1.3935001990637517 103.85801247906059 175.04120724602777
1.3934946626218987 103.85801295903867 175.04120724603038
1.393489514999454 103.85801340530831 175.04120724602777
1.3934810900508605 103.85801413570353 175.04120724602774
1.393473782138356 103.858014769258 175.04120724602777
1.3934678830832863 103.85801528067253 175.04120724602774
1.393459930708093 103.85801597009824 175.04120724602777
1.393454390156476 103.85801645043253 175.04120724602777
1.3934462050069196 103.85801716003839 175.04120724602774
1.3934408578707433 103.85801762360462 175.04120724602774
1.3934362265646265 103.85801802511247 175.04120724602777
1.393430603300634 103.8580185126174 175.04120724602774
1.3934259073237258 103.85801891973182 175.04120724602777
1.39341919090943 103.85801950200661 175.04120724602777
1.39341034690237 103.85802026873154 175.04120724602774
1.3934033301826814 103.85802087704106 175.04120724602777
1.3933967624709536 103.85802144642412 175.04120724602777
1.3933879988018307 103.85802220618412 175.04120724602777
1.3933826784094125 103.8580226674317 175.04120724602777
1.3933757269891944 103.85802327008004 175.04120724602777
1.3933678569023447 103.8580239523715 175.04120724602777
1.3933592793783316 103.85802469599366 175.04120724602777
1.3933535751830461 103.85802519051471 175.04120724602774
1.3933470691075318 103.85802575455413 175.04120724602777
1.3933424193614847 103.85802615766042 175.04120724602777
1.393336468654342 103.85802667355257 175.04120724602774
1.3933309649731376 103.85802715069013 175.04120724602777
1.3933231690179726 103.85802782655465 175.04120724602777
1.3933143947734283 103.85802858723119 175.04120724602777
1.3933085543792991 103.85802909355976 175.04120724602777
1.3933035646529681 103.85802952614033 175.04120724602774
1.3932962600046508 103.85803015941127 175.04120724602774
1.3932888342808285 103.85803080317876 175.04120724602777
1.3932834815249537 103.85803126723184 175.04120724602774
1.3932778616240886 103.85803175444484 175.04120724602777
1.393271619658922 103.85803229558721 175.04120724602777
1.3932634504996126 103.85803300380617 175.04120724603038
1.3932574722071147 103.85803352208961 175.04120724602777
1.3932511396506773 103.85803407108567 175.04120724602777
1.3932434448564213 103.85803473817985 175.04120724602777
1.3932375213025272 103.85803525171772 175.04120724602774
1.393230678286479 103.85803584496763 175.04120724602774
1.3932250725114184 103.85803633095588 175.04120724602777
1.3932201365798746 103.85803675887257 175.04120724602777
1.3932148605474164 103.85803721627403 175.04120724602777
1.3932073606099988 103.85803786647514 175.04120724602777
1.3932000447941113 103.85803850071395 175.04120724602777
1.393191075258157 103.85803927832067 175.04120724602774
1.3931828743330659 103.85803998929327 175.04120724602774
1.3931769731710906 103.85804050088976 175.04120724602774
1.3931690035963065 103.85804119180557 175.04120724602774
1.393161275817724 103.85804186175905 175.04120724603038
1.3931539326426599 103.85804249836958 175.04120724602777
1.393146850940257 103.85804311231198 175.04120724602777
1.3931383387895333 103.85804385026586 175.04120724602777
1.3931337093926104 103.85804425160761 175.04120724602777
1.3931279651317068 103.85804474960153 175.04120724602777
1.393122568878801 103.8580452174252 175.04120724602777
1.3931176490532784 103.85804564394537 175.04120724602774
1.3931111310807196 103.85804620901557 175.04120724602777
1.3931065543184384 103.85804660579414 175.04120724602777
1.3930982263259848 103.85804732778243 175.04120724602777
1.3930915867189337 103.85804790339755 175.04120724602774
1.393082764252824 103.85804866825379 175.04120724602777
1.393075852288104 103.85804926748068 175.04120724602774
1.393070052252494 103.85804977030982 175.04120724602777
1.3930647256410116 103.85805023209585 175.04120724602777
1.3930572676166233 103.85805087866287 175.04120724602777
1.3930510732594643 103.85805141567731 175.04120724602774
1.3930452192650422 103.8580519231843 175.04120724602777
1.3930369744793734 103.85805263795885 175.04120724602777
1.393031298088387 103.85805313006863 175.04120724602777
1.3930267841948607 103.8580535213967 175.04120724602777
1.3930188884112868 103.85805420591474 175.04120724602777
1.3930118758322774 103.85805481386413 175.04120724602777
1.3930048094657632 103.85805542647654 175.04120724602774
1.3929992788087806 103.85805590595196 175.04120724602774
1.3929909383932477 103.8580566290169 175.04120724602774
