349477764
1.3977898884069528 103.85754623493648 178.46876423193194
1.3977837881116622 103.8575463999143 178.46876423193194
1.397776081874966 103.85754660832355 178.46876423193194
1.3977702373228238 103.85754676638493 178.46876423193194
1.3977630816081477 103.85754695990569 178.46876423193194
1.3977568722773577 103.85754660677947 179.13323916326118
1.3977517921548575 103.85754617966653 179.8538863022918
1.397745637493585 103.85754566221136 180.7277111363181
1.397738857509931 103.85754509218202 181.69080773878738
1.3977329998832717 103.85754459970012 182.52289241586143
1.3977266192465578 103.85754406324597 183.42884878179638
1.3977179967717666 103.85754333830852 184.65163045003322
1.3977112628003825 103.85754277214761 184.86451443776096
1.397702300164644 103.85754201861099 184.86451443776096
1.3976937940180678 103.8575413034538 184.86451443776096
1.3976847951856644 103.85754054687388 184.86451443776096
1.3976802501880188 103.85754016475164 184.86451443776096
1.3976730240084965 103.8575395572081 184.86451443776107
1.39766700335497 103.85753905101954 184.86451443776096
1.3976623953574876 103.85753866360054 184.86451443776096
1.397654433953302 103.85753799424269 184.86451443776096
1.397646003632209 103.85753728546045 184.86451443776096
1.397639326098398 103.85753672404442 184.86451443776096
1.3976311081942223 103.85753603312119 184.86451443776107
1.3976233788819084 103.85753538327647 184.8645144377584
1.3976167770284147 103.85753482822325 184.86451443776107
1.3976087518295794 103.85753415350173 184.86451443776107
1.3976003633844236 103.85753344824013 184.86451443776096
1.3975938681273121 103.857532902149 184.86451443776096
1.3975861473902118 103.85753219433022 184.9390840711174
1.3975791856628113 103.8575312378824 185.4107033915948
1.3975704908745876 103.85753004333526 185.9999057344594
1.3975657318700776 103.85752938951195 186.32244191070555
1.3975593068469765 103.85752850680005 186.75789286677204
1.3975538844530107 103.8575277618359 187.12535969778733
1.3975485720867005 103.85752703198808 187.48531106618216
1.3975410098207754 103.85752599303424 187.9002840452666
1.397535332272065 103.85752521301528 187.9002840452668
1.397526417705624 103.85752398827347 187.9002840452692
1.3975214877257993 103.85752331096039 187.9002840452668
1.3975162682048032 103.85752259386824 187.9002840452668
1.3975110243353746 103.85752187343091 187.9002840452668
1.3975039182407007 103.85752089714883 187.9002840452666
1.3974954758542368 103.85751973727815 187.9002840452692
1.3974873779354824 103.85751862473273 187.9002840452668
1.3974798782220037 103.85751759437265 187.9002840452668
1.3974733797616183 103.85751670157133 187.9002840452668
1.3974659134074163 103.85751567579435 187.9002840452668
1.3974591340478857 103.85751474440121 187.9002840452668
1.397453959283793 103.85751403345799 187.9002840452668
1.3974474510116526 103.85751313930861 187.9002840452668
1.3974417235016243 103.85751235242547 187.9002840452668
1.397433717540732 103.85751125251369 187.9002840452694
1.397427343376877 103.85751037678898 187.9002840452668
1.3974208109923556 103.85750947932685 187.9002840452668
1.3974160297562783 103.85750882244905 187.9002840452692
1.3974107724553935 103.8575081001663 187.9002840452666
1.3974048604775229 103.85750728793971 187.9002840452668
1.3974001883235696 103.85750664604832 187.9002840452666
1.397395374773023 103.85750598473092 187.9002840452668
1.3973899510106262 103.85750523957857 187.9002840452668
1.3973832412546932 103.85750431774792 187.9002840452668
1.3973765989134035 103.85750340517913 187.9002840452694
1.397371691677229 103.85750273099056 187.9002840452668
1.3973653501663894 103.85750185975182 187.9002840452668
1.3973607378350135 103.85750122607921 187.9002840452668
1.3973542271497175 103.85750033159817 187.9002840452694
1.3973459233654184 103.85749919076927 187.9002840452694
1.3973410969515807 103.85749852768457 187.9002840452668
1.3973365014099264 103.85749851041015 187.12402310576226
1.3973281244795455 103.8574985469366 185.61986912421386
1.3973232746529596 103.85749856808359 184.74778122192802
1.3973181143344169 103.85749859058443 183.81940770363036
1.3973106048003605 103.85749862332868 182.46854554090467
1.3973026553823908 103.85749865799094 181.0402435241652
1.397297575658893 103.85749868014032 180.12925776044605
1.397292647842034 103.85749870162732 179.77642767795126
1.3972856978961192 103.85749873193151 179.77642767794862
1.3972776050841915 103.85749876721897 179.77642767795126
1.397270122067342 103.85749879984749 179.77642767795126
1.3972640000109187 103.85749882654173 179.77642767794862
1.3972578544915721 103.85749885333827 179.77642767795126
1.3972490092281293 103.85749889190659 179.77642767794862
1.397240165620213 103.85749893046766 179.77642767795126
1.3972355742725202 103.85749895048744 179.77642767795126
1.3972307108852917 103.8574989716934 179.77642767795126
1.3972222342808638 103.85749900865416 179.77642767795126
1.3972157303918085 103.85749903701321 179.77642767795126
1.3972099521512775 103.85749906220822 179.77642767794862
1.397202914952289 103.85749909289264 179.77642767795126
1.397195436029362 103.85749912550311 179.77642767795126
1.3971866713082763 103.85749916372004 179.77642767795126
1.3971802390915167 103.85749919176651 179.77642767794862
1.3971752918085212 103.85749921333819 179.77642767795126
1.3971663554012608 103.85749925230367 179.77642767795126
1.3971618106777153 103.85749927212004 179.77642767795126
1.3971563344544673 103.85749929599802 179.77642767794862
1.3971486908247945 103.85749932932653 179.77642767795126
1.3971441153366033 103.85749934927703 179.77642767795126
1.3971383869254959 103.85749937425462 179.77642767795126
1.3971304812062524 103.85749940872586 179.77642767795126
1.3971234101834455 103.85749943955757 179.77642767795126
1.3971164947927226 103.85749946971067 179.77642767794862
1.3971105938103083 103.85749949544065 179.77642767795126
1.3971031727279066 103.85749952779868 179.77642767795126
1.3970980659620282 103.85749955006563 179.77642767795126
1.3970895142782251 103.85749958735336 179.77642767794862
1.3970815455678338 103.85750014951164 179.1035504891495
1.3970758177163507 103.85750087745151 178.20551128305027
1.397067565728919 103.85750192617819 176.91015541609016
1.3970596997809037 103.85750292584393 175.67475770464014
1.3970522027134853 103.85750387862943 174.49778259676648
1.39704663227116 103.85750458656445 173.62417704467774
1.3970383947904388 103.85750563344737 172.73897691300203
1.3970329756543598 103.8575063221532 172.73897691300203
1.397027154446926 103.85750706195734 172.73897691300203
1.3970226112428312 103.85750763934291 172.73897691300203
1.397016033768779 103.85750847525924 172.73897691300203
1.3970087950774723 103.85750939520815 172.73897691300203
1.3970040484578448 103.85750999844532 172.73897691300203
1.3969953264581991 103.85751110690447 172.73897691300203
1.3969893336914614 103.85751186851161 172.73897691300203
1.3969836999926493 103.85751258448558 172.73897691300184
1.3969783492834844 103.85751326449504 172.73897691300184
1.3969704079523444 103.85751427374073 172.73897691300203
1.3969649806150175 103.85751496348867 172.73897691300203
1.3969594188369434 103.85751567032234 172.73897691300203
1.3969518136143446 103.8575166368527 172.73897691300184
1.396944780987564 103.85751753061312 172.73897691300184
1.3969360960415127 103.857518634363 172.73897691300203
1.3969297844682853 103.85751943648634 172.73897691300203
1.3969209811680325 103.85752055527753 172.73897691300203
1.3969148158224964 103.8575213388171 172.73897691300203
1.3969060707910004 103.85752245020298 172.73897691300203
1.3969002325661157 103.8575231921695 172.73897691300203
1.3968947063467476 103.85752389448393 172.73897691300184
1.3968873262306947 103.85752483240579 172.73897691300184
1.396882821275755 103.85752540493006 172.73897691300203
1.3968740877538266 103.85752651485309 172.73897691299945
1.3968672336004733 103.85752738593149 172.73897691300184
1.3968585396145836 103.85752880493276 172.3415664189736
1.3968529909837413 103.85753027903502 171.36736169363294
1.3968462440316753 103.85753207149473 170.18088850059135
1.3968383529006578 103.8575341679279 168.79188427422892
1.3968338147519732 103.85753537357577 167.99302721791065
1.3968284852800834 103.85753678945409 167.05534471909405
1.3968235937510394 103.85753808898431 166.1955714342317
1.3968189021640154 103.85753933539604 165.37207947495062
1.3968108356228033 103.85754147843024 165.05831368759195
1.3968023067234858 103.85754374429884 165.05831368759195
1.3967950963037044 103.85754565988758 165.05831368759195
1.3967892851166235 103.85754720374281 165.05831368759164
1.3967808351483497 103.85754944864173 165.05831368759195
1.3967747964866482 103.85755105292999 165.05831368759195
1.3967680075250846 103.85755285655002 165.05831368759195
1.3967595367576786 103.85755510697453 165.05831368759164
1.396754458181827 103.85755645619719 165.05831368759164
1.3967475238115936 103.85755829844778 165.05831368759195
1.3967423663349143 103.85755966863194 165.05831368759195
1.3967363752531101 103.85756126027954 165.05831368759195
1.396731424770366 103.85756257547172 165.05831368759164
1.396724688491505 103.85756436509537 165.05831368759195
1.396717439062716 103.85756629104728 165.05831368759195
1.3967105983176487 103.85756810842436 165.05831368759195
1.3967062008350277 103.8575692767012 165.05831368759195
1.396698479355968 103.85757132806236 165.05831368759448
1.3966923817665895 103.85757294800561 165.05831368759164
1.3966864979920013 103.85757451114476 165.05831368759195
1.3966780747444316 103.85757674894428 165.05831368759195
1.3966715024284437 103.85757849500781 165.05831368759195
1.3966653420126085 103.85758013164202 165.05831368759195
1.3966579705060505 103.857582090026 165.05831368759195
1.3966524739175576 103.85758355030151 165.05831368759195
1.396647140205992 103.85758496730561 165.05831368759195
1.3966415797090432 103.85758644455964 165.05831368759195
1.3966355271767996 103.85758805253236 165.05831368759195
1.3966281575799657 103.85759001040884 165.05831368759195
1.3966224990115037 103.8575915137174 165.05831368759195
1.3966141188098764 103.85759374008059 165.05831368759164
1.3966078551684098 103.85759540413848 165.05831368759164
1.3966023816305586 103.85759685829001 165.05831368759195
1.3965949525699577 103.85759883196404 165.05831368759195
1.3965862468441255 103.85760114480892 165.05831368759195
1.3965818223987787 103.8576023202486 165.05831368759195
1.3965748261527469 103.85760417893698 165.05831368759195
1.3965669313446354 103.85760627634576 165.05831368759195
1.3965598639259884 103.85760815394244 165.05831368759195
1.3965546289976365 103.85760954470256 165.05831368759195
1.3965495018834768 103.85761090681973 165.05831368759195
1.3965418078164713 103.85761295089763 165.05831368759164
1.3965370992008224 103.85761420183253 165.05831368759195
1.3965310199111132 103.85761581691352 165.05831368759195
1.3965229643821269 103.85761795702068 165.05831368759195
1.3965145730230037 103.85762018634757 165.05831368759195
1.3965099758905455 103.85762140766474 165.05831368759448
1.3965050160502976 103.85762272534222 165.05831368759164
1.396498018284243 103.85762458443409 165.05831368759195
1.3964917353577937 103.85762625361497 165.05831368759195
1.396486124230066 103.8576277443195 165.05831368759195
1.3964803566610964 103.85763000186303 164.16381452816583
1.3964724922474037 103.85763368689986 162.1890979898164
1.3964670445130667 103.85763623955056 160.8177448850662
1.3964589696796774 103.85764002318386 158.7836446069908
1.3964515584744872 103.85764349586013 156.91910815915952
1.3964469849505439 103.85764563888107 155.77139932971008
1.39644270561232 103.85764764405508 154.77988717589022
1.3964356422334816 103.85765095374991 154.77988717589315
1.396429789468093 103.85765369618626 154.77988717589076
1.3964243881781733 103.85765622707427 154.77988717589022
1.3964162468079682 103.8576600418845 154.77988717589315
1.3964089760587552 103.8576634487469 154.77988717589022
1.3964036635445052 103.85766593803712 154.77988717589076
1.3963971688079 103.85766898128243 154.77988717589022
