349477692
1.4016197360022453 103.86193528192763 87.70387865925338
1.4016199218533663 103.86193983217515 87.70387865925078
1.4016201872753875 103.86194633058076 87.70387865925349
1.4016204727482382 103.86195331989724 87.70387865925338
1.401620709557392 103.86195911776636 87.70387865925338
1.4016210325404135 103.86196702545652 87.70387865925078
1.401621338710805 103.8619745215186 87.70387865925338
1.4016216890095432 103.86198309798903 87.70387865925089
1.4016219323780987 103.86198905645574 87.70387865925078
1.4016222407407426 103.86199660619313 87.70387865925338
1.401622563667671 103.86200451251298 87.70387865925338
1.4016229152348398 103.86201312004141 87.70387865925078
1.401623278339522 103.86202201004717 87.70387865925078
1.4016235221366526 103.8620279790092 87.70387865925338
1.4016237735671726 103.86203413486227 87.70387865925338
1.401623980531775 103.86203920204251 87.70387865925338
1.401624223476576 103.86204515013773 87.70387865925089
1.4016244584629187 103.86205090338382 87.70387865925338
1.401624678156342 103.86205628220874 87.70387865925078
1.4016249941609045 103.86206401905086 87.70387865925078
1.401625230910136 103.86206981545944 87.70387865925349
1.4016255259407004 103.86207703878937 87.70387865925338
1.4016258715705932 103.86208550095989 87.70387865925078
1.4016261352820705 103.86209195749532 87.70387865925338
1.4016263435878409 103.86209705751483 87.70387865925338
1.4016266877707808 103.86210548426082 87.70387865925338
1.4016268727201424 103.8621100124382 87.70387865925338
1.4016271551814938 103.8621169280348 87.70387865925078
1.401627372751323 103.86212225487066 87.70387865925078
1.4016276587498655 103.86212925707036 87.70387865925089
1.401627978127708 103.86213707650744 87.70387865925338
1.401628335334191 103.86214582211682 87.70387865925078
1.4016285239299564 103.86215043957222 87.70387865925349
1.4016287981549065 103.86215715351695 87.70387865925338
1.4016291511288157 103.86216579550053 87.70387865925078
1.4016293486463944 103.86217063139276 87.70387865925349
1.4016295478757743 103.86217550919586 87.70387865925338
1.4016297471005263 103.86218038688591 87.70387865925089
1.4016300982061138 103.86218898312875 87.70387865925338
1.4016304081908908 103.8621965725968 87.70387865925338
1.4016307424604137 103.8622047566376 87.70387865925338
1.4016310387659017 103.86221201119189 87.70387865925338
1.4016314028453585 103.86222092508147 87.70387865925089
1.401631640679495 103.86222674806146 87.70387865925338
1.401631835603316 103.86223152045277 87.70387865925078
1.401632034630827 103.86223639331648 87.70387865925338
1.4016323612298132 103.86224438956003 87.70387865925338
1.40163261954087 103.86225071388546 87.70387865925338
1.4016328504644568 103.86225636767365 87.70387865925078
1.401633205974525 103.86226507175971 87.70387865925078
1.4016334814325602 103.86227181590242 87.70387865925338
1.401633715592777 103.86227754893544 87.70387865925338
1.4016339156086166 103.86228244599907 87.70387865925338
1.4016341734410354 103.86228875860827 87.70387865925078
1.4016343843511798 103.8622939224019 87.70387865925349
1.4016346043642856 103.86229930906708 87.70387865925089
1.4016349481229755 103.86230772544343 87.70387865925089
1.401635286566747 103.86231601169325 87.70387865925078
1.4016355185435314 103.86232169127106 87.70387865925338
1.40163582471637 103.86232918742023 87.70387865925349
1.4016361144226792 103.86233628041343 87.70387865925338
1.401636401663865 103.86234331305256 87.70387865925349
1.4016365943876705 103.86234803158571 87.70387865925338
1.4016368737936484 103.86235487239318 87.70387865925089
1.4016370739085553 103.86235977188618 87.70387865925338
1.4016373290956285 103.86236601973332 87.70387865925089
1.4016375386696014 103.86237115081698 87.70387865925078
1.401637733608267 103.86237592357878 87.70387865925089
1.4016379268063892 103.86238065372639 87.70387865925338
1.4016381578598958 103.86238631070296 87.70387865925078
1.401638351974798 103.86239106329697 87.70387865925338
1.4016386246037629 103.86239773818306 87.70387865925338
1.4016389052588623 103.86240460957676 87.70387865925089
1.4016392403671738 103.86241281417136 87.70387865925078
1.401639429307419 103.86241744007337 87.70387865925078
1.4016397698164245 103.86242577689649 87.70387865925338
1.401640119862862 103.86243434722927 87.70387865925078
1.4016403197238798 103.86243924051016 87.70387865925338
1.4016405906169882 103.86244587289984 87.70387865925338
1.4016408749191247 103.86245283358885 87.70387865925078
1.4016411288910835 103.86245905169176 87.70387865925349
1.4016413751909365 103.86246508195563 87.70387865925338
1.4016415716192139 103.8624698911928 87.70387865925078
1.401641775812746 103.86247489055029 87.70387865925338
1.4016419630785797 103.86247947545992 87.70387865925078
1.4016423270798835 103.86248838746037 87.70387865925338
1.401642630694531 103.86249582098898 87.70387865925078
1.4016428673235037 103.86250161447877 87.70387865925338
1.4016431190759207 103.86250777824276 87.70387865925338
1.4016433026894894 103.86251227373393 87.70387865925338
1.4016436018005534 103.86251959700114 87.70387865925338
