135956125#0
1.3351982080115787 103.75946451346317 252.5877125472185
1.3351966530567991 103.7594587231184 253.15962219512292
1.3351949599534445 103.75945241833566 253.78229513472598
1.3351931038344615 103.75944550651495 254.4646936841771
1.3351916976143337 103.7594402700288 254.98141537261185
1.3351902829011717 103.75943500191632 255.08937857904507
1.33518842860962 103.75942809690076 255.08937857904507
1.3351868825807074 103.75942233979445 255.08937857904507
1.335185029601662 103.75941543966653 255.08937857904507
1.3351831076595664 103.75940828273389 255.08937857904507
1.3351813603624052 103.75940177614454 255.08937857904507
1.33517965160414 103.7593954130665 255.08937857904507
1.3351780061127148 103.7593888344422 255.23914290111216
1.3351773855024738 103.75938406198485 256.05708470866625
1.3351767988658947 103.75937955078307 256.8313154370963
1.3351759724957364 103.75937319604387 257.92314598906256
1.3351753865285014 103.75936868998944 258.69781450913104
1.335174548253156 103.75936224370025 259.8060867869699
1.3351736087746686 103.75935501916483 261.04729408400726
1.3351728656794424 103.75934930480547 262.0276632413152
1.3351717707623338 103.75934088495636 262.6667985010572
1.3351708623817429 103.75933389956239 262.6667985010574
1.3351700848232924 103.75932792018321 262.6667985010572
1.335169488255824 103.75932333261422 262.6667985010572
1.3351683753830927 103.75931477468801 262.6667985010572
1.3351676419452196 103.75930913459382 262.6667985010572
1.3351670043654924 103.7593002844782 263.31840906763506
1.335166943292823 103.75929332878331 264.39063290760265
1.3351668670983197 103.75928465083403 265.72993493463593
1.335166801041325 103.75927712746936 266.8914234517072
1.3351667530356288 103.7592716600052 267.73515897021065
1.3351666855721145 103.75926397645382 268.9195972006696
1.3351666444248709 103.75925929011524 269.5290863888052
1.3351665718586878 103.7592510254158 269.52908638880524
1.3351665165013809 103.75924472066983 269.52908638880524
1.3351664410238182 103.75923612439372 269.5290863888055
1.3351663894481653 103.75923025035134 269.5290863888052
1.3351663133782847 103.75922158662082 269.5290863888052
1.3351662577403898 103.75921524992681 269.52908638880524
1.3351661943117092 103.75920802592933 269.5290863888052
1.3351664892069712 103.75920351475997 269.95716964985144
1.3351673768177559 103.75919612588937 271.1779335958202
1.3351683037576547 103.75918840962538 272.4547167449431
1.3351692105852964 103.75918086078458 273.70450534622785
1.33517003406706 103.75917400575216 274.8390279651552
1.3351709265777278 103.7591665760919 276.06715914595765
1.3351718152910026 103.75915917804261 276.8353536018056
