173767599
1.3363997803938916 103.7601623468069 201.27243041995254
1.3363929096399816 103.7601596929619 201.27243041995254
1.3363850276400895 103.76015664852076 201.27243041995132
1.336379108728118 103.76015436232696 201.27243041995132
1.3363722691405133 103.76015172052003 201.27243041995158
1.3363642598992789 103.76014862693158 201.27243041995254
1.336356132100987 103.76014548755019 201.27243041995277
1.3363505366602175 103.7601433262979 201.27243041995158
1.3363425284157955 103.76014023309445 201.27243041995254
1.336336512554676 103.76013790945382 201.27243041995132
1.3363286065013322 103.76013485572192 201.27243041995254
1.3363214572742836 103.76013209431596 201.27243041995132
