633439943
1.3362017775174229 103.76010149313646 201.0985170593457
1.3361963810509911 103.76009942745098 201.09851705934548
1.3361902606606386 103.76009708465838 201.09851705934548
1.3361842561343458 103.7600947862168 201.09851705934693
1.3361794923131658 103.76009296269831 201.09851705934548
1.336171450273659 103.76008988432754 201.09851705934693
1.336165289443205 103.76008752605507 201.0985170593467
1.3361568892880273 103.76008431060308 201.09851705934548
1.336148753272988 103.76008119625989 201.0985170593457
1.3361434870595679 103.76007918043325 201.0985170593457
1.3361364730821492 103.76007649558905 201.09851705934693
1.3361302010080904 103.7600740947342 201.0985170593457
1.336124270134486 103.76007182448569 201.0985170593457
1.3361164410434572 103.76006882762834 201.09851705934693
1.3361115649425577 103.76006696113086 201.09851705934548
1.3361065571211748 103.76006504421275 201.09851705934548
1.3360987284938757 103.7600620475329 201.09851705934548
1.3360943727941526 103.76006038023706 201.0985170593467
1.3360877329442393 103.76005783860319 201.0985170593457
1.3360794381361014 103.76005466347637 201.09851705934548
1.3360717966066615 103.7600517384147 201.0985170593457
1.3360636336088927 103.76004861374288 201.09851705934562
1.336057969523611 103.76004644561688 201.09851705934693
1.3360496565965243 103.76004326355438 201.0985170593457
1.3360449834118857 103.7600414747301 201.09851705934548
1.3360369833249781 103.76003841241807 201.09851705934562
1.3360287965365445 103.76003527863952 201.09851705934562
1.3360230340610373 103.7600330728512 201.09851705934562
1.336015924817685 103.76003035154056 201.09851705934562
1.3360090227916377 103.76002770954956 201.09851705934562
1.3360041772214242 103.76002585473871 201.09851705934562
1.3359974914868369 103.76002329554079 201.09851705934562
1.335990736711768 103.76002070991522 201.0985170593457
1.3359855014637085 103.76001870594156 201.09851705934562
1.3359803105701307 103.76001671894615 201.09851705934562
1.3359755839356684 103.76001490966208 201.09851705934562
1.3359674019713679 103.76001177773007 201.09851705934562
1.3359627419307567 103.76000999393712 201.09851705934682
1.33595705888054 103.76000781855156 201.0985170593467
1.3359498551933717 103.7600050610892 201.09851705934562
1.335941547138578 103.76000188089166 201.09851705934548
1.3359370094757148 103.76000014394303 201.09851705934562
1.3359306013436876 103.75999773011561 201.05188270735096
1.3359225567319228 103.75999493517669 200.7127039783189
1.335918044615692 103.75999336753245 200.52244587831893
1.3359127320176085 103.75999152177685 200.29842583865204
1.3359049163377026 103.75998880637567 199.9688531063662
1.3358980714522368 103.75998642825753 199.68022882144842
1.335892727289629 103.75998457153547 199.45490224839347
1.3358852639930372 103.75998197856282 199.302374520131
1.3358806362034075 103.75998037073015 199.302374520131
1.335874489458271 103.75997823516684 199.30237452013088
1.3358678136431248 103.7599759157888 199.30237452013114
1.3358600856429497 103.75997323085015 199.302374520131
1.3358516881257392 103.75997031330124 199.3023745201298
1.3358431746312722 103.75996735545833 199.302374520131
1.3358377916081163 103.75996548523491 199.30237452013114
1.3358320464900229 103.75996348920886 199.302374520131
1.335826577005723 103.75996158894624 199.3023745201299
1.335821090579195 103.75995968279736 199.302374520131
1.3358136139377284 103.7599570851882 199.302374520131
1.3358067981027848 103.75995471716304 199.302374520131
1.3358014376058702 103.75995285476587 199.302374520131
1.3357963762082332 103.75995109628477 199.3023745201298
1.3357915297757246 103.75994941248895 199.302374520131
1.3357856500469925 103.7599473696951 199.302374520131
1.3357785766054964 103.75994491216967 199.302374520131
1.335772997621337 103.75994297386347 199.30237452013114
1.3357664644903937 103.75994070405811 199.302374520131
1.3357614447879103 103.75993896006311 199.30237452013088
1.3357536626375552 103.75993625631098 199.302374520131
1.3357460588394279 103.75993361452375 199.3023745201298
1.3357395226070916 103.75993134364084 199.302374520131
1.3357349834601335 103.7599297666052 199.30237452013114
1.3357295212116587 103.75992786885645 199.302374520131
1.33572398746588 103.7599259462674 199.302374520131
1.335719131403916 103.759924259126 199.302374520131
1.3357123260509463 103.75992189474248 199.3023745201298
1.3357045903973945 103.75991920714469 199.302374520131
1.335697003904879 103.7599165713699 199.30237452013088
1.3356924182436356 103.75991497817378 199.302374520131
1.3356842275650849 103.75991213248666 199.3023745201298
1.3356766548989494 103.75990950151555 199.302374520131
