75406311
1.3355008516737972 103.75983557197885 196.33900605580496
1.3354961122973195 103.75983419408594 196.33900605580487
1.335487520058005 103.75983169603884 196.33900605580615
1.3354803374179298 103.75982960780868 196.33900605580487
1.335472318270082 103.75982727637813 196.33900605580487
1.33546558904524 103.75982531997073 196.33900605580624
1.3354575875089492 103.75982299366042 196.33900605580615
1.3354527140079708 103.75982157677306 196.33900605580615
1.3354482325604902 103.75982027386857 196.33900605580487
1.3354416896282324 103.75981837162253 196.33900605580624
1.33543722712288 103.75981707422514 196.33900605580615
1.335429198121749 103.75981473992985 196.33900605580496
1.335422713691435 103.75981285469224 196.33900605580615
1.3354162700354508 103.75981098130903 196.33900605580615
1.3354104326685212 103.75980928419405 196.33900605580487
1.3354048855761267 103.75980767147142 196.33900605580615
1.3353964163808498 103.75980520919715 196.33900605580615
1.3353888947208106 103.75980302240261 196.33900605580615
1.3353831138891217 103.75980134172427 196.33900605580624
