1.3344687136915745 103.76121900211285 299.1968026191413 0.0 1.0
1.3344801752322184 103.76119859899545 299.1968026191413 2.6 2.0
1.3345022166555534 103.76115936223097 299.1968026191419 5.0 3.0
1.3345242580775973 103.76112012546619 299.1968026191413 5.0 4.0
1.3345462994983504 103.76108088870113 299.19680261914147 5.0 5.0
1.3345683409178124 103.76104165193576 299.1968026191419 5.0 6.0
1.3345903823359833 103.76100241517008 299.1968026191413 5.0 7.0
1.3346124237528634 103.76096317840414 299.1968026191413 5.0 8.0
1.334634465168452 103.76092394163786 299.1968026191419 5.0 9.0
1.3346565065827505 103.76088470487132 299.1968026191413 5.0 10.0
1.3346785479957577 103.76084546810446 299.1968026191421 5.0 11.0
1.3347005894074737 103.76080623133731 299.1968026191413 5.0 12.0
1.3347226308178979 103.76076699456986 299.1968026191413 5.0 13.0
1.3347446722270315 103.76072775780213 299.1968026191419 5.0 14.0
1.3347667136348738 103.7606885210341 299.1968026191413 5.0 15.0
1.334788755041425 103.76064928426575 299.1968026191419 5.0 16.0
1.3348107964466849 103.76061004749712 299.1968026191413 5.0 17.0
1.3348314907522734 103.76057015907939 297.2987846189276 5.0 18.0
1.3348427106956424 103.76052690555323 284.48140855871674 5.0 19.0
1.33486343371049 103.76048703155044 297.3395915298527 5.0 20.0
1.3348855298763291 103.76044782204931 299.2743282335432 5.0 21.0
1.3349076260408757 103.7604086125479 299.2743282335432 5.0 22.0
1.3349297222041305 103.76036940304617 299.2743282335432 5.0 23.0
1.3349518183660933 103.76033019354414 299.2743282335432 5.0 24.0
1.3349739145267643 103.76029098404182 299.2743282335432 5.0 25.0
1.3349960106861438 103.76025177453919 299.2743282335432 5.0 26.0
1.3350181068442322 103.76021256503627 299.2743282335432 5.0 27.0
1.3350402030010273 103.76017335553304 299.2743282335429 5.0 28.0
1.3350622991565309 103.76013414602953 299.2743282335432 5.0 29.0
1.3350843953107427 103.76009493652572 299.2743282335432 5.0 30.0
1.3351065827408277 103.76005577840259 299.40722833825896 5.0 31.0
1.3351290748709246 103.76001679179912 299.8508793145253 5.0 32.0
1.3351515669997294 103.75997780519535 299.8508793145253 5.0 33.0
1.3351740591272403 103.75993881859124 299.8508793145253 5.0 34.0
1.3351965512534583 103.75989983198681 299.8508793145253 5.0 35.0
1.3352190433783826 103.75986084538208 299.85087931452557 5.0 36.0
1.3352415355020142 103.759821858777 299.8508793145253 5.0 37.0
1.3352640276243524 103.75978287217163 299.8508793145246 5.0 38.0
1.3352865197453976 103.75974388556592 299.85087931452557 5.0 39.0
1.3353090118651494 103.7597048989599 299.8508793145253 5.0 40.0
1.3353315039836076 103.75966591235357 299.8508793145253 5.0 41.0
1.3353539961007723 103.75962692574689 299.85087931452557 5.0 42.0
1.3353764882166443 103.75958793913989 299.8508793145253 5.0 43.0
1.3353989803312225 103.75954895253258 299.8508793145246 5.0 44.0
1.3354214724445068 103.75950996592496 299.8508793145253 5.0 45.0
1.3354439645564982 103.759470979317 299.8508793145253 5.0 46.0
1.3354664566671959 103.75943199270873 299.85087931452557 5.0 47.0
1.3354889487766002 103.75939300610013 299.8508793145253 5.0 48.0
1.3355114408847109 103.75935401949121 299.8508793145246 5.0 49.0
1.3355337687091604 103.75931494030209 299.61161677836185 5.0 50.0
1.3355559026956145 103.75927575187765 299.3293106810165 5.0 51.0
1.3355780366807755 103.75923656345296 299.32931068101686 5.0 52.0
1.3356001706646436 103.75919737502792 299.32931068101624 5.0 53.0
1.3356223046472195 103.75915818660259 299.3293106810165 5.0 54.0
1.3356444386285018 103.75911899817699 299.32931068101715 5.0 55.0
1.3356665726084918 103.75907980975106 299.32931068101624 5.0 56.0
1.3356887065871883 103.75904062132483 299.32931068101686 5.0 57.0
1.335710840564592 103.7590014328983 299.3293106810165 5.0 58.0
1.335732974540703 103.75896224447146 299.3293106810166 5.0 59.0
1.3357551085155204 103.75892305604434 299.3293106810166 5.0 60.0
1.335777242489045 103.75888386761692 299.32931068101686 5.0 61.0
1.3357993764612763 103.75884467918918 299.3293106810166 5.0 62.0
1.335821510432215 103.75880549076115 299.3293106810166 5.0 63.0
1.3358436444018602 103.7587663023328 299.32931068101686 5.0 64.0
1.335865778370212 103.75872711390417 299.32931068101624 5.0 65.0
1.3358879123372704 103.75868792547524 299.32931068101715 5.0 66.0
1.3359100463030362 103.758648737046 299.32931068101624 5.0 67.0
1.3359321802675082 103.75860954861645 299.32931068101686 5.0 68.0
1.3359543142306871 103.75857036018662 299.3293106810165 5.0 69.0
1.3359764481925729 103.75853117175647 299.3293106810166 5.0 70.0
1.3359985821531648 103.75849198332601 299.3293106810165 5.0 71.0
1.336020716112463 103.75845279489528 299.3293106810166 5.0 72.0
1.3360428500704686 103.75841360646423 299.3293106810166 5.0 73.0
1.336064607418945 103.75837421112267 298.7841276059081 5.0 74.0
1.336086244346001 103.75833474962151 298.60980819260016 5.0 75.0
1.3361078812717653 103.7582952881201 298.60980819260044 5.0 76.0
1.3361295181962372 103.75825582661835 298.60980819259987 5.0 77.0
1.3361511551194174 103.7582163651164 298.60980819260044 5.0 78.0
1.3361727920413058 103.75817690361411 298.60980819259987 5.0 79.0
1.3361944289619025 103.75813744211159 298.60980819260044 5.0 80.0
1.336216065881207 103.75809798060878 298.60980819259987 5.0 81.0
1.3362377027992194 103.75805851910569 298.6098081926002 5.0 82.0
1.3362593397159397 103.75801905760234 298.60980819260044 5.0 83.0
1.3362809766313672 103.75797959609872 298.60980819259987 5.0 84.0
1.3363026135455036 103.75794013459482 298.60980819260044 5.0 85.0
1.3363242504583477 103.75790067309063 298.60980819259987 5.0 86.0
1.3363458873698995 103.75786121158619 298.60980819260016 5.0 87.0
1.3363675242801587 103.75782175008146 298.60980819259987 5.0 88.0
1.3363891611891263 103.75778228857645 298.60980819259987 5.0 89.0
1.336410798096801 103.75774282707118 298.6098081926008 5.0 90.0
1.3364324350031833 103.75770336556563 298.60980819259987 5.0 91.0
1.3364540719082747 103.75766390405981 298.60980819259987 5.0 92.0
1.3364757088120722 103.75762444255372 298.60980819260044 5.0 93.0
1.336497345714578 103.75758498104733 298.60980819259987 5.0 94.0
1.3365189826157908 103.7575455195407 298.60980819260044 5.0 95.0
1.3365406195157112 103.7575060580338 298.60980819259987 5.0 96.0
1.33656225641434 103.7574665965266 298.60980819260044 5.0 97.0
1.3365838933116756 103.75742713501913 298.6098081926002 5.0 98.0
1.3366055302077184 103.75738767351139 298.60980819259987 5.0 99.0
1.3366271671024692 103.75734821200338 298.60980819260044 5.0 100.0
1.3366488039959268 103.75730875049508 298.60980819259987 5.0 101.0
1.3366704408880923 103.75726928898654 298.60980819260044 5.0 102.0
1.3366920777789641 103.75722982747769 298.60980819259987 5.0 103.0
1.3367137146685442 103.75719036596857 298.60980819260044 5.0 104.0
1.3367353515568319 103.7571509044592 298.60980819259987 5.0 105.0
1.3367569884438262 103.75711144294954 298.60980819259987 5.0 106.0
1.3367786253295277 103.75707198143962 298.60980819260044 5.0 107.0
1.3368002622139357 103.75703251992942 298.60980819259987 5.0 108.0
1.3368218990970517 103.75699305841893 298.60980819260044 5.0 109.0
1.3368435359788744 103.75695359690819 298.60980819259987 5.0 110.0
1.3368651728594048 103.75691413539715 298.60980819260044 5.0 111.0
1.3368868097386415 103.75687467388585 298.60980819259987 5.0 112.0
1.3369084466165855 103.75683521237427 298.60980819259987 5.0 113.0
1.3369300834932367 103.75679575086244 298.6098081926008 5.0 114.0
1.3369517203685946 103.7567562893503 298.60980819259987 5.0 115.0
1.3369738082962908 103.75671707714758 299.263692262095 5.0 116.0
1.3369961437335949 103.75667800175057 299.62249877631325 5.0 117.0
1.337018479169604 103.75663892635326 299.6224987763127 5.0 118.0
1.3370408146043178 103.75659985095565 299.62249877631325 5.0 119.0
1.3370631500377363 103.75656077555772 299.6224987763127 5.0 120.0
1.3370854854698586 103.75652170015948 299.62249877631325 5.0 121.0
1.3371078209006857 103.7564826247609 299.6224987763128 5.0 122.0
1.3371301563302174 103.75644354936206 299.6224987763129 5.0 123.0
1.3371524917584536 103.75640447396286 299.62249877631297 5.0 124.0
1.3371748271853932 103.75636539856337 299.6224987763129 5.0 125.0
1.337197162611038 103.75632632316358 299.62249877631297 5.0 126.0
1.3372194980353873 103.75628724776342 299.62249877631297 5.0 127.0
1.3372418334584408 103.756248172363 299.62249877631274 5.0 128.0
1.3372641688801983 103.75620909696227 299.62249877631314 5.0 129.0
1.3372865043006597 103.75617002156122 299.62249877631274 5.0 130.0
1.3373088397198263 103.75613094615984 299.62249877631297 5.0 131.0
1.3373311751376962 103.75609187075817 299.6224987763129 5.0 132.0
1.3373537257774963 103.75605262238015 299.7499408159036 5.0 133.0
1.337376634664929 103.75601376567637 300.39031900950386 5.0 134.0
1.3373995662820932 103.75597503988394 300.4995479818445 5.0 135.0
1.3374224978979603 103.75593631409116 300.499547981845 5.0 136.0
1.3374454295125315 103.75589758829803 300.499547981845 5.0 137.0
1.337468361125805 103.75585886250455 300.499547981845 5.0 138.0
1.3374912927377816 103.75582013671072 300.4995479818445 5.0 139.0
1.3375142243484621 103.75578141091657 300.49954798184524 5.0 140.0
1.3375371559578455 103.75574268512206 300.4995479818449 5.0 141.0
1.3375600875659317 103.7557039593272 300.4995479818446 5.0 142.0
1.3375830191727214 103.75566523353201 300.499547981845 5.0 143.0
1.337605950778214 103.75562650773647 300.499547981845 5.0 144.0
1.3376288823824098 103.75558778194059 300.499547981845 5.0 145.0
1.3376518139853086 103.75554905614433 300.4995479818445 5.0 146.0
1.3376747455869098 103.75551033034776 300.499547981845 5.0 147.0
1.3376976771872147 103.75547160455085 300.4995479818451 5.0 148.0
1.3377206087862221 103.75543287875357 300.4995479818445 5.0 149.0
1.3377435403839326 103.75539415295594 300.4995479818451 5.0 150.0
1.3377664719803457 103.75535542715798 300.499547981845 5.0 151.0
1.3377894035754614 103.75531670135969 300.499547981845 5.0 152.0
1.337812335679007 103.75527793943158 300.4767577625703 5.0 153.0
1.337835269038875 103.75523918136476 300.4806243478534 5.0 154.0
1.3378582058675663 103.75520045338862 300.503859349359 5.0 155.0
1.33788114269496 103.75516172541215 300.5038593493589 5.0 156.0
1.337904079521056 103.75512299743532 300.503859349359 5.0 157.0
1.3379270163458545 103.75508426945815 300.503859349359 5.0 158.0
1.3379499531693555 103.75504554148063 300.5038593493589 5.0 159.0
1.3379728899915582 103.75500681350276 300.50385934935946 5.0 160.0
1.337995826812464 103.75496808552455 300.50385934935906 5.0 161.0
1.338018763632072 103.754929357546 300.5038593493589 5.0 162.0
1.3380417004503817 103.7548906295671 300.50385934935895 5.0 163.0
1.3380646372673939 103.75485190158787 300.50385934935895 5.0 164.0
1.3380875740831075 103.75481317360827 300.503859349359 5.0 165.0
1.338110510897524 103.75477444562831 300.50385934935895 5.0 166.0
1.3381334477106428 103.75473571764805 300.5038593493595 5.0 167.0
1.3381563845224629 103.75469698966741 300.5038593493589 5.0 168.0
1.3381793213329856 103.75465826168644 300.50385934935906 5.0 169.0
1.3382022581422097 103.75461953370514 300.503859349359 5.0 170.0
1.3382251949501367 103.75458080572346 300.5038593493589 5.0 171.0
1.3382481317567645 103.75454207774145 300.5038593493589 5.0 172.0
1.3382710685620949 103.7545033497591 300.5038593493596 5.0 173.0
1.3382940053661272 103.75446462177642 300.5038593493589 5.0 174.0
1.3383169421688608 103.75442589379337 300.503859349359 5.0 175.0
