139642109 1.3311316410131067 103.91705290251704
139696656 1.3316744117341812 103.91774003312699
1726612429 1.3332825640045192 103.92044242864706
243508440 1.3321206258001983 103.91977156425587
243508812 1.3309464696630433 103.92072754200343
243674147 1.3327687004902034 103.9194625593742
5216595477 1.3344508379071127 103.91866471896466
5689305537 1.3302001448569005 103.92203366781895
570016075 1.334214008915993 103.91863300643391
570016123 1.3324274696545217 103.91980666181418
570016163 1.332401830039462 103.91930516744102
6073173413 1.3317641340061288 103.91792100318563
6095992052 1.3323826366085705 103.91926742808053
6096070114 1.335584384393446 103.92859936221426
6112691192 1.3340277083938998 103.91872287348552
626502534 1.3354541418933048 103.92945917183017
