1.3312185076321417 103.9203473796134 305.97934357963896 17.6702 1.0
1.3312885999490456 103.9202513643195 305.97934357963936 13.170200000000001 2.0
1.331341820332669 103.92017846087276 305.97934357963925 10.0 3.0
1.3313978715024344 103.92010777292899 310.5261649984871 10.0 4.0
1.3314570443022151 103.920039554616 311.03570941700724 10.0 5.0
1.3315197760242146 103.9199746575211 315.79959139591074 10.0 6.0
1.3315880220745349 103.91991546006274 320.70539341162987 10.0 7.0
1.331661599960776 103.91986296444111 325.55387369826923 10.0 8.0
1.3317371270994256 103.91981323692103 327.43505092334055 10.0 9.0
1.3318151857363525 103.9197674557054 329.47223022615964 10.0 10.0
1.3318953750276832 103.91972548241355 332.43525815448584 10.0 11.0
1.3319760880491687 103.91968451887031 333.49902765712596 10.0 12.0
1.3320578055761694 103.91964554707437 334.38451567935795 10.0 13.0
1.3321395757494354 103.91960668536323 334.53959914869887 10.0 14.0
1.3322215987816135 103.91956835238112 334.8344740561681 10.0 15.0
1.3323036218110538 103.91953001939473 334.8344740561681 10.0 16.0
1.3323856448377582 103.91949168640411 334.834474056168 10.0 17.0
1.3324676678617253 103.91945335340924 334.8344740561674 10.0 18.0
1.3325496908829544 103.91941502041009 334.8344740561681 10.0 19.0
1.3326317139014474 103.91937668740671 334.83447405616727 10.0 20.0
1.332713736917202 103.91933835439909 334.83447405616783 10.0 21.0
1.3327952599657134 103.91929898272964 334.09547240625665 10.0 22.0
1.3328767785518378 103.91925960179138 334.09547240625614 10.0 23.0
1.3329582971351488 103.91922022084886 334.09547240625636 10.0 24.0
1.3330398157156451 103.91918083990207 334.09547240625636 10.0 25.0
1.3331213342933275 103.91914145895107 334.09547240625665 10.0 26.0
1.3332028528681945 103.91910207799577 334.09547240625665 10.0 27.0
1.3332843714402476 103.91906269703625 334.09547240625636 10.0 28.0
1.333365890009486 103.91902331607247 334.09547240625636 10.0 29.0
1.333447408575909 103.91898393510445 334.09547240625636 10.0 30.0
1.333528927139517 103.91894455413217 334.09547240625614 10.0 31.0
1.33361044570031 103.91890517315562 334.09547240625636 10.0 32.0
1.3336919642582878 103.91886579217484 334.09547240625636 10.0 33.0
1.3337734828134504 103.9188264111898 334.095472406257 10.0 34.0
1.3338553147753434 103.91878768106059 334.8183110529242 10.0 35.0
1.3339373268626913 103.91874932500082 334.8183110529242 10.0 36.0
1.3340193389472987 103.91871096893675 334.8183110529242 10.0 37.0
