172533489
1.3115190509933659 103.84051009883638 294.6066261925072
1.3115219355796368 103.84050383311603 294.6066261925073
1.3115240115041034 103.84049932392092 294.6066261925074
1.311527529432108 103.84049168249457 294.6066261925074
1.3115304302064679 103.84048538161129 294.6066261925073
1.3115337731048906 103.84047812037323 294.6066261925076
1.3115362179396064 103.8404728098538 294.6066261925074
1.3115395365443308 103.84046560138488 294.6066261925076
1.3115423059804212 103.8404595857862 294.6066261925072
1.3115446037090632 103.84045459480137 294.6066261925076
1.3115477466904668 103.84044776781042 294.6066261925076
1.3115510806235717 103.84044052604582 294.6066261925072
1.3115545940745232 103.84043289434351 294.6066261925073
1.3115565990427271 103.84042853927471 294.6066261925074
1.3115599502757014 103.84042125993217 294.6066261925074
1.311562352637744 103.84041604166877 294.6066261925076
1.3115644759528822 103.84041142953387 294.6066261925074
1.3115674264257637 103.84040502069764 294.6066261925076
1.3115704330503863 103.84039848989195 294.6066261925076
1.3115736564603209 103.84039148819845 294.6066261925076
1.3115767106359957 103.84038485410512 294.6066261925076
1.3115797167870784 103.84037832432783 294.6066261925073
1.3115826030630984 103.84037205493571 294.6066261925076
1.3115858160568614 103.84036507586725 294.6066261925074
1.3115888007505616 103.84035859269815 294.6066261925074
1.3115913230984282 103.84035311380832 294.6066261925076
1.3115947064708289 103.84034576465358 294.6066261925074
1.311597755754898 103.840339141185 294.6066261925074
1.3116009009912193 103.84033230929472 294.6066261925076
1.3116045364475024 103.84032441257848 294.6066261925072
1.3116070391892545 103.84031897627557 294.6066261925076
1.3116103701349122 103.84031174099856 294.6066261925076
1.3116136550765995 103.8403046056485 294.6066261925074
1.311615814411965 103.84029991527181 294.6066261925074
1.3116182034192032 103.84029472601586 294.6066261925074
1.3116208079503147 103.840289068612 294.6066261925074
1.311624051331933 103.84028202353593 294.6066261925076
1.3116277601420316 103.84027396748434 294.6066261925076
1.3116313058184172 103.84026626578178 294.6066261925072
1.3116348203588302 103.84025863171075 294.6066261925074
1.3116369567536212 103.84025399116385 294.6066261925076
1.3116400836534199 103.84024719910208 294.6066261925072
1.3116436906655888 103.8402393641693 294.6066261925076
1.311646011700709 103.8402343225577 294.6066261925074
1.3116486269870489 103.84022864179144 294.6066261925076
1.3116513579657354 103.84022270972521 294.6066261925076
1.311653637744896 103.84021775772717 294.6066261925074
1.3116562048207077 103.84021218168074 294.6066261925074
1.3116588884590736 103.84020635244413 294.6066261925076
1.3116625462435545 103.84019840722628 294.6066261925076
1.3116662710682905 103.84019031638752 294.6066261925076
1.311669678833087 103.84018291424708 294.6066261925076
1.3116718228295656 103.84017825718766 294.6066261925076
1.3116740187523805 103.84017348733693 294.6066261925072
1.311677490913928 103.84016594531757 294.6066261925076
1.3116808225984675 103.84015870843375 294.6066261925073
1.3116836311453746 103.84015260787784 294.6066261925074
1.3116860868467237 103.84014727375167 294.6066261925072
1.3116896048329991 103.84013963219424 294.6066261925073
1.3116926274835956 103.840133066575 294.6066261925073
1.311695361519655 103.8401271278668 294.6066261925074
1.3116975925638275 103.84012228172718 294.6066261925072
1.3117002256485437 103.84011656229927 294.6066261925076
1.3117035736156906 103.84010929004678 294.6066261925076
1.3117055276342897 103.84010504564527 294.6066261925072
1.3117072942957246 103.84010012704138 294.032282024733
1.311708013602369 103.84009306008159 291.0826498585151
1.3117084910096424 103.84008836970634 289.10656838117393
1.3117093781197546 103.84007965413018 285.41343376914233
1.3117098395638498 103.84007512058783 283.4897602076495
1.311710628805962 103.84006736653338 280.2108483509618
1.3117111509206942 103.8400622369209 278.0582715475416
1.3117120277429843 103.84005362241837 275.8012406958588
1.3117127626094802 103.84004640258648 275.80124069585895
1.3117133645628958 103.84004048858358 275.8012406958588
1.3117141968179846 103.84003231193898 275.8012406958588
1.311715069222419 103.84002374083934 275.80124069585895
1.311713126536072 103.84001711990209 272.4636231066147
1.311711323920627 103.84001211597392 269.459367949559
1.3117094560661757 103.84000693094708 266.3089528366828
1.3117064957585498 103.83999871335045 261.2832401740545
1.3117047737026981 103.83999393304988 258.36734910134146
1.3117017901156764 103.83998565083151 253.38082186708903
1.3116997930053422 103.83998010699995 250.33307377443805
1.3116972833165237 103.83997314028824 250.33307377443816
1.3116952543047686 103.83996750790077 250.33307377443805
1.3116930548800652 103.83996140245951 250.33307377443816
1.3116912898817092 103.8399565029539 250.33307377443805
1.311689667699396 103.83995199989513 250.3330737744383
1.311685695566157 103.83994426494989 248.9148898996576
1.3116812798370183 103.83993765925997 246.4645903951844
1.311678758300087 103.83993388717826 245.0597275201699
1.3116760423687106 103.8399298242931 243.5443503179104
1.3116719366754566 103.83992368239998 241.2538048051259
1.3116690704887926 103.83991939474113 239.65836613661915
1.3116652046374082 103.83991361163841 237.51604610056452
1.311660659174408 103.83990681187382 236.43544329081328
1.311657142519015 103.8399015511493 236.43544329081328
1.3116544992320471 103.83989759693625 236.4354432908131
1.3116497425079554 103.8398904811367 236.435443290813
1.311644950895737 103.8398833131464 236.43544329081328
1.3116408381439089 103.83987716069424 236.43544329081328
1.311638147616698 103.83987313581245 236.43544329081345
