23924500
1.3143912053790237 103.93455210924192 354.83795926019104
1.3143959019871303 103.93455168455984 354.83346828616845
1.3144011207769923 103.93455121266044 354.8284779935314
1.3144061724352052 103.93455075587357 354.82437726716813
1.3144150107880157 103.93454995668186 354.8243772671678
1.3144221390834703 103.93454931211889 354.8243772671678
1.314430507424458 103.93454855542704 354.82437726716813
1.3144391317190978 103.93454777559106 354.8243772671678
1.3144475439457852 103.93454701493087 354.82437726716813
1.314452752556852 103.93454654395177 354.82437726716813
1.3144598825272342 103.93454589923722 354.8243772671678
1.3144674026616785 103.9345452192428 354.82437726716813
1.3144762775655143 103.9345444167458 354.82437726716813
1.3144824057218731 103.9345438626184 354.82437726716813
1.3144902789633455 103.93454315069486 354.82437726716813
1.3144974861677552 103.93454249899648 354.8243772671678
1.314502451909954 103.93454204997823 354.82437726716813
1.3145082896758822 103.9345415221088 354.82437726716813
1.3145163800513102 103.93454079055122 354.82437726716785
1.3145212014231138 103.93454035458736 354.82437726716813
1.3145267782585395 103.93453985031206 354.82437726716813
1.3145333589072468 103.93453925526875 354.82437726716813
1.3145378735907332 103.9345388470366 354.82437726716813
1.3145448329341574 103.93453821775047 354.82437726716813
1.3145531226299818 103.93453746816958 354.8243772671681
1.3145589786817797 103.93453693864659 354.82437726716813
1.3145640472393365 103.93453648033132 354.82437726716813
1.3145694354342243 103.93453599311341 354.82437726716813
1.3145769969702914 103.934535309375 354.8243772671678
1.3145842982200717 103.93453464917246 354.82437726716813
1.3145915787632807 103.93453399084227 354.8243772671678
1.3145989096847592 103.9345333279567 354.82437726716813
1.3146043339382463 103.93453283747817 354.82437726716813
1.3146119102027491 103.93453215240785 354.8243772671678
1.3146208014319951 103.93453134843416 354.82437726716813
1.3146260257238795 103.93453087603676 354.82437726716813
1.3146308169680023 103.93453044279694 354.82437726716813
1.3146365040900208 103.93452992854894 354.82437726716813
1.314641065854831 103.93452951605936 354.82437726716813
1.3146485169084077 103.93452884231093 354.8243772671681
1.314654214030597 103.93452832715862 354.82437726716813
1.3146589120684062 103.93452790234677 354.82437726716813
1.3146635260297432 103.93452748513738 354.8243772671681
1.3146694744485519 103.93452694726199 354.82437726716813
1.314678323796256 103.93452614707513 354.8243772671681
1.3146839452826256 103.93452563876201 354.82437726716813
1.314691903347967 103.93452491916776 354.82437726716785
1.3146981679614147 103.93452435270095 354.82437726716813
1.3147056819806042 103.9345236732588 354.82437726716813
1.3147137307537762 103.93452294546236 354.8243772671681
1.3147206356101528 103.93452232110265 354.8243772671681
1.3147257365929688 103.93452185985505 354.8243772671681
1.3147339058147438 103.93452112116722 354.82437726716813
1.3147421116066251 103.9345203791726 354.82437726716813
1.3147501445396217 103.93451965280836 354.8243772671681
1.314757686009849 103.93451897088384 354.8243772671681
1.3147666690274888 103.9345181586098 354.82437726716813
1.3147735605773674 103.93451753545314 354.82437726716813
1.3147799630785948 103.93451695651787 354.8243772671681
1.3147856732137206 103.93451685528986 355.35181486684695
1.3147936380507959 103.93451728036425 356.8099468531797
1.3147983415307374 103.93451753138366 357.67245133818557
1.3148073050436706 103.9345180097562 359.31743486678386
1.314816157289334 103.93451848219051 0.9414344618412473
1.3148215125934926 103.93451876799702 1.9225223665382845
1.31482875169808 103.9345191543398 3.09909398798369
1.314837332947533 103.93451961231128 3.0990939879840202
1.3148456002062914 103.93452005352545 3.099093987983982
1.3148515285678284 103.93452036991532 3.0990939879836517
1.3148569931565848 103.93452066155416 3.0990939879840202
1.314863731151738 103.93452102115323 3.09909398798369
1.3148716345456295 103.93452144294828 3.0990939879840202
1.314879513732942 103.93452186345142 3.099093987983982
1.3148853776349758 103.93452217640112 3.099093987983982
1.3148923318597925 103.93452254754006 3.0990939879836517
1.3148985569082734 103.93452287976369 3.099093987983982
1.3149061007369445 103.93452328236908 3.0990939879836517
1.3149115176329982 103.93452357146255 3.099093987983982
1.3149177078707732 103.93452390182834 3.0990939879840202
1.3149228160188902 103.9345241763483 3.1015182791852687
1.3149284146544769 103.93452448300256 3.1115278723823128
1.3149330090225604 103.93452473465001 3.119741974208711
1.3149416065752866 103.93452520436196 3.1335827165884726
1.3149486548086988 103.93452557646566 3.1284232574653488
1.3149572348022927 103.93452602943691 3.122142515804668
1.3149652976318933 103.93452645510504 3.116240348550209
1.3149713207417002 103.93452677308842 3.103429154300712
1.314979156914961 103.93452718679046 3.0836844045114797
1.3149862077142291 103.93452755902955 3.0660338802984297
1.3149949182992968 103.93452801889515 3.066033880298493
1.3150028216689842 103.93452843614469 3.0660338802984297
1.3150107523775545 103.93452885483755 3.0660338802984684
1.3150179357145582 103.93452923407375 3.0660338802984684
1.315024794073625 103.93452959615307 3.0660338802984684
1.315031448338044 103.93452994745746 3.0660338802984684
1.3150389391189996 103.93453034292477 3.0660338802984297
1.3150458795764794 103.93453070933836 3.0660338802987863
1.3150531661895966 103.93453109402682 3.0660338802984684
1.3150577181091136 103.93453133434025 3.0660338802984684
1.3150646489504991 103.93453170024613 3.0660338802984684
1.3150722049406274 103.93453209915602 3.066033880298493
1.3150796570675198 103.93453249258253 3.0660338802984297
1.3150886385143965 103.93453296674775 3.0660338802984684
1.3150942672153765 103.93453326390856 3.0660338802984684
1.315101598262162 103.93453365094277 3.0660338802984297
1.3151105842167619 103.93453412534588 3.0660338802984684
1.315117956440913 103.93453451455397 3.0660338802987863
1.3151254220906168 103.93453490869432 3.0660338802988245
1.315130925077514 103.93453519921813 3.0660338802987863
1.3151381779979177 103.93453558212768 3.0660338802984684
