159674664
1.330740740816598 103.84609466464401 194.21315973697966
1.3307332810161605 103.84609279102578 194.2131597369796
1.330727099325747 103.84609123842017 194.21315973698023
1.3307206248136971 103.8460896122689 194.21315973698023
1.3307120305310132 103.84608745371182 194.2131597369796
1.330706886479915 103.84608616172173 194.21315973698023
1.3307022446596495 103.84608499587296 194.21315973698023
1.3306975911450585 103.84608382708699 194.2131597369803
1.330690542242908 103.84608205667071 194.2131597369803
1.330683387085116 103.84608025956707 194.21315973697966
1.3306779583394368 103.84607889607251 194.21315973698023
1.330673602412045 103.84607780202913 194.21315973698023
1.3306657337438026 103.84607582571876 194.2131597369803
1.3306591867812505 103.8460741813706 194.21315973698023
1.3306513078967404 103.84607220249427 194.2131597369803
1.3306454904217195 103.84607074136564 194.2131597369803
1.3306374605946767 103.84606872457827 194.2131597369803
1.3306298785599713 103.8460668202593 194.21315973698023
1.3306251323250171 103.84606562818544 194.21315973697966
1.3306173760449211 103.84606368010265 194.21315973698023
1.3306117192825444 103.84606225933891 194.2131597369803
1.3306036299892134 103.84606022761581 194.21315973698023
1.3305988783283356 103.84605903417915 194.2131597369803
1.3305905097199704 103.84605693230274 194.21315973698023
1.3305833646063316 103.84605513772166 194.21315973697966
1.3305756313911756 103.84605319543185 194.2131597369796
1.3305671239111367 103.8460510586761 194.21315973698023
1.3305602145781426 103.84604932331418 194.2131597369796
1.3305551637417898 103.84604805473596 194.2131597369803
1.3305504228722773 103.84604686400964 194.21315973698023
1.3305421630404017 103.84604478945366 194.21315973698023
1.3305362155640097 103.84604329567354 194.21315973698023
1.330530359444626 103.84604182483882 194.21315973698023
1.3305223351402284 103.84603980943837 194.21315973697966
1.3305166348081132 103.84603837773149 194.2131597369803
1.3305107631831297 103.84603690300233 194.21315973698023
1.330504273365137 103.84603527300655 194.21315973698023
1.3304970185433291 103.84603345087086 194.21315973697966
1.330491752472005 103.8460322997386 193.9976799475533
1.3304854777715023 103.84603101549803 193.63108821183562
1.3304772237746263 103.84602932615559 193.14877709380667
1.330471863831345 103.846028229138 192.83555593593857
1.3304636150033409 103.84602654085346 192.35353460753944
1.3304570867290053 103.84602520471398 191.9721095155824
1.3304502186512805 103.84602379902707 191.66649709053917
1.3304424581244556 103.84602221068292 191.66649709053843
1.3304345077883546 103.84602058349056 191.66649709053848
1.3304300121753698 103.84601966337509 191.66649709053848
1.3304247626181884 103.84601858895014 191.66649709053843
1.3304180522013984 103.84601721553159 191.66649709053848
1.3304120028245874 103.84601597740783 191.66649709053848
1.3304049099254363 103.84601452570674 191.66649709053848
1.330398115231132 103.8460131350391 191.66649709053917
1.33039249614735 103.84601198498326 191.66649709053843
1.3303843807273168 103.84601032400315 191.66649709053848
1.3303769474964406 103.84600880264642 191.66649709053848
1.330370019709307 103.84600738473871 191.66649709053843
1.3303649858570974 103.84600635446196 191.66649709053848
1.3303580080185127 103.84600492631019 191.66649709053848
1.3303496273429414 103.8460035329999 191.25774561204494
1.3303424923874445 103.84600274332068 190.40564937305052
1.3303352428527915 103.84600194096015 189.5392453521854
1.330327914392492 103.84600112986428 188.66317104124397
1.3303210195682484 103.84600036676217 187.83908230547976
1.3303127353204118 103.84599944988207 186.84960440881002
1.3303079937025897 103.84599892509151 186.38294108170942
1.3303028291819103 103.8459983534951 186.38294108170942
1.3302948745126433 103.8459974730919 186.38294108170942
1.3302904426041464 103.8459969825792 186.38294108170942
1.3302818845040203 103.84599603538973 186.38294108170942
1.3302735437088173 103.84599511225102 186.38294108170942
1.3302687932848942 103.84599458648577 186.38294108170942
1.330262206411557 103.84599385746681 186.38294108170942
1.3302558055965865 103.84599314904031 186.38294108170942
1.3302489618799653 103.84599239159454 186.38294108170942
1.3302407531021176 103.84599148306712 186.38294108170942
1.3302332146786044 103.84599064873285 186.38294108170942
1.3302256171429594 103.84598980785618 186.38294108170942
1.3302178296646479 103.84598894595713 186.38294108170942
1.3302091494770019 103.84598798525516 186.38294108170942
1.3302021927704548 103.84598740216096 186.14227577606445
1.3301977142955448 103.8459870925629 185.90259274937432
1.3301928005036265 103.8459867528713 185.63958384880425
1.330184683448512 103.8459861917373 185.20508569158554
1.330179652724383 103.8459858439621 184.93579209754247
1.330173835968721 103.84598544184836 184.62443744443942
1.3301673211274492 103.84598499147575 184.27575709077607
1.330158800519541 103.845984402444 184.00685535529595
1.3301513584833866 103.84598388797414 184.0068553552953
1.3301440750848512 103.84598338447094 184.00685535529595
1.3301394638744284 103.84598306569679 184.0068553552953
1.3301338618781733 103.84598267842934 184.0068553552953
1.3301270873266222 103.84598221010282 184.00685535529595
1.3301220711252413 103.8459818633315 184.00685535529595
1.330113465297303 103.84598126840835 184.00685535529595
1.3301081949264155 103.84598090406621 184.0068553552953
1.3300999623105245 103.84598033494325 184.0068553552953
1.3300930151040815 103.84597985468099 184.00685535529595
1.3300866944440926 103.84597941773205 184.00685535529595
1.3300821236388543 103.84597910175104 184.0068553552953
1.3300737587123779 103.84597852348136 184.0068553552953
1.3300681187677141 103.84597813359042 184.0068553552953
1.3300618274930176 103.84597769867284 184.0068553552953
1.3300547186549962 103.84597720723688 184.00685535529595
1.3300463163273073 103.84597662638159 184.00685535529595
1.3300417805805396 103.84597631282409 184.0068553552953
1.3300347720018282 103.84597582831906 184.0068553552953
1.330026906258265 103.84597590370412 183.2060201091754
1.3300222868718663 103.84597600874194 182.65667309446297
1.33001513339053 103.84597617140119 181.80553246071258
1.3300063177468098 103.84597637185544 180.75639354455348
1.3299977716582387 103.8459765661804 179.7397142760679
1.3299904071899848 103.84597673363712 178.86440052357634
1.3299827163371172 103.84597690851525 178.7157778979852
1.3299771686705162 103.84597703466066 178.71577789798584
1.3299700282774465 103.84597719702218 178.7157778979852
1.3299649206540651 103.84597731316164 178.7157778979852
1.3299584359620864 103.84597746061351 178.71577789798584
1.3299526401698787 103.84597759240084 178.71577789798584
1.3299478158438163 103.84597770209854 178.7157778979852
1.3299412512255213 103.84597785136776 178.71577789798584
1.3299359675535065 103.84597797151024 178.7157778979852
1.3299273239149518 103.84597816805311 178.7157778979852
1.3299212532733837 103.84597830609003 178.7157778979852
1.3299136153984072 103.84597847976336 178.7157778979852
1.329904861956478 103.84597867880292 178.7157778979852
1.3298973079598164 103.84597885056894 178.71577789798584
1.32989110055615 103.84597899171555 178.7157778979852
1.3298865300733973 103.84597909564114 178.7157778979852
1.3298810993440628 103.84597921912737 178.7157778979852
1.329874663033337 103.84597936547891 178.7157778979852
1.3298671588094666 103.84597953611309 178.7157778979852
1.3298594774707582 103.84597971077459 178.71577789798584
1.3298535185955287 103.84597984626996 178.71577789798584
1.3298448821071456 103.84598004264997 178.71577789798584
1.3298397860349254 103.84598015852656 178.7157778979852
1.329831489729509 103.84598034717132 178.7157778979852
1.3298230189617941 103.84598053978306 178.71577789798584
1.3298167859001442 103.8459806815129 178.7157778979852
1.329812230762986 103.84598078508944 178.7157778979852
1.3298043390320045 103.84598096453473 178.7157778979852
1.3297976201682125 103.8459811173109 178.7157778979852
1.329790052284284 103.84598128939241 178.7157778979852
1.32978296364927 103.84598145057656 178.7157778979852
1.3297758392540397 103.84598161257378 178.7157778979852
1.3297711097013247 103.84598172011617 178.7157778979852
1.3297642321665295 103.84598187650019 178.71577789798584
1.3297588818777628 103.84598199815709 178.7157778979852
1.3297532369317586 103.845982126514 178.71577789798584
1.329746667381953 103.84598227589488 178.71577789798584
1.3297392407307724 103.84598244476486 178.71577789798584
1.3297344334839627 103.84598255407381 178.7157778979852
1.3297269514679977 103.84598272420261 178.7157778979852
1.3297217202956086 103.84598284315094 178.7157778979852
1.3297163235941674 103.8459829658631 178.7157778979852
1.3297113118249355 103.8459830798225 178.7157778979852
1.329705491750582 103.84598321216147 178.7157778979852
1.3297004471540683 103.84598332686731 178.7157778979852
1.3296952323699383 103.84598344544291 178.7157778979852
1.3296863987253735 103.84598364630546 178.71577789798584
1.329680383333177 103.84598378308556 178.7157778979852
1.329674523585215 103.84598391632653 178.7157778979852
1.3296681973725437 103.84598406017415 178.7157778979852
1.3296636556586505 103.8459841634452 178.7157778979852
1.3296555253138858 103.84598434831577 178.7157778979852
1.3296490510654602 103.84598449552942 178.7157778979852
1.329642498194113 103.8459846445308 178.7157778979852
1.3296366335487069 103.84598477788309 178.7157778979852
1.3296281782620545 103.8459849701422 178.7157778979852
1.3296203538499662 103.84598514805623 178.7157778979852
1.3296114822982867 103.84598534978048 178.7157778979852
1.3296058470248378 103.84598547791714 178.7157778979852
1.329598720459553 103.84598563996326 178.7157778979852
1.3295925008494371 103.84598578138674 178.7157778979852
1.3295847174156814 103.84598595836891 178.71577789798584
1.3295769165817557 103.84598613574673 178.71577789798584
1.329568536254351 103.8459863263012 178.7157778979852
1.3295639026721517 103.845986431661 178.7157778979852
1.3295565604130886 103.84598659861155 178.7157778979852
1.3295511284889383 103.84598672212428 178.7157778979852
1.329545956624507 103.84598683972368 178.7157778979852
1.3295395007209305 103.84598698651995 178.7157778979852
1.3295309959733546 103.84598717990343 178.7157778979852
1.3295254433396857 103.84598730616084 178.71577789798584
1.3295168653919265 103.84598750120871 178.7157778979852
1.3295110321166115 103.8459876338474 178.7157778979852
1.3295062798017703 103.84598778748965 178.65672557787528
1.329500310239369 103.84598801945828 178.53205592717876
1.3294937884483684 103.84598827288569 178.39585041754415
1.3294851047923377 103.84598861032003 178.21449278191423
1.3294782946700858 103.84598887495156 178.07226412204807
1.3294724033268706 103.84598910388061 177.94922577988936
1.3294652724507718 103.84598938097614 177.8003041252007
1.329458300430552 103.8459896518987 177.78709545178015
1.3294533936350998 103.84598984256964 177.78709545178015
1.3294469988961355 103.84599009105987 177.78709545178012
1.329442529404056 103.84599026473782 177.78709545178015
1.3294342768867926 103.84599058541858 177.78709545178012
1.3294292727448953 103.84599077987222 177.78709545178015
1.3294248191170106 103.84599095293368 177.78709545178015
1.3294201691145686 103.84599113362594 177.78709545178012
1.3294139361134134 103.8459913758312 177.78709545178015
1.3294063927602193 103.84599166895482 177.78709545178015
1.3294005262585253 103.84599189691842 177.78709545178015
1.3293923035177422 103.84599221644199 177.78709545178015
1.3293861213553848 103.84599245667167 177.78709545178012
1.3293773116060796 103.84599279900544 177.78709545178012
1.3293687621880312 103.84599313122312 177.78709545178012
1.3293642427585879 103.84599330684144 177.78709545178012
1.3293584268785228 103.84599353283785 177.78709545178012
1.3293501487120882 103.84599385451504 177.78709545178012
1.3293429199265359 103.84599413541483 177.78709545178015
1.3293342012155795 103.84599447421088 177.78709545178012
1.329325883904268 103.84599479740908 177.78709545178012
1.329319983386411 103.84599502669433 177.78709545178015
1.32931377187082 103.84599526806446 177.78709545178012
1.3293049566152504 103.84599561061198 177.78709545178015
1.3292971883319116 103.84599591247571 177.78709545178015
1.329292705760236 103.84599608666166 177.78709545178012
1.329284670566225 103.84599639889709 177.78709545178012
1.3292791305183083 103.84599661417494 177.78709545177946
1.3292741359350806 103.84599680825681 177.7870954517795
1.3292689851792554 103.84599700840735 177.78709545177946
1.3292615562721177 103.84599729708331 177.78709545178012
1.3292530835290908 103.84599762632115 177.78709545178015
1.3292475609881982 103.84599784091861 177.78709545178015
1.3292403700362272 103.84599812034797 177.78709545178015
1.329233319821445 103.8459983943085 177.7870954517795
1.329225444736948 103.84599870032213 177.78709545178012
1.3292189301618889 103.84599895346847 177.78709545178015
1.3292127840063432 103.84599919229856 177.78709545178012
1.3292074381189134 103.84599940003147 177.78709545178015
1.3292026231813838 103.84599958713248 177.78709545178012
1.329198006476447 103.84599993299072 177.5715258277659
1.3291929586272493 103.84600052641028 177.05683320478457
1.3291856782765732 103.8460013822802 176.31409670648364
1.3291770098885842 103.84600240132622 175.4294317989407
1.329168209023298 103.84600343594609 174.53129945642223
1.3291634925785332 103.84600399040602 174.0501585567576
1.3291559043179018 103.8460048824734 173.27897042436197
1.3291505435040536 103.84600551268463 173.27897042436194
1.3291436471397855 103.8460063234134 173.27897042436194
1.3291369575190786 103.84600710983761 173.27897042436197
1.3291295515555737 103.84600798047427 173.27897042436132
1.329122270237856 103.84600883645766 173.2789704243613
1.3291171812015337 103.84600943471897 173.27897042436194
1.3291102629758775 103.84601024801763 173.27897042436197
1.3291042695969295 103.84601095259238 173.27897042436197
1.329097583901051 103.84601173855508 173.27897042436197
1.329091891778981 103.84601247892665 173.18732442335676
1.3290872777941567 103.8460134446682 172.64228119146128
1.329080840360468 103.84601479207123 171.8812718402796
1.3290734451481618 103.84601633994447 171.00654130089134
1.3290656923163076 103.84601796267013 170.08936636924227
1.329058834603556 103.84601939804061 169.27833349976518
1.32905101392618 103.8460210349668 168.35413065651375
1.3290457413766734 103.84602213855074 168.13074171084386
1.3290391243745119 103.84602352353866 168.13074171084446
1.329033612042424 103.84602467731087 168.13074171084446
1.3290261043470526 103.84602624872744 168.13074171084443
1.3290186903408578 103.84602780053416 168.1307417108444
1.3290114245292086 103.84602932132262 168.13074171084443
1.3290037125311016 103.8460309355012 168.1307417108444
1.328998820611151 103.84603195941644 168.13074171084443
1.3289934436240822 103.8460338318199 167.18259199723906
1.3289853906290385 103.84603672517709 165.6461594126454
1.3289804782430927 103.84603849014614 164.70771674012389
1.3289726183021404 103.84604131414093 163.20575900673944
1.328967960672965 103.8460429875785 162.31620402298597
1.3289628108688465 103.84604483784938 161.3336885086908
1.328956245054039 103.84604719687806 160.1461486151806
1.3289518581729798 103.8460487730386 160.1461486151806
1.3289445910465363 103.8460513840412 160.14614861518046
1.3289365420674577 103.84605427595524 160.1461486151811
1.3289312852867408 103.84605616466155 160.1461486151806
1.3289246116541786 103.84605856242788 160.1461486151812
1.3289168084716816 103.84606136602966 160.14614861518055
1.3289086297888146 103.84606430454474 160.14614861518046
1.3289006683574367 103.84606781501581 159.35339965508325
1.3288942650749096 103.84607107641177 158.17975567352363
1.3288868904110902 103.84607483256318 156.82639885773244
1.3288814763976342 103.84607759009278 155.83254387381933
1.3288774795449123 103.84607962581724 155.09906862907403
1.3288710886453332 103.84608288090604 153.92731802861275
1.3288660395772165 103.8460854525573 153.0030690637951
1.3288617472636022 103.84608763876933 152.88596425207655
1.3288564701790828 103.84609032655655 152.88596425207643
1.3288517128841035 103.84609274959838 152.88596425207643
1.328847575428065 103.84609485693649 152.88596425207658
1.3288420667166752 103.84609766269858 152.88596425207643
1.3288341473197671 103.84610169629951 152.8859642520765
1.3288271286486144 103.84610527113209 152.88596425207643
1.3288211506527778 103.84610855472532 152.61048827063178
1.3288165631246744 103.8461118084183 151.55098235219356
1.3288102209984476 103.84611630655563 150.08317411799618
1.3288051303603425 103.84611991707808 148.90359703884934
1.3287988444905283 103.8461243753156 147.44693220867424
1.3287931396106323 103.84612842148742 146.1262501371943
1.3287891355152728 103.84613126138204 145.20084644731915
1.3287832902620909 103.84613540711318 144.50626742069454
1.328778038154763 103.84613913215709 144.50626742069454
1.32877205283944 103.8461433772269 144.50626742069468
1.3287651866415122 103.84614864527501 144.0860239949828
1.3287605808468446 103.84615325369039 142.66677998445155
1.32875554480158 103.8461582926011 141.11079090028684
1.3287504315309133 103.84616340878114 139.52877029500382
1.3287456317698134 103.84616821127315 138.04389357052298
1.3287419816824246 103.84617186343732 136.91603594185548
1.3287367285414462 103.84617711956709 135.29680078591625
1.3287318647778155 103.84618198609793 134.82584923079375
1.3287257969956543 103.8461880573323 134.82584923079327
1.328719979630334 103.84619387800726 134.8258492307936
1.3287156734766337 103.84619818661078 134.82584923079327
1.3287116258761817 103.84620223651393 134.82584923079332
1.3287073686674824 103.84620649614456 134.82584923079332
1.328702626333217 103.8462114532097 134.63224189889465
1.3286972795402952 103.84621704858347 134.4080276109786
1.3286922139419288 103.84622234968943 134.1955985776179
1.3286887420887994 103.84622598295442 134.05000370013397
1.3286844192000733 103.84623050682093 133.86872260256447
1.3286790153440797 103.84623616191051 133.64212023961423
1.32867475999977 103.8462406150923 133.5409545260725
1.3286703814439729 103.8462451972138 133.54095452607268
1.328667313766199 103.84624849295501 133.46471043308026
1.3286644449175167 103.84625313525163 131.99744247474985
1.328660925513329 103.84625883026028 130.18964940487928
1.328657440884562 103.84626446899621 128.39453033151787
1.3286532883865982 103.84627118846068 126.25350728418381
1.3286503937039205 103.84627587256102 124.76280963305572
1.3286461212259613 103.8462827861739 122.57005655760247
1.3286437017768205 103.84628670126361 121.57712962837472
1.3286413242894322 103.84629054845188 121.57712962837475
1.3286383307673162 103.84629539249151 121.57712962837525
1.32863368273735 103.84630291381261 121.57712962837525
1.3286303893748463 103.84630824304607 121.57712962837543
1.3286267354592043 103.84631415571712 121.57712962837459
1.3286244138980665 103.84631936549508 120.59075197940089
1.3286217941822176 103.84632541329763 119.36047040252119
1.3286189365137544 103.84633201043084 118.01646230276815
1.3286154253374232 103.8463401162339 116.36439217507376
1.328613663609305 103.8463441833099 115.53597303337911
1.3286104345399645 103.84635163784849 114.01988330585436
1.3286080156059152 103.84635722213152 113.31310557671405
1.328605773200685 103.846362398885 113.31310557671405
1.3286031693023737 103.8463684101712 113.31310557671407
1.3286010399700932 103.84637332588758 113.31310557671405
1.3285991072425982 103.84637778772768 113.31310557671416
1.3285972043194112 103.84638262122702 113.0874438986687
1.3285951271522183 103.8463882311084 112.67000432320745
1.3285934244510553 103.84639282965567 112.32774626822508
1.3285907391246892 103.84640008201464 111.78790032897072
1.3285891383622561 103.84640440525214 111.46608251287248
1.328587241746191 103.84640952751232 111.08481254065481
1.328585281215043 103.84641482239023 110.69075803001121
1.328583287255246 103.84642020755004 110.29008939934648
1.328581400118425 103.84642530420913 110.2248594311681
1.3285784257288655 103.84643333725114 110.22485943116808
1.3285759666673196 103.84643997852797 110.22485943116855
1.328574346973977 103.84644665888725 109.19195309310646
1.3285732268817254 103.84645180993341 108.23795224224072
1.328571639174448 103.84645911143318 106.88388375693106
1.3285701286578047 103.8464660579509 105.59493714204805
1.3285689993723626 103.84647125127417 104.63164336832186
1.3285673778733864 103.84647870817382 103.25019386757069
1.3285660086605673 103.84648500486756 102.2182645196453
1.328564661065291 103.84649120214709 102.21826451964533
1.3285633475625918 103.84649724264264 102.21826451964533
1.3285620835719731 103.84650482362963 101.73421648600699
1.3285612266158757 103.84651191466371 100.8711361701151
1.3285602469226463 103.84652002130754 99.88372719767384
1.3285595773771668 103.84652556157916 99.2087575837424
1.3285586476202922 103.84653325501544 98.27166400277821
1.3285575944744914 103.84654196945476 97.21105749696898
1.3285567180641542 103.84654922146534 96.87372068169289
1.3285557258487195 103.84655743172519 96.87372068169279
1.3285549915681887 103.84656350765746 96.87372068169296
1.3285547329805956 103.84656959724876 96.26305629632039
1.3285549863140917 103.84657776058279 94.6732934298359
1.328555252748132 103.8465863460653 92.9978585958989
1.3285555147035015 103.84659478722952 91.34985326358203
1.3285557194780928 103.84660138581962 90.06284501470249
1.3285559274797492 103.84660808839824 88.75814485641389
1.328556198092557 103.84661680853935 88.26066265812739
1.328556457497825 103.8466251675332 88.26066265812739
1.3285566612891413 103.84663173444113 88.26066265812736
1.3285568305433668 103.84663718843704 88.26066265812736
1.3285570583919868 103.84664453056124 88.26066265812739
1.3285572470936393 103.84665061122605 88.26066265812736
1.3285584825711283 103.84665921980515 87.01286600974768
1.328559324881031 103.8466641569461 86.12326900177617
1.3285605162681482 103.846671140179 84.86362345342518
1.3285613412471984 103.84667597573647 83.99100498046609
1.3285622328983755 103.84668120208806 83.048055081738
1.328563627753 103.84668937793192 81.57453866163323
1.3285646438675334 103.84669533381704 80.50330458254247
1.3285660825538719 103.8467037665777 80.40593835098393
1.3285670986982063 103.84670972263768 80.40593835098393
1.328568073118751 103.84671543413661 80.40593835098382
1.3285688771680544 103.8467201470163 80.40593835098406
1.3285702121481027 103.84672797191014 80.40593835098393
1.3285722060359502 103.8467334909149 79.06745266282624
1.3285747931978888 103.84674041456961 77.27251307638382
1.3285765820529747 103.84674520182891 76.0286379381757
1.3285796230815798 103.84675334010272 73.91253916569991
1.3285814333732835 103.84675818472984 72.6539277941545
1.3285835009784686 103.84676371796861 71.21929173521403
1.3285860048062084 103.846770418608 69.65831055480501
1.328588256521297 103.84677644455411 69.65831055480524
1.3285913226477002 103.84678464999385 69.65831055480456
1.3285943752425715 103.846792580389 69.5505851815652
1.3285978302936277 103.84680006103844 68.75380783730107
1.3286010514556965 103.84680703528683 68.01053085232695
1.3286030336231471 103.84681132694556 67.55305104449822
1.3286060823844237 103.84681792792314 66.84941531184738
1.3286096138678714 103.84682557405912 66.03463597484365
1.328611847606313 103.84683041040289 65.51955938344373
1.328614139064947 103.84683537171865 65.37643521383633
1.3286177429875066 103.84684317469514 65.37643521383657
1.3286205847578463 103.84684932750973 65.37643521383687
1.3286231075426032 103.84685461930394 65.284346023213
1.3286275800082854 103.84686188673496 63.97681917706742
1.328630991306408 103.846867429846 62.9780515560489
1.3286341262452799 103.84687252389338 62.05964716134408
1.3286375744834502 103.84687812702936 61.049429958456926
1.3286408181825033 103.84688339780418 60.09965204735658
1.3286439017749572 103.84688840841743 59.19770369396499
1.328648032142743 103.84689511996444 58.58266596516748
1.3286507761495219 103.84689957877572 58.582665965167784
1.3286547483980005 103.84690603339044 58.58266596516748
1.3286589916665692 103.84691292839307 58.58266596516751
1.328662104440537 103.84691798642426 58.58266596516751
1.3286663188147756 103.8469241716147 58.13434832911056
1.3286715271335987 103.8469304962048 56.685337098081014
1.3286767815350151 103.84693687675417 55.22087956418522
1.3286805467141518 103.84694144890418 54.17092152482344
1.328684121463416 103.84694578981049 53.174359305162
1.328688473949886 103.84695107514231 51.96225176012147
1.3286927927182202 103.8469563195294 50.761914445636805
1.3286972166314497 103.84696169159653 50.73626098790755
1.3287008640213829 103.84696612071227 50.73626098790672
1.328704103714651 103.84697005475185 50.736260987907045
1.3287078373936432 103.84697458865054 50.73626098790672
1.3287116920566449 103.84697886911609 50.40766201475997
1.328717065189531 103.84698432160728 49.52692385704059
1.3287204848497516 103.8469877917741 48.9660324838341
1.3287252913883871 103.84699266930278 48.177436878077295
1.3287288641832444 103.84699629486595 47.59124322757121
1.3287324515217607 103.84699993518758 47.002788327320864
1.3287360704311424 103.84700360754637 46.40940738813084
1.3287395025971593 103.84700709040372 45.84699569303138
1.3287442131270693 103.84701187050572 45.631332899644605
1.3287476476139237 103.8470153557182 45.631332899644605
1.3287532185227309 103.84702100890648 45.631332899643645
1.3287580920131448 103.84702595437588 45.6313328996449
1.3287613016637803 103.84702921143143 45.631332899644605
1.3287649178232637 103.84703288099978 45.631332899644605
1.3287699695635624 103.84703800735174 45.631332899644924
1.3287749331098149 103.847042945775 45.542082528940554
1.3287788988053897 103.84704552505879 44.228682558264495
1.3287852421363295 103.84704965075386 42.117861872184484
1.328792089925634 103.84705410454808 39.83113809003235
1.328798126865144 103.84705803096654 37.81389677959659
1.3288044988237526 103.84706217528104 35.68915474743105
1.3288091915808404 103.84706522744482 34.130585435026816
1.328814225449597 103.84706850146723 33.235649192896894
1.3288195819404174 103.84707198532269 33.235649192896894
1.3288242756962914 103.84707503813607 33.235649192896915
1.328830919922057 103.84707935953283 33.235649192897185
1.3288369692159316 103.84708329398659 33.235649192896894
1.3288444158301926 103.84708729756427 32.32461000481613
1.3288490936835617 103.84708971000856 31.640368608561705
1.328856255770298 103.847093403612 30.59210381630647
1.3288605142165981 103.84709559976132 29.968701897641367
1.3288681265005466 103.84709952553871 28.854644982349317
1.3288728860944923 103.84710198013795 28.15859852516706
1.3288806955755448 103.84710600761306 27.458321920938474
1.3288853301909769 103.84710839775886 27.45832192093961
1.3288895332004833 103.84711040243899 27.27092746110053
1.3288951958991169 103.84711197692911 25.71817749342887
1.328902054850426 103.84711388403235 23.829396019770503
1.3289089270795094 103.84711579482742 21.93199926524035
1.3289161789082804 103.8471178111686 19.928993597800563
1.3289243465566993 103.84712008214969 17.67803868491511
1.3289324786477048 103.84712234324417 15.660671511622702
1.3289391901742207 103.8471242093565 15.660671511622551
1.3289475430216149 103.84712653183136 15.660671511621253
1.3289546585772936 103.84712851028235 15.660671511621253
1.3289591499131586 103.8471297590798 15.660671511621278
1.3289668881028533 103.84713191065161 15.660671511622523
1.3289731773604505 103.84713365935379 15.660671511621253
1.328979557181545 103.84713543323677 15.660671511621455
1.328984231091107 103.8471364964852 15.365665658843158
1.3289894229319317 103.8471371107625 14.32876880220959
1.3289980395408616 103.84713813024436 12.603738877142188
1.3290054519669026 103.84713900725221 11.117685319479671
1.32901274179634 103.8471398697549 9.656358666797143
1.3290183873153567 103.84714053770952 8.525967460621755
1.3290248411554855 103.84714130130138 7.236362646040907
1.3290303599814428 103.84714195426618 6.817592481148476
1.3290371615035124 103.84714275899431 6.817592481148463
1.3290424360016044 103.84714338305123 6.817592481148463
1.3290479873324628 103.84714403986186 6.81759248114854
1.329053715417524 103.84714471758532 6.817592481148463
1.329060072221247 103.84714546969616 6.81759248114854
1.329064734991501 103.84714602137593 6.817592481148463
1.32906980882401 103.8471466216909 6.817592481148463
1.3290770120756605 103.84714688846321 6.063685302877017
1.329085860033267 103.84714689448782 4.721373411157373
1.3290917510570635 103.84714689849902 3.826783150820585
1.3290986961743256 103.84714690322794 2.7719142506810446
1.329106011138443 103.84714690820866 1.6613751501412672
1.3291114435598204 103.84714691190757 0.837457588679433
1.3291200760562885 103.84714691778538 0.06600893336950753
1.3291261034730866 103.84714692188936 0.06600893336818442
1.3291306058049919 103.84714692495494 0.06600893336818442
1.3291391462177826 103.84714693076997 0.06600893336818442
1.329144342585158 103.84714693430809 0.06600893336950753
1.3291529973416283 103.84714660775457 359.6350042705571
1.3291601913741449 103.84714563572645 358.3663646909178
1.3291663205331097 103.84714480757962 357.2837638583524
1.329173938565659 103.84714377826232 355.93716378682774
1.3291814589257116 103.8471427621421 354.608079426622
1.3291897891289144 103.84714163659913 353.13789510190173
1.3291960529061373 103.84714079026318 352.28263024119764
1.3292025064752635 103.8471399182833 352.28263024119633
1.3292069634944963 103.84713931606908 352.28263024119764
1.3292128487135244 103.84713852088231 352.28263024119764
1.3292183963476634 103.84713777130861 352.2826302411976
1.3292232114026459 103.847137120718 352.28263024119633
1.32922832394508 103.84713633310886 352.1582738223058
1.3292357807807464 103.84713326751454 349.5005530747225
1.3292429869970375 103.8471303049528 346.91312018430824
1.3292478075718004 103.84712832315678 345.1770511887486
1.3292546820851072 103.84712549696205 342.70123491859533
1.329261224106892 103.84712280745852 340.3526795060986
1.3292653809047024 103.84712109854911 338.86785430018233
1.3292705176039392 103.84711898679048 337.54845354399527
1.3292763769386007 103.84711657794773 337.5484535439966
1.3292824068161526 103.84711409899272 337.5484535439963
1.3292866939986785 103.84711233648054 337.5484535439951
1.329294369856241 103.84710918084335 337.5484535439953
1.3293009707736374 103.84710646712689 337.5484535439966
1.3293073360652752 103.84710385027903 337.5484535439965
1.3293153098450288 103.8471005721623 337.5484535439953
1.329320741517842 103.84709627722123 335.06554511430534
1.3293257451510891 103.84709224583682 332.66733639917925
1.3293311732924615 103.84708787242981 330.05238982524565
1.3293377516439808 103.84708257230828 326.8799955649601
1.3293445687135423 103.84707707985359 323.6080960778163
1.3293513791322835 103.84707159275736 320.98814837577515
1.3293571411018765 103.84706695038759 320.9881483757761
1.3293617127729567 103.84706326703115 320.98814837577515
1.3293674583351411 103.84705863788061 320.98814837577515
1.329372969871444 103.84705419728269 320.98814837577515
1.3293778912115288 103.84705023220081 320.9881483757759
1.329382702711004 103.84704518043348 319.8030156432304
1.3293858937414353 103.84704131551597 318.4935770646208
1.3293899218723633 103.8470364367176 316.83585840294904
1.3293936641918542 103.84703190408878 315.29322769239326
1.3293976689902283 103.84702705355032 313.6422906216298
1.3294023465504716 103.84702138817494 311.7174540486455
1.3294079572437938 103.84701459260577 309.41930462618535
1.3294125298833823 103.84700905430824 309.39003431019506
1.3294179127987789 103.84700253461939 309.39003431019506
1.3294214526312786 103.84699824723887 309.39003431019506
1.3294245781367848 103.84699446168361 309.39003431019563
1.3294281453257342 103.84699014116939 309.3900343101955
1.329431622159782 103.84698593009132 309.39003431019506
1.329435654236579 103.84698104651333 309.39003431019506
1.3294397903580386 103.8469758844436 309.26469448338986
1.3294433460304156 103.84696921655399 307.3174595856447
1.329445777336962 103.84696465716773 305.9808205591272
1.3294492821669082 103.84695808462189 304.0499336640563
1.3294524085039883 103.84695222185701 302.3266980087831
1.3294557226732813 103.84694600685361 300.50263942053573
1.3294593072205576 103.84693928481508 298.5370792175614
1.3294618575356902 103.84693450225387 297.94264007692766
1.3294650349009876 103.84692854379645 297.9426400769278
1.329468555599681 103.84692194149184 297.9426400769272
1.3294719956384056 103.8469154904474 297.9426400769278
1.3294752696857555 103.84690935068362 297.9426400769272
1.3294791227839236 103.84690212503587 297.9426400769278
1.3294817280232523 103.84689723947598 297.94264007692766
1.3294850838340153 103.8468909463825 297.94264007692766
1.3294878127933787 103.84688311868345 296.29236739212735
1.3294893149207982 103.84687617356163 293.75938424895895
1.3294904946239015 103.8468707191762 291.7593608569938
1.329491555481721 103.84686581427472 289.9571160506112
1.3294930060476875 103.84685910754823 287.49381266434955
1.3294941477135631 103.84685382902863 285.5612431594398
1.3294956765837629 103.84684676026042 282.98991332869457
1.3294967416380328 103.84684183595627 282.15494169722206
1.3294977122853737 103.84683734814479 282.1549416972222
1.3294989016296763 103.84683184918254 282.15494169722206
1.329500629328304 103.84682386112588 282.15494169722206
1.3295019228817837 103.84681788034976 282.1549416972222
1.329503644495413 103.84680992042698 282.1549416972222
1.3295047028262528 103.84680502720832 282.1549416972222
1.3295060182581453 103.84679894527656 282.15494169722206
1.329507168642697 103.84679304417865 281.996395624303
1.3295080494857336 103.84678484126316 280.87062881702326
1.329508794329883 103.84677790484707 279.91759461120824
1.3295096019738604 103.84677038360272 278.8837351930308
1.3295104753905276 103.84676224984506 277.76588584249356
1.329511291905356 103.84675464598975 276.7217884966394
1.3295118571380797 103.84674938221764 276.11672153702426
1.3295124954943531 103.84674343747687 276.1167215370243
1.3295132056176089 103.84673682440051 276.1167215370243
1.329513929337327 103.84673008470588 276.11672153702443
1.3295145146418246 103.84672463401331 276.11672153702443
1.3295150434463174 103.84671970948123 276.1167215370243
1.3295159410437825 103.8467113505363 276.11672153702455
1.3295165633474322 103.84670555528585 276.11672153702443
1.3295174702895018 103.84669710931806 276.11672153702443
1.3295181311884252 103.8466909546458 276.11672153702443
1.329518674371928 103.84668589620736 276.1167215370243
1.3295193378299648 103.84667971770287 276.11672153702455
1.3295202502797954 103.84667122044269 276.11672153702455
1.3295209943392028 103.84666429133124 276.11672153702443
1.3295218200079828 103.84665660222586 276.1167215370243
1.3295224166821942 103.84665104565026 276.11672153702443
1.329523123264702 103.84664435889565 276.10206003155247
1.3295235983964402 103.84663888134644 275.9573170360615
1.3295243045480762 103.84663074048748 275.742187269695
1.3295247888976822 103.84662515666984 275.5946259462195
1.329525314370324 103.84661909876569 275.43453529014755
1.3295258804104506 103.84661257317963 275.2620871468386
1.329526493391045 103.84660550644074 275.0753439168412
1.3295271781279927 103.84659761245936 274.9526004161504
1.329527901052772 103.84658927822971 274.9526004161504
1.3295285336588698 103.8465819852376 274.9526004161504
1.329529293738424 103.84657322266887 274.9526004161505
1.3295298668466873 103.84656661559632 274.9526004161504
1.3295302864020093 103.84656177875709 274.9526004161504
1.3295306748711626 103.84655730029434 274.9526004161504
1.3295311895662447 103.84655136663706 274.9526004161504
1.3295315942594008 103.84654670113581 274.9526004161504
1.329532222608768 103.84653945721577 274.9526004161505
1.3295327250577738 103.84653366473674 274.95260041615035
1.3295334692809115 103.8465250849664 274.9526004161504
1.329533887387807 103.84652026482432 274.9526004161504
1.3295343318511803 103.84651514083166 274.9526004161504
1.3295347262496453 103.84651059401179 274.9526004161505
1.3295354117383325 103.84650269136017 274.9526004161506
1.3295360346345986 103.84649551030454 274.95260041615035
1.3295364299115204 103.84649095335695 274.9526004161504
1.329536959759126 103.84648470410332 274.93692186759233
