633866357
1.3014418033253659 103.88463623812066 348.08911447981234
1.3014478884436347 103.88463496004405 348.08911447981234
1.301454594310082 103.88463355158972 348.08911447981234
1.3014604589207022 103.88463231982699 348.08911447981234
1.3014668961040734 103.88463096780498 348.08911447981234
1.3014743123294457 103.88462941015163 348.08911447981234
1.3014826318477541 103.88462766277678 348.08911447981234
1.3014880119892993 103.88462653276855 348.0891144798125
1.3014967927493815 103.88462468851755 348.08911447981234
1.3015042956739906 103.88462311265437 348.08911447981234
1.301508894916594 103.88462214666077 348.0891144798125
1.3015152058612356 103.88462089145519 348.17689838047886
1.3015230336592265 103.88461979453619 348.8604081450182
1.3015315891786097 103.88461859564067 349.6078396776717
1.3015391048689755 103.88461754245765 350.26455994533717
1.3015468160069574 103.88461646188628 350.9382964195724
1.3015535935165579 103.88461551214539 351.53026192709257
1.3015600875463758 103.88461460212886 351.9973630184566
1.3015647089892157 103.88461395452026 351.9973630184569
1.3015707588905374 103.88461310673999 351.9973630184566
1.30157622944488 103.88461234014433 351.9973630184565
1.3015813462952046 103.88461162311363 351.9973630184565
1.3015893861122099 103.88461049648392 351.9973630184565
1.3015972408007246 103.88460939579643 351.9973630184566
1.3016033431963205 103.88460854065998 351.9973630184565
1.3016087943645664 103.88460777678083 351.9973630184566
1.3016174813522343 103.88460655946214 351.9973630184566
1.3016238837098542 103.88460566229158 351.9973630184566
1.3016325455466715 103.88460482206732 352.4695897030565
1.3016394627855297 103.88460443095055 353.2009832954333
1.3016463663891553 103.88460404060473 353.9313195784327
1.301653501377318 103.88460363717587 354.6862855778316
1.3016594362313667 103.88460330160537 355.314194138143
1.3016656336709547 103.88460295118767 355.9696432069455
1.3016726663086235 103.88460255354588 356.7129117389556
1.3016814938267043 103.88460205441734 356.7682362623501
1.301688620847691 103.88460165143887 356.76823626235006
1.3016941988882196 103.88460133604337 356.76823626235046
1.3017005588996486 103.88460097643338 356.76823626235006
1.301708944103545 103.88460050231424 356.76823626235006
1.301713671275255 103.88460023502881 356.76823626235006
1.3017217340519656 103.88459977914042 356.76823626235006
1.3017275654883285 103.88459944941724 356.7682362623504
1.3017329993908813 103.88459914217155 356.7682362623501
1.3017396635597889 103.88459876536369 356.7682362623501
1.3017469826205383 103.88459835152668 356.7682362623501
1.30175447803767 103.88459792771803 356.7682362623504
1.3017612952673 103.88459754225569 356.7682362623501
1.3017692509684795 103.88459709242146 356.7682362623501
1.3017774903532644 103.88459662654704 356.7682362623501
1.3017852019077236 103.88459619051739 356.7682362623501
1.3017935325706629 103.88459571948185 356.7682362623501
1.3018014130806426 103.88459527389901 356.7682362623501
1.3018088517553164 103.88459485329854 356.7682362623504
1.301817546275475 103.88459436168958 356.7682362623501
1.3018226807637765 103.8845940713733 356.76823626235046
1.3018284474481645 103.88459374531112 356.76823626235006
1.3018373846112836 103.88459323998248 356.76823626235006
1.3018454254337755 103.88459278533503 356.76823626235046
1.3018528771589124 103.88459236399656 356.7682362623501
1.3018613699157815 103.88459188379561 356.7682362623504
1.3018675439832175 103.88459153469894 356.76823626235046
1.3018738708756465 103.88459117696115 356.7682362623501
1.3018818468747326 103.88459072597888 356.7682362623501
1.3018878216132603 103.8845903881527 356.76823626235006
1.3018950206816422 103.88458998109994 356.7682362623504
1.3019028695482182 103.88458953730597 356.7682362623501
1.3019095607833138 103.88458915896729 356.76823626235046
1.3019160357138064 103.88458879285896 356.7682362623501
1.301924931783606 103.88458828985351 356.7682362623501
1.3019313378413555 103.8845879276394 356.76823626235006
1.30193843144521 103.88458752654974 356.76823626235006
1.301943284961078 103.88458725212008 356.76823626235006
1.3019492287090624 103.88458691604605 356.7682362623501
1.3019556555192326 103.88458655265848 356.7682362623501
1.3019643129183 103.88458606456788 356.7700454918629
1.301972592001183 103.88458559898446 356.77327697799024
1.3019799690282534 103.88458518412912 356.7761563743142
1.3019863619160135 103.88458482461795 356.77865164203894
1.3019939706257586 103.88458439673363 356.78162146858926
1.3020004406384402 103.88458403288521 356.784146839638
1.3020066246048225 103.8845836851229 356.78584529101397
1.3020114509489162 103.88458341370799 356.78584529101397
1.3020163792459747 103.88458313655963 356.78584529101397
1.3020243619449796 103.88458268764353 356.78584529101397
1.302032115718946 103.88458225160126 356.78584529101397
1.3020391162978338 103.88458185791573 356.7858452910139
1.3020470245313915 103.8845814131872 356.78584529101397
1.302055790048399 103.88458092024835 356.78584529101397
1.3020647110125696 103.8845804185677 356.78584529101397
1.3020713367861367 103.8845800459597 356.78584529101397
1.3020786446585753 103.88457963499307 356.78584529101397
1.3020876289149972 103.88457912975304 356.78584529101425
1.302095603469017 103.88457868129474 356.78584529101397
1.3021018218734906 103.88457833159555 356.78584529101397
1.3021104066109013 103.88457784882284 356.78584529101397
1.3021162886791513 103.88457751803789 356.78584529101397
1.3021225487143955 103.88457716599748 356.78584529101397
1.302128307386702 103.88457684215179 356.78584529101397
1.3021356348163704 103.88457643008516 356.78584529101397
1.3021402454244941 103.8845761708022 356.78584529101397
1.3021485064167073 103.88457570623557 356.78584529101397
1.3021561063854517 103.88457527884233 356.78584529101397
1.3021629230267109 103.88457489550045 356.78584529101397
1.3021716431697856 103.88457440511284 356.78584529101397
1.3021777121822051 103.88457406381471 356.78584529101397
1.3021839818392218 103.88457371123306 356.78584529101397
1.302190176188926 103.8845733628864 356.78584529101397
1.3021969995958353 103.88457297916393 356.78584529101397
1.3022055336183238 103.88457249924294 356.78584529101425
1.302213274556187 103.88457206392198 356.78584529101397
1.302221006743529 103.88457162909309 356.7858452910139
1.3022294552392797 103.88457115398171 356.7858452910139
1.3022377970095373 103.88457068487213 356.7858452910139
1.302242316579735 103.88457043070862 356.78584529101397
1.302249095822397 103.88457004946964 356.78584529101397
1.3022538149874487 103.88456978408163 356.78584529101397
1.3022587240602428 103.88456950801394 356.78584529101425
1.3022652204170764 103.88456914268335 356.78584529101397
1.3022716404415593 103.8845687816454 356.78584529101397
1.3022775717165842 103.88456844809286 356.78584529101397
1.3022839625218097 103.88456808869806 356.78584529101397
1.302289725265501 103.88456776462307 356.7858452910139
1.3022954926087846 103.88456744028939 356.78584529101397
1.3023018386289613 103.88456708341309 356.78584529101397
1.3023102415625776 103.88456661086367 356.78584529101397
1.3023155271235278 103.8845663136236 356.7858452910139
1.3023224376046005 103.88456592500408 356.78584529101425
1.3023276568605027 103.8845656314927 356.78584529101397
1.3023334271531017 103.88456530699308 356.78584529101397
1.3023421431445779 103.88456481683839 356.78584529101397
1.3023476700896923 103.8845645060237 356.78584529101397
1.3023544634104187 103.8845641252827 356.78748889031584
1.3023590738850228 103.88456386937307 356.791777962971
1.302363615693207 103.88456361727484 356.79600315619444
1.3023700723647103 103.8845632588899 356.8020097254837
1.3023772520018224 103.88456286037594 356.8086888617148
1.302386257517108 103.8845623605145 356.8170665919304
1.3023944909215406 103.88456189956324 356.81969739965825
1.302401029246424 103.8845615305832 356.81506235977895
1.3024092852499363 103.88456106466862 356.8053076129074
1.3024153754053263 103.88456072098029 356.7981118885226
1.3024239545433436 103.88456023683008 356.78797534727147
1.3024302350766674 103.88455988239801 356.7805546855657
1.3024370919396482 103.88455949544166 356.7745128505437
1.3024426551358101 103.88455918149135 356.7745128505437
1.302449144774913 103.88455881525869 356.7745128505437
1.3024573591450814 103.88455835169347 356.7745128505437
1.3024659558953022 103.88455786654923 356.7745128505437
1.3024733899959249 103.88455744701727 356.7745128505437
1.3024795976141132 103.88455709669995 356.7745128505437
1.3024851935256474 103.8845567809033 356.77451285054343
1.3024923077899742 103.88455637942076 356.7745128505437
1.3025004763741852 103.88455591843929 356.77451285054343
1.302506192201467 103.88455559587536 356.7745128505437
1.3025141531026232 103.88455514661409 356.7745128505437
1.3025192848862692 103.88455485700975 356.7745128505437
1.3025242024949475 103.884554579492 356.7745128505437
1.3025314177807636 103.88455417230837 356.7745128505437
1.3025392240895781 103.88455373177122 356.7745128505437
1.302546004128741 103.88455332661229 356.7457966222271
1.3025529552424326 103.8845529023227 356.7050061582812
1.3025602614433425 103.88455245635889 356.66213190675313
1.302568982808934 103.8845519240147 356.61095315997505
1.3025760465921423 103.8845514928478 356.5695014764043
1.3025819661801745 103.88455113152152 356.5347642142786
1.3025909104804398 103.88455058556953 356.50984799701115
1.3025970541700418 103.88455021056424 356.50984799701115
1.3026036651642985 103.8845498070351 356.50984799701115
1.302612498997074 103.88454926782586 356.50984799701115
1.3026207604731421 103.88454876355273 356.50984799701115
1.3026278920361878 103.88454832824847 356.50984799701115
1.3026367380637123 103.8845477882948 356.5098479970112
1.3026436532197863 103.88454736619978 356.50984799701115
1.3026513275879743 103.88454689776312 356.50984799701115
1.3026566452834067 103.88454657317565 356.5098479970115
1.3026621757976415 103.8845462355979 356.5098479970112
1.3026675375188512 103.88454590832313 356.50984799701115
1.3026725165873285 103.88454560440513 356.5098479970115
1.3026795476744963 103.88454517523368 356.50984799701115
1.3026851257081535 103.88454483475535 356.5098479970112
1.3026901073668709 103.8845445306792 356.50984799701115
1.3026970496981427 103.8845441069253 356.50984799701115
1.3027035123246091 103.88454371245213 356.5098479970112
1.3027098762129143 103.88454332400585 356.5098479970112
1.302715394202341 103.8845429871925 356.5098479970112
1.3027219963128627 103.88454258420532 356.5098479970115
1.3027286023519749 103.8845421809783 356.50984799701115
1.3027334763007903 103.8845418834766 356.5098479970112
1.3027398337511484 103.8845414954232 356.5098479970112
1.3027486798065366 103.88454095546744 356.50984799701115
1.3027543573398843 103.88454060891557 356.50984799701115
1.3027623941925408 103.88454011835283 356.50984799701115
1.3027680728382232 103.88453977173305 356.50984799701115
1.3027769033530434 103.88453922626029 356.5016123366347
1.3027848180830135 103.88453873623565 356.4928026726519
1.3027932962431823 103.8845382113273 356.4833658698987
1.3028020969765384 103.88453766644747 356.47357002004304
1.302807398676929 103.88453733820324 356.4676688460754
1.3028138883608122 103.8845369364074 356.46044536151487
1.3028212608545213 103.88453647995412 356.45964940408885
1.3028277958193653 103.88453607535473 356.45964940408885
1.3028347518991483 103.88453564468287 356.4596494040892
1.3028415861005735 103.88453522155683 356.4596494040892
1.3028469004136949 103.88453489253163 356.4596494040892
1.3028534924266901 103.88453448440018 356.4596494040892
1.3028584925772038 103.88453417482572 356.4596494040892
1.3028663675502263 103.88453368726229 356.45964940408885
1.3028744085490922 103.88453318941968 356.4596494040892
1.302882379955704 103.8845326958857 356.4596494040892
1.3028871368320645 103.88453240137304 356.4596494040892
1.3028936763941417 103.88453199648886 356.4596494040892
1.3028999279357307 103.88453160943689 356.4596494040892
1.3029049383093931 103.884531228339 356.36934941668545
1.3029125177628766 103.88453018162163 355.63344906989704
1.302917139591401 103.88452954335025 355.1844750463755
1.3029248214486964 103.88452848249095 354.43802621132653
1.3029319954313263 103.88452749176878 353.74087608907774
1.3029405529271398 103.88452630998432 352.9095079134813
1.3029470995169092 103.88452540590464 352.2738736548114
1.302955073229722 103.88452430474017 352.1123176357637
1.302963303766158 103.88452316810852 352.11231763576325
1.3029687235633556 103.88452241963807 352.11231763576336
1.3029773273710732 103.88452123145784 352.1123176357637
1.3029835638594163 103.88452037020284 352.11231763576325
1.3029922148780897 103.88451917550273 352.11231763576336
1.3029989635463008 103.88451824351598 352.1123176357637
1.3030048513633465 103.8845174304122 352.1123176357637
1.3030124829686784 103.88451637649237 352.11231763576336
1.3030184326266794 103.88451555484838 352.11231763576336
1.3030233498737942 103.88451487577963 352.1123176357637
1.303029470048894 103.88451403058728 352.1123176357637
1.3030382180788356 103.88451282248981 352.1123176357637
1.3030455983873546 103.8845118032738 352.1123176357637
1.3030541290367064 103.88451062519638 352.1123176357637
1.3030609895821037 103.88450967775927 352.11231763576336
1.3030671176351438 103.88450883147888 352.1123176357637
1.3030723359145575 103.88450811083767 352.1123176357637
1.3030793910600826 103.88450713652634 352.11231763576336
1.3030844278451772 103.88450644094935 352.1123176357637
1.3030914494866814 103.88450547126487 352.1123176357637
1.3030983344957867 103.88450452044923 352.11231763576336
1.3031041444694271 103.88450371809532 352.1123176357636
1.3031123754557763 103.88450258140097 352.1123176357637
1.303120953489986 103.88450139677948 352.11231763576336
1.3031260005363787 103.8845006997853 352.11231763576336
1.303130620174695 103.88450006181594 352.1123176357637
1.303138699782001 103.88449894602685 352.11231763576336
1.3031466911112315 103.88449784242887 352.1123176357636
1.3031525305024645 103.88449703601229 352.1123176357637
1.303158598457107 103.8844961980312 352.11231763576336
1.303165505349978 103.8844952441932 352.11231763576336
1.3031732532523854 103.88449417421224 352.11231763576336
1.3031808728135372 103.88449296817447 351.91789718720133
1.303189228409 103.88449086579418 350.7174284844446
1.3031971806575875 103.88448886490137 349.57346143643423
1.3032043465867742 103.88448706185709 348.54216743467094
1.3032095791842437 103.88448574526507 347.78924578372755
1.3032146419390722 103.88448447140773 347.06114601992306
1.3032192129127602 103.88448332128914 346.4042926911848
1.3032256709971244 103.88448169634805 345.81439352445443
1.3032333494899186 103.88447976433574 345.81439352445443
1.3032381432305615 103.88447855816592 345.81439352445426
1.30324386630769 103.8844771181625 345.81439352445426
1.3032508664203641 103.88447535683969 345.81439352445426
1.3032585544439763 103.88447342242917 345.81439352445426
1.3032656843969141 103.88447162843673 345.81439352445443
1.3032706636896598 103.88447037557941 345.81439352445443
1.3032780473825374 103.88446851774253 345.81439352445426
1.3032834153887816 103.88446716707962 345.81439352445426
1.3032887583776798 103.88446582271139 345.81439352445426
1.3032947024568136 103.88446432710072 345.81439352445426
1.3033011572018944 103.88446270299957 345.81439352445426
1.3033060789711446 103.88446146461584 345.81439352445443
1.3033130907854906 103.88445970034849 345.81439352445426
1.303320465006361 103.8844578448947 345.81439352445426
1.3033261500445694 103.88445641446214 345.81439352445426
1.3033330546669226 103.88445467716565 345.81439352445443
1.3033377055565318 103.88445350693883 345.81439352445426
