45065627
1.3009935183889223 103.88573905238852 94.34682581510556
1.300993154862759 103.88574383200573 94.34682581510556
1.3009927133478385 103.88574963701369 94.34682581510562
1.3009922616554104 103.8857555758346 94.34682581510562
1.3009917668809812 103.88576208109446 94.3468258151053
1.300991393321798 103.88576699262453 94.3468258151053
1.300990843006443 103.88577422813212 94.34682581510525
1.3009901856655899 103.88578287080308 94.34682581510525
1.3009897398816437 103.8857887319386 94.3468258151053
1.3009893940150472 103.88579327936777 94.34682581510562
1.3009887563472922 103.88580166337734 94.34682581510562
1.3009881787537871 103.88580925753466 94.3468258151053
1.3009876813431036 103.88581579745383 94.34682581510562
1.3009871681852827 103.88582254441495 94.34682581510556
1.3009866822925809 103.88582893289608 94.34682581510562
1.3009863020660088 103.8858339320866 94.34682581510556
1.3009857336639103 103.88584140539461 94.3468258151053
1.3009851229797902 103.88584943462313 94.34682581510562
1.3009845459220466 103.88585702173425 94.34682581510562
1.3009840378686501 103.88586370158121 94.34682581510562
1.300983404667968 103.88587202685473 94.3468258151053
1.3009828980932479 103.8858786872596 94.3468258151053
1.3009824682201026 103.88588433919797 94.34682581510525
1.3009820674243744 103.88588960882858 94.3468258151053
1.3009815926581554 103.88589585101715 94.34682581510525
1.3009811364512116 103.88590184918965 94.34682581510562
1.3009805552465026 103.88590949082251 94.3468258151053
1.3009799361236727 103.8859176309994 94.3468258151053
1.3009794043818599 103.88592462229742 94.3468258151053
1.3009790273469137 103.88592957952204 94.34682581510562
1.300978369310113 103.88593823133567 94.34682581510562
1.3009778428750196 103.8859451528606 94.3468258151053
1.300977318972604 103.88595204108582 94.34682581510562
1.3009766652537909 103.88596063612583 94.3468258151053
1.3009760995234252 103.88596807430078 94.34682581510556
1.3009757558768116 103.88597259253721 94.34682581510562
1.3009754100728255 103.88597713913848 94.34682581510525
1.3009747834136318 103.88598537839971 94.34682581510556
1.3009741607689473 103.88599356487815 94.34682581510556
1.3009735138593932 103.88600207038859 94.34682581510525
1.3009728877810351 103.8860103020119 94.34682581510562
1.3009723017546606 103.88601800703488 94.3468258151053
1.3009718290232661 103.88602422246525 94.3468258151053
1.3009713498643796 103.88603052240349 94.34682581510562
1.3009708696054427 103.88603683680485 94.3468258151053
1.300970225092429 103.88604531080372 94.3468258151053
1.3009697881720108 103.88605105539366 94.3468258151053
1.3009694091869695 103.8860560382544 94.34682581510562
1.3009690421334286 103.88606086424072 94.3468258151053
1.3009685438302052 103.8860674158856 94.3468258151053
1.3009682000565121 103.88607193579035 94.34682581510525
1.300967834708624 103.88607657470001 94.36261818161394
1.3009674149835009 103.88608186153552 94.38483883792311
1.3009669751554005 103.88608740158692 94.40812378271414
1.3009665258325696 103.88609306123325 94.43191139857514
1.3009659937425284 103.88609976341071 94.46008079871743
1.300965357494936 103.88610777755078 94.49376439335235
1.3009647824962498 103.88611502020262 94.52420537659997
1.3009641586491825 103.88612287814568 94.53543209970738
1.3009635726712416 103.88613025909103 94.53543209970772
1.3009631482902335 103.88613560457027 94.53543209970772
1.300962694716683 103.88614131775694 94.53543209970772
1.3009620947883447 103.88614887441994 94.53543209970772
1.3009615593830228 103.88615561835445 94.53543209970772
1.3009609309485741 103.88616353407818 94.53543209970738
1.3009602783100207 103.88617175467503 94.53543209970772
1.3009595824577707 103.88618051958866 94.53543209970738
1.300958879322302 103.88618937624084 94.53543209970772
1.3009584798312552 103.88619440820591 94.53543209970772
1.300957951911663 103.88620105784896 94.53543209970772
1.3009572973736054 103.88620930237019 94.53543209970735
1.300956871894585 103.88621466167761 94.53543209970738
1.3009562150699439 103.88622293499988 94.53543209970738
1.30095561961406 103.88623043532479 94.53543209970738
1.300954930807482 103.88623911148878 94.53543209970772
1.3009544446174295 103.88624523550763 94.53543209970738
1.3009537902156343 103.8862534783105 94.53543209970772
1.3009532566543267 103.88626019901412 94.53543209970772
1.300952665102634 103.88626765016055 94.53543209970738
1.300952091028027 103.88627488116649 94.53543209970772
1.300951474795089 103.88628264319566 94.53543209970772
1.3009508076891625 103.88629104601723 94.53543209970772
1.3009504170740918 103.88629596617834 94.53543209970768
1.3009498531327077 103.88630306954576 94.53543209970768
1.3009494364513765 103.88630831803536 94.53543209970735
1.3009490141313347 103.88631363754966 94.53543209970738
1.300948563975573 103.88631930768058 94.53543209970738
1.3009479333459277 103.8863272510478 94.53543209970738
1.3009472901425116 103.88633535279303 94.53543209970768
1.3009465782086798 103.88634432026132 94.53543209970738
1.3009461356222884 103.88634989504804 94.53543209970738
1.30094573217988 103.88635497677978 94.53543209970738
1.3009451008523423 103.88636292893608 94.53543209970772
1.3009445335186154 103.88637007503063 94.53543209970772
1.3009441398731711 103.88637503335997 94.53543209970738
1.3009435039801243 103.8863830430222 94.53543209970768
1.300942830642373 103.88639152433483 94.53543209970772
1.3009424178921476 103.88639672330599 94.53543209970738
1.300941889470498 103.88640337926563 94.53543209970772
1.300941300872324 103.88641079320399 94.53543209970735
1.3009408526517359 103.88641643895662 94.53543209970772
1.3009402658052773 103.88642383082995 94.53543209970738
1.3009397941122658 103.88642977223903 94.53543209970738
1.300939247075349 103.88643666267393 94.53543209970772
1.3009388283723837 103.8864419366241 94.53543209970772
1.3009382718121618 103.88644894701333 94.53543209970738
1.3009378590637604 103.88645414595993 94.53543209970738
1.3009373186593283 103.88646095285166 94.53543209970772
1.3009368192805582 103.88646724298715 94.53543209970772
1.3009363333267554 103.88647336402262 94.53543209970772
1.3009358557997728 103.88647937891433 94.53543209970738
1.3009353379049906 103.8864859022754 94.53543209970738
1.300934885401329 103.88649160197497 94.53543209970738
1.3009342233772276 103.88649994077677 94.53543209970738
1.3009336331160701 103.88650737565804 94.53543209970738
1.3009330700794506 103.88651446762097 94.53543209970772
1.3009323991258743 103.88652291889665 94.53543209970772
1.300932031024074 103.88652755547628 94.53543209970738
1.3009316175388517 103.88653276370157 94.53543209970735
1.300931014230738 103.88654036291987 94.53543209970772
1.3009303659620932 103.88654852845688 94.53543209970738
1.3009298852650186 103.88655458327635 94.53543209970738
1.3009292526492748 103.88656255165014 94.53543209970768
1.3009288217435684 103.88656797930138 94.53543209970738
1.300928429274798 103.88657292280412 94.53543209970772
1.3009278069097585 103.88658076206013 94.53543209970738
1.300927241367132 103.88658788558568 94.53543209970738
1.3009268631348883 103.88659264976584 94.53543209970772
1.3009263821223989 103.8865987085568 94.53543209970738
1.300925756868948 103.88660658419388 94.53543209970738
1.300925345379172 103.88661176728249 94.53543209970768
1.3009246818830074 103.88662012462083 94.53543209970738
1.300924249746635 103.8866255677717 94.53543209970738
1.300923688816956 103.88663263319125 94.53543209970772
1.300923078314456 103.88664032302526 94.53543209970768
1.300922424769547 103.8866485550172 94.53543209970738
1.3009218871602366 103.88665532669464 94.53543209970772
1.3009213851906527 103.88666164945712 94.53543209970738
1.3009208236419776 103.88666872267213 94.53543209970772
1.3009202457149787 103.88667600218668 94.53543209970772
1.3009196741935238 103.88668320101729 94.53543209970768
1.300919191507525 103.88668928088462 94.53543209970744
1.300918801264502 103.8866941963488 94.53543209970738
1.3009181669232077 103.88670218645142 94.53543209970768
1.3009174996468782 103.88671059140025 94.53543209970772
1.3009169799793683 103.88671713708221 94.53543209970738
1.3009164331632228 103.88672402472555 94.53543209970738
1.3009160035765592 103.88672943575747 94.53543209970738
1.3009152820394658 103.8867366666259 94.7213671492865
1.300914412071748 103.88674438477861 95.04570573862733
1.3009137057326676 103.88675065125565 95.30906202905679
1.3009131901332394 103.8867552255345 95.50130670905159
1.300912666043984 103.88675987513304 95.69671625098403
1.300911900823525 103.88676666399165 95.98202237287002
1.3009112909605332 103.88677207455467 96.2093874362757
1.3009106283446215 103.88677795312923 96.41530763190357
1.3009098297250963 103.8867850382961 96.41530763190357
1.3009092434746738 103.88679023937351 96.41530763190357
1.3009083721005794 103.88679797000161 96.41530763190327
1.3009075050141417 103.8868056625904 96.41530763190333
1.300906754919542 103.88681231725468 96.41530763190327
1.3009059482900756 103.88681947348289 96.41530763190357
1.3009053298229327 103.88682496037882 96.41530763190327
1.3009046877990058 103.88683065626486 96.41530763190357
1.3009041587816912 103.88683534958258 96.41530763190327
1.3009034121039629 103.88684197393239 96.41530763190357
1.300902730150161 103.88684802406655 96.41530763190357
1.3009020444089963 103.88685410780114 96.41530763190367
