465460498
1.3023939174793158 103.885590488697 357.89030057793866
1.3024028923164097 103.8855901585437 357.90493793363237
1.302411687828353 103.88558983498713 357.90493793363237
1.302420424356882 103.88558951360032 357.9049379336323
1.3024293839655765 103.88558918400715 357.90493793363237
1.302437154700247 103.88558889814853 357.9049379336323
1.3024424812441446 103.88558870220328 357.9049379336323
1.3024482594486375 103.88558848964296 357.9049379336323
1.302453755735947 103.8855882874534 357.90493793363237
1.3024614549476838 103.8855880042258 357.90493793363237
1.302469879007362 103.88558769433348 357.90493793363237
1.3024762265405458 103.88558746082947 357.90493793363237
1.3024836917782894 103.88558718620891 357.9049379336323
1.302488645985209 103.88558700396057 357.9049379336323
1.3024939957502348 103.88558680716096 357.90493793363237
1.3025019999911516 103.88558651271227 357.90493793363237
1.3025081626086967 103.8855862860106 357.90493793363237
1.3025164199461896 103.88558598225129 357.9049379336323
1.3025241987363363 103.88558569609607 357.90493793363237
1.3025317719878566 103.88558541750193 357.90493793363237
1.3025375472597156 103.8855852050493 357.9049379336323
1.3025460957115678 103.8855848905808 357.9049379336323
1.3025535492344529 103.88558461639099 357.9049379336323
1.302562337085352 103.88558429311576 357.9049379336323
1.302569790574975 103.88558401892712 357.90493793363237
1.3025748276511249 103.88558383363015 357.9049379336323
1.3025830694993665 103.88558353044043 357.9049379336323
1.3025891619771748 103.88558330631878 357.9049379336323
1.30259706744728 103.88558301550323 357.9049379336323
1.3026052656145461 103.88558271392034 357.904937933633
1.3026107393654744 103.8855825125595 357.90493793363237
1.3026184438371846 103.88558222913795 357.9049379336323
1.3026268780972785 103.88558191886992 357.90493793363237
1.3026320306528736 103.88558172932474 357.9049379336323
1.302637172042677 103.8855815401903 357.9049379336323
1.302646078201106 103.88558121256264 357.90493793363237
1.3026544611657451 103.88558090418152 357.9049379336323
1.3026619681193345 103.88558062802589 357.90493793363237
1.3026675027985557 103.8855804244236 357.90493793363237
1.3026748683419398 103.88558015346993 357.90493793363237
1.3026835578892242 103.88557983381055 357.9049379336323
1.3026904957132814 103.88557955310229 357.8724608495072
1.3026990991718135 103.88557918549222 357.8073283802971
1.3027059361549418 103.88557889336042 357.75556886677566
1.302712328856605 103.8855786202119 357.7071727610455
1.302720183538637 103.88557828459564 357.64770875625294
1.302725129298509 103.8855780732723 357.610266883615
1.3027331343532245 103.88557773123085 357.5628585001527
1.3027417259474774 103.88557736412758 357.5628585001527
1.3027500349051808 103.88557700910084 357.5628585001527
1.3027555091929557 103.88557677519441 357.5628585001527
1.3027640498439639 103.88557641026779 357.5628585001527
1.302770297254457 103.8855761433272 357.5628585001533
1.3027783140785798 103.8855758007827 357.5628585001533
1.3027865357945878 103.88557544948353 357.5628585001533
1.302793281328957 103.88557516125894 357.5628585001527
1.3027982348648721 103.8855749496032 357.5628585001527
1.302804289683094 103.88557469089166 357.5628585001527
1.3028111518075407 103.88557439768533 357.5628585001533
1.3028185551831741 103.88557408135229 357.5628585001527
1.3028236258325065 103.88557386469245 357.5628585001527
1.302829378738304 103.88557361888101 357.5628585001527
1.3028365159499933 103.88557331392064 357.5628585001533
1.302841142227382 103.88557311624801 357.5628585001533
1.30284571742203 103.88557292075807 357.5628585001533
1.302851486166707 103.8855726742698 357.5628585001533
1.3028581045500132 103.885572391478 357.5628585001527
1.3028658030052174 103.88557206253658 357.5628585001527
1.302872527561017 103.88557177520816 357.5628585001533
1.302878205668525 103.8855715325926 357.5628585001527
1.302884504693756 103.88557126344635 357.5628585001527
1.3028920833698745 103.88557093962281 357.5628585001533
1.3028971851896918 103.88557072163098 357.5628585001527
1.30290414300963 103.88557042433553 357.5628585001533
1.3029108649137497 103.88557013712033 357.5628585001527
1.3029174419034497 103.88556985609704 357.5628585001527
1.3029251069325694 103.8855695285837 357.5628585001527
1.3029334053702455 103.8855691740059 357.5628585001527
1.3029392763077827 103.88556892315093 357.5628585001527
1.3029460815145664 103.88556863237625 357.5628585001527
1.3029550120497082 103.88556825078994 357.5628585001533
1.302961084480115 103.8855679913255 357.5628585001527
1.3029692897186265 103.88556764072983 357.5628585001533
1.3029754628254206 103.8855673769636 357.5628585001527
1.30298092312322 103.8855671436545 357.5628585001533
1.302985986262831 103.88556692731524 357.5628585001533
1.302992529143798 103.88556664774917 357.5628585001533
1.3029997314336281 103.88556634000768 357.5628585001527
1.303004921734595 103.885566118235 357.5628585001527
1.3030111959242605 103.88556585014962 357.5628585001527
1.3030183865861624 103.88556554290493 357.5628585001527
1.3030266333720906 103.88556519053381 357.5628585001527
1.3030336521582924 103.88556489063303 357.5628585001533
1.3030415867558869 103.88556455160116 357.5628585001533
1.3030493659961757 103.88556421920742 357.5628585001527
1.3030546690405032 103.88556399261734 357.5628585001527
1.303060385132326 103.8855637483784 357.5628585001533
1.3030660812885835 103.88556350499127 357.5628585001527
1.3030740126876816 103.88556316609596 357.5628585001527
1.3030826983749209 103.88556279497118 357.5628585001533
1.3030911067857938 103.88556243569391 357.5628585001533
1.3030982342748239 103.88556213114826 357.5628585001527
1.3031028805315406 103.88556193262151 357.5628585001533
1.303107878471298 103.88556171906791 357.5628585001527
1.3031136185066772 103.88556147380581 357.5628585001527
1.303119841789373 103.88556120789534 357.5628585001527
1.303126067813864 103.88556094186768 357.5628585001527
