639258752
1.3020523864132156 103.88509631935582 143.41430527877895
1.3020475609803417 103.88509988141217 143.41430527877895
1.3020433589390477 103.88510298329095 143.41430527877895
1.3020361239720624 103.88510832402623 143.41430527877856
1.3020294299490411 103.8851132654454 143.41430527877895
1.3020230347384067 103.88511798628606 143.41430527877841
1.3020162798237456 103.88512297265433 143.41430527877856
1.302010576274705 103.88512718292154 143.41430527877895
1.3020050953508169 103.88513122885043 143.41430527877895
1.3019994111948485 103.88513542480192 143.41430527877895
1.3019942327369578 103.88513924745527 143.41430527877841
1.3019887264296695 103.88514331212166 143.41430527877895
1.3019837498144404 103.88514698577796 143.41430527877856
1.3019772513374 103.88515178284784 143.41430527877856
1.3019717368739647 103.88515585353485 143.41430527877895
1.3019653506429856 103.88516056774641 143.41430527877856
1.3019586362156401 103.8851655242271 143.41430527877895
1.3019535710520223 103.8851692632482 143.41430527877804
1.3019469266018902 103.88517416807278 143.41430527877895
1.3019414962311482 103.88517817668372 143.41430527877856
1.3019361614065807 103.885182114764 143.41430527877895
1.3019309933563101 103.8851859297342 143.41430527877895
1.3019250192769785 103.88519033970184 143.41430527877804
1.3019212155276825 103.88519314756729 143.41430527877804
1.3019160252324598 103.88519697895825 143.41430527877804
1.3019093054066744 103.88520193942357 143.41430527877804
1.301904401722622 103.88520555924279 143.41430527877895
1.301900506446718 103.88520843467161 143.41430527877804
1.3018941187362734 103.8852131499747 143.41430527877895
1.3018877967163434 103.88521781678608 143.41430527877856
1.301883488938219 103.88522099671718 143.41430527877841
1.3018768625098014 103.88522588823781 143.41430527877841
1.3018716171119347 103.88522976030436 143.41430527877841
1.301867863533099 103.88523253113456 143.41430527877895
1.3018616691209566 103.88523710374777 143.41430527877804
1.3018551569308057 103.88524191093941 143.41430527877856
1.301848618116368 103.88524673778461 143.41430527877841
1.3018445213326604 103.88524976196288 143.41430527877804
1.3018397065865266 103.8852533161292 143.41430527877895
1.3018351138247288 103.88525670643028 143.41430527877895
1.3018303164188727 103.88526024779621 143.41430527877841
1.3018232776794223 103.88526544367761 143.41430527877841
1.3018185992633489 103.88526889720718 143.41430527877804
1.3018133542468664 103.88527276899178 143.41430527877841
1.3018075072753328 103.88527708512963 143.41430527877841
1.3018016285733243 103.88528142469038 143.41430527877841
1.3017957110267944 103.88528579292542 143.41430527877895
1.3017890343276992 103.8852907215543 143.41430527877804
1.3017849825637988 103.8852937124994 143.41430527877856
1.3017813180022884 103.88529641761808 143.41430527877856
1.3017754747584938 103.88530073100394 143.41430527877895
1.3017697534331607 103.88530495439156 143.41430527877895
1.3017650548294082 103.88530842282302 143.41430527877841
1.3017602391457304 103.88531197768091 143.41430527877895
1.3017531006529197 103.88531724719796 143.41430527877856
1.3017483726996542 103.88532073729463 143.41430527877841
1.3017430124754021 103.88532469412326 143.41430527877895
1.3017384465534132 103.88532806461107 143.41430527877841
1.30173208947662 103.8853327572996 143.41430527877895
1.3017276900059789 103.88533600491574 143.41430527877895
