538747208
1.3007167001274773 103.88563290217084 183.50921421970466
1.3007086793331217 103.88563241700041 183.50921421970466
1.3007001695255924 103.88563190225001 183.50921421970466
1.3006942044726908 103.88563154142945 183.50921421970466
1.3006880108984034 103.8856311667858 183.509214219704
1.300682182870773 103.88563081425377 183.50921421970466
1.3006743468831001 103.88563034026203 183.50921421970466
1.300669223214369 103.88563003033599 183.50921421970466
1.3006615696569535 103.88562956737928 183.509214219704
1.300656435127844 103.88562925679626 183.50921421970466
1.3006488512267627 103.88562879805298 183.509214219704
1.300640183422754 103.88562827374534 183.50921421970466
1.3006339772750637 103.88562789834108 183.50921421970466
