1108453846 8575371581 cluster_236594534_247189835 6.21
135856647 243988232 243988214 195.97
135856650 1491225850 1491225856 57.44
135856651 1491225856 139696899 604.4
135856652 1491225843 4726301693 807.54
135856653 247211713 1491225858 48.53
135856655 cluster_247211700_568465714 cluster_1491225841_247189818 11.44
135856656 1491225858 6755492645 253.94
136100332 1491235000 568465704 130.71
136100338 4737140610 1491235000 20.19
136100339 247211108 4833361167 20.56
136466924 236573288 247211752 263.12
136466925#0 cluster_236594038_4737140612_4833361151_4833361159 4737140620 12.61
136666614#1 4604018006 cluster_236594038_4737140612_4833361151_4833361159 0.44
155940121 247211211 6147907611 18.07
155940122 7311810160 4736401471 89.01
155950786#0 236595743 cluster_236594303_247211215 20.68
173767959#0 cluster_236594303_247211215 247211644 20.4
173767989 247211641 cluster_236594534_247189835 14.24
174402296 247211737 cluster_247211700_568465714 112.8
21955220 cluster_236594303_247211215 cluster_236594534_247189835 14.91
22741236 243988114 243988125 193.77
22946486 243988214 247211122 871.38
22946487#0 cluster_236594038_4737140612_4833361151_4833361159 4833361155 13.62
22946488#0 247211641 247211642 20.74
22946489 236595743 247211644 32.43
22946490 cluster_236594534_247189835 cluster_236594303_247211215 14.69
22946491 247211211 236573190 69.88
22946492 236573288 243988114 883.04
22946493 568465704 6040846509 21.89
22946495 4604043755 247211745 86.21
22946497 247211104 568465729 50.95
22946499 247211752 247211704 22.14
22946506#0 cluster_236594303_247211215 236573190 39.07
465439519 4604024740 4833361155 28.23
479356424 5178475321 4604024740 33.07
479381297 4724947489 6007568027 17.38
479549843 4726301694 1491225850 918.02
479549845 4726301696 236594191 283.18
480492093#0 247189822 247189821 88.06
480492094 247189821 5178475321 104.57
480656763#0 cluster_236594534_247189835 247211642 11.64
480739385 247211756 236594191 99.48
480739387 236594191 4737140616 200.82
480744133 4737140611 4737140610 19.19
480746019 4737163486 1496839742 2.53
491190915#0 4737140616 cluster_236594038_4737140612_4833361151_4833361159 19.73
491190916 4737140616 4737140620 42.72
491190917 6553410940 4737163486 56.31
491190919#0 4833361155 6158962111 87.73
491190922#0 cluster_236594038_4737140612_4833361151_4833361159 1491235000 8.99
539419966#0 cluster_1491225841_247189818 568465729 31.83
539419967 3896495926 247189840 114.94
539419969 cluster_1491225841_247189818 cluster_247211700_568465714 12.31
631942330 236573202 6895934626 21.79
631942331 236573222 236573202 71.48
632125304#0 247211752 cluster_247211700_568465714 18.44
632136557 6147907359 4604039929 364.63
632145145#0 247211104 cluster_1491225841_247189818 47.77
632151373 247211108 247211122 0.39
632191992 6895934628 236573222 22.59
632841091 247189840 247211108 75.48
633011157#0 4604024740 cluster_236594038_4737140612_4833361151_4833361159 20.68
634169306 4833361167 4737140611 350.24
635483972 6553442309 4724947489 142.72
636808631#0 4737140610 cluster_236594038_4737140612_4833361151_4833361159 13.29
637196829 6007568027 3922303965 119.99
650839921#0 6040846509 cluster_1491225841_247189818 37.26
651129561 236595713 236595743 103.25
654961360#0 1496839742 1496839744 129.05
654997364 568465729 4604018003 121.86
656278730 6147907611 6147907359 17.56
656739912#0 6147907611 cluster_236594303_247211215 41.17
656739999#0 cluster_236594534_247189835 8626929088 5.85
660546392#0 6158962111 6553442309 78.62
703357673 6605145300 4604008941 43.8
719639820 1491225854 247211737 161.15
720081708 247211737 4604043755 18.63
735453633 6888554432 247211641 34.57
736532517 4737140620 6553410940 55.01
736532522 6895934626 247211211 17.24
736727460 4604008941 1491225854 52.39
737747962 247211704 247211713 173.3
740038423 6928876271 6605145300 113.49
74887362 247211642 247211756 28.22
74887363 247211644 1579310446 35.83
75073946 6754831650 1491225843 202.82
75073949 247211745 6895934628 237.67
75073951#0 cluster_247211700_568465714 247211704 6.61
75073953#0 cluster_247211700_568465714 247211745 39.49
782862908#0 247211756 4726301691 269.44
784982120#0 cluster_1491225841_247189818 3896495926 109.46
786080661 4604039929 247211104 24.1
786081473 236573190 7311810160 65.99
824782610 4604018003 4604018006 56.48
923802398#0 cluster_236594038_4737140612_4833361151_4833361159 8626929075 5.34
923802398#2 8626929075 8575371579 289.28
930403534#0 4604018006 8626929075 6.2
930403537 8575371579 8575371581 71.04
930403538#0 8575371581 8626929088 10.9
931035809 8626929088 6147907359 26.44
