637196829
1.343810891933407 103.77534744918158 347.29288649868346
1.3438169635821875 103.77534608569185 347.2928864986831
1.3438236546051112 103.77534458311132 347.2928864986831
1.3438295062343373 103.7753432690306 347.2928864986834
1.343835929168916 103.77534182665372 347.2928864986834
1.3438433289783716 103.7753401649033 347.2928864986834
1.3438516300813095 103.77533830075238 347.2928864986834
1.3438569983138353 103.77533709522635 347.2928864986834
1.3438657596375783 103.77533512772511 347.2928864986834
1.3438732459543548 103.7753334465479 347.29288649868346
1.3438778350164673 103.7753324159975 347.2928864986831
1.3438841200113745 103.7753310045971 347.2928864986834
1.3438918372365345 103.7753292715655 347.29288649868374
1.3439002719035342 103.7753273774203 347.29288649868346
1.3439076814297863 103.77532571348753 347.2928864986831
1.3439152836428223 103.77532400628371 347.29288649868374
1.3439219654155934 103.77532250578008 347.2928864986834
1.3439283677129188 103.7753210680373 347.2928864986834
1.3439329238748015 103.77532004487506 347.2928864986831
1.3439388883172363 103.77531870545987 347.2928864986831
1.3439442815963514 103.77531749430894 347.2928864986831
1.343949326167751 103.77531636146612 347.2928864986831
1.3439572524169727 103.77531458149437 347.2928864986834
1.3439649961527629 103.77531284250902 347.2928864986831
1.3439710123479378 103.77531149147178 347.2928864986831
1.3439763865147838 103.77531028461271 347.2928864986834
1.3439849507929305 103.77530836136077 347.2928864986834
1.3439910119528558 103.77530619309115 346.28739576071496
1.3439989773605439 103.77530267278158 344.12147089887685
1.344005313090629 103.77529987270748 342.3933618382855
1.3440116363317356 103.77529707815285 340.66734603391143
1.3440181715056512 103.77529418993453 338.8854286104781
1.3440236074366434 103.77529178752631 337.40718668747485
1.3440292838784882 103.77528927882435 336.04903123829797
1.3440357253061268 103.77528643203708 336.0490312382985
1.3440438107246377 103.77528285868843 336.0490312382985
1.3440503386010736 103.77527997369506 336.0490312382982
1.3440554477145892 103.7752777157236 336.0490312382985
1.3440612730613417 103.77527514121302 336.0490312382982
1.3440689533494539 103.77527174691147 336.0490312382985
1.3440732831237867 103.77526983336868 336.0490312382982
1.344080668090046 103.7752665695845 336.0490312382985
1.3440860092972038 103.77526420903916 336.0490312382982
1.3440909863898702 103.77526200941413 336.0490312382985
1.34409709032453 103.77525931178148 336.0490312382982
1.3441037940964633 103.77525634905084 336.0490312382982
1.3441106593990735 103.77525331493172 336.0490312382985
1.3441169035271103 103.77525055534053 336.0490312382985
1.3441241904192005 103.77524733489994 336.04903123829797
1.3441317371465475 103.77524399962515 336.0490312382985
1.3441388004164736 103.77524087801424 336.04903123829797
1.344146430748485 103.7752375057903 336.0490312382982
1.344153648770368 103.77523431578669 336.0490312382985
1.3441604582831093 103.77523129612507 336.0371494378662
1.3441684170013624 103.77522776572638 336.0219521211007
1.344173116966965 103.77522568087402 336.0129774506159
1.3441783956270017 103.77522333931923 336.0028977522982
1.344186576453716 103.77521971039556 335.98727631439806
1.3441939367955127 103.77521644542983 335.9732216101447
1.344200757894211 103.77521341966631 335.970176272805
1.3442085319239314 103.77520997119314 335.970176272805
1.3442141834908314 103.77520746422083 335.9701762728053
1.3442199749494013 103.77520489519412 335.9701762728053
1.3442272759535934 103.7752016565497 335.970176272805
1.34423274399027 103.77519922852659 335.9673088519547
1.3442388493493476 103.77519540535741 334.6673059760077
1.3442455057868297 103.77519123710351 333.2467401389506
1.344251180464506 103.7751876836265 332.0343063965854
1.3442566716993631 103.77518424502112 330.8609314398158
1.344264216244968 103.77517952063472 329.25040660085733
1.3442696490704458 103.77517611860516 328.09309967624677
1.3442756649874303 103.7751723514443 327.80782923564976
1.3442797811389744 103.77516977391451 327.80782923565005
1.3442848218904717 103.77516661740118 327.80782923565005
1.3442902723155192 103.77516320435066 327.80782923565005
1.3442976143814325 103.77515860675656 327.80782923565005
1.3443046355524444 103.77515421010645 327.80782923565005
1.3443108431142656 103.77515022157037 327.6984735344953
1.3443160088513078 103.77514645332073 327.1227491484047
1.34432215702645 103.77514196841202 326.43718627715987
1.3443273850838098 103.77513815470152 325.8540659372712
1.3443323820030473 103.77513450959928 325.2967091203376
1.3443362819032223 103.77513166473943 324.8617715031772
1.3443402641859041 103.77512875978397 324.41775516941703
1.3443467145608534 103.7751240544294 323.7433203509699
1.344352979954186 103.77511948401329 323.7433203509699
1.344358636732459 103.77511535756354 323.7433203509699
1.3443650269359386 103.7751106961021 323.7433203509699
1.3443721098624368 103.77510552931997 323.7433203509699
1.3443793183970996 103.77510027091037 323.7433203509699
1.344384672315947 103.77509636538728 323.7433203509699
1.3443901821606257 103.77509165218949 323.028894361854
1.3443957440599672 103.7750846141269 319.93752370147877
1.3444006808810356 103.77507836704221 317.1734281721727
1.3444045305195147 103.77507349568523 315.01344125580454
1.3444098450878064 103.7750667705967 312.0371632389606
1.3444134865099837 103.77506216271784 310.0090716861415
1.3444173619208193 103.77505725874822 308.1673468344621
1.3444209269520155 103.77505274753494 308.16734683446225
1.3444254631565085 103.77504700739269 308.1673468344621
1.3444283174535963 103.77504339554683 308.1673468344612
1.3444334316002 103.77503692407284 308.1673468344621
1.3444381365258355 103.77503097042961 308.16734683446106
1.3444423565155585 103.77502563042736 308.16734683446225
1.3444477549093539 103.7750187992649 308.16734683446225
1.3444515120631622 103.7750140449381 308.16734683446225
1.3444553934303383 103.77500913343088 308.16734683446225
1.3444592281768664 103.77500428091767 308.1673468344621
1.3444633749775148 103.77499887630908 308.04354014424365
1.3444685418562452 103.774992101816 307.85746101143656
1.3444732285660508 103.77498595689075 307.68867117781815
1.3444779099778636 103.77497981891185 307.5200719184567
1.3444830250747632 103.77497311231168 307.3358568350657
1.3444880755552377 103.77496649043252 307.18365528953916
1.3444908119049792 103.77496290269912 307.183655289539
1.3444949163613755 103.77495752118843 307.18365528953814
1.344497773554728 103.77495377501225 307.183655289539
1.3445007457266982 103.77494987808315 307.18365528953797
1.3445046789113115 103.77494472113337 307.18365528953797
1.3445085658808862 103.77493962477784 307.18365528953814
1.344512156939687 103.77493491640227 307.18365528953916
1.3445160262185707 103.77492984324161 307.18365528953814
1.3445195152409322 103.77492526864988 307.183655289539
1.3445230070480731 103.7749206904069 307.18365528953916
1.3445268492120215 103.77491565279753 307.18365528953797
1.3445319367231636 103.77490898236536 307.18365528953916
1.3445351368377045 103.77490478657167 307.18365528953916
1.344539320751397 103.77489930088089 307.18365528953916
1.3445426439990096 103.77489530551705 307.46246534322813
1.344546909624729 103.77489142376294 308.7837141544111
1.344553352826106 103.77488556039718 310.7862466250035
1.344557438559816 103.77488184234619 312.0583930030613
1.3445624603940212 103.77487727243607 313.62228683376793
1.344565868496512 103.77487417103495 314.6827084258091
1.3445692258401836 103.77487111582475 315.72578794001555
1.3445739986672702 103.77486677251304 317.2046416218161
1.3445793059167257 103.77486194287255 317.54263404403144
1.344585962870979 103.77485588498956 317.5426340440306
1.3445920492391092 103.77485034634458 317.5426340440306
1.3445968826782708 103.77484594787519 317.54263404403144
1.3446029859067254 103.77484039388706 317.5426340440306
1.3446074880377414 103.77483629691072 317.54263404403144
1.3446138301424466 103.77483052554311 317.5426340440306
1.3446184730097899 103.77482630049545 317.5426340440303
1.3446235419272565 103.77482168773864 317.5426340440306
1.3446276545049973 103.77481794525886 317.5426340440306
1.3446324519531596 103.77481357954129 317.5426340440303
1.344638524404068 103.77480805356058 317.5426340440306
1.3446448795283563 103.77480227034468 317.54263404403144
1.3446503751670504 103.77479726926776 317.5426340440306
