479549845
1.3362676109327962 103.77585108550474 48.50125080724233
1.3362706976880905 103.7758545487194 48.501250807241924
1.3362754358934934 103.77585986479433 48.5012508072419
1.336279108671019 103.77586398550226 48.50125080724187
1.3362833898388449 103.77586878879951 48.50125080724187
1.3362892162326667 103.77587532577789 48.5012508072419
1.336293262883588 103.77587986595671 48.50125080724233
1.3362973404857903 103.7758844408616 48.5012508072419
1.3363016513147312 103.7758892774375 48.50125080724233
1.3363072955617914 103.77589561005465 48.5012508072419
1.3363117982692776 103.77590066191054 48.50125080724233
1.3363166023400752 103.77590605188392 48.5012508072419
1.3363211438954345 103.77591114732557 48.5012508072419
1.3363243908228861 103.77591479024701 48.5012508072419
1.3363274683995 103.77591824316367 48.5012508072419
1.3363327938240541 103.77592421807495 48.50125080724196
1.3363378691815038 103.77592991242105 48.5012508072419
1.3363427181833634 103.77593535280533 48.50125080724196
1.3363460356190355 103.7759390748342 48.50125080724233
1.3363510300180383 103.77594467834825 48.501250807242265
1.3363551348140639 103.77594928376367 48.5012508072419
1.336359548395087 103.7759542356234 48.50125080724233
1.3363636314722906 103.77595881667122 48.5012508072419
1.3363677791346154 103.77596347018093 48.50125080724233
1.336372512173141 103.77596878045912 48.50125080724233
1.3363770669846655 103.77597389077386 48.5012508072419
1.336382792363401 103.77598031441774 48.50125080724233
1.3363867916555352 103.77598480146214 48.501250807242265
1.3363914996604678 103.77599008365372 48.50125080724233
1.3363965249046899 103.77599572177499 48.50125080724233
1.3364023316069915 103.77600223666073 48.50125080724196
1.3364079370951722 103.77600852579235 48.50125080724196
1.336411401135916 103.77601241230636 48.5012508072419
1.3364173704536684 103.77601910964012 48.5012508072419
1.3364232668127647 103.77602572511724 48.5012508072419
1.336428032265152 103.77603107176265 48.5012508072419
1.336433332119801 103.77603701798587 48.5012508072419
1.3364363640836803 103.7760404197271 48.50125080724233
1.33644197802233 103.77604671833994 48.50125080724233
1.3364469738347162 103.77605232344004 48.50125080724239
1.3364511145427989 103.77605696914759 48.50125080724233
1.3364568688243381 103.77606342521956 48.50125080724233
1.3364609460859322 103.77606799974275 48.501250807242265
1.336464899407206 103.7760724352099 48.5012508072419
1.3364707449494706 103.77607899367277 48.50125080724196
1.3364752230217305 103.7760840178894 48.50125080724196
1.336481059769784 103.77609056648556 48.50125080724233
1.3364856824877638 103.7760957529889 48.50125080724233
1.3364893002830027 103.77609981200943 48.5012508072419
1.3364931394603388 103.77610411941176 48.5012508072419
1.3364978978955058 103.77610938584623 48.43995952932305
1.3365024792258522 103.77611374567878 47.77856999357376
1.3365066973648905 103.77611775987957 47.16922422099523
1.3365113675301659 103.77612220425209 46.494315471729074
1.3365178564065376 103.77612837940484 45.55645636200006
1.336521720964566 103.77613205711954 44.99801707849554
1.336525972197752 103.7761361028145 44.38395844320762
1.3365312808710599 103.77614115482456 43.793790547473826
1.3365347573301787 103.77614446320416 43.79379054747435
1.3365412031462338 103.77615059737852 43.793790547473876
1.3365452245868792 103.77615442439095 43.7937905474743
1.336549380432374 103.77615837931005 43.79379054747435
1.3365558809417228 103.77616456553343 43.793790547473876
1.3365598674665466 103.77616835931818 43.793790547473876
1.336563946485949 103.77617224112558 43.79379054747435
1.3365700321155463 103.77617803252781 43.793790547473826
1.3365751942489175 103.77618294508294 43.7937905474743
1.336579106859968 103.77618666852752 43.79379054747435
1.3365840219090193 103.77619134594434 43.79379054747435
1.3365887174170938 103.77619581443454 43.79379054747435
1.3365926143641644 103.77619952297248 43.793790547473876
1.3365974784492323 103.77620415188933 43.79379054747435
1.336602436278887 103.77620887001846 43.79379054747435
1.3366087592408236 103.77621488727863 43.79379054747435
1.3366150314616285 103.77622085625089 43.79379054747435
1.3366211799907144 103.77622670751168 43.79379054747435
1.336626616353097 103.77623188103755 43.79379054747435
1.3366311796267676 103.77623622368668 43.79379054747377
1.3366350557124616 103.77623991237189 43.79379054747435
1.3366390751399773 103.7762437374687 43.793790547473876
1.3366440803543547 103.77624850069166 43.793790547474465
1.3366496634825173 103.77625381388755 43.79379054747435
1.3366548754768814 103.77625877389316 43.793790547473876
1.3366608533346835 103.77626446273437 43.79379054747435
1.336666412832403 103.77626975344232 43.79379054747424
1.3366713784717847 103.77627447900373 43.79379054747424
1.3366762679213642 103.77627913205895 43.79379054747424
1.3366817384678797 103.77628433811633 43.793790547473876
1.3366864043860587 103.77628877844744 43.793790547474465
1.3366902348222438 103.77629242369031 43.79379054747435
1.336694614726434 103.7762965918356 43.79379054747424
1.3367010106511727 103.7763026785312 43.79379054747435
1.3367062700470456 103.77630768364668 43.79379054747435
1.3367098847199286 103.77631112355797 43.79379054747424
1.336713525480326 103.77631458829549 43.79379054747424
1.3367167967060651 103.77631770136458 43.79379054747435
1.3367216596926266 103.77632232923632 43.79379054747435
1.3367253131869266 103.7763258060921 43.79379054747435
1.3367294112517576 103.7763297060244 43.793790547474465
1.3367356951881417 103.77633568614615 43.79379054747435
1.336741412988613 103.77634112750344 43.79379054747435
1.3367448562271065 103.77634440426887 43.79379054747435
1.3367507276740493 103.77634999184417 43.79379054747424
1.3367559628689034 103.77635497392883 43.793790547473876
1.3367604880140982 103.77635928029315 43.79379054747435
1.3367668674116064 103.77636535126076 43.79379054747435
1.336771049840957 103.77636933147883 43.79379054747435
1.3367760182376658 103.77637405966446 43.79379054747435
1.3367808502102727 103.77637865802183 43.79379054747435
1.3367852536575209 103.77638284857207 43.79379054747435
1.336790917789443 103.7763882388557 43.79379054747435
1.3367943076150726 103.77639146479072 43.79379054747435
1.336797877865145 103.77639486242708 43.79379054747435
1.336801923322876 103.77639871229586 43.79379054747424
1.3368052617453052 103.77640188931294 43.79379054747435
1.336808702607469 103.77640516381702 43.79379054747424
1.3368144828518853 103.77641066459938 43.793790547473876
1.336818804849962 103.77641477763842 43.79379054747435
1.336825281399532 103.77642094106119 43.793790547473876
1.3368288220500741 103.77642431052912 43.79379054747435
1.3368337039884357 103.7764289564366 43.79379054747435
1.3368384687277508 103.77643349081137 43.79379054747424
1.3368420502711498 103.7764368991951 43.79379054747424
1.3368461807280356 103.77644049419368 43.48383771171432
1.336852990890808 103.77644584364616 42.43841554121891
1.3368567831570748 103.77644882251009 41.855829824155435
1.3368633100943743 103.77645394948607 40.852821188027036
1.3368678219957888 103.77645749363077 40.15951042466528
1.3368740217682609 103.77646236361547 39.2073156752391
1.3368804429843468 103.77646740754636 38.35795455434817
1.3368840644723148 103.77647025226221 38.357954554348574
1.3368890420146595 103.77647416217265 38.35795455434817
1.336894505187042 103.77647845355045 38.35795455434817
1.3369008102665776 103.77648340625495 38.35795455434817
1.3369069220705443 103.77648820713954 38.35795455434817
1.3369114142104175 103.77649173576138 38.357954554348574
1.3369162698767405 103.77649554993698 38.35795455434817
1.3369209302762544 103.77649921072852 38.35795455434817
1.3369256612082483 103.77650292692405 38.35795455434868
1.3369311326498898 103.77650722479748 38.35795455434817
1.3369360213629686 103.77651106493168 38.35795455434817
1.3369401370898732 103.77651429787731 38.35795455434817
1.3369443530120768 103.7765176095274 38.35795455434817
1.3369481473714768 103.77652059003559 38.35795455434817
1.3369545397858351 103.77652561134256 38.35795455434817
1.3369588219497448 103.7765289750262 38.35795455434817
1.3369658414239989 103.77653448889515 38.35795455434817
1.336969472783334 103.77653734136514 38.35795455434807
1.3369747240267664 103.7765414662707 38.35795455434807
1.336980184642245 103.77654575564013 38.35795455434817
1.3369847340053047 103.77654932921146 38.35795455434817
1.3369896882624979 103.7765532208313 38.35795455434817
1.336995681012465 103.77655792819787 38.35795455434878
1.337000097606571 103.77656139747785 38.35795455434817
1.3370071330399713 103.77656692388295 38.35795455434817
1.3370125738502707 103.77657119769526 38.35795455434817
1.3370195454417713 103.77657667395194 38.35795455434817
1.3370253447449365 103.7765812293641 38.35795455434817
1.3370315800999508 103.77658612729947 38.357954554348574
1.3370364871143654 103.77658998180965 38.35795455434807
1.3370425456030284 103.77659474081472 38.35795455434817
1.3370475507541586 103.7765986724123 38.35795455434817
1.3370533512229028 103.77660322874009 38.35795455434807
1.3370589484329505 103.77660762540606 38.35795455434817
1.337065274056449 103.77661259424832 38.35795455434817
1.3370690426923915 103.77661555455057 38.35795455434817
1.3370744588544952 103.77661980900156 38.35795455434868
1.3370807898868213 103.77662478209251 38.35795455434817
1.3370845377670992 103.776627726091 38.35795455434807
1.3370884858572392 103.77663082735637 38.35795455434807
1.3370954243807662 103.77663627763793 38.35795455434807
1.3371015892097866 103.77664112017452 38.357954554348574
1.3371073624618004 103.77664565512335 38.35795455434868
1.3371125691574757 103.77664974503632 38.357954554348275
1.3371171338326617 103.77665333063564 38.35795455434817
1.3371223545090642 103.77665743153065 38.35795455434796
1.3371264529494082 103.7766606508977 38.357954554348275
1.3371302539942087 103.77666363665752 38.357954554348275
1.337137257507442 103.77666913798922 38.35795455434807
1.3371432512099415 103.77667384610423 38.357954554348275
1.3371487850441905 103.77667819298797 38.357954554348275
1.3371540325643247 103.77668231496908 38.35795455434817
1.3371586949839611 103.77668597734771 38.35795455434807
1.3371622864365793 103.77668879847072 38.357954554348275
1.3371693505122213 103.77669434737487 38.357954554348275
1.3371755688507854 103.77669923194387 38.357954554348275
1.3371813006314073 103.7767034691029 38.092040723029015
1.337186958137272 103.77670735717214 37.53440800405382
1.3371929443420758 103.77671147113671 36.94417172832565
1.3371997751280946 103.77671616553204 36.2705597064312
1.3372052585645502 103.77671993397365 35.7298581630059
1.3372106657178129 103.77672364999037 35.19681748808186
1.3372173108269254 103.77672821678095 34.6994476014881
1.3372241758352301 103.77673293469525 34.69944760148864
1.3372283901387934 103.7767358309369 34.69944760148864
1.3372327684578094 103.77673883989668 34.69944760148864
1.3372374378976324 103.7767420489266 34.69944760148864
1.3372412940991514 103.77674469906589 34.69944760148864
1.337247726147052 103.77674911943211 34.6994476014881
1.3372527141071917 103.77675254736222 34.6994476014881
1.3372584521211357 103.77675649075996 34.6994476014881
1.337262846867957 103.77675951100962 34.6994476014881
1.337267291135731 103.7767625652921 34.69944760148846
1.3372718972642115 103.77676573081189 34.69944760148792
1.3372780108255846 103.77676993230119 34.69944760148846
1.337284655963773 103.77677449911181 34.69944760148792
1.3372903249734973 103.77677839508705 34.69944760148864
1.3372972849934608 103.77678317829731 34.69944760148864
1.3373044085535415 103.77678807389903 34.69944760148864
1.3373112231687783 103.77679275718124 34.69944760148864
1.3373183946862934 103.77679768574129 34.6994476014881
1.3373232058687303 103.77680099218257 34.6994476014881
1.337328735344008 103.77680479226409 34.69944760148846
1.3373326489596413 103.77680748186076 34.69944760148864
1.3373364472986264 103.77681009223461 34.69944760148864
1.3373421105991796 103.77681398428633 34.6994476014881
1.3373465880956616 103.776817061405 34.69944760148846
1.33735308985934 103.77682152968285 34.69944760148864
1.3373580274180552 103.77682492297511 34.69944760148864
1.3373632307228056 103.77682849889891 34.6994476014881
1.337370605988493 103.7768335674831 34.6994476014881
1.337375032486929 103.77683660955383 34.6994476014881
1.3373821797481302 103.77684152144401 34.69944760148864
1.3373862403150605 103.77684431203167 34.69944760148846
1.3373912811791813 103.77684777631964 34.69944760148846
1.3373961208668166 103.77685110235092 34.69944760148864
1.3374027364324872 103.77685564883822 34.69944760148846
1.3374084008471958 103.77685954165568 34.6994476014881
1.337414616585409 103.77686381336521 34.69944760148846
1.3374190842299039 103.77686688371323 34.69944760148864
1.3374236728534663 103.77687003720303 34.69944760148864
1.3374300136851236 103.77687439488189 34.6994476014881
1.337435605318056 103.77687823768075 34.6994476014881
1.337440851141867 103.77688184282545 34.69944760148864
1.3374460595353783 103.77688542224654 34.69944760148864
1.3374515687491235 103.77688920840356 34.6994476014881
1.3374572187933707 103.77689309134509 34.69944760148846
1.3374639972764473 103.77689774979595 34.69944760148864
1.3374686946576566 103.7769009780285 34.6994476014881
1.337475852911508 103.77690589747338 34.6994476014881
1.3374798523838485 103.77690864607438 34.69944760148864
1.337486436189267 103.77691317073482 34.69944760148864
1.3374910543917775 103.77691634455252 34.69944760148864
1.3374961912965562 103.7769193238016 34.11998846662402
1.3375018978931925 103.77692239655889 33.2261815492439
1.3375068956864091 103.776925087656 32.44272331150386
1.3375121142935653 103.77692789765192 31.62431481388402
1.3375164523396483 103.77693023350349 30.943975871766387
1.3375209748658539 103.77693266868972 30.23490200647641
1.337527473542297 103.776936167948 29.216775626318974
1.3375318223143497 103.77693850957506 28.536265180950313
1.337538617880084 103.77694216869547 28.483426058609894
1.337544470240423 103.7769453199403 28.48342605860931
1.3375490890955999 103.77694780699552 28.483426058609894
1.3375550080480643 103.77695099409735 28.483426058609894
1.3375613600505647 103.776954414378 28.483426058609894
1.3375679900746655 103.77695798436136 28.483426058609894
1.3375727234257997 103.77696053306776 28.48342605860973
1.3375796016957604 103.77696423672087 28.48342605860973
1.3375838368231916 103.77696651715517 28.483426058609155
1.3375917042345657 103.77697075341847 28.48342605860931
1.3375988425520187 103.77697459709599 28.48342605860973
1.3376036743747017 103.77697719882508 28.483426058609155
1.3376087908193712 103.77697995381091 28.48342605860931
1.337615324131785 103.77698347171919 28.48342605860973
1.3376229906678734 103.77698759981978 28.483426058609155
1.3376285111492807 103.77699057236204 28.48342605860973
1.3376340836124276 103.77699357289423 28.48342605860931
1.3376389381787452 103.77699618686982 28.483426058609894
1.3376437633247968 103.77699878500385 28.483426058609894
1.3376512755175383 103.77700282999714 28.483426058609894
1.3376573375099623 103.77700609411987 28.48342605860931
1.3376619962082488 103.77700860262891 28.483426058609894
1.3376674175453722 103.77701152178624 28.48342605860931
1.3376744325798677 103.7770152990812 28.48342605860973
1.3376820943867875 103.77701942463534 28.48342605860973
1.3376871641503911 103.77702215448541 28.48342605860973
1.337693555213889 103.77702559579878 28.48342605860973
1.3377002629567647 103.77702920763039 28.48342605860973
1.3377070453993711 103.7770328596846 28.483426058609155
1.3377114174822213 103.77703521386354 28.48342605860973
1.3377192876017425 103.77703945158508 28.483426058609894
1.3377237181547688 103.77704183724772 28.48342605860973
1.3377296533855945 103.77704503311475 28.483426058609894
1.3377364391252915 103.77704868694431 28.48342605860973
1.3377404877928587 103.777050866978 28.483426058609894
1.3377448246003643 103.7770532021627 28.483426058609894
1.3377494891170219 103.7770557138047 28.483426058609894
1.337757167395409 103.77705984822805 28.48342605860973
1.3377649757786636 103.77706405270726 28.483426058609894
1.3377723711055778 103.77706803477338 28.48342605860931
1.3377771344297016 103.77707059961895 28.48342605860931
1.337782391400475 103.77707343027208 28.483426058609155
1.3377873155581652 103.77707608171966 28.48342605860973
1.337792785763799 103.77707902719058 28.48342605860931
1.3377992585233374 103.77708251249375 28.483426058609894
1.337805836195281 103.77708576051477 28.1533035142741
1.337813044000774 103.77708913635064 27.58534195206047
1.3378203430934628 103.77709255494162 27.01004535403264
1.3378276646052654 103.77709598403278 26.43295454631474
1.3378347947017155 103.77709932347298 25.871036591163627
1.3378408135960538 103.77710214247239 25.39683766126613
1.3378483977476803 103.7771056945731 25.267023858772397
1.337856031864791 103.77710927007556 25.267023858772397
1.3378612019167995 103.77711169151256 25.267023858772397
1.3378654654089097 103.77711368835466 25.26702385877226
1.3378718238605851 103.77711666638858 25.26702385877226
1.3378776129198355 103.77711937774279 25.26702385877226
1.3378855978334072 103.77712311754371 25.26702385877226
1.337890119725802 103.77712523540974 25.267023858772397
1.3378981176510325 103.77712898130476 25.267023858772397
1.337903615890521 103.77713155645111 25.26702385877226
1.3379083471853492 103.77713377239253 25.26702385877226
1.3379138102867758 103.77713633108166 25.26702385877226
1.3379193331057149 103.77713891773999 25.26702385877226
1.337924637743345 103.7771414022113 25.26702385877226
1.3379294306709013 103.7771436470189 25.26702385877226
1.337934534019511 103.7771460372148 25.26702385877226
1.337942432169732 103.77714973637937 25.26702385877226
1.3379488049100223 103.77715272110547 25.26702385877226
1.337956396431994 103.7771562766581 25.267023858773
1.3379635036227235 103.7771596053702 25.26702385877226
1.3379696108066392 103.77716246572074 25.26702385877226
1.3379771514052472 103.777165997423 25.267023858772397
1.337985219306354 103.7771697760918 25.26702385877226
1.3379923114031773 103.7771730977345 25.26702385877226
1.3379971822210823 103.77717537902271 25.26702385877226
1.3380028678149254 103.777178041918 25.26702385877226
1.3380095267536696 103.77718116068752 25.26702385877226
1.3380176266948596 103.77718495436254 25.26702385877226
1.3380219798857795 103.77718699321582 25.267023858772397
1.338027861721049 103.77718974802244 25.26702385877226
1.3380325558261088 103.7771919465457 25.267023858773
1.3380387692444482 103.777194856652 25.267023858772397
1.33804551531353 103.77719801622975 25.26702385877226
1.3380514648737338 103.77720080275587 25.26702385877226
1.3380572411276261 103.77720350811258 25.267023858772397
1.3380613785650703 103.77720544591591 25.26702385877226
1.3380677615120327 103.77720843542235 25.267023858772117
1.3380720622759479 103.777210449721 25.267023858772397
1.3380786576014538 103.77721353869671 25.267023858772397
1.3380848817187991 103.77721645381398 25.267023858772397
1.3380925750297863 103.77722005704032 25.267023858772117
1.3380981660340348 103.77722267563381 25.26702385877254
1.338103879281543 103.77722535148091 25.26702385877226
1.3381087888579717 103.77722765092199 25.26702385877226
1.338115514624169 103.77723080099067 25.26702385877226
1.3381210374949108 103.77723338767323 25.267023858773
1.338127533214422 103.77723642999763 25.26702385877226
1.3381354849068485 103.7772401542391 25.26702385877226
1.3381427953881928 103.77724357816399 25.267023858772397
1.338150276207294 103.77724708186798 25.26702385877226
1.3381567100973415 103.77725009523402 25.26702385877226
1.3381620415194981 103.77725259225005 25.26702385877226
1.3381661254157806 103.77725450497694 25.26702385877226
1.3381722619168757 103.77725737905837 25.26702385877226
1.338176669010778 103.77725944315755 25.26702385877226
1.3381833320326308 103.7772625638394 25.26702385877226
1.3381906851155236 103.77726600771707 25.26702385877226
1.3381982689158585 103.77726955965319 25.26702385877226
1.3382057969157133 103.77727308545468 25.267023858772397
1.3382138383220643 103.77727685171439 25.267023858772397
1.338218308835955 103.77727894551683 25.267023858772397
1.3382228085992105 103.77728105301846 25.26702385877226
1.3382309260840939 103.77728485491016 25.26702385877226
1.33823840193131 103.77728835628554 25.267023858772397
1.3382425014080448 103.77729027630963 25.26702385877226
1.3382492814626978 103.77729345180474 25.26702385877226
1.338256887427006 103.77729701412153 25.267023858772397
1.3382635957804883 103.7773001560348 25.26702385877226
1.338267899631451 103.77730217177927 25.26702385877226
1.3382723508384426 103.77730425653915 25.267023858772397
