480492093#0
1.3403525515229981 103.77354419750421 93.88022505561064
1.3403520806497435 103.773551146813 93.88022505561064
1.3403516546579393 103.77355743374571 93.88022505561064
1.3403512965407527 103.7735627189614 93.88022505561064
1.3403507299283075 103.77357108122094 93.88022505561064
1.3403503922919136 103.77357606417365 93.88022505561064
1.3403499800114824 103.77358214874823 93.88022505561064
1.3403496459481559 103.77358707896808 93.88022505561064
1.340349196164883 103.77359371702185 93.88022505561126
1.3403486933044078 103.77360113840662 93.88022505561064
1.3403483362831587 103.7736064074466 93.88022505561064
1.3403479919742503 103.7736114888734 93.88022505561128
1.3403474570113993 103.77361938403493 93.88022505561126
1.3403469826877956 103.77362638426173 93.88022505561064
1.3403464405080123 103.77363438593241 93.88022505561126
1.3403461301065909 103.77363896694028 93.88022505561128
1.3403457145491677 103.77364509987532 93.88022505561064
1.3403452699130767 103.77365166196279 93.88022505561064
1.3403448979948722 103.77365715085523 93.88022505561126
1.3403445488153722 103.77366230416217 93.88022505561064
1.3403439858540063 103.77367061253244 93.88022505561128
1.3403435665483103 103.77367680078447 93.88022505561126
1.3403431386419413 103.77368311596781 93.88022505561064
1.340342550975513 103.77369178894241 93.88022505561064
1.34034212486639 103.7736980776008 93.88022505561064
1.3403416408617337 103.77370522070017 93.88022505561064
1.3403411958844078 103.77371178782113 93.88022505561064
1.3403408665097374 103.77371664884006 93.88022505561064
1.340340464147445 103.77372258703399 93.88022505561126
1.3403400244006403 103.77372907696046 93.88022505561064
1.3403396970402872 103.77373390825092 93.88022505561128
1.3403393166206279 103.77373952260767 93.88022505561128
1.340338981964035 103.77374446157809 93.88022505561064
1.3403385733536732 103.77375049198194 93.88022505561064
1.3403382025632298 103.77375596422702 93.88022505561064
1.34033766674968 103.77376387193604 93.88022505561064
1.3403372603588686 103.77376986958231 93.8802250556113
1.3403369392109434 103.77377460918648 93.88022505561126
1.3403364392455375 103.77378198783614 93.88022505561064
1.3403360709965302 103.77378742257277 93.88022505561064
1.340335753205719 103.77379211263103 93.88022505561064
1.3403353797518072 103.77379762418296 93.88022505561064
1.3403350661669982 103.7738022521674 93.88022505561064
1.3403346362709878 103.77380859670936 93.88022505561064
1.340334103712516 103.77381645637618 93.88022505561064
1.3403336862611943 103.77382261725492 93.88022505561064
1.3403331587269962 103.77383040277121 93.88022505561064
1.3403326302570007 103.77383820209792 93.88022505561064
1.3403321901049188 103.77384469800072 93.88022505561064
1.340331677975453 103.77385225616804 93.8802250556113
1.3403313101385175 103.77385768482071 93.88022505561126
1.3403307433414864 103.77386604978838 93.88022505561064
1.3403303588304296 103.77387172452242 93.88022505561064
1.340329884838958 103.77387871983605 93.88022505561128
1.3403292793926458 103.77388765520062 93.88022505561064
1.3403289022500615 103.77389322118769 93.88022505561064
1.3403284933605355 103.77389925570573 93.88022505561126
1.3403280299061162 103.77390609550902 93.88022505561064
1.3403275506484968 103.77391316854052 93.8802250556113
1.3403271118036189 103.77391964514803 93.88022505561064
1.3403267738180151 103.7739246332432 93.88022505561064
1.3403261824036992 103.77393336151665 93.88022505561064
1.3403258329005137 103.77393851959137 93.88022505561064
1.3403255165842958 103.77394318788254 93.88022505561065
1.3403251244091083 103.7739489757233 93.88022505561064
1.3403246118205476 103.77395654066096 93.88022505561064
1.3403242009627128 103.77396263257636 93.87779689037177
1.3403237449724854 103.77396940616325 93.8740331258369
1.340323158033431 103.77397812495204 93.8691885037839
1.3403225802927297 103.77398670710181 93.8644198056151
1.3403221896717386 103.773992509649 93.86119560227401
1.340321827150251 103.77399789478706 93.85820333366412
1.340321244706766 103.774006546794 93.85531176492341
1.3403207356971292 103.77401410796486 93.85531176492341
1.3403203678517657 103.77401957218657 93.85531176492341
1.3403198515559422 103.77402724159067 93.85531176492341
1.3403195346902592 103.77403194852562 93.85531176492341
1.340319167349011 103.77403740525824 93.85531176492341
1.3403187938433019 103.77404295356168 93.85531176492341
1.3403182721024225 103.77405070384908 93.85531176492341
1.340317894685539 103.77405631025124 93.85531176492404
1.3403174717606385 103.77406259265959 93.85531176492341
1.340317079291721 103.77406842265424 93.85531176492341
1.3403166307350136 103.774075085814 93.85531176492341
1.3403161906613028 103.7740816229614 93.85531176492341
1.3403158236134416 103.77408707533408 93.85531176492341
1.3403153466058817 103.77409416112087 93.85531176492341
1.3403150422151011 103.77409868274329 93.85531176492341
1.3403146977227638 103.7741038000607 93.85531176492404
1.340314234735617 103.7741106775782 93.85531176492341
1.3403136681906567 103.77411909341157 93.85531176492341
1.340313181092945 103.77412632908265 93.85531176492404
1.3403127215306665 103.77413315572392 93.85531176492341
1.3403121400983926 103.77414179270203 93.85531176492341
1.3403116448169905 103.77414914993793 93.85531176492341
1.340311154712996 103.77415643026488 93.85531176492404
1.3403106125762805 103.77416448351967 93.85531176492404
1.340310096383674 103.77417215138323 93.85531176492341
1.3403096034505841 103.7741794737343 93.85531176492341
1.340309107225038 103.77418684499334 93.85531176492404
1.3403087203259385 103.77419257118893 93.85710354897363
1.340308219319557 103.77419994456243 93.86296672478572
1.340307689782066 103.7742077378314 93.86916379427247
1.3403073651704134 103.7742125151812 93.87296265828067
1.340307024323767 103.77421753146325 93.87695151697164
1.3403066081650397 103.77422365612222 93.88182173732598
1.3403062512375332 103.7742289090679 93.88599878658144
1.3403059367460985 103.77423353747655 93.88967921496909
1.340305445295974 103.77424077020748 93.89096311003952
1.3403051009223703 103.77424583839526 93.89096311003951
1.34030479072376 103.77425040362542 93.89096311003951
1.3403043315181815 103.77425716180873 93.89096311003952
1.3403037933418336 103.7742650822139 93.89096311003951
1.340303427961367 103.77427045956136 93.89096311003951
1.340303068776203 103.77427574573164 93.89096311003951
1.3403024780264465 103.77428443986484 93.89096311003951
