136100339
1.3440619185908276 103.77554116410151 283.88596240791406
1.3440628707991893 103.77553259917698 280.60416949605366
1.3440635825191292 103.77552619739771 278.1681213966574
1.3440645561779268 103.77551743953023 276.33217049725556
1.3440654016590399 103.77550983459534 276.33217049725556
1.3440663319587556 103.77550146673363 276.33217049725556
1.3440662108085104 103.77549392291257 275.1164408446919
1.344063758830258 103.7754888565882 271.21218132899014
1.3440599103045847 103.77548090469087 264.88660300791514
1.3440565163703857 103.77547389207915 259.20959277945695
1.3440526081696846 103.77546581688024 252.70652045120852
1.3440503701369 103.77546119261419 249.0591407803045
1.344047956156361 103.77545620480154 245.22685392013346
1.3440453430292152 103.77545080550841 244.34722489952614
1.3440426085830666 103.77544515554365 244.34722489952497
1.3440401695493065 103.77544011596562 244.34722489952614
1.3440334516124806 103.77543467454873 239.5889821505643
1.3440269213839802 103.7754303458958 234.25258758713628
1.3440213616241277 103.77542666053155 229.63309376144016
