632125304#0
1.3422441468986315 103.77772182609522 138.51110531728608
1.3422382910131687 103.77772697686824 138.51110531728608
1.3422318417318047 103.77773264958573 138.51110531728523
1.3422283627736022 103.77773570963937 138.5111053172856
1.3422246568508767 103.77773896932851 138.5111053172866
1.3422206707977633 103.77774247541726 138.51110531728472
1.34221711436141 103.77774560361976 138.51110531728472
1.3422112950055227 103.77775072226149 138.5111053172866
1.3422065431566745 103.77775490193568 138.51110531728523
1.3422012166441593 103.77775958707768 138.5111053172857
1.3421959541050328 103.77776421594933 138.5111053172856
1.3421917247305024 103.77776793606073 138.51110531728472
1.3421869006475244 103.77777217927112 138.51110531728472
1.342182916863406 103.77777568336381 138.5111053172857
1.342176693514094 103.77778115735337 138.51110531728472
1.342170549257958 103.77778656177338 138.5111053172866
1.3421662531579985 103.77779034057556 138.51110531728472
1.342160131199458 103.7777957296444 138.50703678289977
1.342155694149177 103.77779967193229 138.46931932435484
