136466925#0
1.3401372999321146 103.77589057014242 266.81764939010117
1.3401369127039044 103.7758837121067 266.81764939010117
1.3401366216938557 103.77587855815054 266.81764939010117
1.3401362301089874 103.77587162295646 266.8176493901011
1.3401359411801423 103.77586650586004 266.8176493901005
1.3401356682760033 103.77586167257057 266.81764939010117
1.3401353065570956 103.77585526632065 266.8176493901005
1.3401348666210144 103.77584747479997 266.8176493901011
1.3401344228064322 103.77583961458923 266.81764939010117
1.3401339984934633 103.77583209976366 266.81764939010117
