135856653
1.3425802336531445 103.77957885115819 98.19688062172015
1.3425794675765177 103.77958415403576 98.19688062172015
1.3425786547938872 103.77958978021799 98.19688062172035
1.34257773063046 103.77959617739178 98.19688062172015
1.3425769824446756 103.77960135642644 98.19688062171888
1.3425759699652902 103.77960836493398 98.19688062172015
1.3425749245859615 103.77961560117882 98.19688062172015
1.3425742360048718 103.77962036762206 98.19688062172035
1.3425732274898046 103.77962734868765 98.19688062172035
1.3425721240649786 103.7796349867301 98.19688062172035
1.3425714522623196 103.77963963703068 98.19688062171907
1.3425702264085022 103.77964812254132 98.19688062172015
1.3425691484462146 103.77965558432844 98.19688062171907
1.3425679522046747 103.7796638648588 98.19688062172015
1.342566952783535 103.77967078297411 98.19688062172015
1.3425659600058104 103.77967765510272 98.19688062172015
1.3425652750779677 103.77968239625676 98.19688062172015
1.3425639970561207 103.77969124287964 98.19688062172015
1.3425632034725052 103.77969673616192 98.19688062171888
1.3425623349235634 103.77970274836322 98.19688062171907
1.3425613162922252 103.77970979945293 98.19688062172035
1.3425605990119298 103.77971476455406 98.19688062171888
1.3425594920518749 103.77972242706555 98.19688062171888
1.3425584973788856 103.77972931231221 98.19688062172015
1.3425577482438114 103.77973449791565 98.19688062172015
1.3425568138205481 103.77974096610617 98.19688062172015
1.342555883004413 103.77974740932758 98.19688062172015
1.3425548758449801 103.77975438100634 98.19688062172015
1.3425540604140735 103.77976002551704 98.19688062172035
1.3425532054331368 103.77976594379771 98.19688062171888
1.3425523212288226 103.77977206436597 98.19688062172015
1.3425512900649874 103.77977920220549 98.19688062172015
1.3425501094730166 103.77978737440424 98.19688062172015
1.342549275774277 103.77979314536645 98.19688062171907
1.3425483445990287 103.77979959107256 98.19688062172015
1.342547099279624 103.77980821132175 98.19688062172035
1.342546149924889 103.7798147828681 98.19688062171907
1.3425451581679553 103.77982164792733 98.19688062171888
1.3425441356610113 103.77982872584165 98.19688062172015
1.342543153626411 103.77983552360145 98.19688062172035
1.342542004835805 103.77984347566586 98.19688062171888
1.3425411050393605 103.7798497041631 98.19688062172035
1.3425398892417375 103.77985812005758 98.19688062172015
1.3425386717369392 103.77986654776912 98.19688062172015
1.342537483912332 103.77987477003063 98.19688062172015
1.3425362345744414 103.7798834180941 98.19688062171888
1.3425352805841837 103.77989002172642 98.19688062171907
1.3425344016588996 103.77989610575008 98.19688062172015
1.3425333339677241 103.77990349643314 98.19688062172015
1.3425323780307408 103.77991011354048 98.19688062172035
1.342531619265506 103.77991536580187 98.19688062172015
1.3425307752099755 103.77992120845252 98.19688062171888
1.3425296292766973 103.77992914073587 98.19688062172035
1.342528463183855 103.77993721256588 98.19688062171888
1.3425271780627084 103.77994610832337 98.19688062172035
1.3425264526622467 103.7799511296293 98.19688062171907
1.342525533004478 103.77995749560668 98.19688062171888
