720081708
1.3422377909376368 103.77892777067136 250.1640749732942
1.3422347401396686 103.77891938080164 250.1640749732942
1.3422317502993197 103.77891115856895 250.1640749732942
1.3422287805090722 103.77890299147525 250.16407497329467
1.3422257348876303 103.77889461584148 250.16407497329297
1.3422230933976926 103.77888735159262 250.1640749732942
1.342221282756519 103.77888237222552 250.1640749732942
1.342219318583279 103.77887697063649 250.1640749732942
1.3422174502415662 103.77887183258969 250.1640749732942
1.342214833064248 103.77886463520205 250.16407497329297
1.3422119694908408 103.77885676021114 250.1640749732942
1.3422098117868388 103.77885082640157 250.1640749732942
1.3422072741438 103.77884384773792 250.16407497329467
1.342205590070343 103.77883921643952 250.16407497329297
1.3422037715356219 103.778834215365 250.1640749732942
1.3422010506703141 103.77882673282974 250.1640749732942
1.3421989558242817 103.77882097188336 250.1640749732942
