135856656
1.3425168660295084 103.7800131776204 99.01683403849304
1.3425154589135286 103.78002201651734 99.01683403849285
1.3425142692084007 103.78002948973268 99.01683403849414
1.3425133573206818 103.78003521781856 99.01683403849414
1.342512411351214 103.78004115999123 99.01683403849414
1.3425114832746539 103.78004698976825 99.01683403849285
1.3425107414103408 103.78005164984009 99.01683403849285
1.342509543427294 103.78005917505305 99.01683403849414
1.342508682333023 103.7800645840759 99.01683403849414
1.3425073273020736 103.78007309579574 99.01683403849414
1.3425063946434195 103.7800789543549 99.01683403849414
1.342505302996251 103.78008581161117 99.01683403849285
1.342504439667042 103.78009123467248 99.01683403849414
1.342503233615777 103.78009881056559 99.01683403849285
1.34250240417377 103.78010402076191 99.01683403849285
1.3425013227947142 103.78011081351781 99.01683403849414
1.3425003949078123 103.78011664210221 99.01683403849285
1.3424992299182104 103.78012396006312 99.01683403849414
1.3424981932142535 103.78013047218893 99.01683403849285
1.3424973589932028 103.78013571240464 99.01683403849285
1.3424963182750338 103.78014224974575 99.01683403849285
1.3424949738696805 103.78015069471816 99.01683403849285
1.3424940568827888 103.78015645483269 99.01683403849285
1.3424928040747883 103.78016432442985 99.01683403849414
1.3424920672273135 103.78016895298637 99.01683403849414
1.342490789294433 103.78017698040684 99.01683403849414
1.3424894803671148 103.78018520252068 99.01683403849285
1.3424882283409612 103.7801930672059 99.01683403849285
1.3424869310921426 103.78020121596008 99.01683403849285
1.3424857673185564 103.78020852628059 99.01683403849414
1.3424847566723366 103.78021487472131 99.01683403849414
1.3424834332227393 103.78022318805685 99.01683403849285
1.3424825934783389 103.7802284629663 99.01683403849285
1.3424814537168772 103.78023562245248 99.01683403849285
1.3424806334765382 103.78024077484572 99.01683403849414
1.342479903409549 103.7802453608091 99.01683403849304
1.3424788507224146 103.78025197333184 99.01683403849285
1.3424774985073682 103.78026046735846 99.01683403849285
1.342476224192201 103.78026847205173 99.01683403849304
1.3424753329289485 103.78027407057945 99.01683403849285
1.342474521685921 103.78027916645487 99.01683403849414
1.3424735714988687 103.78028513511607 99.01683403849414
1.3424728342855357 103.78028976596904 99.01683403849285
1.342471921902996 103.78029549715856 99.01683403849434
1.3424709516105329 103.78030159211286 99.01683403849414
1.3424696495690192 103.78030977096994 99.01683403849285
1.3424686660658733 103.78031594890771 99.01683403849285
1.342467611697225 103.78032257199155 99.01683403849414
1.3424667279810554 103.78032812311085 99.01683403849304
1.3424654247341083 103.78033630953925 99.01683403849285
1.3424643730139452 103.78034291598603 99.01683403849285
1.3424634024840651 103.78034901243079 99.01683403849285
1.3424622231179948 103.78035642069314 99.01683403849285
1.3424611970348947 103.78036286609868 99.01683403849285
1.3424601771830031 103.78036927236238 99.01683403849414
1.3424593872688655 103.78037423425755 99.01683403849414
1.3424584507415227 103.78038011711264 99.01683403849285
1.3424573737457857 103.78038688232864 99.01683403849285
1.3424565869919036 103.7803918243722 99.01683403849414
1.3424555048954117 103.78039862162865 99.01683403849414
1.342454146789571 103.78040715265477 99.01683403849414
1.3424529332014645 103.78041477588361 99.01683403849414
1.3424521395216455 103.780421484396 98.67256950325843
1.342451293763261 103.78042971092407 98.09016581262536
1.342450751903222 103.78043498149161 97.71695340857816
1.342450075540466 103.78044156034083 97.25107128022171
1.3424492487497077 103.78044960237378 96.68161353713697
1.3424486746648552 103.78045518638534 96.28628997053708
1.3424479890114431 103.78046185560234 95.86104409080312
1.3424474491716456 103.78046710651864 95.86104409080299
1.3424465513003463 103.78047583993717 95.8610440908017
1.34244583519399 103.78048280536338 95.86104409080312
1.3424452984941664 103.78048802573728 95.86104409080312
1.3424447951151042 103.78049292200656 95.86104409080312
1.3424444546286523 103.78049817098777 95.60929488347611
1.342444202219284 103.78050343819629 95.24375262237375
1.3424439195547408 103.78050933676113 94.8343054223691
1.3424435513934636 103.78051701944747 94.30093961373213
1.3424432612934305 103.78052307317327 93.88065963373268
1.3424428577654182 103.78053149388165 93.29613808762717
1.3424425316307151 103.78053829956791 92.82387109203532
1.3424422203838957 103.78054479457765 92.75455954948762
1.342441899926867 103.780551481783 92.75455954948762
1.3424415621057164 103.78055853133743 92.75455954948768
1.3424412553622433 103.78056493237145 92.75455954948762
1.3424409100529342 103.78057213818572 92.75455954948762
1.3424406190093905 103.78057821159743 92.75455954948762
1.3424403860377927 103.78058307318048 92.75455954948762
1.342440068224583 103.78059029603659 92.71862747568424
1.3424401433604856 103.78059768330692 92.1738611789851
1.3424401901594298 103.78060228452321 91.83444519759506
1.3424402435159435 103.78060753047292 91.44740807429696
1.3424403099876665 103.78061406589612 90.96519577870365
1.3424403903056006 103.78062196266515 90.38256958906635
1.3424404585083904 103.78062866828878 89.88793854238378
1.3424405188714372 103.78063460311893 89.45031258813911
1.3424405668247992 103.78063931784321 89.44957713001237
1.3424406249425505 103.78064503192076 89.44957713001368
1.3424406994065259 103.78065235314415 89.44957713001368
1.3424407846304807 103.78066073228057 89.44957713001237
1.3424408674511041 103.78066887512645 89.44957713001237
1.3424409382682767 103.78067583780646 89.44957713001368
1.3424410146063024 103.7806833432939 89.44957713001237
1.3424411013201465 103.78069186892542 89.44957713001365
1.3424416010619304 103.78069682118455 88.87837836678644
1.3424423481697374 103.78070307297725 88.00862668768455
1.3424430562905019 103.78070899852675 87.18355071455133
1.3424439816075724 103.78071674157357 86.10493931095459
1.342444640635437 103.78072225631426 85.33679503224184
1.3424456941357847 103.78073107199826 84.1097375156545
1.3424467306772347 103.78073974577052 83.25720107109929
1.3424476202060656 103.78074718934232 83.257201071098
1.3424484328785344 103.7807539897807 83.25720107109913
1.3424491696084155 103.7807601547321 83.257201071098
1.3424501369114288 103.78076824911831 83.257201071098
1.3424509885147415 103.78077537533024 83.257201071098
1.3424518726725574 103.78078277395825 83.257201071098
1.342452818484417 103.78079068850717 83.25720107109784
1.3424537098866678 103.78079814775694 83.257201071098
1.3424545927570437 103.7808055356122 83.257201071098
1.3424559062856964 103.7808136389625 82.82156400367718
1.342457850946081 103.78082208059897 81.63898257095829
1.3424598215957764 103.78083063505335 80.43934626861098
1.3424615917060678 103.78083831898013 79.36157692028982
1.3424634489932905 103.78084638133605 78.23137653110123
1.342464713238853 103.78085186933903 77.46287588909188
1.3424665614557256 103.78085989232135 77.13639254615396
1.3424680397289732 103.78086630940393 77.13639254615298
1.3424690814420894 103.780870831409 77.13639254615268
1.3424704680587776 103.78087685061685 77.13639254615424
1.3424717358175313 103.78088235387061 77.13639254615424
1.342473591691808 103.7808904100936 77.13639254615268
1.3424748688779173 103.78089595427097 77.13639254615298
1.3424760492783854 103.78090107830857 77.13639254615424
1.3424777463881783 103.78090844534603 77.13639254615424
1.342479252616529 103.78091498378028 77.13639254615424
1.3424806616658487 103.78092110036707 77.13639254615268
1.3424825722285987 103.78092939398948 77.13639254615396
1.3424842372473345 103.78093662172218 77.13639254615268
1.3424858928932102 103.780943808768 77.13639254615424
1.3424879310274849 103.78095186834214 76.91160937036814
1.3424896906997386 103.78095866634466 76.6717468062417
1.3424910529022824 103.78096392883398 76.48605602940694
1.3424930199282434 103.7809715278898 76.21791454525432
1.3424944034069926 103.78097687257389 76.02932449561789
1.3424963556087628 103.78098441436073 75.76322203522508
1.3424980630719654 103.78099101066847 75.60525519548253
1.342500013285537 103.78099854477463 75.60525519548128
1.3425020855098797 103.78100655023543 75.60525519548128
1.342504223560523 103.7810148099979 75.60525519548287
1.34250641702897 103.7810232838517 75.60525519548128
1.3425081604933875 103.78103001924043 75.60525519548159
1.3425097966309174 103.78103634000175 75.60525519548253
1.3425119026176198 103.78104447589446 75.60525519548253
1.3425132397975794 103.7810496417166 75.60525519548128
1.3425153500768028 103.78105779419244 75.60525519548287
1.3425168790397486 103.78106370091483 75.60525519548253
1.3425185999289 103.78107034909071 75.60525519548287
1.342520175405216 103.78107643550469 75.60525519548253
1.3425217997217151 103.78108271059912 75.60525519548287
1.3425239952037793 103.78109119223278 75.60525519548253
1.3425259966478993 103.78109892425495 75.60525519548253
1.342527158834534 103.78110341403949 75.60525519548253
1.3425288318756812 103.7811098773683 75.60525519548287
1.342530355590949 103.7811157638182 75.60525519548287
1.3425321698688844 103.78112277277614 75.60525519548253
1.3425333445075893 103.78112731066597 75.60525519548159
1.342535332739881 103.7811346849363 75.50756234096082
1.3425369149997028 103.78114032093066 75.35574359468454
1.342538540735402 103.78114611178573 75.19974847938275
1.3425399789141237 103.78115123456469 75.06174787493242
1.342541779463111 103.7811576481031 74.88897556069709
1.3425431565172827 103.78116255315706 74.75684133082218
1.3425444695720525 103.78116723024576 74.63085074236683
1.3425461983062406 103.78117338798069 74.46498076182863
1.342547821961896 103.7811791714269 74.44264297675025
1.342549170900602 103.78118397633396 74.44264297675025
1.3425511025307004 103.78119085678239 74.442642976749
1.3425525913498575 103.78119615994238 74.442642976749
1.3425545221295392 103.78120303736169 74.442642976749
1.3425562052645679 103.78120903267315 74.44264297674991
1.342557671043405 103.78121425376385 74.44264297674991
1.3425591673400803 103.78121958355888 74.442642976749
1.34256096309324 103.78122598001517 74.442642976749
1.3425628331134858 103.7812326410102 74.442642976749
1.342564780533408 103.78123957770225 74.44264297674864
1.3425666550503494 103.7812462547146 74.44264297675025
1.3425684874421464 103.78125278167762 74.44264297675025
1.3425701968456614 103.78125887055756 74.442642976749
1.3425716486772008 103.78126404196846 74.44264297675025
1.3425740671640836 103.7812726565971 74.442642976749
1.3425757342179807 103.7812785946282 74.44264297675025
1.3425778867935059 103.7812862620831 74.44264297674991
1.342579456080015 103.78129185186776 74.44264297674864
1.3425807145610598 103.78129633456612 74.442642976749
1.3425830973880881 103.78130482217502 74.442642976749
1.342585516869692 103.7813134403473 74.44264297674991
1.342586948748772 103.78131854068808 74.44264297674864
1.3425883046254972 103.78132337030917 74.44264297675025
1.3425898983046147 103.78132904698035 74.44264297675025
1.3425915442995922 103.78133491000021 74.442642976749
1.3425934355164244 103.78134164649825 74.44264297675025
1.3425949121638834 103.7813469063038 74.44264297674864
1.342596341298963 103.7813519968707 74.44264297674991
1.3425977299840663 103.78135694335516 74.44264297675025
1.342599375264483 103.78136280382998 74.442642976749
1.3426011815562753 103.781369237826 74.442642976749
1.3426024166138129 103.78137363709047 74.44264297675025
1.342604856063569 103.7813819767085 74.32249856521973
1.3426065536988658 103.78138745319738 74.126482032387
1.3426085518030213 103.78139389898423 73.89575887025028
1.3426108802014178 103.7814014102843 73.62688782731468
1.342613297805675 103.78140920935822 73.34771822722075
1.3426149769169093 103.78141462608954 73.15383350048758
1.3426167679448942 103.7814204038589 72.94703919160897
1.3426182904599255 103.78142531541855 72.90990307164402
1.3426199134496448 103.78143055110468 72.90990307164363
1.3426223231057488 103.7814383245385 72.90990307164239
1.3426242202107708 103.78144444450743 72.90990307164363
1.3426266639030313 103.78145232774037 72.90990307164363
1.3426283179149872 103.78145766350289 72.90990307164363
1.3426301800562206 103.78146367068047 72.90990307164239
1.3426318430996482 103.78146903557818 72.90990307164239
1.342633796903893 103.78147533845626 72.90990307164239
1.3426364504620927 103.78148389870687 72.90990307164239
1.3426389002455112 103.78149180158995 72.90990307164239
1.3426407843236967 103.78149787953531 72.90990307164239
1.3426421689385395 103.78150234623604 72.90990307164363
1.3426438956439246 103.78150791650438 72.90990307164363
1.34264535789488 103.78151263365552 72.90990307164363
1.3426470271332989 103.78151801853829 72.90990307164239
1.3426484647436825 103.78152265620018 72.90990307164239
1.3426502611529318 103.78152845132999 72.90990307164239
1.3426522900016231 103.7815349962983 72.90990307164239
1.3426538083245358 103.78153989433503 72.90990307164363
1.3426560292835383 103.78154705904204 72.90990307164363
1.3426575144479078 103.78155185011097 72.90990307164363
1.3426599400418924 103.78155967496075 72.90990307164363
1.3426622754462525 103.78156720886318 72.90990307164239
1.3426637620173847 103.78157200447038 72.90990307164363
1.3426660077389296 103.78157924906043 72.90990307164363
1.342668340734413 103.78158677519212 72.90990307164363
1.3426709585814829 103.78159522024146 72.90990307164363
1.3426729003107774 103.78160148416725 72.90990307164363
1.342674968146748 103.78160815490725 72.90990307164363
1.3426771848588048 103.7816153059144 72.90990307164363
1.342679585888879 103.78162305152276 72.90990307164363
1.3426810208973907 103.7816276807917 72.90990307164363
1.3426824074231754 103.78163215365771 72.90990307164363
1.3426842698827568 103.78163816186347 72.90990307164363
1.3426868243283303 103.78164640238312 72.90990307164363
1.3426885760832625 103.78165205346106 72.90990307164239
1.342690812969058 103.7816592695481 72.90990307164363
1.342693188892034 103.78166693416254 72.90990307164239
1.3426952174508064 103.78167347819665 72.90990307164239
1.3426970520737442 103.78167939660302 72.90990307164239
1.342699126676659 103.78168608917346 72.90990307164363
1.3427012946279742 103.78169308288142 72.90990307164199
1.3427038932667064 103.78170146596662 72.90990307164363
1.3427054488026933 103.78170648405194 72.90990307164363
1.3427074816672875 103.7817130419767 72.90990307164363
1.3427091759637857 103.78171850769692 72.90990307164363
1.3427115209578055 103.78172607253654 72.90990307164363
1.3427136771204036 103.781733028215 72.90990307164324
1.3427156766186858 103.78173947850185 72.90990307164239
1.3427174710162575 103.78174526714353 72.90990307164363
1.3427195124162137 103.7817518526033 72.90990307164363
1.3427209485875033 103.78175648562402 72.90990307164239
1.342722810127814 103.78176249086515 72.90990307164363
1.3427254571930536 103.78177103017265 72.90990307164363
1.3427274991308786 103.78177761736775 72.90990307164363
1.3427296505902733 103.78178455787433 72.90990307164363
1.3427321999673243 103.78179278204456 72.90990307164363
1.3427335654022308 103.78179718687326 72.90990307164199
1.3427357564696978 103.78180425515377 72.90990307164363
1.3427379843434377 103.78181144216965 72.90990307164239
1.3427396805997704 103.78181691421281 72.90990307164239
1.3427420777094945 103.78182464717612 72.90990307164324
1.342743791446253 103.78183017561041 72.90990307164363
1.3427451598904636 103.78183459014717 72.90990307164239
1.3427467522251375 103.7818397269441 72.90990307164239
1.342748656108954 103.78184586878398 72.90990307164363
1.3427512641638657 103.78185428224683 72.90990307164363
1.3427538477281094 103.78186261670402 72.90990307164363
1.3427558084715074 103.78186894197042 72.90990307164363
1.3427581480915436 103.78187648947515 72.90990307164239
1.3427595136324812 103.78188089464635 72.90990307164276
1.3427616428248617 103.78188776332141 72.90990307164363
1.3427632677231516 103.78189300516733 72.90990307164363
1.3427647132377 103.78189766832976 72.90990307164363
1.3427663806743926 103.78190304740265 72.90990307164363
1.3427681850879334 103.78190886835652 72.90990307164363
1.342769636221676 103.78191354964628 72.90990307164239
1.3427710374496964 103.78191806994252 72.90990307164402
1.3427733937834134 103.78192567136524 72.90990307164239
1.3427747871764544 103.78193016638627 72.90990307164239
1.3427767564253952 103.78193651909166 72.90990307164363
1.3427793255066474 103.78194480682821 72.90990307164363
1.3427818520492314 103.78195295733705 72.90990307164239
1.3427841634713928 103.78196041387751 72.90990307164363
1.3427864200251993 103.78196769341525 72.90990307164239
1.3427883303321047 103.78197385597663 72.90990307164239
1.3427899095890126 103.78197895058614 72.90990307164239
1.3427917716517381 103.7819849575141 72.90990307164363
1.3427932062196688 103.78198958536373 72.90990307164363
1.342795733938909 103.78199773966885 72.90990307164363
1.3427979630042512 103.78200493053043 72.90990307164363
1.3428000870131074 103.78201178248467 72.90990307164324
1.342801821153219 103.78201737674046 72.90990307164239
1.342803769059255 103.78202366059524 72.90990307164363
1.3428054346550793 103.7820290337304 72.90990307164363
1.342806928866752 103.78203385398821 72.90990307164363
1.3428084139192322 103.78203864469894 72.90990307164239
1.342810966394064 103.78204687886495 72.90990307164363
1.3428124837663518 103.78205177383794 72.90990307164363
1.342814082732888 103.78205693203024 72.90990307164239
1.3428160163555276 103.78206316980776 72.90990307164363
1.342817803684641 103.78206893564914 72.90990307164239
1.3428195968815975 103.78207472041994 72.90990307164363
1.342822123898402 103.78208287245987 72.90990307164363
1.3428240715346422 103.78208915544481 72.90990307164363
1.3428261586798897 103.78209588847943 72.90990307164363
1.3428278035086167 103.7821011946213 72.90990307164363
1.3428299482166768 103.78210811335104 72.90990307164363
1.3428319861923546 103.78211468776702 72.90990307164199
1.3428339464950445 103.7821210116136 72.90990307164324
1.3428365933470099 103.78212955023669 72.90990307164363
1.3428392201955683 103.7821380243298 72.90990307164363
1.3428414492502052 103.78214521515801 72.90990307164324
1.3428432975880438 103.7821511778113 72.90990307164363
1.3428448424093657 103.78215616133421 72.90990307164239
1.3428463372165378 103.78216098351382 72.90990307164324
1.3428482271332949 103.78216708029892 72.90990307164363
1.3428502109975862 103.78217348015451 72.90990307164402
1.342851688878886 103.7821782477321 72.90990307164276
