782862908#0
1.337664882105406 103.7780742513421 254.68025981561317
1.3376626631462336 103.77806621886074 254.68025981561317
1.3376613245184634 103.77806137311926 254.6802598156135
1.3376590909099888 103.77805328760859 254.68025981561317
1.3376571383552602 103.7780462194934 254.68025981561286
1.3376542844892716 103.77804080884825 253.0091990106118
1.337649349369464 103.77803347721589 249.39161256180728
1.33764566389469 103.77802800206086 246.66785816567398
1.3376425939327592 103.77802344131402 244.3943244237756
1.3376378738069787 103.77801642907768 240.90778110995456
1.3376334876081764 103.77800991292449 237.69737654161491
1.33762893194474 103.77800314501405 236.2537050342556
1.3376250979921556 103.77799744927995 236.25370503425543
1.3376222945160117 103.77799328442545 236.25370503425492
1.3376175281630722 103.77798620351399 236.2537050342556
1.3376121368186193 103.77797931178033 235.45854691554828
1.3376079334690927 103.77797565096184 233.61093770587615
1.3376025630593045 103.77797097371685 231.2360630992706
1.3375986550372205 103.77796757010758 229.5020412786414
1.3375931091442292 103.7779627400292 227.03970881811622
1.3375876469349026 103.77795798283339 224.62067798073633
1.3375823608109627 103.77795337899542 222.293523750394
1.3375776506520525 103.77794927678204 221.2649226450179
1.337574109301506 103.7779461925176 221.26492264501712
1.3375693953330132 103.77794208698634 221.26492264501712
1.3375630684008002 103.77793657667846 221.26492264501695
1.3375581217986714 103.77793226853987 221.26492264501695
1.3375546725363983 103.77792926447779 221.2649226450179
1.3375508503552038 103.7779259356299 221.26492264501695
1.3375448915447263 103.77792117383714 220.8537616855483
1.3375399929209937 103.77791741990163 220.36121384674576
1.3375344563911917 103.77791317712305 219.80437048577622
1.3375293743908434 103.77790928266153 219.2931834828736
1.3375228846074376 103.77790430938134 218.64044207818918
1.3375161850647812 103.77789917535749 217.96683025062148
1.3375117948338648 103.7778958110159 217.67067596517867
1.3375059333689001 103.77789131923156 217.67067596517973
1.337502217401875 103.7778884715949 217.67067596517867
1.3374969477324077 103.77788443331798 217.67067596517867
1.337493362022512 103.77788168550057 217.67067596517867
1.3374878598283706 103.7778773936506 217.74693195226862
1.3374827089978818 103.77787336468461 217.82963713657432
1.33747702603851 103.77786891948882 217.92088713324708
1.337473467265683 103.77786613582613 217.97802966441847
1.337469888692756 103.77786333667586 218.03549007649204
1.3374634767013407 103.77785832123318 218.13844562960858
1.337457215624579 103.77785342383554 218.2389768530832
1.3374507721253388 103.7778483837475 218.2401754742025
1.3374448906866447 103.77784378330176 218.24017547420226
1.3374390779388585 103.77783923658589 218.2401754742025
1.3374321002829868 103.77783377868198 218.24017547420354
1.3374259694702537 103.77782898317656 218.24017547420226
1.3374191421881727 103.77782364289467 218.2401754742025
1.3374135342459412 103.77781925637717 218.2401754742033
1.337408334453869 103.77781518911365 218.24017547420354
1.3374012721514685 103.77780966499954 218.2401754742025
1.3373946862786572 103.77780451354738 218.2401754742025
1.3373895982597177 103.77780053371254 218.2401754742033
1.3373835077079455 103.7777957696992 218.2401754742033
1.337378132120047 103.77779156492866 218.2401754742033
1.3373716418723944 103.7777864882743 218.2401754742033
1.3373673413789637 103.77778312443982 218.2401754742033
1.3373626481347756 103.77777945339676 218.24017547420354
1.3373555900107936 103.77777393255106 218.2401754742025
1.3373514330485874 103.77777068098634 218.2401754742025
1.3373471175052825 103.77776730537992 218.24017547420354
1.3373421893913107 103.77776345062236 218.2401754742025
1.3373353073180556 103.77775806748312 218.24017547420354
1.337330672911371 103.77775444246261 218.24017547420226
1.3373237029589704 103.77774899058454 218.2401754742025
1.3373168844955603 103.77774365720076 218.24017547420354
1.3373106469183347 103.7777387781846 218.2401754742033
1.337304679112584 103.77773411018299 218.24017547420354
1.337299892162914 103.77773036584381 218.240175474203
1.337293331817989 103.77772523435965 218.24017547420354
1.3372871240275181 103.77772037864266 218.240175474203
1.3372822719588966 103.77771658336763 218.24017547420277
1.337277839504483 103.77771311631373 218.24017547420277
1.337274235695934 103.7777102974244 218.24017547420354
1.3372693712177368 103.77770649244265 218.24017547420354
1.3372627839060205 103.77770133986519 218.24017547420277
1.3372578917902058 103.7776975132654 218.2401754742033
1.3372530277076915 103.77769370859318 218.24017547420277
1.3372469578663235 103.77768896077966 218.24017547420354
1.337241492975696 103.77768468615697 218.2401754742033
1.3372370796988478 103.77768123410374 218.24017547420277
1.3372308791607077 103.77767638405957 218.24017547420354
1.3372261619665875 103.77767269428311 218.2401754742033
1.337220832062811 103.77766852524678 218.2401754742033
1.33721472240544 103.77766374628933 218.2401754742033
1.3372107838160168 103.77766066553535 218.240175474203
1.3372065790589514 103.77765737658578 218.24017547420277
1.3372029898103674 103.77765456908527 218.24017547420277
1.3371976805281225 103.7776504161791 218.24017547420277
1.3371910040933594 103.77764519388992 218.24017547420277
1.3371842961021307 103.7776399469174 218.24017547420277
1.33717802951933 103.77763504521336 218.24017547420354
1.3371743927892543 103.77763220057298 218.2401754742033
1.337168343546428 103.7776274688717 218.24017547420277
1.337164580540796 103.77762452545892 218.2401754742033
1.3371590478380464 103.77762019779388 218.24017547420277
1.3371532254617624 103.777615643547 218.24017547420277
1.3371481575876278 103.77761167946966 218.2401754742033
1.3371422831963675 103.77760708453683 218.2401754742033
1.3371367336408444 103.77760274368963 218.24017547420277
1.3371328313277975 103.777599691311 218.24017547420277
1.3371264623348098 103.77759470950208 218.24017547420289
1.3371209588346522 103.77759040467927 218.24017547420289
1.3371153148201025 103.77758598994649 218.240175474203
1.3371104254775403 103.77758216551611 218.24017547420343
1.3371034335796144 103.77757669647266 218.240175474203
1.3370977496926972 103.77757225055187 218.24017547420277
1.3370923076260803 103.77756799378226 218.24017547420277
1.3370863081324973 103.7775633009948 218.24017547420343
1.3370792965149925 103.77755781652681 218.24017547420277
1.3370750966258709 103.77755453138504 218.24017547420277
1.3370713339575786 103.77755158823621 218.240175474203
1.3370670555708462 103.77754824169385 218.24017547420289
1.337061630895075 103.77754389253711 218.34656597629552
1.3370547082983377 103.7775382742333 218.55080928720434
1.3370494511792914 103.77753400761299 218.70591834151773
1.3370435366412081 103.77752920743858 218.8804250267854
1.337036597963815 103.77752357608394 219.0851454547764
1.33703102386396 103.77751905220548 219.24959921402788
1.3370271555706519 103.77751591274097 219.27162418786574
1.3370219593107264 103.77751169551328 219.27162418786574
1.3370159900544605 103.77750685093024 219.27162418786565
1.3370094003037736 103.77750150276071 219.27162418786574
1.3370027670590392 103.77749611929194 219.27162418786565
1.3369967289468598 103.77749121882623 219.27162418786514
1.3369923118005564 103.77748763391865 219.27162418786526
1.3369858400091006 103.77748238148361 219.27162418786554
1.336981889760715 103.77747917550529 219.27162418786574
1.3369766744451956 103.77747494281238 219.27162418786565
1.3369711420857242 103.77747045281004 219.27162418786554
1.3369642557906058 103.7774648639684 219.27162418786514
1.3369579546851333 103.77745975006027 219.27162418786526
1.3369538882614622 103.77745644979541 219.27162418786514
1.3369493897181126 103.77745279882694 219.27162418786565
1.3369441750851716 103.77744856668804 219.27162418786565
1.3369387027960125 103.77744412543815 219.27162418786565
1.3369340383458785 103.7774403398216 219.27162418786514
1.3369284661080731 103.77743581745452 219.27162418786574
1.336923783668768 103.77743201723816 219.27162418786574
1.3369176810420382 103.77742706441326 219.27162418786565
1.336911632026625 103.77742215509873 219.27162418786565
1.3369066949683708 103.77741814823645 219.27162418786565
1.3369024139847672 103.77741467383714 219.27162418786554
1.3368974926213082 103.77741067971257 219.27162418786526
1.3368930114593416 103.77740704285074 219.27162418786565
1.3368874237855457 103.77740250795604 219.27162418786565
1.3368820877486418 103.7773981772871 219.27162418786526
1.3368767789379437 103.77739386871463 219.27162418786565
1.3368709861195391 103.77738896001074 219.47674852316362
1.3368673012338976 103.77738576189763 219.68207425328876
1.336862385794301 103.77738149578649 219.95598830197486
1.336858133053192 103.77737780483149 220.1929834671903
1.336853135379516 103.77737346734938 220.47149248097406
1.3368480900238875 103.77736908848408 220.7526465484305
1.3368420598721311 103.77736385491401 221.0886438202883
1.33683649433269 103.7773590245811 221.1660155899199
1.3368324015048454 103.7773554724149 221.1660155899199
1.3368288054341964 103.7773523513844 221.16601558992042
1.3368235971226914 103.7773478310897 221.16601558991982
1.3368173454987322 103.77734240530391 221.16601558992042
1.336813449465579 103.77733902393591 221.16601558992053
1.3368098222074838 103.7773358758378 221.16601558991982
1.336805404661359 103.7773320418486 221.16601558992002
1.3367990527799123 103.77732652904938 221.16601558992002
1.3367933968195875 103.77732162024022 221.1660155899199
1.336788969628791 103.77731777788041 221.1660155899199
1.3367844466327803 103.77731385237124 221.16601558991982
1.3367808707902114 103.77731029870294 221.59937795795935
1.3367759287260763 103.77730460694006 222.95191325788713
1.336771884713049 103.77729994946041 224.0606116263676
1.3367663708612996 103.77729359917122 225.5734975753156
1.3367616972567302 103.77728821659258 226.8555188606852
1.3367578236391147 103.77728375535693 227.9168989478246
1.3367524355529001 103.77727754991162 229.24389700837168
1.3367466901250364 103.77727093291685 229.24389700837168
1.3367423980526898 103.77726598974799 229.24389700837168
1.3367378924961366 103.77726080070993 229.24389700837168
1.3367346094070494 103.77725701958454 229.2438970083714
1.3367308543112042 103.77725269485018 229.24389700837193
1.3367257789939004 103.77724684962014 229.24389700837182
1.3367220638054789 103.77724257084708 229.24389700837122
1.3367169494846465 103.7772366806968 229.24389700837168
1.3367131968672017 103.77723235881687 229.24389700837122
1.3367079305194816 103.77722629357763 229.2438970083714
1.3367048506549102 103.77722274650547 229.24389700837193
1.3366990497723488 103.77721606564388 229.24389700837168
1.3366935756109746 103.77720976106626 229.24389700837182
1.3366899780384427 103.7772056177512 229.24389700837168
1.336685814700533 103.77720082284564 229.24389700837168
1.336680159322369 103.77719430956114 229.24389700837153
1.336675245857781 103.77718865073663 229.24389700837182
1.3366707446815786 103.77718346674361 229.24389700837168
1.3366676512646438 103.77717990406332 229.24389700837168
1.3366621142308965 103.77717352707586 229.24389700837182
1.3366584221399727 103.7771692749043 229.24389700837168
1.3366533880560902 103.77716347716293 229.24389700837122
1.3366492026854304 103.77715865688239 229.24389700837182
1.3366433587570394 103.77715192644527 229.24389700837122
1.3366375044566903 103.77714518406279 229.24389700837168
1.3366323846836303 103.77713928763349 229.2438970083714
1.3366281963223587 103.77713446390875 229.24389700837122
1.3366234805158463 103.77712903272669 229.2438970083714
1.3366183766975952 103.77712315467257 229.24389700837168
1.3366144224443919 103.77711860056951 229.24389700837182
1.336609162985184 103.77711254326412 229.2438970083714
1.3366045991652604 103.77710728712471 229.24389700837122
1.3366007148019008 103.77710281351364 229.24389700837168
1.336597632528303 103.77709926366725 229.24389700837182
1.3365945479939239 103.77709571121713 229.2438970083714
1.3365910360166349 103.77709166648214 229.24389700837182
1.3365866712413894 103.777086639582 229.24389700837168
1.336581269619076 103.77708041854785 229.24389700837122
1.336575899230944 103.77707423348605 229.24389700837168
1.336570611047585 103.77706814309927 229.24389700837168
1.3365661925046433 103.7770630542751 229.24389700837168
1.3365623759325649 103.77705865873916 229.24389700837168
1.3365579481526826 103.77705355927685 229.2438970083714
1.3365525133715568 103.7770473000539 229.24389700837168
1.3365473721239778 103.77704137889275 229.24389700837168
1.3365427332941044 103.77703603636478 229.24389700837168
1.3365384558508062 103.77703111004476 229.24389700837182
1.3365326046902641 103.77702437127881 229.24389700837153
1.3365269085755402 103.77701781107876 229.24389700837153
1.336523481385041 103.77701386399264 229.24389700837168
1.3365193206619128 103.77700907209899 229.24389700837182
1.336513964887742 103.7770029038683 229.24389700837142
1.3365099089764934 103.7769982326862 229.24389700837182
1.3365041407988938 103.77699158949162 229.24389700837168
1.336499318298498 103.77698603543094 229.24389700837142
1.3364945040161702 103.77698049083497 229.24389700837193
1.3364899094824265 103.77697519932289 229.24389700837182
1.336485735196386 103.77697039180897 229.24389700837168
1.336480335211587 103.77696417266114 229.24389700837173
1.3364766476386065 103.77695992569335 229.24389700837173
1.33647267656475 103.77695535221838 229.24389700837173
1.336469521330542 103.77695171834372 229.2438970083714
1.3364652609830692 103.77694681171315 229.24389700837173
1.3364610470639269 103.77694195855395 229.24389700837173
1.3364565538051036 103.77693678368003 229.24389700837133
1.3364520712801962 103.77693162116834 229.24389700837122
1.3364479326478607 103.7769268547168 229.24389700837182
1.336443986427979 103.77692230986618 229.24389700837173
1.3364387654819274 103.77691629691691 229.2438970083714
1.3364355809856292 103.77691262934125 229.24389700837142
1.3364315040930228 103.77690793399525 229.24389700837173
1.3364270912325518 103.77690285171597 229.24389700837168
1.3364225808919101 103.77689765716909 229.24389700837168
1.3364173033342592 103.77689157902049 229.24389700837168
1.3364126168889179 103.77688618165433 229.24389700837142
1.336406798265111 103.77687948036134 229.24389700837168
1.336403181575073 103.7768746685573 229.78363225142064
1.3363984226424221 103.77686775324406 230.98281346167383
1.3363950111727145 103.77686279595989 231.84330942239538
1.3363903724168662 103.77685605527832 233.01373935992908
1.3363860105605807 103.77684971696586 234.11389572514847
1.3363811056844228 103.7768425895789 235.34951390803855
1.3363770602086094 103.77683671100614 235.66597906158822
1.3363738944187415 103.776832110725 235.66597906158862
1.3363700614186875 103.77682654090562 235.66597906158822
1.3363657576975034 103.77682028707069 235.66597906158822
1.336362838282113 103.77681604480195 235.66597906158822
1.3363592351803524 103.77681080905305 235.66597906158822
1.336356168659678 103.7768063530223 235.66597906158862
1.336352548941844 103.77680109312823 235.6659790615881
1.3363491719840126 103.77679618599423 235.6659790615883
1.3363442105945527 103.77678897648676 235.66597906158822
1.3363392844690547 103.77678181822215 235.66597906158862
1.3363357839972443 103.77677673160727 235.66597906158822
1.3363322792595551 103.77677163879353 235.6659790615885
1.3363288445916315 103.7767666477998 235.66597906158822
1.3363246223878693 103.77676051241991 235.66597906158822
1.3363195573420104 103.77675315228711 235.66597906158822
1.3363166869549021 103.77674898126266 235.66597906158862
1.336311775865322 103.77674184484728 235.6659790615883
1.3363077393740574 103.77673597933051 235.66597906158822
1.3363045284205197 103.77673131342131 235.6659790615883
1.3363014869122036 103.77672689373681 235.66597906158802
1.3362978113791533 103.77672155273665 235.6659790615883
1.336294426724596 103.7767166344186 235.66597906158822
1.3362913467055333 103.77671215877331 235.66597906158822
1.336287955023282 103.77670723024318 235.6659790615881
1.3362837542270731 103.77670112597131 235.66597906158802
1.3362797839454215 103.77669535666539 235.6659790615883
1.3362755568949334 103.77668921424288 235.66597906158802
1.336270716933276 103.77668218118534 235.66597906158862
1.336266233487345 103.7766756661889 235.66597906158822
1.3362614918713693 103.77666877603973 235.66597906158822
1.3362586548050204 103.77666465343462 235.66597906158822
1.3362549100593453 103.77665921186023 235.6659790615885
1.3362511912275277 103.77665380794187 235.6659790615883
1.3362462904859922 103.77664668656386 235.6659790615883
1.3362412908608448 103.7766394214959 235.66597906158822
1.336238584220024 103.77663548841514 235.66597906158802
1.3362347091000615 103.77662985739103 235.66597906158822
1.336230969592565 103.77662442342849 235.66597906158822
1.3362273830936 103.77661921180609 235.66597906158822
1.3362238167262515 103.7766140294374 235.66597906158822
1.3362189464296175 103.77660695229976 235.6659790615883
1.3362152468619237 103.77660157637469 235.66597906158802
1.3362114911130372 103.7765961188115 235.66597906158822
1.3362071109263989 103.77658975386379 235.66597906158802
1.336204150625055 103.77658545218333 235.6659790615883
1.3362012237056637 103.77658119901096 235.6659790615883
1.33619808963648 103.77657664482456 235.66597906158862
1.3361935653139574 103.77657007042984 235.66597906158822
1.3361897986897904 103.77656459706363 235.66597906158822
1.3361868536380797 103.77656031754283 235.66597906158822
1.3361827138458444 103.77655430191777 235.6659790615883
1.336180066497748 103.77655045499678 235.66597906158802
1.336175099105347 103.77654323676737 235.66597906158822
1.336171841566681 103.77653850316482 235.66597906158822
1.336168475068076 103.77653361123016 235.66597906158822
1.3361658573458024 103.77652980735918 235.66597906158802
1.336161224411379 103.77652307513826 235.66597906158822
1.336157824011936 103.77651813394155 235.6659790615883
1.336153024191311 103.77651115921458 235.66597906158822
1.3361489978968524 103.77650530851585 235.66597906158822
1.3361440548846608 103.77649812571406 235.66597906158822
1.3361401376335824 103.77649213188934 235.8834513987739
1.3361369240551488 103.77648694453826 236.25679328491597
1.3361339225408337 103.77648209950061 236.605559089064
1.3361306504450823 103.77647681769105 236.9858013874079
1.3361276110039133 103.77647191143198 237.33901249634857
1.336124046749682 103.7764661580209 237.75318086441112
1.3361199215296087 103.77645949910006 238.23243799078313
1.3361155698888432 103.77645247469147 238.41518996739293
1.33611101570372 103.77644512333627 238.41518996739316
1.3361075027842833 103.7764394527898 238.41518996739325
1.336103631417217 103.77643320363798 238.41518996739325
1.33609952758812 103.77642657924656 238.41518996739316
1.3360965119417927 103.77642171139723 238.4151899673931
1.336091987498919 103.77641440805206 238.41518996739293
1.336088773804495 103.77640922051401 238.41518996739293
1.3360849904085115 103.77640311336505 238.41518996739293
1.3360824851090327 103.77639906931648 238.41518996739325
1.3360780653348672 103.7763919349274 238.41518996739293
1.3360733468390258 103.77638431834254 238.41518996739293
1.3360692947982515 103.77637777754789 238.41518996739293
1.336065013894368 103.77637086732298 238.41518996739325
1.336061064694147 103.77636449253336 238.41518996739293
1.3360581289344473 103.77635975363707 238.41518996739293
