479381297
1.343583673742349 103.775382449832 347.7716543560961
1.3435905394348755 103.77538096782976 347.77165435609555
1.3435967686462718 103.77537962321591 347.77165435609584
1.3436047196886234 103.77537790693414 347.7716543560961
1.3436132769550717 103.77537605979511 347.77165435609584
1.3436190043853857 103.77537482349376 347.7716543560959
1.3436269834371797 103.77537310116588 347.77165435609584
1.3436328243266262 103.77537184037361 347.77165435609584
1.343638349205552 103.77537064779415 347.77165435609555
1.3436467533969354 103.77536883369716 347.77165435609555
1.3436521869668265 103.77536766082729 347.77165435609555
1.3436609155718684 103.77536577670352 347.7716543560959
1.3436655162462412 103.77536478361928 347.77165435609555
1.343670133399308 103.775363786978 347.77165435609584
1.3436755651019872 103.77536261451112 347.77165435609555
1.343682442277896 103.77536113002976 347.77165435609555
1.343689008867116 103.77535971259049 347.7716543560961
