22946492
1.3441994524736995 103.77577110140123 137.39046619135158
1.3441928327444745 103.77577715760131 137.39046619135075
1.344186345283223 103.77578309279316 137.39046619135118
1.3441804655438985 103.77578951454991 136.41338569919253
1.3441748084241274 103.7757964480293 134.76192263118227
1.3441699019624043 103.77580246148705 133.32742706649148
1.3441665387689568 103.77580658348423 132.34395167718372
1.3441628903958345 103.77581105500332 131.27768843514644
1.3441594200259235 103.77581530835809 130.26468733372587
1.344154558723844 103.77582126646706 129.05962916763016
1.3441492397508676 103.77582778550658 129.05962916763016
1.3441452319020382 103.77583269760608 129.05962916763016
1.3441405183316333 103.77583847465199 129.05962916762914
1.3441373902325602 103.77584230851258 129.05962916763016
1.344134012377058 103.77584644847958 129.05962916762914
1.3441289584785638 103.77585264263824 129.05962916762914
1.3441250673858198 103.77585741163895 129.05962916762914
1.3441198536814156 103.77586380165877 129.05962916762914
1.344114942133012 103.77586982135014 129.05962916762957
1.344110160362197 103.77587568198345 129.05962916763016
1.3441065138404178 103.77588015123293 129.05962916762914
1.3441011163254877 103.77588676653433 129.05962916762914
1.3440964101515422 103.77589253451441 129.05962916762957
1.3440908614793348 103.775899335077 129.05962916762957
1.344086155326314 103.77590510303133 129.05962916762914
1.3440829749031176 103.77590900102095 129.05962916762914
1.3440777709783163 103.77591537905411 129.05962916762957
1.3440739241716697 103.77592009377636 129.05962916763056
1.3440689326368431 103.77592621150004 129.05962916762914
1.344063756292209 103.77593255573022 129.05962916762914
1.3440603001512788 103.77593679164472 129.05962916762957
1.3440554355272674 103.77594275382384 129.05962916762957
1.3440501101128774 103.77594928075662 129.05962916763016
1.3440468567754666 103.77595326811104 129.05962916762914
1.3440436104881497 103.77595724682465 129.05962916762914
1.3440379871157813 103.77596413894045 129.05962916763056
1.3440326940893315 103.77597062617771 129.05962916762914
1.3440279541785802 103.77597643550543 129.05962916762914
1.3440244595671624 103.77598071856978 129.05962916762914
1.3440198089431354 103.77598641846586 129.05962916763056
1.3440143223394174 103.77599314295493 129.05962916762914
1.3440099411312645 103.7759985126495 129.05962916763016
1.3440045075861922 103.77600517210873 129.05962916762914
1.3440001896649592 103.77601046423749 129.05962916762914
1.343996152331253 103.77601541247263 129.05962916762957
1.3439911916785545 103.77602149234552 129.05962916762914
1.3439880681660934 103.7760253205834 129.05962916762957
1.3439828734443353 103.77603139780055 129.29167825449838
1.3439770576938683 103.77603771454847 129.9420108217551
1.3439714332633372 103.77604382349516 130.57115423178067
1.3439677276539714 103.77604784832397 130.98569577399394
1.3439619463874612 103.77605412761713 131.63237701153656
1.3439577174422364 103.77605872086438 132.1052888244249
1.3439522907601964 103.77606461502734 132.48033367178
1.3439467253844006 103.77607065983172 132.48033367178
1.3439421592532024 103.77607561931167 132.48033367177905
1.343938806146722 103.77607926127101 132.48033367177905
1.343934707569328 103.7760837129197 132.48033367177948
1.3439300625168655 103.77608875811944 132.48033367177905
1.3439250510850966 103.77609420126012 132.48033367177905
1.343921618703092 103.77609792932404 132.48033367177948
1.3439177244936646 103.77610215899938 132.48033367178
1.3439128932313107 103.77610740644984 132.48033367177905
1.343909761649835 103.77611080780073 132.48033367177905
1.3439066646468538 103.77611417159436 132.48033367177905
1.3439027597158235 103.77611841291478 132.48033367178
1.3438982796543997 103.77612327891003 132.48033367177905
1.343893068479584 103.77612893900022 132.48033367177905
1.3438885165486918 103.77613388305602 132.48033367177905
1.3438846729709306 103.77613805773777 132.48033367178044
1.3438804090866359 103.77614268893319 132.48033367177905
1.3438752789915656 103.7761482609588 132.48033367177905
1.3438718255096596 103.77615201193989 132.48033367177905
1.3438671156793918 103.77615712749706 132.48033367178
1.3438625655432916 103.77616206960317 132.48033367177948
1.343858113501443 103.77616690516473 132.48033367177948
1.3438529249528521 103.77617254067908 132.48033367177905
1.3438473076424988 103.77617864189067 132.48033367178
1.3438433335355984 103.77618295834559 132.48033367177948
1.3438387270107943 103.77618796169777 132.48033367177905
1.3438326818260913 103.77619452764259 132.48033367178044
1.343828571326208 103.77619899223987 132.48033367177905
1.3438230171032843 103.77620502492908 132.48033367178044
1.3438188384543093 103.77620956354606 132.48033367177948
1.3438151423141516 103.77621357808863 132.48033367177905
1.3438117150150508 103.77621730063095 132.48033367178
1.3438072860614976 103.77622211111475 132.48033367178
1.343802410746251 103.77622740641182 132.48033367177905
1.343798897370063 103.7762312224462 132.48033367177905
1.343794650296758 103.77623583538164 132.48033367178
1.3437897828525092 103.77624112212953 132.48033367177905
1.3437842005053529 103.77624718536526 132.48033367177905
1.3437794494057351 103.77625234574596 132.48033367177948
1.3437740783824874 103.77625817945325 132.48033367177905
1.343768550355215 103.77626362930359 132.9567377542394
1.3437645047058697 103.77626705928688 133.78626120741487
1.3437601439459355 103.77627075642722 134.68143425514944
1.3437557983946624 103.77627444067335 135.5741351909172
1.3437497475947786 103.77627957066362 136.81740726023324
1.3437431213545632 103.77628518852374 138.17801041057666
1.3437367066461927 103.77629062704284 139.49287617128948
1.343731269142662 103.77629523706793 139.55470141051
1.3437277245511088 103.77629824224407 139.55470141051
1.3437239116634037 103.77630147488705 139.55470141051086
1.3437195326369484 103.77630518751386 139.55470141051086
1.3437147849450122 103.77630921270263 139.55470141051
1.34371003516136 103.77631323966479 139.55470141051086
1.3437044601239938 103.7763179662936 139.55470141051
1.3436994731590708 103.77632219434271 139.55470141051
1.343694262174381 103.77632661232025 139.55470141050952
1.34368936427449 103.77633076485816 139.55470141051
1.3436825559618768 103.77633653708229 139.55470141051
1.3436773639725228 103.77634093895506 139.55470141051086
1.3436730910545767 103.77634456162062 139.55470141051
1.3436691291233611 103.77634792062537 139.55470141050952
1.3436647114564255 103.77635166601195 139.55470141050952
1.3436589017769924 103.7763565915746 139.55470141051035
1.3436544787307598 103.7763603415218 139.55470141050952
1.3436488089514413 103.77636514847424 139.55470141051
1.3436445707494256 103.77636874170673 139.55470141051035
1.3436410741085767 103.7763717062288 139.55470141050952
1.343635952012704 103.77637604884416 139.55470141051
1.3436298944927518 103.77638118453069 139.55470141051086
1.3436235821562734 103.77638653625569 139.55470141050952
1.3436180097288013 103.776391260671 139.55470141051
1.3436134648704088 103.7763951138927 139.55470141051035
1.3436077262592154 103.77639997920181 139.55470141051
1.3436038065289295 103.77640330242734 139.55470141050952
1.3435980764887532 103.77640816046967 139.55470141051086
1.3435941222643548 103.77641151293994 139.55470141050952
1.3435900941493644 103.77641492805613 139.55470141050952
1.3435842535284297 103.7764198798509 139.55470141051086
1.3435792264108333 103.7764241419413 139.55470141051086
1.3435738950429132 103.77642866198114 139.55470141050952
1.3435676160493837 103.77643398543678 139.55470141050952
1.34356199304375 103.77643875273277 139.55470141050952
1.343557762538706 103.77644233943906 139.55470141051086
1.3435525513050013 103.77644675762653 139.55470141051
1.343545996690394 103.77645231475898 139.55470141051086
1.343541798791345 103.77645587382113 139.55470141051
1.3435354896022853 103.77646122287682 139.55470141050952
1.343529511348357 103.77646629135907 139.55470141051035
1.3435253942976098 103.77646978187633 139.55470141051
1.3435193736665734 103.77647488628664 139.55470141050952
1.3435156342550434 103.7764780566338 139.55470141051
1.3435115569154228 103.77648151348309 139.55470141051
1.3435062146610706 103.7764860427521 139.55470141051086
1.3434994907900564 103.77649174338299 139.55470141051
1.3434956228600012 103.77649502269058 139.55470141051035
1.343489175013943 103.77650048930195 139.55470141051
1.343485144503464 103.7765039064484 139.55470141051035
1.3434796452825448 103.77650856879654 139.55470141051035
1.3434738144713536 103.7765135122734 139.55470141051086
1.3434692845861536 103.77651735279947 139.55470141050952
1.3434633324484473 103.77652239913925 139.55470141051
1.3434585076718648 103.77652648967998 139.55470141050952
1.3434544470181353 103.77652993238227 139.55470141050952
1.34344773704632 103.7765356212286 139.55470141051
1.3434419351928233 103.77654054015427 139.55470141051
1.3434382740267783 103.77654364416291 139.55470141051
1.3434346347286794 103.77654672963146 139.55470141051086
1.3434284734643924 103.77655195327257 139.55470141051086
1.3434247887922615 103.77655507721005 139.55470141051035
1.3434195419903399 103.77655952555186 139.55470141051086
1.3434129601789233 103.77656510574093 139.55470141051086
1.3434072709635942 103.77656992916943 139.55470141051
1.343401250722724 103.77657503324781 139.55470141051086
1.3433953555552192 103.7765800312865 139.55470141051
1.3433885857869194 103.77658577082883 139.55470141051
1.3433839857347964 103.7765896708432 139.55470141050952
1.3433791986717674 103.77659372940903 139.55470141050952
1.343372359297066 103.77659952796485 139.55470141051
1.3433671310909225 103.77660396054037 139.55470141051086
1.3433614552789646 103.77660877260482 139.55470141050952
1.3433547897049194 103.77661442380885 139.55470141051086
1.3433488615012417 103.77661944985581 139.55470141051086
1.3433432190930568 103.77662423359972 139.55470141051086
1.343337077316941 103.77662944071746 139.55470141051086
1.3433315327203568 103.77663414153467 139.55470141051086
1.3433247490222606 103.77663989288625 139.55470141051035
1.3433199942373772 103.7766439240856 139.55470141051086
1.3433158933915226 103.77664740086266 139.55470141050952
1.3433124439373638 103.77665032537713 139.55470141051035
1.343308071860272 103.77665403210926 139.55470141051086
1.3433022021522254 103.77665900856205 139.55470141051086
1.3432965794512248 103.77666377559741 139.55470141051086
1.3432929162737013 103.77666688131058 139.55470141051035
1.3432889682220925 103.77667022854553 139.55470141051035
1.3432828315640477 103.77667543132354 139.55470141050952
1.3432761489583986 103.77668109696646 139.55470141051
1.3432714300641249 103.77668509773669 139.55470141051
1.3432645621904051 103.77669092045336 139.55470141051
1.34325970308954 103.77669504009336 139.55470141051086
1.343254116747999 103.7766997763021 139.55470141051035
1.3432502510535695 103.77670305371277 139.55470141050952
1.3432440775356842 103.7767082877409 139.55470141051086
1.3432391621184796 103.77671245512683 139.55470141050952
1.343233627231393 103.77671714771128 139.55470141051
1.3432290783321443 103.7767210043561 139.55470141051086
1.3432242865649595 103.77672506690905 139.55470141051086
1.3432187746408417 103.77672974002492 139.55470141051
1.3432121696080475 103.7767353398994 139.55470141051086
1.3432082135263617 103.77673869394191 139.55470141051086
1.3432046588045607 103.77674170770372 139.55470141051035
1.3432008875436692 103.77674490505153 139.55470141050952
1.343196852181449 103.77674832630953 139.55470141051
1.3431907730967645 103.7767534802748 139.55470141051086
1.3431863814536613 103.77675720359454 139.55470141051035
1.3431810114821114 103.77676175635996 139.55470141051
1.3431756197736293 103.77676632755433 139.55470141051
1.3431713901857043 103.77676991348045 139.55470141051035
1.343167297135963 103.77677338364686 139.55470141050952
1.343162899248052 103.77677711226087 139.55470141051035
1.3431564169618149 103.77678260806788 139.55470141051
1.3431526433412813 103.77678580741596 139.55470141051086
1.3431464070022023 103.77679109470414 139.55470141051086
1.3431421540146877 103.77679470046868 139.55470141050952
1.3431355886118184 103.77680026674336 139.55470141051
1.3431308635325998 103.77680427275625 139.55470141050952
1.3431269676503916 103.77680757575997 139.55470141051
1.3431224877047114 103.77681137394387 139.55470141050952
1.3431163960675372 103.77681653855072 139.55470141051035
1.3431100977743549 103.7768218783644 139.55470141051086
1.3431043196506889 103.77682677716834 139.55470141051035
1.343100024192174 103.77683041894034 139.55470141051086
1.3430948724140834 103.77683478671642 139.55470141050952
1.343091196805173 103.776837902968 139.55470141051
1.343085371802482 103.77684284151671 139.55470141050952
1.343079838821489 103.77684753248379 139.55470141051035
1.3430756661244307 103.77685107017611 139.55470141051
1.343070421184757 103.77685551693615 139.55470141051
1.3430640056494478 103.77686095614952 139.55470141051086
1.3430600617286013 103.7768642998809 139.55470141050952
1.3430554666073609 103.77686819571235 139.55470141051
1.3430513628292762 103.7768716749737 139.55470141051086
1.3430476591321996 103.7768748150387 139.55470141051086
1.3430409237561634 103.77688052541887 139.55470141050952
1.3430357314064618 103.77688492759187 139.55470141051
1.3430322542268434 103.77688787561097 139.55470141051086
1.3430279474622357 103.77689152696797 139.55470141051
1.3430225649807956 103.77689609033817 139.55470141051035
1.343019046498241 103.77689907337462 139.55470141051035
1.343014803311731 103.77690267082883 139.55470141050952
1.3430086908463148 103.77690785309319 139.55470141051086
1.3430040540615542 103.77691178424742 139.55470141051
1.3429978959466202 103.7769170052142 139.55470141050952
1.3429910927882436 103.776922773061 139.55470141050952
1.3429854740373557 103.7769275367446 139.55470141050952
1.3429789956955096 103.77693302920565 139.55470141051086
1.3429739750836702 103.77693728577552 139.55470141051
1.3429695393312038 103.77694104649049 139.55470141051086
1.3429648132080219 103.77694505338722 139.55470141051
1.3429600915753337 103.77694905647678 139.55470141051086
1.342953895470876 103.77695430965139 139.55470141051035
1.3429477746297036 103.77695949901629 139.55470141051086
1.3429417910526298 103.77696457200604 139.55470141051086
1.342935087466716 103.77697025543281 139.55470141050952
1.3429296459258009 103.77697486887395 139.55470141051
1.342924088374524 103.77697958067081 139.55470141051
1.3429173338396927 103.77698530729286 139.55470141051
1.3429135615447936 103.7769885055156 139.55470141051086
1.3429073446451427 103.7769937763203 139.55470141051086
1.3429031561500568 103.77699732740534 139.55470141050952
1.3428995178145544 103.77700041205469 139.55470141050952
1.3428952330904627 103.77700404472445 139.55470141051086
1.3428890227136172 103.7770093099988 139.55470141051035
1.342883468931221 103.77701401859998 139.55470141050952
1.3428795147138128 103.77701737105984 139.55470141050952
1.3428748600978486 103.77702131733072 139.55470141051
1.3428682631829367 103.77702691031912 139.55470141051
1.3428630824518388 103.77703130264022 139.55470141051
1.3428573850675167 103.7770361329896 139.55470141051035
1.3428527439917142 103.7770400677807 139.55470141051086
1.342846197967875 103.77704561762246 139.55470141051
1.3428420251204576 103.77704915544072 139.55470141051035
1.3428382424094796 103.77705236249395 139.55470141051086
1.3428333960608099 103.77705647131911 139.55470141050952
1.3428273002342972 103.77706163947495 139.55470141050952
1.3428218645261658 103.77706624027714 139.56214821385376
1.3428179486215313 103.77706950802022 139.6127117152514
1.3428137878755886 103.7770729800784 139.66643697281896
1.3428071770956542 103.77707849664026 139.7517984414211
1.342800987888038 103.77708366140847 139.83171648718513
1.3427946598986857 103.77708894198719 139.91342633392225
1.3427906446817097 103.77709229260424 139.96527235941656
1.3427858521991436 103.77709629183362 140.00277415207856
1.3427807105690008 103.77710058241952 140.00277415207938
1.3427738105648677 103.77710634033274 140.00277415207856
1.3427685544426373 103.77711072645985 140.00277415207904
1.3427645403584458 103.77711407613147 140.00277415207856
1.3427601159015923 103.7771177682507 140.00277415207987
1.3427534363401863 103.77712334220872 140.00277415207938
1.3427483826472109 103.7771275594126 140.00277415207938
1.3427437452822792 103.77713142919914 140.00277415207904
1.3427399589116817 103.77713458884824 140.00277415207987
1.3427364196742004 103.77713754226978 140.00277415207856
1.3427302513726296 103.77714268959167 140.00277415207856
1.3427261693444381 103.77714609596093 140.00277415207938
1.3427194609583828 103.77715169397219 140.00277415207856
1.342715202277143 103.77715524775472 140.00277415207856
1.3427104121054445 103.77715924505516 140.00277415207856
1.3427050655070825 103.77716370668226 140.00277415207938
1.342698796338968 103.77716893817491 140.00277415207856
1.34269363449982 103.7771732456241 140.00277415207856
1.3426890569132413 103.77717706552647 140.00277415207904
1.3426852891772143 103.77718020962507 140.00277415207938
1.3426802735577412 103.77718439505684 140.00277415207856
1.342675577651159 103.77718831369474 140.00277415207856
1.342670803529473 103.77719229760147 140.00277415207856
1.3426667338585847 103.77719569365843 140.00277415207938
1.3426625432873198 103.77719919060424 140.00277415207856
1.3426580834232502 103.77720291226936 140.00277415207856
1.3426516470952514 103.77720828325305 140.00277415207938
1.3426454159163428 103.77721348304395 140.00277415207938
1.342640371084011 103.77721769285294 140.00277415207856
1.3426337489906988 103.77722321885379 140.00277415207938
1.342628954236167 103.7772272199779 140.00277415207938
1.3426239784863385 103.77723137213883 140.00277415207856
1.3426186347130227 103.77723583140778 140.00277415207856
1.3426128278697858 103.77724067709899 140.00277415207938
1.3426071697643585 103.77724539867148 140.00277415207856
1.3426016107123124 103.77725003758596 140.00277415207856
1.3425968027423458 103.77725404973785 140.00277415207856
1.3425909778018432 103.77725891053063 140.00277415207938
1.342584949581464 103.77726394095626 140.00277415207856
1.3425782874327978 103.7772695003819 140.00277415207938
1.3425746618416585 103.77727252586288 140.00277415207938
1.3425684108298432 103.77727774220318 140.00277415207856
1.342562781045918 103.7772824401416 140.00277415207856
1.3425561678216646 103.77728795874059 140.00277415207938
1.3425501535246116 103.77729297754716 140.00277415207856
1.3425458608044294 103.77729655973339 140.00277415207856
1.3425392921303512 103.77730204115599 140.00277415207856
1.3425341967194564 103.77730629317092 140.00277415207856
1.3425292686988965 103.77731040550204 140.00277415207938
1.342524190601509 103.77731464306912 140.00277415207856
1.34252057673633 103.77731765876474 140.00277415207856
1.342515025170599 103.77732229143128 140.00277415207904
1.3425094059152152 103.77732698058337 140.00277415207856
1.3425047134805488 103.77733089632275 140.00277415207856
1.3424999473039163 103.77733487359824 140.00277415207856
1.3424951695107668 103.77733886056745 140.00277415207938
1.3424884760202267 103.77734444614629 140.00277415207856
1.3424836445932777 103.77734847787171 140.00277415207938
1.342477708134419 103.77735343172323 140.00277415207856
1.3424725813112623 103.77735770995056 140.00277415207856
1.3424670897668363 103.77736229253013 140.00277415207938
1.3424612673367857 103.77736715122684 140.00277415207938
1.3424555467587906 103.77737192493008 140.00277415207938
1.3424509639335747 103.77737574920228 140.00277415207856
1.3424442878382707 103.7773813202647 140.00277415207938
1.342440237411018 103.77738470026182 140.00277415207856
1.3424333273490432 103.77739046656441 140.00277415207856
1.3424285787297774 103.77739442918813 140.00277415207856
1.342422076926541 103.77739985480724 140.00277415207904
1.3424160010342587 103.77740492501248 140.00277415207938
1.3424104538696489 103.77740955400547 140.00277415207938
1.3424054983276508 103.77741368930171 140.00277415207856
1.3424009893429434 103.77741745195519 140.00277415207904
1.3423960206986965 103.7774215981849 140.00277415207938
1.342389219999232 103.77742727322632 140.00277415207938
1.342383898663035 103.77743171376999 140.00277415207904
1.3423792310004732 103.77743560883665 140.00277415207938
1.3423733664723267 103.77744050266254 140.00277415207938
1.342369502268747 103.77744372725945 140.00277415207856
1.342363913798491 103.77744839072074 140.00277415207938
1.3423597014474071 103.77745190583938 140.00277415207856
1.3423531544616016 103.7774573691617 140.00277415207938
1.342349054604322 103.77746079040655 140.00277415207856
1.3423444585507975 103.77746462571673 140.00277415207938
1.3423380754404328 103.77746995228827 140.00277415207938
1.3423343018167784 103.77747310129793 140.00277415207856
1.3423276900654457 103.77747861866546 140.00277415207856
1.3423208746542055 103.77748430598281 140.00277415207856
1.3423172085923165 103.77748736523434 140.00277415207856
1.342312862579433 103.77749099189063 140.00277415207856
1.3423063620333266 103.77749641645953 140.00277415207856
1.3423005475310086 103.77750126853925 140.00277415207938
1.342295343263979 103.77750561139044 140.00277415207938
1.3422888918368074 103.7775109949704 140.00277415207904
1.3422845247891508 103.7775146391796 140.00277415207938
1.3422801956194155 103.77751825178042 140.00277415207856
1.3422760601131 103.77752170277319 140.00277415207856
1.3422711858796723 103.7775257702181 140.00277415207938
1.34226722404599 103.77752907628465 140.00277415207856
1.3422605005835215 103.77753468687206 140.00277415207856
1.3422540238991307 103.77754009152832 140.00277415207856
1.3422486454928007 103.77754457969472 140.00277415207856
1.3422429597126877 103.77754932435795 140.00277415207904
1.3422381456291992 103.77755334160877 140.00277415207856
1.342234621979339 103.77755628202 140.00277415207856
1.3422295527860995 103.77756051215442 140.00277415207856
1.3422236697202414 103.77756542144827 140.00277415207938
1.3422173153547434 103.77757072403165 140.00277415207938
1.3422129780007235 103.77757458298024 139.7693506880161
1.3422071515726846 103.77758004303885 139.18635267636262
1.3422010416399364 103.7775857687751 138.5748036521958
1.3421959475779304 103.77759054251918 138.0648896144751
1.342189471351904 103.77759661151583 137.41669787806993
1.342184947348091 103.77760085104727 136.96403223454067
1.3421803787141748 103.77760513240239 136.7037507939426
1.34217537141838 103.77760982483598 136.70375079394347
1.342169905921121 103.77761494665897 136.70375079394304
1.3421650903432785 103.77761945942987 136.70375079394304
1.3421606050261214 103.7776236627071 136.70375079394304
1.3421558703465768 103.77762809966656 136.70375079394213
1.3421501690063642 103.77763344250232 136.70375079394347
1.3421460804467944 103.77763727397024 136.7037507939426
1.3421407063988415 103.77764231009404 136.7037507939426
1.3421362625791127 103.77764647448302 136.70375079394347
1.3421322357370273 103.77765024811418 136.70375079394304
1.3421274010949809 103.77765477875019 136.7037507939426
1.3421240873864893 103.77765788409012 136.70375079394347
1.342120700938509 103.77766105759557 136.70375079394213
1.3421153534230112 103.77766606885504 136.70375079394213
1.3421120367918 103.77766917693381 136.70375079394213
1.3421076949645767 103.77767324574343 136.7037507939426
1.3421024526492564 103.77767815841767 136.70375079394347
1.3420969292275764 103.77768333452204 136.7037507939426
1.3420934507146445 103.77768659430316 136.70375079394347
1.3420893844295887 103.77769040489677 136.7037507939426
1.3420846075604442 103.77769488139234 136.7037507939426
1.342081309489173 103.77769797207804 136.7037507939426
1.3420770758975626 103.77770193945776 136.70375079394213
1.3420713768445929 103.77770728014929 136.70375079394213
1.3420651705068936 103.77771309622698 136.70375079394304
1.342059460377494 103.77771844729833 136.70375079394304
1.3420557552189618 103.77772191947315 136.70375079394347
1.3420500571770948 103.77772725921693 136.7037507939426
1.3420455514245058 103.77773148164366 136.70375079394213
1.3420415207002736 103.77773525891219 136.70375079394347
1.3420373834676373 103.77773913599178 136.7037507939426
1.342032993879453 103.77774324955851 136.7037507939426
1.3420266133213132 103.77774922890107 136.70375079394304
1.3420211175650967 103.77775437907881 136.70375079394347
1.3420155344014024 103.77775961116774 136.7037507939426
1.3420109441149914 103.77776391281242 136.7037507939426
1.3420068619985825 103.7777677382413 136.7037507939426
1.3420013412792977 103.77777291181224 136.7037507939426
1.3419952859217488 103.77777858640277 136.70375079394165
1.341989445118768 103.7777840599301 136.7037507939426
1.3419844313851885 103.77778875839493 136.7037507939426
1.3419798293380452 103.77779307106056 136.7037507939426
1.3419765300018063 103.77779616293108 136.70375079394165
1.3419728131734847 103.77779964604133 136.7037507939426
1.34196881947729 103.77780338860966 136.7037507939426
1.3419646557350193 103.77780729053137 136.70375079394347
1.3419601504795262 103.77781151249155 136.7037507939426
1.3419563972956945 103.77781502967112 136.7037507939426
1.3419529678505726 103.77781824346899 136.70375079394347
1.3419483060415056 103.77782261213837 136.70375079394347
1.3419429851430167 103.77782759845289 136.7037507939426
1.3419390263178987 103.77783130834267 136.7037507939426
1.3419344012336116 103.77783564259647 136.7037507939426
1.341930809253144 103.77783900870914 136.70375079394347
1.3419247441189899 103.77784469246075 136.7037507939426
1.3419196963734896 103.77784942279821 136.7037507939426
1.3419158775121725 103.77785300152512 136.70375079394253
1.341912045333511 103.77785659273194 136.7037507939426
1.3419068441829427 103.77786146682804 136.7037507939426
1.3419025741506172 103.77786546835571 136.7037507939426
1.341898556367369 103.77786923349596 136.7037507939426
1.341893547691337 103.77787392722045 136.7037507939426
1.3418876027564346 103.77787949833069 136.7037507939426
1.3418839142643042 103.77788295488595 136.70375079394165
1.3418774303394618 103.77788903109366 136.7037507939426
1.3418711693675203 103.77789489836796 136.7037507939426
1.3418651244083655 103.77790056321255 136.7037507939426
1.341859465030001 103.77790586672208 136.7037507939426
1.3418552815376994 103.7779097871511 136.70375079394165
1.3418490787307382 103.77791559991765 136.7037507939426
1.3418444786290098 103.77791991075908 136.70375079394165
1.3418379159749518 103.77792606074495 136.70375079394347
1.3418315492443955 103.77793202712715 136.7037507939426
1.3418258487903798 103.7779373691291 136.7037507939426
1.3418203938852409 103.77794248102256 136.7037507939426
1.3418140213954182 103.7779484528017 136.70375079394347
1.3418079472939775 103.77795414495543 136.7037507939426
1.3418032659698358 103.77795853191157 136.7037507939426
1.3417975052482898 103.77796393039105 136.7037507939426
1.3417934685316069 103.77796771327343 136.7037507939426
1.3417883685152 103.77797249259375 136.7037507939426
1.3417825206041778 103.77797797277995 136.70375079394347
1.3417782970518732 103.77798193074936 136.7037507939426
1.3417742695587302 103.77798570498804 136.7037507939426
1.3417688626728905 103.77799077188122 136.70375079394347
1.3417650848838916 103.77799431211744 136.70375079394347
1.3417610724604216 103.77799807223397 136.7037507939426
1.3417568137579297 103.77800206314309 136.70375079394347
1.341751623957047 103.77800692660175 136.70375079394347
1.341747201535822 103.77801107093468 136.7037507939426
1.3417431362102739 103.77801488062657 136.70375079394253
1.3417386434106167 103.77801909091237 136.7037507939426
1.3417331042342886 103.77802428177706 136.70375079394347
1.341728696201695 103.77802841262597 136.70375079394165
1.3417248214327537 103.77803204374364 136.70375079394253
1.341718983669093 103.77803751441989 136.7037507939426
1.3417148429229708 103.77804139478961 136.70375079394347
1.3417088491126994 103.77804701169993 136.7037507939426
1.3417050147525356 103.77805060494963 136.7037507939426
1.3417009488464586 103.77805441518524 136.70375079394165
1.341696142750148 103.77805891906675 136.7037507939426
1.3416902600508451 103.77806443185274 136.70375079394347
1.3416856710225125 103.77806873231576 136.7037507939426
1.341679791702322 103.77807424193499 136.70375079394347
1.3416758044052635 103.77807797850446 136.7037507939426
1.34166995154548 103.77808346332706 136.7037507939426
1.3416648788774965 103.77808821701753 136.70375079394165
1.341658702506105 103.7780940050087 136.7037507939426
1.341653046283827 103.77809930555848 136.70375079394347
1.34164756532927 103.77810444186164 136.7037507939426
1.3416436906573281 103.7781080728878 136.70375079394347
1.3416396779599298 103.77811183326016 136.70375079394347
1.3416351953413936 103.77811603400419 136.7037507939426
1.3416302408235585 103.77812067697367 136.7037507939426
1.3416247690673941 103.7781258046566 136.70375079394165
1.3416187647892004 103.77813143137561 136.70375079394347
1.3416152886798398 103.77813468890132 136.7037507939426
1.3416091185239987 103.77814047106722 136.70375079394347
1.3416038977119458 103.77814536358562 136.7037507939426
1.341597350841728 103.77815127350536 136.91232759885594
1.3415909478229375 103.77815622028221 137.8886504094715
1.341585708709218 103.77816026786148 138.68819591238227
1.3415818509501996 103.77816324824826 139.27713462217278
1.341575172353032 103.7781684079284 140.2967180839913
1.3415685635031225 103.77817351372389 141.30511739056186
1.3415618915610878 103.77817866826236 142.16139836261428
1.3415562400080392 103.77818303447943 142.16139836261533
1.3415509059737594 103.77818715539118 142.16139836261428
1.341544397726654 103.77819218346377 142.16139836261428
1.3415383535052319 103.77819685304426 142.16139836261428
1.3415312406933528 103.77820234818498 142.16139836261533
1.3415265333730952 103.77820598491648 142.16139836261533
1.341520712259351 103.77821048213066 142.16139836261533
1.3415167739220746 103.7782135247694 142.16139836261613
1.3415124825003857 103.7782168401903 142.16139836261428
1.3415067473208906 103.7782212710142 142.16139836261533
1.3415017883743423 103.77822510214428 142.16139836261533
1.34149490116363 103.7782304229921 142.16139836261428
1.34149034962209 103.7782339393735 142.16139836261428
1.3414867666086852 103.77823670749974 142.16139836261533
1.34148027001654 103.77824172656747 142.16139836261613
1.3414766101879156 103.77824455403875 142.16139836261533
1.3414726152501886 103.778247640405 142.16139836261533
1.3414658780438269 103.77825284536377 142.16139836261533
1.341460810874856 103.77825676010288 142.16139836261613
1.341453668221615 103.77826227829733 142.16139836261428
1.3414494715095133 103.77826552054815 142.16139836261533
1.341444269805244 103.778269539225 142.16139836261533
1.341437909766655 103.77827445279526 142.16139836261533
1.3414309847985708 103.77827980281262 142.16139836261613
1.3414239393670748 103.77828524589626 142.16139836261533
1.341418764616 103.7782892437497 142.16139836261533
1.3414120813836892 103.77829440700926 142.16139836261428
1.3414054800778081 103.77829950697493 142.16139836261533
1.3413997431520388 103.77830393914707 142.16139836261428
1.3413958933085235 103.77830691341758 142.16139836261613
1.3413888658477282 103.77831234261726 142.16139836261428
1.3413850099838982 103.7783153215388 142.16139836261428
1.341379911079666 103.77831926079502 142.16139836261428
1.34137597314578 103.77832230312131 142.16139836261428
1.3413713567573446 103.77832586960065 142.16139836261428
1.3413649636859046 103.77833080869044 142.16139836261533
1.3413581302889348 103.77833608796207 142.16139836261533
1.3413544548855432 103.7783389274653 142.16139836261533
1.3413503742377006 103.77834208004784 142.16139836261533
1.3413466802283818 103.77834493392537 142.16139836261428
1.341340514292791 103.77834969753681 142.16139836261507
1.3413345418992735 103.77835431162353 142.16139836261533
1.3413284867956847 103.77835898960947 142.16139836261428
1.3413217976014364 103.77836415747419 142.16139836261428
1.3413179848906136 103.7783671030567 142.16139836261507
1.341310995350278 103.7783725029594 142.16139836261613
1.3413046203761465 103.77837742806723 142.16139836261533
1.3413007828348849 103.77838039283287 142.16139836261533
1.34129375647712 103.77838582117943 142.16139836261428
1.341287751343191 103.77839046055999 142.16139836261533
1.3412820546248259 103.77839486166819 142.16139836261533
1.341277025764077 103.77839874681024 142.16139836261533
1.3412707199645193 103.77840361847562 142.16139836261533
1.3412652753892345 103.77840782478575 142.16139836261533
1.3412581749310153 103.77841331037965 142.16139836261533
1.3412544337937409 103.77841620066633 142.16139836261533
1.3412474071433798 103.77842162923847 142.16139836261428
1.3412402810051323 103.77842713467179 142.16139836261533
1.3412342442013712 103.77843179851902 142.16139836261533
1.3412278128561788 103.77843656534561 142.36416044827965
1.3412240144811496 103.77843937175129 142.49285801000113
1.3412194198674914 103.77844276645286 142.64853765863717
1.3412143261961187 103.77844652988006 142.82112904505576
1.3412100507046811 103.7784496888001 142.96599715299004
1.3412029061032142 103.77845496754405 143.20807410504221
1.3411986487956897 103.77845811302899 143.35231556598262
1.3411941055374872 103.77846146978673 143.39348975848455
1.3411871942957114 103.77846657611418 143.39348975848378
1.3411799514830487 103.77847192742067 143.39348975848378
1.3411733724976318 103.7784767882625 143.39348975848378
1.3411668727765025 103.77848159054035 143.39348975848455
1.3411598870965709 103.77848675186573 143.39348975848455
1.341155861894222 103.77848972586096 143.39348975848378
1.3411509604444636 103.77849334726601 143.39348975848378
1.3411440898318872 103.77849842357446 143.39348975848455
1.3411372191200606 103.77850349995617 143.39348975848378
1.3411323037802176 103.77850713162368 143.39348975848378
1.3411278015345491 103.7785104580792 143.39348975848455
1.3411233447357174 103.77851375095656 143.39348975848378
1.3411183752332048 103.77851742264173 143.39348975848378
1.3411125954655274 103.77852169298609 143.39348975848455
1.341105820836304 103.7785266983775 143.39348975848378
1.3410994154824805 103.77853143093209 143.39348975848378
1.3410922525100368 103.77853672324827 143.39348975848378
1.3410881651901658 103.77853974313827 143.39348975848378
1.3410817346898747 103.77854449427201 143.39348975848378
1.3410774790554636 103.77854763852004 143.39348975848378
1.341072132631184 103.77855158869113 143.39348975848455
1.3410658972571163 103.77855619565699 143.3934897584848
1.3410604901708818 103.77856019064767 143.39348975848455
1.3410538946962525 103.77856506367141 143.39348975848378
1.3410481740574758 103.77856929032828 143.3934897584848
1.3410430126880812 103.77857310377254 143.39348975848455
1.3410376910080766 103.77857703566123 143.39348975848378
1.341031712778347 103.77858145263737 143.39348975848455
1.3410265721149026 103.77858525078307 143.39348975848378
1.341021026690059 103.77858934798407 143.39348975848455
1.3410159499769478 103.77859309888039 143.39348975848455
1.341009392177718 103.77859794406751 143.39348975848378
1.3410044809015604 103.77860157273174 143.39348975848455
1.3409981278702132 103.77860626662734 143.39348975848378
1.3409915080965293 103.77861115760369 143.39348975848378
1.3409864596155332 103.77861488764073 143.39348975848378
1.3409793288095517 103.77862015618985 143.39348975848455
1.3409741806659852 103.77862395986182 143.3934897584848
1.3409680827491939 103.77862846526743 143.39348975848378
1.34096245135507 103.77863262598582 143.39348975848455
1.340956548320147 103.77863698740418 143.39348975848378
1.3409499672645409 103.77864184977356 143.39348975848378
1.3409460109597335 103.77864477286317 143.39348975848378
1.3409421534275197 103.77864762297529 143.39348975848455
1.3409365353767417 103.77865177383482 143.39348975848378
1.3409301592917209 103.77865648476289 143.39348975848378
1.3409242402638364 103.77866085799728 143.39348975848378
1.340917094639275 103.7786661374944 143.39348975848378
1.3409107945040557 103.7786707923073 143.39348975848455
1.3409044120051405 103.778675507974 143.39348975848378
1.3408988959495758 103.77867958347478 143.39348975848378
1.3408942568968876 103.778683092251 143.3105270373863
1.34088910082241 103.77868715613297 143.05077239935508
1.3408821310708658 103.77869264950729 142.69961360967196
1.3408778558849768 103.77869601909602 142.48420668320833
1.340872551675705 103.77870019973379 142.2169532757576
1.3408676377990505 103.77870407272165 141.9693775417535
1.340863925870645 103.77870699836559 141.78237215560847
1.3408601460315541 103.77870997753494 141.6048354967538
1.340853379483818 103.7787153107491 141.6048354967538
1.3408496614019543 103.77871824124298 141.6048354967538
1.3408451817527298 103.77872177198411 141.6048354967538
1.3408383205994017 103.77872717976376 141.6048354967546
1.3408318349851907 103.77873229155334 141.6048354967546
1.3408247595127898 103.77873786825347 141.6048354967538
1.340819129356987 103.77874230579324 141.6048354967538
1.3408135399972287 103.77874671117863 141.6048354967538
1.3408090192454025 103.77875027431548 141.6048354967538
1.3408021317339343 103.77875570286956 141.6048354967546
1.3407958944325398 103.77876061894524 141.60483549675277
1.3407920517192171 103.77876364767 141.60483549675357
1.3407885011127978 103.77876644616384 141.6048354967546
1.340783309846293 103.77877053778242 141.6048354967546
1.3407783688406993 103.77877443215196 141.6048354967546
1.3407719627832257 103.77877948123648 141.6048354967538
1.340766018804552 103.77878416612269 141.60483549675357
1.340762304666616 103.77878709350759 141.6048354967538
1.3407557578824834 103.77879225350897 141.60483549675277
1.3407518595183874 103.77879532609597 141.6048354967538
1.3407456626239735 103.77880021032347 141.6048354967538
1.3407390342018857 103.77880543466956 141.6048354967538
1.3407329214586874 103.7788102525712 141.6048354967538
1.3407292558919681 103.77881314167338 141.6048354967538
1.3407239333319996 103.77881733677353 141.6048354967546
1.34071960714803 103.7788207465566 141.6048354967546
1.3407154428989312 103.77882402870688 141.60483549675277
1.340709025389991 103.77882908681656 141.6048354967538
1.3407029957882273 103.77883383918805 141.60483549675482
1.3406966163456768 103.7788388672947 141.6048354967538
1.3406909897450745 103.7788433020313 141.6048354967546
1.34068559873797 103.77884755107938 141.6048354967546
1.3406807935840965 103.77885133837351 141.60483549675277
1.340675923428948 103.77885517689987 141.6048354967538
1.3406720962421448 103.7788581933864 141.6048354967538
1.340666685180274 103.77886245824095 141.6048354967538
1.3406624086785193 103.77886582886546 141.6048354967546
1.3406556070654445 103.77887118971526 141.6048354967538
1.3406488819376745 103.7788764902813 141.60483549675357
1.340642913268537 103.77888119462683 141.6048354967538
1.3406374072103788 103.77888553435467 141.6048354967538
1.340632004829888 103.77888979236651 141.60483549675357
1.3406266987620996 103.77889397446724 141.6048354967538
1.3406199850968987 103.77889926599852 141.60483549675357
1.340612717794333 103.77890422053945 142.37628638723615
1.3406085834624628 103.77890686970932 142.98472120022072
1.3406015913192104 103.77891135008865 144.01438865617277
1.340597199349733 103.77891416434578 144.6613248896192
1.3405901628358987 103.77891867315651 145.69759809301863
1.340584405307832 103.77892236242717 146.54491704854502
1.340580165264308 103.77892507933412 147.16833545853243
1.3405755685671519 103.7789280247752 147.21007950823164
1.3405710122742072 103.77893094432629 147.2100795082313
1.3405652121865115 103.7789346608679 147.21007950823167
1.3405611351507847 103.77893727332369 147.2100795082306
1.3405551040026364 103.7789411379226 147.2100795082313
1.3405503331460926 103.77894419496025 147.2100795082306
1.3405451132645343 103.7789475397211 147.2100795082313
1.3405385600790796 103.77895173882746 147.21007950823096
1.3405317013655844 103.778956133708 147.210079508232
1.3405267753504702 103.77895929016697 147.2100795082313
1.3405219382335007 103.77896238966234 147.2100795082313
1.340515349035992 103.77896661184411 147.2100795082306
1.3405087622043603 103.77897083250984 147.2100795082313
1.3405025108515656 103.7789747775328 147.27496892557562
1.3404977057400294 103.7789778026163 147.33261513452842
1.3404932688454159 103.77898059588685 147.3858440947817
1.340488253231071 103.77898375349346 147.44601600200227
1.3404826311212632 103.77898729292248 147.51346396156842
1.340478723347207 103.77898975308231 147.56034507569342
1.3404725572637215 103.77899363497276 147.63431851386483
1.3404668655873677 103.77899721819766 147.6693053423426
1.3404619065661283 103.77900034017561 147.6693053423426
1.3404553309563318 103.7790044798854 147.66930534234115
1.340451001679699 103.77900720540428 147.66930534234223
1.3404440856723785 103.77901155941304 147.66930534234146
1.3404378169130977 103.77901550594333 147.66930534234146
1.3404329882830535 103.77901854583268 147.66930534234183
1.3404276504046475 103.77902190632197 147.66930534234115
1.340423565799241 103.77902447780667 147.66930534234183
1.3404185521108685 103.77902763420038 147.6693053423411
1.340411913740933 103.7790318134208 147.66930534234183
1.3404065452879015 103.77903519315836 147.66930534234146
1.3404010379370483 103.77903866033976 147.66930534234146
1.3403964275458837 103.7790415628355 147.66930534234115
1.340391349276259 103.77904475988652 147.6693053423411
1.3403845833037364 103.77904901943961 147.6693053423422
1.3403775717080433 103.77905343362599 147.66930534234115
1.3403734007559787 103.77905605947045 147.6693053423422
1.340365922114395 103.77906076768788 147.66930534234146
1.3403591363444947 103.77906503970432 147.66930534234146
1.3403552241547754 103.77906750264351 147.66930534234115
1.340348751222847 103.7790715777111 147.6693053423422
1.340342183116555 103.77907571269617 147.66930534234146
1.3403378014790044 103.77907847117858 147.66930534234075
1.3403301595183508 103.77908328221407 147.66930534234075
1.340325890204973 103.77908596998216 147.66930534234115
1.3403219524191514 103.77908833628841 147.79050406782883
1.3403143571010814 103.77909268008253 148.2612886735708
1.3403091839979315 103.77909563860177 148.58198806967062
1.340303338386644 103.7790989817312 148.94440060173847
1.3402969605639328 103.77910262923452 149.33980256121797
1.340292745803528 103.77910503967348 149.60108112201
1.3402869756923164 103.77910833962399 149.95872758106992
1.3402794896321073 103.7791126209328 150.10387984748672
1.340272293638827 103.77911673635109 150.10387984748596
1.3402646276172985 103.7791211205804 150.10387984748596
1.3402592597587293 103.77912419048081 150.10387984748672
1.3402546792017649 103.77912681012016 150.10387984748627
1.3402480382604527 103.77913060810175 150.10387984748706
1.3402439052330617 103.77913297179707 150.10387984748672
1.340237257792778 103.77913677349538 150.10387984748735
1.3402296864378807 103.7791411035842 150.10387984748706
1.340222607262484 103.77914515219346 150.10387984748672
1.3402181488268432 103.77914770199098 150.1038798474864
1.340210566889974 103.77915203813149 150.10387984748627
1.3402056112610863 103.77915487227578 150.10387984748706
1.3401992867518884 103.77915848928822 150.1038798474864
1.3401935682811705 103.77916175970478 150.1038798474864
1.3401873680187173 103.77916530565993 150.10387984748672
1.3401805862368124 103.77916857157987 150.7800773270741
1.3401752030269634 103.7791706635895 151.87120091648728
1.3401693473339182 103.77917293921432 153.06014109419462
1.3401628745301892 103.77917545465912 154.3756668199095
1.3401563714832314 103.77917798185695 155.6973471797517
1.340148979983445 103.77918085432306 157.19782572288324
1.3401409114055576 103.7791839899135 158.66669109696147
1.340133405916706 103.77918690667767 158.66669109696196
1.340127750302675 103.7791891045481 158.6666910969617
1.3401200677645626 103.77919209011661 158.66669109696147
1.340113735198724 103.77919455106229 158.66669109696073
1.3401070761525247 103.77919713888389 158.66669109696073
1.3400998203512906 103.7791999586149 158.66669109696147
1.3400936967922106 103.77920233833679 158.66669109696147
1.3400857573801508 103.7792054237308 158.66669109696196
1.3400787230561095 103.77920815739178 158.66669109696196
1.3400711637482872 103.77921109507056 158.66669109696073
1.340066586016395 103.77921287405695 158.6666910969617
1.3400616636428777 103.77921478697706 158.66669109696147
1.3400556159269557 103.7792171372248 158.66669109696147
1.340050883245466 103.77921897642725 158.66669109696147
1.3400449150850455 103.77922129575829 158.66669109696196
1.3400398602414765 103.7792232601585 158.66669109696196
1.340032314299464 103.77922619264288 158.66669109696196
1.3400254743857498 103.77922885075233 158.66669109696196
1.3400209440820314 103.77923061130714 158.66669109696147
1.3400146016044086 103.77923307610423 158.66669109696267
1.3400065753234036 103.77923619525653 158.66669109696147
1.340002098054303 103.7792382462452 158.29799366249918
1.3399963120752143 103.77924097274789 157.73117524975427
1.3399890615078458 103.77924438940235 157.02059703824145
1.3399814927587528 103.7792479559922 156.27872136372977
1.3399745903551885 103.77925120858282 155.6022650421575
1.3399695015118318 103.77925360657703 155.1037214435197
1.339961485129076 103.77925738410327 154.6549622114376
1.3399554639375542 103.77926022144392 154.65496221143732
1.3399476162629131 103.77926391947045 154.65496221143704
1.3399409648485523 103.77926705378829 154.65496221143786
1.3399343034492244 103.77927019281123 154.65496221143786
1.3399290590045758 103.77927266412861 154.6549622114367
1.3399218158575823 103.77927607728596 154.65496221143732
1.33991376647207 103.77927987036362 154.6549622114367
1.339908291348095 103.77928245038294 154.65496221143732
1.3399010696680003 103.77928585342441 154.65496221143732
1.3398944530030097 103.77928897136715 154.65496221143786
1.339888572097147 103.77929174260123 154.65496221143732
1.3398815725209545 103.77929504098151 154.65496221143644
1.33987689443258 103.77929724541703 154.65496221143786
1.3398688186107806 103.77930105095182 154.6549622114367
1.339860680117657 103.77930488601888 154.6549622114367
1.3398529560732892 103.77930852578702 154.65496221143786
1.3398483037032611 103.77931071810325 154.65496221143786
1.3398440975351094 103.77931270015769 154.65496221143732
1.3398393786644502 103.77931492381069 154.65496221143786
1.3398341110831158 103.77931740603023 154.65496221143644
1.3398280645815221 103.77932025529698 154.65496221143786
1.3398233140969718 103.77932249384718 154.65496221143732
1.3398160364269773 103.77932592327198 154.65496221143704
1.3398078575428862 103.77932927884599 155.22868330216795
1.3398012363939786 103.77933097240407 156.8754018650224
1.3397942155021063 103.7793327682084 158.62736479264584
1.3397880450878528 103.77933434647748 160.16952622544048
1.3397808345791877 103.77933619078196 161.97139340582353
1.3397745117266926 103.77933780804165 163.5485576556249
1.3397682608115946 103.77933940690116 165.10269652571503
1.339759668740367 103.77934160458173 165.592203614974
1.3397520925239879 103.7793435424268 165.59220361497384
1.3397436342817701 103.7793457058765 165.59220361497384
1.3397387477110076 103.77934695576383 165.59220361497367
1.3397323715827676 103.77934858665022 165.5922036149735
1.339726191776831 103.77935016732127 165.59220361497384
1.3397188046496877 103.77935205680096 165.59220361497367
1.3397130102144938 103.77935353890182 165.59220361497367
1.3397042955232272 103.77935576794583 165.5922036149735
1.3396964340340103 103.77935777875776 165.592203614974
1.339690112943096 103.77935939556656 165.5922036149735
1.3396847517758816 103.77936076684601 165.59220361497367
1.3396787712142066 103.7793622965542 165.5922036149735
1.3396717629898418 103.77936408911792 165.59220361497367
1.3396659190792473 103.77936558387341 165.59220361497367
1.3396577883430871 103.77936766355315 165.59220361497367
1.3396524427983363 103.77936903083659 165.59220361497367
1.3396466222129915 103.77937031681907 165.84216582689444
1.3396415658486687 103.77937127030327 166.2611456371129
1.3396335455329622 103.77937278270304 166.9259641384341
1.3396287136800273 103.77937369385086 167.32656310031487
1.3396203900039312 103.77937526345556 168.01666516224827
1.3396119768042616 103.77937684994178 168.7140179423661
1.3396052637323088 103.77937811583305 169.2701893672777
1.3395988809960513 103.77937931943252 169.28222126512748
1.3395940800670616 103.77938022474889 169.2822212651262
1.3395872378813014 103.77938151498722 169.28222126512733
1.3395818612021884 103.77938252887336 169.28222126512773
1.3395731310745589 103.77938417512287 169.28222126512645
1.3395659524877823 103.77938552879661 169.2822212651276
1.339558323190337 103.77938696746133 169.28222126512645
1.3395535542995693 103.77938786673609 169.28222126512645
1.339545358802244 103.77938941216965 169.2822212651263
1.3395372663977745 103.77939093816286 169.2822212651262
1.3395299933376164 103.7793923096514 169.28222126512645
1.3395211444282153 103.77939397829945 169.28222126512733
1.3395146796297843 103.7793951973732 169.2822212651262
1.3395089106009161 103.77939628524494 169.2822212651276
1.3395021224268209 103.77939756529793 169.28222126512605
1.3394954601583464 103.77939882160871 169.2822212651262
1.3394883926216452 103.77940015434133 169.2822212651276
1.3394808542908343 103.77940157585206 169.28222126512748
1.339474887771789 103.77940270096462 169.28222126512748
1.3394663288705377 103.77940431492527 169.28222126512773
1.33945929004267 103.77940564224414 169.28222126512773
1.3394542842146728 103.77940658619814 169.2822212651276
1.339448828541287 103.77940761497995 169.2822212651276
1.3394424903061715 103.77940881018725 169.28222126512645
1.3394371440089239 103.77940981834382 169.2822212651262
1.3394298663698057 103.77941119069547 169.2822212651276
1.3394225086913107 103.77941257814015 169.2822212651262
1.3394165347549658 103.7794137046512 169.28222126512645
1.3394092085159421 103.77941508616726 169.28222126512748
1.339402642881778 103.77941632425532 169.28222126512645
1.3393948783203429 103.7794177884262 169.28222126512733
1.3393889371553898 103.77941890875742 169.28222126512773
1.3393824613158787 103.77941902510516 170.66636802447258
1.3393766540180312 103.77941901340344 172.05775658230527
1.3393707346031862 103.7794190014758 173.4792292816236
1.3393618620252268 103.7794189835975 175.61216907614212
1.3393566389172082 103.77941897307288 176.8670026170177
1.3393491718145012 103.77941895802658 178.6570687399014
1.3393443453172436 103.77941894830111 179.81024037523014
1.3393395193976054 103.77941893857681 180.14473168966595
1.339334129822297 103.77941892771672 180.14473168966595
1.3393268803167417 103.77941891310881 180.1447316896672
1.3393222079994591 103.77941890369398 180.1447316896672
1.3393149431388691 103.7794188890551 180.14473168966725
1.3393098592068984 103.77941887881084 180.14473168966725
1.3393043405035479 103.77941886769051 180.1447316896672
1.3392971777810805 103.7794188532574 180.14473168966725
1.3392914200989738 103.77941884165546 180.14473168966595
1.3392863203013583 103.7794188313792 180.14473168966595
1.3392808689318465 103.7794188203945 180.1447316896672
1.3392745716726349 103.77941880770526 180.14473168966725
1.3392659728973275 103.77941879037836 180.14473168966725
1.3392577696742742 103.77941877384848 180.14473168966725
1.339250538718245 103.77941875927776 180.14473168966725
1.3392425860335813 103.77941874325269 180.14473168966725
1.3392336878501683 103.77941872532237 180.14473168966725
1.339226290608715 103.7794187104165 180.14473168966595
1.3392212642808345 103.77941870028815 180.14473168966725
1.3392159427922858 103.77941868956503 180.14473168966725
1.3392083101219179 103.7794186741847 180.1447316896672
1.3391997393363464 103.779418656914 180.14473168966595
1.3391930859668768 103.77941864350699 180.14473168966595
1.3391862887795623 103.77941862981017 180.14473168966595
1.3391779553687768 103.77941861301773 180.14473168966725
1.3391705230931377 103.7794185980411 180.14473168966595
1.3391633005879373 103.77941858348717 180.1447316896672
1.339155992897044 103.77941856876157 180.14473168966725
1.339148852086684 103.77941855437223 180.14473168966725
1.3391404462198682 103.77941853743366 180.14473168966595
1.339135229914982 103.77941852692233 180.14473168966595
1.3391303077718382 103.77941851700376 180.14473168966725
1.339122237504574 103.77941850074139 180.14473168966595
1.3391152313157368 103.77941848662324 180.14473168966725
1.3391090584866066 103.77941847418437 180.14473168966595
1.3391044786775066 103.77941846495558 180.14473168966725
1.3390960324794503 103.77941777135489 181.0063952679381
1.3390891823819795 103.77941695348025 182.03187010105782
1.3390802467276048 103.77941588659833 183.3708846219038
1.3390735915068177 103.77941509199118 184.36835600917053
1.339064903325341 103.7794140546565 185.66965109701053
1.339059357827917 103.77941339254593 186.4991646076332
1.3390508764044489 103.77941237989731 186.88076054686908
1.339044801807239 103.77941165461428 186.88076054686923
1.3390373704803027 103.77941076734304 186.88076054686917
1.3390312760154641 103.77941003968785 186.88076054686917
1.3390246393580976 103.77940924729702 186.88076054686917
1.3390166944143098 103.7794082987019 186.88076054686917
1.339011549476343 103.77940768441647 186.88076054686917
1.339006329471359 103.77940706116834 186.88076054686923
1.3389977344352255 103.77940603495469 186.88076054686908
1.3389889527477021 103.77940498645557 186.88076054686803
1.3389843105190042 103.77940443219163 186.88076054686934
1.338976472713798 103.77940349638834 186.88076054686923
1.3389676341305663 103.77940244109607 186.88076054686908
1.3389627157908708 103.77940185386552 186.88076054686917
1.3389581077360424 103.77940130368177 186.88076054686917
1.3389499336239299 103.7794003277247 186.88076054686908
1.3389419634524466 103.77939937611733 186.88076054686908
1.3389342218440603 103.77939845179947 186.88076054686917
1.338927936172677 103.77939770131479 186.88076054686917
1.3389211136885502 103.77939688673676 186.88076054686908
1.3389162579109846 103.77939630697584 186.88076054686917
1.3389092655090138 103.77939547211027 186.88076054686917
1.3389010166587203 103.77939448722964 186.88076054686923
1.3388961744460104 103.77939390908827 186.88076054686917
1.3388888095045028 103.77939302974288 186.88076054686908
1.3388814412114312 103.7793921499973 186.88076054686934
1.3388763739523972 103.77939154498625 186.88076054686917
1.338871283941842 103.77939093725875 186.88076054686923
1.338863052074084 103.77938995440569 186.88076054686917
1.3388561540428008 103.77938913080752 186.88076054686917
1.3388486844294984 103.77938823896463 186.88076054686917
1.3388417136228217 103.77938740667732 186.88076054686917
1.3388359410436357 103.7793867174537 186.88076054686917
1.338830258822247 103.77938603901846 186.88076054686934
1.338824153880178 103.77938473647977 187.60624441267822
1.3388177365383003 103.77938284975379 189.02697282286857
1.3388130951596158 103.7793814851686 190.05667458457154
1.3388060565390159 103.77937941578402 191.62001547098015
1.3387986945869905 103.7793772513386 193.25525484467082
1.3387907638114809 103.77937491965665 195.01392848040283
1.3387847693823325 103.77937315726881 196.33925022921
1.3387786671225892 103.77937136317831 196.51221137319018
1.338772285855264 103.77936948705836 196.51221137319035
1.3387644639650296 103.77936718738911 196.51221137319072
1.3387584782821988 103.7793654275727 196.51221137319072
1.338754031980341 103.77936412034089 196.51221137319052
1.3387481450508583 103.77936238955837 196.51221137319035
1.3387410725997397 103.7793603102274 196.51221137319035
1.3387324434093313 103.7793577732084 196.51221137319035
1.3387249751279824 103.77935557750162 196.51221137319018
1.3387177924601865 103.77935346576646 196.51221137319035
1.3387101344917565 103.77935121429084 196.51221137319072
1.338702063706426 103.77934884144531 196.51221137319072
1.3386946837749714 103.77934667171374 196.51221137319035
1.3386871188847942 103.77934444760352 196.51221137319035
1.3386798259452652 103.77934230344795 196.51221137319072
1.3386729027735682 103.7793402680057 196.51221137319018
1.3386658224441552 103.77933818635842 196.51221137319035
1.3386610724776271 103.77933678984782 196.51221137319072
1.338655986275487 103.77933529448251 196.51221137319035
1.3386499283289321 103.77933351342014 196.51221137319018
1.3386427550613995 103.77933140444861 196.51221137318947
1.3386354612970197 103.77932926005047 196.51221137319035
1.3386292810120883 103.7793274430201 196.51221137319072
1.3386207094457827 103.77932492294268 196.51221137319072
1.3386138076530263 103.77932289378586 196.51221137319018
1.3386083876663664 103.77932130028643 196.51221137319052
1.338602161290303 103.77931946970503 196.51221137319035
1.3385948319036687 103.77931731483375 196.51221137319052
1.3385890257322544 103.7793156077943 196.51221137319035
1.3385812808864461 103.77931333077625 196.51221137319072
1.3385748255426382 103.77931143287731 196.51221137318947
1.3385678558922827 103.77930938377003 196.51221137319018
1.338560625022752 103.77930725786317 196.51221137319158
1.3385527774587578 103.77930495064547 196.51221137319018
1.338545655033283 103.77930285662161 196.51221137319018
1.3385384035178327 103.77930072464474 196.51221137319035
1.3385309543863098 103.7792985345679 196.51221137319072
1.3385249539798212 103.77929677042246 196.51221137319052
1.338517500615702 103.77929457910118 196.51221137319072
1.3385114095776431 103.77929278830965 196.51221137319052
1.3385062725198626 103.77929127799244 196.51221137319035
1.3385008753698873 103.779289691207 196.51221137319072
1.338493248936674 103.77928744900264 196.5122113731893
1.3384859808277043 103.77928531214714 196.51221137319035
1.3384795930778461 103.77928343412103 196.51221137319018
1.3384716380909898 103.77928109532044 196.51221137319035
1.3384636991210501 103.7792787612289 196.51221137318947
1.3384552471968185 103.77927627632654 196.5122113731893
1.338446837011614 103.77927380369566 196.51221137319035
1.338441322866055 103.77927218251294 196.51221137319072
1.3384357186726497 103.77927053485581 196.51221137319035
1.3384306831756925 103.77926905439786 196.51221137319035
1.3384256760013908 103.7792675822669 196.51221137319052
1.3384186121828465 103.77926524473453 196.8304195454658
1.3384109696333006 103.77926252056211 197.41302969135472
1.338405539767816 103.77926058509675 197.82705975098696
1.3383986715940557 103.77925813694912 198.35080263006682
1.338393816469677 103.77925640634916 198.72102112982498
1.3383871619780356 103.7792540343681 199.22836177562968
1.3383823606361636 103.77925232293879 199.5943160947092
1.338374372915242 103.77924947573067 199.76402654205936
1.3383698748989696 103.7792478724212 199.76402654206058
1.3383645316135753 103.77924596781712 199.76402654205856
1.3383588483607618 103.77924394203232 199.76402654206058
1.3383532711592028 103.77924195404928 199.76402654205978
1.3383473449357803 103.77923984165803 199.76402654205955
1.338342283670717 103.77923803757956 199.76402654206058
1.3383339611549954 103.77923507103439 199.76402654205955
1.3383295123609247 103.77923348527008 199.7640265420608
1.338322515110084 103.77923099111311 199.76402654205936
1.3383161169919504 103.77922871051587 199.76402654205955
1.3383106252464745 103.77922675299345 199.7640265420608
1.3383057862600107 103.77922502814576 199.76402654205978
1.3382974263622502 103.77922204827581 199.76402654205978
1.3382930608699097 103.77922049220422 199.76402654205936
1.338287531084034 103.77921852112237 199.76402654205936
1.3382814314365414 103.7792163469144 199.76402654205947
1.3382758504093741 103.77921435756767 199.76402654205955
1.338268259568313 103.77921165182654 199.7640265420599
1.338259863657119 103.77920865911963 199.7640265420607
1.3382551115429433 103.77920696523738 199.76402654205936
1.3382468503421874 103.77920402054775 199.7640265420599
1.3382409461595732 103.77920191601285 199.7640265420607
1.3382362269324168 103.77920023385313 199.76402654205947
1.3382300862052405 103.77919804500233 199.76402654206058
1.3382222283094858 103.77919524407001 199.76402654205947
1.3382155384859746 103.77919284063661 199.78661466174225
1.3382094679093375 103.7791906130533 199.86295902631093
1.3382045056273497 103.77918879215602 199.9253657890767
1.3381961756854721 103.77918573550416 200.0301254822808
1.3381914262535821 103.77918399271168 200.08985572289888
1.3381854750806856 103.77918180894329 200.16469921397123
1.3381784708858913 103.77917923877106 200.2527851788071
1.3381727036186992 103.77917712248642 200.29863605762569
1.3381681056822667 103.77917543528483 200.29863605762617
1.3381628865774136 103.77917352014698 200.29863605762569
1.3381560405154613 103.77917100800121 200.29863605762569
1.338148592116877 103.77916827482949 200.29863605762492
1.3381422957128712 103.77916596437933 200.2986360576245
1.3381340959259087 103.77916295548744 200.29863605762486
1.3381293987523106 103.779161231871 200.29863605762606
1.3381242412851764 103.77915933935097 200.29863605762617
1.338117212542052 103.77915676017075 200.29863605762569
1.3381127056537543 103.77915510637904 200.29863605762486
1.3381070284925567 103.77915302315851 200.29863605762617
1.3380988811069268 103.77915003349513 200.29863605762486
1.3380910820132055 103.77914717163662 200.29863605762606
1.3380855949212758 103.77914515816155 200.29863605762563
1.338079440522864 103.77914289981996 200.29863605762492
1.3380724030895736 103.7791403174509 200.29863605762569
1.3380639597282746 103.77913721917992 200.29863605762617
1.3380577421538957 103.77913493765607 200.29863605762569
1.3380513274219026 103.7791325837857 200.29863605762563
1.3380447830933049 103.77913018236016 200.29863605762563
1.3380364277706747 103.77912711639476 200.29863605762486
1.3380299586187592 103.77912474255511 200.29863605762569
1.338021648702064 103.77912169325128 200.29863605762563
1.3380169407792457 103.7791199656904 200.29863605762486
1.3380103667971623 103.77911755338357 200.29863605762486
1.33800343334469 103.77911500916994 200.29863605762486
1.3379982412470213 103.77911310394225 200.29863605762617
1.3379913569377146 103.7791105777616 200.29863605762492
1.3379833924952382 103.77910765522867 200.29863605762569
1.33797777204043 103.77910559281635 200.29863605762606
1.3379702224641183 103.77910282251756 200.29863605762569
1.3379650034069244 103.77910090739712 200.29863605762617
1.3379602658844565 103.77909916897467 200.29863605762486
1.337954821080359 103.77909717101696 200.29863605762569
1.3379502030133488 103.77909547642838 200.29863605762563
1.3379427980997594 103.77909275921321 200.29863605762492
1.3379365897239262 103.77909048106466 200.29863605762486
1.3379309093598986 103.77908839666877 200.29863605762486
1.3379232541327906 103.77908558760163 200.29863605762569
1.3379160763549411 103.77908295373335 200.29863605762563
1.3379081572141045 103.77908004782367 200.29863605762486
1.3379021351867375 103.77907783805524 200.29863605762617
1.337897542727363 103.77907615286334 200.29863605762606
1.3378922479983 103.77907420997524 200.29863605762486
1.3378876148061492 103.77907250983654 200.29863605762606
1.3378804739725247 103.77906988952479 200.29863605762486
1.3378752858924228 103.77906798577129 200.29863605762486
1.3378688959471325 103.77906564099622 200.29863605762569
1.337864288092667 103.7790639501551 200.29863605762617
1.3378589013204523 103.77906197349199 200.29863605762486
1.3378511102695323 103.77905911458458 200.29863605762569
1.3378454498233743 103.77905703749744 200.29863605762492
1.3378405718772286 103.77905524754681 200.29863605762563
1.337832279626049 103.77905220472516 200.29863605762569
1.3378269196686807 103.77905023790167 200.29863605762486
1.3378207848575039 103.77904798674743 200.29863605762486
1.337813475555627 103.77904530461663 200.29863605762486
1.3378065354310316 103.77904275795454 200.29863605762617
1.337801693295119 103.77904098114439 200.29863605762606
1.3377971713853587 103.77903932184044 200.29863605762569
1.3377909657949962 103.77903704471395 200.29863605762617
1.337786623814875 103.77903545143474 200.29863605762569
1.337782127809528 103.77903380163634 200.29863605762492
1.3377757846487894 103.7790314740287 200.29863605762486
1.3377683754131968 103.77902875522743 200.29863605762486
1.3377632340547037 103.77902686861823 200.29863605762486
1.3377573953226736 103.7790247261095 200.29863605762569
1.3377515144583267 103.77902256814039 200.29863605762569
1.3377438501979209 103.77901975575837 200.29863605762486
1.3377386924043606 103.77901786311836 200.29863605762569
1.337732912728185 103.77901574228 200.29863605762486
1.3377256161181055 103.77901306480638 200.29863605762617
1.3377198695882422 103.77901095613097 200.29863605762563
1.3377150306370802 103.77900918048941 200.29863605762606
1.3377088912171144 103.7790069276439 200.29863605762563
1.3377004065577107 103.7790038142184 200.29863605762617
1.3376938576539645 103.7790014111138 200.29863605762617
1.337688111336483 103.77899930251631 200.29863605762606
1.3376809083294605 103.77899665939006 200.29863605762606
1.3376725418739832 103.77899358933917 200.29863605762606
1.337665960803951 103.77899117443121 200.29863605762569
1.3376601883987005 103.77898905626087 200.29863605762492
1.3376536231778158 103.77898664716871 200.29863605762563
1.3376462071688864 103.7789839258819 200.29863605762569
1.3376413143518011 103.77898213047432 200.29863605762606
1.3376350867822115 103.77897984528249 200.29863605762606
