136100332
1.34043664855908 103.77639858452214 65.84731348203535
1.3404399459553482 103.77640588082934 65.84731348203535
1.3404419771886606 103.77641037543692 65.84731348203562
1.3404454317990102 103.77641801961936 65.84731348203535
1.3404480539942067 103.77642382187678 65.84731348203535
1.340451297834045 103.77643099967723 65.84731348203502
1.3404542547066811 103.7764375424916 65.84731348203535
1.3404564605344165 103.77644192980853 65.58652716654491
1.3404594398511442 103.77644718372898 64.87889593257333
1.3404619306463783 103.77645157615892 64.28690231039283
1.3404644396525227 103.77645600070319 63.69035445767259
1.3404670650833288 103.77646063055829 63.06602251698404
1.3404711250049512 103.77646779008761 62.100700195300426
1.3404747642692165 103.77647420780248 61.235929888004954
1.340478195772451 103.7764802591381 60.6306060999016
1.340481192296605 103.77648554340337 60.63060609990194
1.3404855076595343 103.77649315339463 60.6306060999016
1.3404882207875244 103.77649793790073 60.6306060999016
1.3404911998145042 103.77650319131041 60.6306060999016
1.3404947847884567 103.77650951328638 60.6306060999016
1.3404975086323259 103.77651431668963 60.6306060999016
1.3405008141036276 103.77652014577251 60.63060609990219
1.3405030647143672 103.77652411464575 60.63060609990194
1.3405054815157107 103.77652837659029 60.6306060999016
1.340508169884044 103.77653311743374 60.63060609990194
1.3405116207510568 103.77653920291694 60.6306060999016
1.3405149606283302 103.77654509267366 60.6306060999016
1.3405185331958043 103.7765513927714 60.63060609990194
1.3405219061313385 103.77655734082525 60.6306060999016
1.340524336314021 103.77656162636742 60.6306060999016
1.340528517176835 103.77656787067222 59.915362370346145
1.3405330184784894 103.77657286455639 58.04187983594076
1.3405362216647787 103.77657641827095 56.70369131368191
1.3405408131790435 103.77658151223982 54.781490962029935
1.3405466156584975 103.77658794969116 52.35166575006101
1.3405522001380041 103.7765941452866 50.019983754095364
1.3405564427355199 103.7765988521564 48.25784131459042
1.3405602087468376 103.77660303028662 48.18172689145621
1.340565775001262 103.77660920566265 48.18172689145621
1.3405691322526798 103.77661293030195 48.18172689145665
1.3405721869807778 103.77661631931244 48.1817268914567
1.340575743784774 103.7766202653416 48.18172689145665
1.3405793316864083 103.77662424587145 48.18172689145621
1.3405837145449842 103.7766291083513 48.1817268914567
1.3405869931865402 103.77663274577841 48.18172689145621
1.3405913192510286 103.77663754524916 48.1817268914567
1.340594565319301 103.77664114653845 48.18172689145713
1.3405994348008123 103.77664654889303 48.1817268914567
1.3406026477473085 103.776650113436 48.18172689145621
1.3406081236834322 103.77665618861025 48.18172689145713
1.34061394945151 103.77666265189896 48.1817268914567
1.3406196207208856 103.77666894378203 48.18172689145713
1.3406246849479944 103.77667456219352 48.1817268914567
1.3406286771215694 103.77667899123537 48.18172689145621
1.3406324314866547 103.77668315644509 48.18172689145719
1.3406380502102153 103.77668939003225 48.18172689145665
1.340643330671131 103.77669524834032 48.18172689145621
1.3406482732741236 103.77670073181828 48.18172689145719
1.3406525863711989 103.77670551690274 48.18172689145665
1.340657910625986 103.77671142379714 48.18172689145621
1.340663749763803 103.77671790191887 48.18172689145621
1.3406678936917766 103.77672249932189 48.18172689145621
1.3406717493233498 103.77672677687991 48.18172689145621
1.340675471888107 103.77673090680943 48.18172689145621
1.34067960944589 103.77673549714521 48.18172689145665
1.340682911071056 103.77673916007124 48.18172689145621
1.3406872915386128 103.77674401989873 48.18172689145621
1.3406917295333862 103.77674894354871 48.18172689145621
1.3406976198259746 103.77675547842325 48.18172689145621
1.3407025606797687 103.77676095996078 48.18172689145621
1.3407067444723781 103.77676560159097 48.18172689145719
1.3407103640059204 103.77676961721455 48.18172689145621
1.340715780645744 103.77677562660399 48.18172689145665
1.3407203758860353 103.77678072470714 48.18172689145665
1.3407239891806475 103.77678473340909 48.18172689145621
1.3407271668319032 103.7767882587947 48.18172689145665
1.3407317702438961 103.77679336596383 48.18172689145621
1.340736861967981 103.77679901488165 48.18172689145621
1.3407415734463222 103.77680415868049 48.11009237904071
1.3407477962295087 103.77680928224 46.5757403421487
1.340753296178095 103.77681381065003 45.21637702921671
1.3407583723646082 103.77681799015349 43.96042806151004
1.3407618868118907 103.77682088379116 43.090794065779086
1.3407681486230856 103.77682603948459 41.542552004001706
1.3407742582927928 103.7768310699116 40.03526240776572
1.3407792911116425 103.77683521370808 39.6762845156685
1.3407843056951547 103.77683934249043 39.67628451566715
1.3407886868637442 103.77684294974743 39.67628451566766
1.3407945088845032 103.77684774333727 39.67628451566715
1.340798812212837 103.77685128650414 39.67628451566766
1.340802424631008 103.77685426080666 39.6762845156685
1.3408065075830238 103.7768576225256 39.6762845156685
1.3408127408828967 103.77686275474417 39.67628451566766
1.340816937411242 103.77686620997675 39.6762845156685
1.3408215088410835 103.77686997388635 39.67628451566766
1.3408280233268506 103.77687533762078 39.6762845156685
1.3408343911457266 103.77688058059628 39.6762845156685
1.3408407547228505 103.77688582007934 39.67628451566799
1.34084740488971 103.7768912955275 39.67628451566715
1.340853573289268 103.77689637431016 39.67628451566766
1.3408580361271345 103.77690004881005 39.67628451566799
1.3408631577189607 103.77690426569835 39.6762845156685
1.3408699439604024 103.77690985318422 39.6762845156685
1.3408767326335234 103.77691544267226 39.6762845156685
1.3408830260753122 103.77692062440913 39.67628451566766
1.34088725218158 103.77692410399492 39.6762845156685
1.3408931817126877 103.7769289861041 39.67628451566799
1.3408993756012402 103.77693408587332 39.67628451566766
1.3409051723534324 103.77693885865834 39.67628451566766
1.340910234030256 103.77694302621536 39.67628451566766
1.34091618242228 103.77694792385383 39.67628451566766
1.340922271364291 103.77695293721482 39.67628451566766
1.3409285980881542 103.77695814635472 39.67628451566715
1.3409350316303896 103.77696344344407 39.6762845156685
1.3409398434457693 103.77696740527647 39.67628451566766
1.3409445303481329 103.7769712642611 39.67628451566715
1.3409503271420342 103.77697603708054 39.6762845156685
1.3409552664243465 103.77698010386351 39.6762845156685
1.3409597068457801 103.77698375990686 39.67628451566766
1.3409636093746091 103.7769869730736 39.67628451566766
1.3409674896325305 103.77699016790352 39.67628451566766
1.3409717208970933 103.77699365173652 39.6762845156685
1.3409756170671794 103.7769968596678 39.67628451566766
1.3409804078414838 103.77700080417597 39.67628451566766
1.3409868431951188 103.77700610275684 39.67628451566715
1.340993427129603 103.77701152367251 39.67628451566766
1.3409977469142373 103.777015080389 39.67628451566766
1.3410031804131746 103.77701955408777 39.6762845156685
1.3410091650878055 103.77702448159985 39.67628451566766
1.3410150640431686 103.77702933853455 39.67628451566766
1.3410209051871098 103.77703414786993 39.6762845156685
1.3410262878835653 103.77703857974025 39.67628451566766
1.3410313204391409 103.77704272332032 39.67628451566766
1.3410361410442873 103.77704669238994 39.6762845156685
1.341042976243999 103.77705232018621 39.6762845156685
1.3410474441082585 103.77705599882486 39.67628451566766
1.3410517760937737 103.77705956558705 39.67628451566799
1.3410568510126228 103.77706374404718 39.6762845156685
1.3410624255809136 103.77706833389622 39.67628451566766
1.3410677003595985 103.77707267691198 39.6762845156685
1.3410743513732135 103.77707815305773 39.67628451566766
1.3410784618238447 103.7770815374181 39.67628451566766
1.3410853318407976 103.7770871938814 39.67628451566766
1.3410900895953493 103.77709111120272 39.6762845156685
1.3410961304927331 103.77709608500624 39.67628451566799
1.3411010156803722 103.77710010725028 39.67628451566799
1.3411067874827236 103.77710485949305 39.6762845156685
1.3411111647277314 103.77710846351997 39.6762845156685
1.341117237551866 103.77711346361055 39.6762845156685
1.341123398415245 103.77711853618872 39.67628451566766
1.341128700003598 103.77712290127843 39.67628451566766
1.3411345344030197 103.77712770506086 39.6762845156685
1.3411402930891967 103.77713244650442 39.67628451566766
1.3411467587483172 103.77713777003777 39.6762845156685
1.3411528169302076 103.77714275807266 39.67628451566766
1.341157561825893 103.77714666480666 39.6762845156685
1.3411639289911235 103.77715190724459 39.67628451566799
1.3411700698855196 103.77715696338127 39.67628451566766
1.3411741715308767 103.77716034049187 39.67628451566766
1.3411794547025322 103.7771646904182 39.6762845156685
1.3411844231378536 103.77716878120474 39.67628451566715
1.3411906747639122 103.77717392851294 39.67628451566799
1.341196285099792 103.77717854781163 39.67628451566766
1.3412014370154153 103.77718278966765 39.67628451566715
1.3412049915425814 103.77718571630571 39.6762845156685
1.3412100867820695 103.77718991149717 39.6762845156685
