792780571
1.2942217521564439 103.80025499867298 126.70584432319016
1.294217634844892 103.8002604911623 126.70584432319058
1.2942130491044417 103.80026660853522 126.70584432319109
1.2942102818260308 103.80027030008168 126.70584432319016
1.2942065211372524 103.80027531683645 126.70584432319058
1.2942034988758884 103.80027928912466 126.75109285854462
1.2941987433095765 103.80028508864721 127.1658195981244
1.2941933242459935 103.80029169731989 127.63850699590041
1.2941900083491773 103.80029574113229 127.92776707663155
1.2941850738339304 103.800301758887 128.35822407454629
1.2941801004460904 103.80030782404768 128.7920255026717
1.2941759039754617 103.80031294173996 129.15798775847523
1.2941720893460014 103.80031759376809 129.19728730923566
1.2941678254957951 103.8003227936312 129.19728730923526
1.2941631085813976 103.80032854601642 129.19728730923526
1.2941581100643218 103.8003346418225 129.19728730923566
1.2941542870736462 103.80033930404716 129.19728730923526
1.294149777063928 103.80034480410721 129.19728730923526
1.2941448928209571 103.80035076055324 129.19728730923566
1.2941400982967317 103.80035660758513 129.19728730923526
1.2941355821671408 103.80036211510837 129.19728730923566
1.2941318009019651 103.80036672644759 129.19728730923566
1.2941283764610656 103.80037090263143 129.19728730923566
1.294124218674773 103.80037597314671 129.19728730923566
1.294120834168997 103.8003801006287 129.19728730923526
