791263701#0
1.293315894845487 103.79873480260179 25.798006238789533
1.2933217241902728 103.79873759884556 25.79800623878984
1.293327744031958 103.79874048646766 25.79800623878984
1.2933352709271742 103.79874409699931 25.798006238789977
1.2933408135071247 103.79874675568657 25.79800623878969
1.293346432642546 103.79874945580472 25.8034685279886
1.293352300851611 103.79875230117973 25.838838463693776
1.293360036778238 103.79875605217293 25.88546593517461
1.293364107403375 103.79875802593611 25.910001215254017
1.2933706778511969 103.79876121181239 25.94960392619494
1.2933762340451695 103.79876390589762 25.98309330328505
1.2933830716365127 103.79876722130635 26.024306106422276
1.2933897783670711 103.79877047326335 26.04048596065937
1.2933960395297686 103.79877350917354 26.04048596065922
1.293403770944036 103.79877725797878 26.04048596065937
1.293408848037387 103.7987797197579 26.04048596065907
1.293415275118538 103.79878283611858 26.040485960658927
1.2934194210823777 103.79878464679936 25.80935971613664
1.293427098846549 103.79878773644094 25.07591080069486
1.2934314158860465 103.7987894736791 24.6633464956314
1.293435855171672 103.7987912601108 24.239034536858004
1.2934435745327233 103.79879436649158 23.50118933941627
