1561754898 1.3391658951574965 103.90011424291842
1561754914 1.3414030910275714 103.88668923238224
229414949 1.3443097105756872 103.8823915364367
239824768 1.3418514538920656 103.88190544222607
239824782 1.3412552330566208 103.88321842348232
239825047 1.339016516181978 103.88669390517413
239825256 1.3375882111714392 103.88725950196694
239825286 1.3404594041213556 103.88538251932594
239825435 1.341185345579493 103.88467334823389
239885668 1.3410638801546824 103.88332869668938
377681001 1.339623596695847 103.88696586202201
377681004 1.3406702160771582 103.88786539650229
377681005 1.3407681783907859 103.8880610998149
377688095 1.3446701554807525 103.8823490414433
377689660 1.3407312336502668 103.88540648283622
377694654 1.338236774570489 103.88705609272083
377701350 1.3386977884557922 103.88657766112897
377701419 1.3404021958347083 103.88529419826585
377701420 1.3400900560623379 103.8855395178475
377707785 1.3412899258281104 103.88490068417116
3832436844 1.3421428881617514 103.88345160552734
4604821659 1.3393305783709277 103.8864978363833
4604821664 1.3392962449745376 103.886782485378
4702371503 1.3415633273707415 103.8846050519599
4702371506 1.3408805764985667 103.8848164770136
4702371508 1.3409870758255749 103.88488913753064
4702371509 1.3407082874781249 103.88448410812967
4708751928 1.342283227719049 103.88098942240858
4722393380 1.3426939440798797 103.87991891743191
4914394345 1.341384678766954 103.88480402584015
4914394350 1.3410690790052513 103.88460491627073
4914407221 1.3407270984331547 103.88427864585677
5120216247 1.341040436151296 103.88882365552442
5239943342 1.3428989399668088 103.88331114763797
5980832248 1.3427867004114442 103.88946133944629
5984809515 1.3402124874546542 103.88544069009653
6094667785 1.3417643912951638 103.88436778122363
6114492307 1.341020895830828 103.88664365880793
613348861 1.342986787098094 103.89044870617185
6142966931 1.3412788106220537 103.88947055777348
6228950848 1.3411089054704433 103.88900957588824
6228950850 1.3409256801218186 103.88849782080882
633167565 1.3415616174488247 103.88226057906887
633167567 1.3412539497296467 103.8835754965396
633167570 1.3410256295219467 103.88434034453577
633167571 1.3409852702236995 103.88469950250568
633167572 1.3409871058801044 103.8851520213472
633167573 1.3407150334276297 103.88499270654161
633167959 1.3414648017899395 103.88416794549764
633167960 1.3411769865187237 103.88380372348621
633168595 1.3410483696701674 103.8856023563826
633169002 1.3408658169715912 103.88616505542379
633169005 1.340234105846737 103.88583478134316
633170887 1.3428955557280011 103.89092868012187
