0
3
5
5
5
5
5
5
5
5
5
5
5
5
5
5
5
5
5
5
5
5
5
5
5
5
5
5
5
5
5
5
5
5
5
5
5
5
5
5
5
5
5
5
5
5
5
5
5
5
5
5
5
5
5
5
5
5
5
5
5
5
5
5
5
5
5
5
5
5
5
5
5
5
5
5
3
2
8
6
7
7
6
6
6
7
6
7
6
7
7
7
6
7
6
7
7
6
7
2
5
6
7
6
6
7
6
7
6
8
6
8
6
5
7
7
7
7
6
8
6
8
6
7
7
7
6
6
7
7
6
6
8
6
7
7
7
7
7
6
7
7
6
6
8
7
6
7
7
6
7
7
7
8
7
6
7
6
7
7
7
6
6
7
7
7
6
7
7
7
6
6
7
6
7
6
8
6
7
