500366979#0
1.341141564950537 103.88487866349104 175.13548556224
1.3411337752428505 103.88487932574142 175.13548556223995
1.3411273115119886 103.88487915281743 176.05447978066036
1.3411205387997085 103.88487873830009 177.31687333383908
1.3411115486853222 103.88487818806874 178.99541522584266
1.34110616771177 103.88487785873141 180.0005656704408
1.3411013121005768 103.88487756154836 180.9072500817623
1.3410964442564421 103.88487726361662 181.8154326411898
1.3410890706990306 103.88487681232503 183.18858886595214
1.341081585992094 103.88487635423066 183.55103543436888
1.341077752310425 103.8848723138633 188.56175240196364
1.3410747740523845 103.88486887616982 193.08722686323844
1.3410693940443295 103.8848626662248 201.66993529864973
1.3410649177199783 103.88485749936862 208.99422067109276
1.3410611346425763 103.88485051338392 219.86576836701872
1.341059998685165 103.88484456164223 230.08491064134049
1.3410584307297184 103.88483634648769 241.14061621067327
1.3410569502130518 103.88482858946048 246.52917037305326
1.341056023432801 103.88482373368299 249.88833653629587
1.3410545088918324 103.88481579838889 255.28618819674406
1.3410534043161388 103.88481001106912 259.1074901038232
1.3410518247488359 103.88480173507592 259.28824982444746
1.341050896909045 103.8847968737473 259.28824982444746
1.3410492628008612 103.88478831199257 259.28824982444746
1.3410478676000932 103.88478100197064 259.2882498244477
1.3410463575628286 103.88477309027391 259.28824982444746
1.3410446963376068 103.88476438644243 259.28824982444746
1.3410433471768297 103.884757317643 259.28824982444746
1.3410437636550627 103.88475213774308 261.046676044831
1.3410446017454944 103.88474727174864 263.2803630598629
1.3410460619177074 103.88473879391647 267.21382820111904
1.3410471133119382 103.88473268946937 270.06175498325166
1.3410481485560684 103.88472667879047 272.86335932583955
1.3410495670916731 103.88471844270204 276.67375716208636
1.3410505747957053 103.88471259192205 279.34441107269174
1.3410516127808527 103.88470656532833 279.7369882704032
1.3410527600500635 103.88469990422573 279.7369882704032
