49834894
1.3410719017624388 103.88327773995542 295.0545215002746
1.3410744969909987 103.88327221733643 295.0545215002746
1.341078142030507 103.88326446073073 295.0545215002746
1.3410810208373234 103.88325833466006 295.0545215002746
1.341084600895835 103.88325071633308 295.0545215002743
1.3410866903245349 103.88324627005065 295.0545215002746
1.34108877230498 103.883241839618 295.0545215002743
1.3410909782935478 103.88323714529733 295.0545215002743
1.3410946098963366 103.88322941728437 295.0545215002746
1.3410973116626421 103.88322366795371 295.0545215002743
1.3411011330287381 103.88321553612623 295.0545215002746
1.3411043580881379 103.88320867323314 295.0545215002743
1.341106707952288 103.88320367274646 295.0545215002746
1.3411090903181797 103.88319860309633 295.0545215002743
1.3411116025593666 103.8831932570729 295.0545215002743
1.3411149210418063 103.88318619537628 295.0545215002746
1.3411169320069845 103.88318191606295 295.0545215002743
1.3411197092197344 103.88317600618258 295.0545215002746
1.3411227625312356 103.88316950876681 295.0545215002746
1.3411262552104464 103.88316207638094 295.0545215002743
1.3411293173722836 103.8831555601316 295.0545215002746
1.3411329004749508 103.88314793532535 295.0545215002743
1.3411360563199455 103.88314121971904 295.0545215002743
1.3411393750861103 103.88313415741806 295.0545215002746
1.3411417346249066 103.88312913634317 295.0545215002746
1.3411439448652591 103.88312443297386 295.0545215002743
1.341146043619061 103.88311996684678 295.0545215002746
1.3411481053398098 103.88311557952561 295.0545215002743
1.3411507130163116 103.88311003041603 295.0545215002746
1.3411539794964267 103.88310307937884 295.0545215002743
1.3411568979562065 103.8830968689254 295.0545215002746
1.3411596210659493 103.88309107417487 295.0545215002746
1.3411626051705112 103.88308472402986 295.0545215002746
1.3411647233052386 103.88308021666006 295.0545215002743
1.341166763461148 103.88307587522836 295.0545215002743
1.3411690953206634 103.88307091305425 295.0545215002743
1.3411716280513466 103.88306552342821 295.0545215002746
1.3411748699275767 103.88305862474733 295.0545215002746
1.341177697749858 103.88305260716915 295.0545215002743
1.3411800131979736 103.88304767991815 295.0545215002743
1.3411833850728838 103.88304050460114 295.0545215002746
1.341186786466414 103.8830332664687 295.0545215002746
1.3411898212806665 103.88302680841335 295.0545215002743
1.3411917513708138 103.88302270120016 295.0545215002746
1.34119425509462 103.88301737330005 295.0545215002743
1.3411979475948037 103.88300951569516 295.0545215002743
1.341200112842401 103.88300490806907 295.0545215002743
1.3412021571863946 103.88300055772463 295.0545215002746
1.3412045594169695 103.88299544580094 295.0545215002743
1.3412066833597254 103.88299092607103 295.0545215002746
1.3412087199582972 103.88298659220868 295.0545215002746
1.3412118997579456 103.88297982562527 295.0545215002746
1.3412151557016074 103.88297289700806 295.0545215002737
1.3412171990776656 103.88296854872316 295.0545215002746
1.34121977605439 103.88296306494102 295.0545215002746
1.3412230394126212 103.88295612054549 295.0545215002746
1.3412259731863374 103.8829498775026 295.0545215002746
1.3412286400631317 103.88294420241378 295.0545215002743
1.341231783547622 103.88293751310822 295.0545215002746
1.3412337544340212 103.88293331908038 295.0545215002746
1.3412360238528007 103.88292848977837 295.0545215002746
1.341239416267611 103.88292127075123 295.0545215002746
1.3412428961302576 103.88291386563577 295.0545215002746
1.3412459843552738 103.88290729392152 295.0545215002743
1.3412490830606147 103.88290069990515 295.0545215002746
1.341252221223183 103.88289402192409 295.0545215002743
1.3412547578133864 103.88288862408344 295.0545215002746
1.3412571095640955 103.88288361957949 295.0545215002743
1.341259079397131 103.8828794277928 295.0545215002743
1.3412617054113145 103.8828738396586 295.0545215002746
1.3412646043622183 103.88286767071749 295.0545215002746
1.3412675559160379 103.88286138983779 295.0545215002746
1.3412697297395362 103.88285676396107 295.0545215002743
1.341271858825649 103.8828522332851 295.0545215002746
1.3412750178912816 103.88284551082197 295.0545215002743
1.3412775401380197 103.88284014350364 295.0545215002743
1.3412811427230429 103.88283247723508 295.0545215002746
1.341284640373023 103.88282503426727 295.0545215002746
1.341286829335604 103.88282037617446 295.0545215002746
1.3412895774465172 103.88281452821894 295.0545215002743
1.3412919284690397 103.88280952526394 295.0545215002746
1.3412954099219763 103.88280211676299 295.0545215002746
1.3412986000405491 103.8827953282189 295.0545215002743
1.3413007270141097 103.88279080203797 295.0545215002743
1.3413034919130664 103.88278491835736 295.0545215002743
1.3413057767378997 103.88278005627022 295.0545215002743
1.3413094511888204 103.88277223707088 295.0545215002743
1.341312840311495 103.88276502504746 295.0545215002743
1.3413159199215283 103.88275847166416 295.0545215002746
1.3413178990801866 103.88275426003177 295.0545215002743
1.3413207525642004 103.88274818784255 295.0545215002746
1.3413227991582397 103.88274383270817 295.0545215002743
1.3413253814627975 103.8827383375864 295.0545215002746
1.3413281473426137 103.88273245181801 295.0545215002743
1.3413317189460274 103.88272485147667 295.0545215002743
1.3413337744651328 103.88272047734966 295.0545215002743
1.3413367253025323 103.88271419799294 295.0545215002743
1.3413389703838465 103.88270942047909 295.0545215002746
1.3413419202155967 103.88270314326225 295.0545215002746
1.3413451469824555 103.88269627672979 295.0545215002743
1.3413487897093472 103.88268852503784 295.0545215002746
1.3413525755961602 103.88268046870267 295.0545215002743
1.341355381044614 103.88267449873197 295.0545215002743
1.341358635584228 103.88266757309901 295.0545215002743
1.3413615349419352 103.88266140329009 295.0545215002743
1.3413652075163744 103.88265358808235 295.0545215002743
1.341368362111506 103.88264687513016 295.0545215002743
1.3413702846452633 103.8826427264866 295.02349565590174
1.3413738402195166 103.88263496913622 294.92038523045676
1.3413771268039707 103.88262779865249 294.8250746073993
1.3413803937411095 103.88262067103405 294.7303335204062
1.3413837286279693 103.88261339516667 294.6336221917385
1.3413870809792545 103.8826060811963 294.53640525316416
1.341389152826876 103.88260156095635 294.51101964972594
1.3413915194514983 103.88259639758854 294.51101964972565
1.341394636166589 103.88258959771572 294.51101964972594
1.3413981194723597 103.88258199803595 294.51101964972565
