632488353
1.3410095514734093 103.88528044874228 84.16780325794225
1.3410106467848664 103.88528704612114 83.12399299991478
1.341012035641895 103.88529541161034 81.80147667215833
1.341012808178456 103.88530006482246 81.06681890674807
1.3410141410511522 103.885308093102 80.65912751677686
1.3410149467662917 103.88531294615848 80.6591275167762
1.3410157323270564 103.88531767781934 80.659127516776
1.3410168883953528 103.88532464115487 80.65912751677686
1.3410177547215119 103.88532985928933 80.65912751677664
1.3410192052692576 103.88533859636048 80.65912751677664
1.3410203473212283 103.88534547527193 80.65912751677686
1.341021134644766 103.88535021755087 80.65912751677664
1.3410221092241577 103.88535608772635 80.65912751677664
1.3410235554455845 103.88536479873937 80.65912751677686
1.3410246765625344 103.88537155155349 80.65912751677686
