665503682
1.3407235578129295 103.88792673768343 60.199865728233235
1.3407255248681766 103.88793110672903 61.009844134012205
1.3407279139237651 103.88793641308371 61.99415909494635
1.3407303580501841 103.88794184175678 63.00123906111063
1.3407330352949924 103.88794778821142 64.10372965074963
1.3407350566390426 103.88795227783847 64.93519409348174
1.3407380344178708 103.88795889181222 65.92536001865314
1.3407415913158607 103.88796679207324 65.92536001865314
1.3407440034707472 103.88797214973418 65.9253600186526
1.3407458749687704 103.88797630653687 65.92536001865314
1.3407493254144274 103.8879839703557 65.92536001865254
1.3407524507957698 103.88799091217102 65.9253600186526
1.3407551423045696 103.8879968903078 65.92536001865314
1.3407579190216365 103.88800305770154 65.92536001865314
1.3407605482059717 103.88800889740891 65.92536001865254
1.3407626056266893 103.88801346716646 65.92536001865314
1.3407656812723572 103.88802029851355 65.92536001865314
