651989328#0
1.3410857489783417 103.88456502828336 312.0394263483534
1.3410913039355412 103.88455888552105 312.02083714734886
1.3410944222669792 103.88455543721925 312.010401910545
1.3410985771637667 103.88455084266651 311.99649789469623
1.3411034467703937 103.88454545777593 311.9802021649604
1.3411069658859534 103.88454156628039 311.9684257436444
1.3411129071331644 103.884534996352 311.9659603530548
1.3411159494866338 103.88453163206772 311.96596035305527
1.3411216706889177 103.88452530546853 311.96596035305527
1.341126067051627 103.88452044416135 311.9661843202744
1.341130067910246 103.884516028017 311.9730624322241
1.341135132132287 103.88451043813296 311.98176863573457
1.3411397887411614 103.88450529817196 311.9897740878266
1.3411431345775164 103.88450160504053 311.99552611335326
1.341149117373908 103.88449500123471 312.00581149293134
1.3411537399485673 103.8844898988405 312.0137584342532
1.3411583082584608 103.88448485634363 312.01797502163186
1.341164251743398 103.88447829592957 312.01797502163186
1.3411676691615775 103.88447452378598 312.0179750216323
1.341173529383735 103.8844680552772 312.0179750216323
1.3411781748057268 103.88446292766386 312.0179750216323
1.3411834720260556 103.88445708059594 312.01797502163186
1.3411891875631101 103.88445077179026 312.01797502163186
1.3411947715191477 103.88444460822352 312.0179750216323
1.3411995395780143 103.88443934524348 312.01797502163186
1.3412031552336754 103.88443535428523 312.0179750216323
1.341207689774306 103.88443034906237 312.01797502163186
1.3412108212890812 103.88442689249845 312.01797502163186
1.3412145122607169 103.8844228184064 312.01797502163186
1.3412181734534012 103.88441877718431 312.0179750216323
1.3412216663191108 103.8844149217614 312.01797502163186
1.3412276960257667 103.88440826617503 312.01797502163186
1.3412333878229592 103.88440198357284 312.01797502163186
1.3412368295727162 103.88439818457155 312.0179750216323
1.341242379184761 103.88439205891312 312.0179750216323
1.341246039639735 103.88438801850508 312.01797502163186
1.3412512484731238 103.88438226899784 312.0179750216323
1.341255448796782 103.88437763268297 312.01797502163186
1.3412611876176157 103.88437129817576 312.0179750216323
1.3412650808653512 103.88436700081107 312.0179750216323
1.3412690574134263 103.88436261149944 312.01797502163186
1.3412722282363534 103.88435911154679 312.01797502163186
1.3412756854966712 103.88435529542467 312.01797502163186
1.341281055359919 103.8843493681724 312.0179750216323
1.341285941520102 103.88434397483124 312.01797502163186
1.341291600381132 103.88433772858323 312.0179750216323
1.3412964020680724 103.88433242848352 312.0179750216323
1.3413008970727578 103.88432746689946 312.0179750216323
1.341305644885204 103.88432222626628 312.0179750216323
1.3413097370181832 103.88431770937173 312.0179750216323
1.341314898021771 103.88431201265826 312.01797502163186
1.3413183275332718 103.88430822716494 312.0179750216323
1.3413216149066867 103.88430459856356 312.0179750216323
1.341327397151969 103.88429821612361 312.0179750216323
1.3413323907765446 103.88429270416282 312.01797502163186
1.3413370741140727 103.88428753469668 312.01797502163186
1.3413425304700037 103.8842815119731 312.0179750216323
1.3413474688172562 103.88427606102721 312.01797502163186
1.341350644196234 103.88427255604503 312.01797502163186
