649405237
1.3417335178912821 103.88444886636631 130.1235090875338
1.3417278647292517 103.88445553724168 130.12350908753473
1.3417242151467759 103.88445984384204 130.1235090875343
1.3417207416779118 103.88446394262382 130.1235090875338
1.3417150775721165 103.88447062641293 130.1235090875338
1.341711465678854 103.88447488853893 130.1235090875338
1.3417072545330317 103.8844798577982 130.12350908753422
1.3417030699289116 103.88448479573752 130.1235090875343
1.3416973738464022 103.88449151725972 130.1235090875343
1.3416920814671607 103.88449776240172 130.1235090875338
1.3416881590694318 103.8845023909307 130.12350908753473
1.3416832880790202 103.88450813882308 130.1235090875338
1.3416793661906108 103.88451276675094 130.1235090875338
1.3416751969351304 103.88451768657819 130.1235090875338
1.341671655020836 103.88452186612687 130.1235090875338
1.3416670673133417 103.88452727973805 130.12350908753336
1.3416631650635364 103.88453188449171 130.1235090875338
1.3416598031808156 103.88453585159849 130.1235090875343
1.3416545748803257 103.88454202112545 130.1235090875338
1.3416487726782431 103.88454886787076 130.1235090875338
1.3416446356406877 103.88455374967972 130.12350908753422
1.341640822247138 103.88455824958055 130.12350908753422
1.3416375931770925 103.88456205996484 130.12350908753336
1.3416323016741327 103.88456830407203 130.12350908753473
1.3416284434390455 103.88457285688686 130.12350908753422
1.3416237333400642 103.8845784149226 130.12350908753473
1.341618804829633 103.88458423068926 130.12350908753473
1.3416140067799511 103.88458989250891 130.12350908753336
1.3416095054045556 103.88459520424536 130.12350908753336
