49834956
1.341196609121922 103.88413916163451 64.53665493812774
1.3411997250823862 103.88414565552301 64.53665493812832
1.3412035845518662 103.8841536989385 64.53665493812801
1.3412062345980025 103.88415748677053 63.581199783275345
1.341212040502562 103.88416242675807 59.577833680822536
1.341218036220109 103.88416752824912 55.37070800976203
1.3412223845094235 103.88417122801633 52.297915012084296
1.3412277583578576 103.88417580038644 48.50445795106782
1.3412317471993103 103.88417919431535 45.70974841672151
1.3412358592898672 103.88418269311148 42.86272559161049
1.3412418125652898 103.88418775849044 40.60129464500475
1.3412457670503397 103.88419112318702 40.60129464500475
1.3412511820335817 103.88419573055698 40.60129464500475
1.3412560412045593 103.88419986501087 40.60129464500475
1.3412607678358954 103.88420388669262 40.60129464500475
1.3412677106440585 103.8842069195098 37.79067274494964
1.3412736525084241 103.88420871589223 34.550820808168865
1.3412784801340825 103.88421017541089 31.88999224802891
1.3412859489539775 103.88421243343227 27.75097332142549
1.3412934709356712 103.88421470752587 23.59336010445898
1.341300731990896 103.88421690273451 19.63066628781544
1.3413080338245091 103.88421911027152 16.950046799028073
1.3413159642231407 103.88422150784034 16.950046799028698
1.3413210822100732 103.88422179417014 15.405035473300792
