652158637
1.341269177763027 103.88366612310658 108.53772979138256
1.3412674741568782 103.88367117856808 108.53772979138256
1.3412659253352777 103.88367577470547 108.53772979138256
1.3412636700584804 103.8836824672528 108.53772979138256
1.3412619419465972 103.88368759543503 108.53772979138256
1.341260037016969 103.88369324832495 108.5377297913832
1.3412581147031808 103.88369895280239 108.53772979138256
1.3412555739627812 103.88370649246434 108.53772979138256
1.341253084645464 103.88371387952786 108.5377297913832
1.3412507280553823 103.88372087272248 108.53772979138256
1.3412486001584374 103.88372718726879 108.53772979138256
1.341246050290998 103.8837347540149 108.53772979138256
1.3412433486920345 103.88374277102501 108.53772979138256
1.341240624849128 103.88375085404404 108.53772979138256
1.3412381487555936 103.88375820186532 108.53772979138256
1.3412361662790586 103.88376408487534 108.5377297913832
1.341233725687858 103.88377132734306 108.53772979138256
1.34123204886509 103.88377630332374 108.5377297913832
1.341230378048068 103.88378126148228 108.53772979138256
1.3412282185849251 103.88378766970075 108.53772979138256
1.341226758564537 103.88379200231905 108.53772979138256
1.3412248737988022 103.88379759537138 108.53772979138256
1.3412220132706294 103.88380608400384 108.5377297913832
1.3412201100459094 103.88381173183315 108.53772979138256
1.3412173078230964 103.8838200474439 108.53772979138256
1.3412151021169507 103.88382659288828 108.53772979138256
1.3412127829118554 103.88383347514124 108.53772979138256
1.3412106922677716 103.8838396791382 108.53772979138256
1.3412091314710095 103.88384431081047 108.53772979138256
1.3412076767612928 103.88384862766887 108.53772979138256
1.3412054273226641 103.88385530288924 108.53772979138256
1.3412035713527057 103.8838608104893 108.53772979138256
1.3412020869494066 103.88386521546342 108.53772979138256
1.3412005446874142 103.88386979213344 108.5377297913832
1.3411981228384968 103.88387697898192 108.53772979138256
1.3411965801798291 103.883881556829 108.5377297913832
1.3411945798950922 103.88388749268357 108.53772979138256
1.341193140556673 103.88389176392721 108.5377297913832
1.3411903013194122 103.88390018937727 108.53772979138256
1.3411888445574083 103.88390451232539 108.5377297913832
1.3411870317737422 103.88390989176942 108.5377297913832
1.3411848335169843 103.88391641510657 108.53772979138256
1.3411824656922435 103.88392344163744 108.53772979138256
1.3411798084651525 103.88393132697097 108.53772979138256
1.3411773719599882 103.8839385573111 108.5377297913832
1.341175626430973 103.8839437371763 108.53772979138256
1.3411730533724313 103.88395137273899 108.53772979138256
