516955278
1.3888119218668733 103.75525560046549 155.80501033189526
1.3888075626652083 103.75525754931978 155.80501033189512
1.3887995921755252 103.75526111266097 155.80501033189526
1.3887921595306656 103.75526443554955 155.80501033189526
1.3887851606656467 103.75526756450952 155.80501033189526
1.3887808333330371 103.75526949911612 155.80501033189526
1.3887734481932394 103.75527280076665 155.80501033189586
1.3887680666727218 103.75527520666556 155.80501033189526
1.3887617328180566 103.75527803832138 155.80501033189572
1.3887561991235433 103.75528051225216 155.80501033189586
1.3887481492451177 103.75528411241771 155.80345681701797
1.3887411764350523 103.75528724936254 155.78056947892193
1.3887351684301017 103.75528995225848 155.76084897634914
1.3887297454683463 103.7552923919537 155.74304879790225
1.3887223372067725 103.75529572480042 155.71873212572922
1.3887155036974066 103.75529902497385 155.43293847311443
1.3887086300299563 103.75530238883778 155.09378300128213
1.388700824009456 103.75530620898047 154.73164178920547
1.3886966953622777 103.75530822947493 154.5416765066161
1.3886886192381251 103.75531218180197 154.1700982600307
1.388684373829445 103.7553142594376 153.9747864424986
1.3886790027724598 103.75531688794763 153.80827748037302
1.3886726438098014 103.75531999992297 153.80827748037245
1.3886682066216813 103.75532217141236 153.80827748037302
1.388662604349876 103.75532491307517 153.80827748037302
1.3886547687550068 103.75532874769074 153.80827748037245
1.3886497548258876 103.75533120142794 153.80827748037302
1.3886442217879311 103.7553339092087 153.80827748037245
1.3886370035046924 103.75533744172165 153.80827748037302
1.3886303387071406 103.75534070336748 153.80827748037302
1.3886224438630768 103.75534456697844 153.80827748037245
1.3886156201969813 103.7553479063719 153.80827748037302
1.388609917721211 103.75535069707264 153.80827748037302
1.3886048392718167 103.75535318238482 153.80827748037302
1.388600296094201 103.75535540574349 153.80827748037245
1.3885945755831166 103.75535820527035 153.80827748037302
1.388589261962698 103.7553608056714 153.80827748037302
1.388582330817504 103.7553641976632 153.80827748037302
1.388575908883759 103.75536734045502 153.80827748037245
1.388570156189328 103.75537015573178 153.8082774803726
1.3885655253275724 103.75537242200151 153.80827748037302
1.3885609527709697 103.75537465973763 153.80827748037302
1.3885549715356151 103.75537758685857 153.8082774803726
1.3885468822517149 103.75538154562472 153.80827748037245
1.388539497431243 103.75538515963767 153.80827748037245
1.3885321879262997 103.75538873679237 153.80827748037245
1.3885264942761304 103.75539152317357 153.80827748037302
1.3885187565161676 103.75539530990932 153.80827748037302
1.388512209646953 103.75539851384217 153.80827748037245
1.3885066662270837 103.75540122670296 153.80827748037245
1.388501621919626 103.75540369530613 153.80827748037302
1.3884952761706277 103.75540680081386 153.80827748037245
1.3884897959671354 103.75540948273748 153.80827748037245
1.3884825460339585 103.75541303073838 153.80827748037302
1.3884749399991045 103.75541675300967 153.80827748037245
1.3884685667354582 103.75541987198245 153.80827748037302
1.388461714593771 103.75542322531047 153.80827748037302
1.3884560328238171 103.75542600587731 153.80827748037302
1.3884512815284393 103.75542833108481 153.80827748037245
1.3884444501180102 103.75543167426714 153.8082774803726
1.3884382411876428 103.75543471281772 153.80827748037302
1.3884324484154074 103.7554374972216 153.86617198663993
1.3884280259641988 103.75543961440046 153.92018162084105
1.3884200127846147 103.75544345058391 154.01804394014073
1.3884137189779666 103.7554464636446 154.09490831030504
1.3884076985715552 103.75544934581924 154.16843359943653
1.3884016791237643 103.7554522275349 154.2419468122704
1.388393701177741 103.75545604685064 154.3045902825645
1.3883874857477392 103.75545902238962 154.30459028256462
1.3883828351129 103.7554612488076 154.30459028256462
1.3883772269845323 103.75546393361044 154.30459028256462
1.3883717139514171 103.75546657288793 154.30459028256462
1.388365514066212 103.75546954098495 154.30459028256462
1.3883607345476465 103.75547182910388 154.30459028256462
1.388353689130381 103.75547520198594 154.30459028256462
1.3883461379193502 103.75547881700871 154.30459028256405
1.388339674308595 103.75548191136002 154.30459028256462
1.388334957584542 103.75548416941696 154.30459028256462
1.3883306110495346 103.75548625025172 154.30459028256462
1.3883229709374583 103.7554899078343 154.3045902825645
1.3883163210514082 103.75549309136181 154.30459028256462
1.388311703484481 103.75549530194876 154.30459028256462
1.388305750169231 103.75549815200398 154.30459028256462
1.388298462830289 103.75550164070185 154.30459028256462
1.3882927386763244 103.75550438104969 154.30459028256462
1.3882859032822248 103.75550765338605 154.30459028256462
1.3882798246061212 103.75551056345564 154.3045902825645
1.3882734242517565 103.75551362752357 154.30459028256462
1.3882684188149073 103.75551602379687 154.30459028256462
1.3882611721595126 103.7555194930179 154.30459028256462
1.388256140447943 103.75552190186977 154.3045902825645
1.3882510681403526 103.75552433015629 154.30459028256462
1.388246004670708 103.75552675421176 154.3045902825645
1.3882378790818353 103.75553064420804 154.30459028256462
1.3882329131140283 103.755533021586 154.30459028256462
1.3882269747084954 103.75553586450302 154.3045902825645
1.3882209342296226 103.75553875628597 154.3045902825645
1.3882164067844354 103.75554092372816 154.30459028256462
1.3882087538660217 103.75554458744077 154.30459028256462
1.3882013415690675 103.75554813595966 154.30459028256462
1.3881935476813074 103.75555186715897 154.30459028256462
1.3881869357817174 103.75555503250028 154.30459028256462
1.3881803987951513 103.75555816197814 154.30459028256462
1.388175584388541 103.75556046679836 154.30459028256462
1.3881676911520315 103.7555642455591 154.30459028256462
1.38816288310725 103.75556654733364 154.30459028256462
1.388156574026348 103.75556974827285 154.0966239903417
1.3881510483372306 103.75557286962038 153.54817805356265
1.3881441376507955 103.75557677332424 152.86197047338095
1.38813653222975 103.75558106946924 152.10661856811274
1.3881309988123285 103.75558419518222 151.55709292178025
1.3881240939953885 103.75558809557036 150.87159137340555
1.3881196434799894 103.75559060957434 150.42996293701736
1.3881142287446935 103.75559366824614 150.41117686056174
1.388109428141552 103.75559638000739 150.41117686056174
1.3881034166799624 103.75559977575747 150.41117686056188
1.388096937881924 103.75560343549616 150.41117686056134
1.3880908533993912 103.75560687249416 150.41117686056117
1.3880839881461697 103.75561075053328 150.41117686056134
1.3880773426878081 103.7556145044148 150.41117686056174
1.3880719093247766 103.7556175736088 150.41117686056134
1.3880661699043735 103.75562081568819 150.41117686056188
1.3880599477467508 103.7556243304558 150.41117686056174
1.3880555714922636 103.75562680251103 150.41117686056188
1.3880489438470014 103.75563054633011 150.41117686056117
1.3880443754754543 103.75563312690824 150.41117686056117
1.3880396730569569 103.75563578320666 150.41117686056134
1.3880335500049015 103.7556392419914 150.41117686056117
1.3880271186818076 103.75564287491201 150.41117686056134
1.3880199929527557 103.75564690008807 150.41117686056188
1.3880158428802616 103.75564924437761 150.41117686056134
1.3880100593525426 103.755652511372 150.41117686056174
1.3880058376211972 103.7556548961401 150.41117686056174
1.3879992010636537 103.75565864499319 150.41117686056188
1.3879926325272791 103.75566235542247 150.41117686056188
1.3879875031995235 103.7556652528728 150.41117686056188
1.3879798797314602 103.75566955921092 150.41117686056134
1.3879736567436796 103.7556730744469 150.41117686056188
1.3879685368710886 103.75567596655608 150.41117686056134
1.3879634126953886 103.75567886109599 150.41117686056134
1.3879562104404117 103.75568292949944 150.41117686056117
1.3879502685739 103.75568628593574 150.41117686056117
1.3879435569942162 103.75569007716686 150.41117686056134
1.3879386765076613 103.75569283405171 150.41117686056188
1.387933327950312 103.75569585533997 150.41117686056134
1.3879260056405276 103.75569999155962 150.41117686056134
1.3879201317600856 103.75570330959182 150.41117686056134
1.387913824423055 103.75570687247455 150.41117686056126
1.3879066626036909 103.75571096568038 150.35823107000002
1.3879005670414983 103.75571462375717 150.11949095722966
1.3878949921574821 103.75571796936386 149.9011295093341
1.3878892151082611 103.75572143629414 149.67484203222403
1.3878838566891345 103.75572465199558 149.46495162300045
1.3878769781298923 103.7557287799654 149.19552526097127
1.3878704207146875 103.7557327152098 148.9386965381864
1.3878640306469774 103.75573655002539 148.89874556301746
1.3878598055401425 103.75573908560186 148.89874556301754
1.3878534209161089 103.75574291715047 148.89874556301754
1.3878472270758606 103.75574663420568 148.89874556301754
1.3878396922678404 103.75575115600404 148.89874556301754
1.3878345834480397 103.75575422191531 148.89874556301754
1.3878272671357037 103.7557586125897 148.89874556301746
1.3878211902830764 103.75576225943794 148.89874556301754
1.38781436769488 103.75576635381788 148.89874556301746
1.3878076007425308 103.75577041480952 148.89874556301763
1.3878029000493473 103.75577323579516 148.89874556301754
1.3877982659606396 103.75577601681003 148.89874556301754
1.3877912580122893 103.75578022242836 148.89874556301754
1.3877850899142365 103.75578392403466 148.89874556301754
1.3877780904781611 103.7557881245445 148.89874556301754
1.387773722145694 103.75579074607329 148.89874556301754
1.3877675593046013 103.75579444452467 148.89874556301754
1.3877630941085743 103.75579712418329 148.89874556301754
1.3877560615884383 103.75580134454736 148.89874556301754
1.3877486743342449 103.75580577779483 148.89874556301697
1.3877411067845855 103.75581031924132 148.89874556301754
1.3877371172867232 103.75581271342328 148.89874556301746
1.3877300829284278 103.7558169348903 148.89874556301754
1.3877260138167733 103.75581937685013 148.89874556301754
1.3877209781488302 103.75582239886079 148.89874556301746
1.387713363280864 103.75582696870377 148.89874556301754
1.3877074630443544 103.7558305095602 148.89874556301754
1.3877015652903313 103.75583404892677 148.89874556301763
1.3876957081156156 103.75583756394082 148.89874556301754
1.3876895872951833 103.75584123717417 148.89874556301754
1.3876826173188743 103.75584542000384 148.89874556301754
1.3876766576273973 103.75584899654021 148.89874556301714
1.3876703284271186 103.75585279482657 148.89874556301754
1.3876657300359598 103.7558555544179 148.89874556301746
1.3876605098346186 103.7558586871706 148.89874556301754
1.3876552786388578 103.75586182652123 148.89874556301754
1.3876507667346119 103.75586453420988 148.89874556301754
