136807063
1.3893040864916124 103.7551118381217 139.86935834234436
1.3893002533008079 103.75511505223211 139.86935834234444
1.3892958030777214 103.75511878372079 139.86935834234444
1.3892890473434938 103.7551244483684 139.86935834234444
1.3892838330748611 103.75512882050518 139.86935834234484
1.3892789593012866 103.7551329071386 139.86935834234436
1.3892721971117 103.7551385771988 139.86935834234393
1.3892678532232778 103.75514221952625 139.86935834234444
1.3892617957679618 103.75514729867042 139.86935834234436
1.3892567675608705 103.75515151479534 139.86935834234484
1.3892525525149926 103.75515527920592 139.64508141218576
1.389246418858414 103.75516184802278 138.2535155137112
1.3892423368716358 103.75516621961141 137.32608914596204
1.3892376186251514 103.75517127259997 136.2535162515433
1.3892328571492085 103.75517637188489 135.1712063202644
1.389228446854372 103.75518109507367 134.16947202402437
1.3892231083119653 103.75518681236566 132.9587606088242
1.3892171414483674 103.75519320255582 132.88470159760297
1.389213682619775 103.75519690677525 132.88470159760297
1.389208520795307 103.75520243481166 132.88470159760206
1.3892044714237302 103.75520677147081 132.88470159760246
1.3891984613103274 103.75521320797891 132.88470159760297
1.3891938870300897 103.7552181067869 132.88470159760297
1.3891889228291099 103.75522387239937 132.49492888119008
1.3891855569750229 103.75522902278283 131.15075071255566
1.3891829437451986 103.75523302151097 130.1046290575211
1.3891800479228211 103.75523745265833 128.94373379730817
1.3891773080563208 103.7552416451641 127.84459616239708
1.389173358701814 103.75524768841166 126.26060821236587
1.3891697732314268 103.7552531748487 124.82474195874174
1.389165430128342 103.75525982060472 123.09089223664827
1.3891605838180792 103.75526723636129 123.02720724916598
1.3891564009247628 103.7552736369664 123.02720724916598
1.3891533540105936 103.75527829107055 123.03292969680415
1.3891488043515576 103.75528521938409 123.05619832974202
1.3891462256263276 103.75528914631941 123.0693868862761
1.389141356450308 103.75529656119978 123.09428966176118
1.3891384617829767 103.75530170899563 122.59521970035749
1.3891351866942063 103.75530846494654 121.38149827670121
1.3891315152799932 103.75531603844928 120.01678150736414
1.389127836027894 103.75532362812014 118.62681511567547
1.3891247180261392 103.75533006002702 117.44957476822496
1.3891226857675327 103.75533425223054 116.68311730138788
1.389119278718451 103.7553412803927 115.74886259790723
1.389115791315142 103.75534847431186 115.74886259790723
1.3891121956131482 103.75535589163268 115.74886259790723
1.389109392155273 103.75536167468873 115.74886259790723
1.3891059405855881 103.75536879468896 115.74886259790723
1.3891036083477255 103.75537360569828 115.74886259790723
1.3890998577331664 103.75538134257701 115.74886259790752
1.3890972437062243 103.75538673486908 115.74886259790723
1.3890949648041655 103.75539202927517 115.42039338416042
1.3890931036815914 103.75539806046618 114.20494926083185
1.3890913690165902 103.75540368185615 113.06979951061189
1.3890899571098057 103.75540825730938 112.14485743835013
1.3890885781990006 103.75541272583514 111.24115888819627
1.3890863346617803 103.75541999628636 109.77119190485794
1.3890843361136118 103.7554264728211 108.4635000842645
1.389082453568203 103.75543257343493 107.23449299737895
1.38908002523181 103.75544044274969 107.07615941120773
1.3890786396449657 103.75544493290965 107.0761594112071
1.3890762311402356 103.75545273795734 107.07615941120741
1.3890744302258626 103.7554585740357 107.07615941120741
1.3890719799249387 103.75546651452873 107.0761594112076
1.389069365232416 103.75547498775222 107.07615941120741
1.3890670833206307 103.75548238255988 107.07615941120741
1.3890651566269399 103.75548862624079 107.07615941120741
1.389063735510999 103.75549323153659 107.07615941120741
1.3890611727041686 103.75550153661784 107.07615941120741
1.3890587583927823 103.75550936048178 107.07615941120741
