1077923225#0
52.5173476094 13.391502205 265.707191302
52.517338687 13.3913522137 265.707191302
52.5173336919 13.3912682435 265.707191302
52.5173326242 13.3912502946 265.707191302
52.5173317514 13.3912356232 265.707191302
52.5173308786 13.3912209519 265.707191302
52.5173300059 13.3912062805 265.707191302
52.5173291331 13.3911916091 265.707191302
52.5173282603 13.3911769378 265.707191302
52.5173273876 13.3911622664 265.707191302
52.5173265148 13.391147595 265.707191302
52.517325642 13.3911329237 265.707191302
52.5173247692 13.3911182523 265.707191302
52.5173238964 13.391103581 265.707191302
52.5173230237 13.3910889096 265.707191302
52.5173221509 13.3910742382 265.707191302
52.5173212781 13.3910595669 265.707191302
52.5173204053 13.3910448955 265.707191302
52.5173195325 13.3910302242 265.707191302
52.5173186597 13.3910155528 265.707191302
52.5173177869 13.3910008815 265.707191302
52.5173169141 13.3909862101 265.707191302
52.5173160413 13.3909715387 265.707191302
52.5173151685 13.3909568674 265.707191302
52.5173142957 13.390942196 265.707191302
52.5173134229 13.3909275247 265.707191302
52.5173125501 13.3909128533 265.707191302
52.5173116773 13.390898182 265.707191302
52.5173108775 13.3908835002 265.800559728
52.5173101881 13.3908688026 266.035128642
52.5173094987 13.3908541051 266.269706223
52.5173088092 13.3908394075 266.504284605
52.5173081198 13.3908247099 266.738855924
52.5173072599 13.3908100382 266.661973388
52.5173062969 13.390795382 266.311874355
52.5173053339 13.3907807258 265.96175239
52.5173043709 13.3907660696 265.611633641
52.5173034079 13.3907514135 265.261544251
52.5173024449 13.3907367573 265.129558617
52.5173014819 13.3907221011 265.129558617
52.5173005189 13.3907074449 265.129558617
52.5172995559 13.3906927888 265.129558617
52.5172985928 13.3906781326 265.129558617
