349416402
1.3989691092271728 103.89574641189793 199.5192941706762
1.3989618883938169 103.89574387229769 199.51929417067683
1.3989552843298583 103.89574154961807 199.51929417067683
1.3989467927661476 103.89573856309613 199.5192941706762
1.3989396553902629 103.89573605284824 199.51929417067683
1.3989333021711858 103.89573381839189 199.51929417067632
1.3989257563930455 103.89573116450707 199.5192941706762
1.3989207484985868 103.89572940320757 199.5192941706762
1.3989149722804464 103.89572737168513 199.51929417067683
1.3989081280223747 103.89572496452811 199.51929417067694
1.3988996355069465 103.8957219776714 199.51929417067683
1.3988951619264696 103.8957204042926 199.5192941706762
1.39888956539524 103.89571843596684 199.5192941706762
1.3988843983854329 103.89571661870575 199.51929417067683
1.3988798040866324 103.89571500286972 199.51929417067683
1.398873558322574 103.89571280620581 199.5192941706762
1.398866005204601 103.89571014973949 199.5192941706762
1.3988609794687614 103.8957083821651 199.5192941706762
1.3988528116156063 103.89570550949358 199.5192941706762
1.3988464276094315 103.89570326420926 199.5192941706762
1.3988414526641255 103.89570151449811 199.5192941706762
1.3988346571440098 103.89569912448243 199.5192941706762
1.3988269612186677 103.89569641779009 199.5192941706762
1.3988221401777936 103.89569472220784 199.5192941706761
1.3988152007031742 103.8956922815627 199.5192941706762
1.3988082050929873 103.89568982117441 199.5192941706762
1.3988010703774074 103.8956873118621 199.51929417067672
1.3987953959512733 103.89568531614033 199.51929417067683
1.3987889533734033 103.89568305025605 199.5192941706762
1.398781873868612 103.89568056036163 199.51929417067683
1.398777302146612 103.89567895246596 199.5192941706762
1.3987694037791745 103.8956761745738 199.51929417067683
1.3987616522099078 103.89567344831119 199.5192941706762
1.3987535695155209 103.89567060559037 199.5192941706762
1.3987480200895213 103.8956686538317 199.51929417067683
1.3987422813155086 103.89566663547845 199.51929417067683
1.3987358548975477 103.89566437527766 199.5192941706762
1.3987277917233378 103.89566153942216 199.5192941706762
1.3987192736253158 103.89565854356786 199.51929417067683
1.3987146498306677 103.89565691735798 199.5192941706762
1.398709340083929 103.8956550498956 199.5192941706762
1.398703333260411 103.8956529372681 199.5192941706762
1.3986952210669104 103.89565008417227 199.51929417067683
1.3986902027218298 103.89564831919718 199.5192941706762
1.3986830225337634 103.89564579389196 199.51929417067683
1.3986776311820126 103.89564389772872 199.5192941706762
1.3986731007228892 103.89564230434537 199.5192941706762
1.3986652774473138 103.89563955286329 199.51929417067632
1.398657749739475 103.89563690533375 199.51929417067672
1.3986513579923519 103.89563465732681 199.5192941706762
1.3986429462782362 103.8956316988882 199.51929417067683
1.39863774403324 103.89562986923464 199.5192941706761
1.3986316816843412 103.89562773707858 199.5192941706762
1.3986254104982008 103.89562553147351 199.5192941706762
1.3986177954421954 103.89562285322317 199.51929417067683
1.3986093258120413 103.89561987441522 199.5192941706762
1.3986024908359693 103.8956174705226 199.5192941706762
1.3985951276038968 103.89561488083991 199.51929417067683
1.3985902491979687 103.89561316508204 199.5192941706762
1.3985845384131224 103.89561115657268 199.51929417067683
1.398576393807331 103.89560829207723 199.51929417067694
1.3985710069954922 103.89560639751068 199.5192941706762
1.3985635241635903 103.89560376576416 199.5192941706762
1.3985591426162598 103.89560222475373 199.51929417067683
1.3985548727935222 103.89560072303738 199.5192941706762
1.398550090270612 103.895599041002 199.51929417067632
1.39854463067659 103.89559712083758 199.51929417067694
1.3985374378178204 103.89559459107595 199.51929417067683
1.3985331020655025 103.89559306617184 199.5192941706762
1.3985260647485183 103.89559059111497 199.5192941706762
1.398518881218391 103.89558806463427 199.51929417067672
1.398510634502296 103.89558516422613 199.5192941706762
1.3985037198171768 103.89558273229945 199.5192941706762
1.3984963219956914 103.89558013045148 199.51929417067683
1.398489537616939 103.89557774435413 199.5192941706762
1.398481273232506 103.89557483773196 199.5192941706762
1.3984735569132525 103.89557212386683 199.51929417067632
1.398467764007699 103.89557008647517 199.5192941706762
1.3984613042859066 103.89556781456118 199.5192941706761
1.3984543503570517 103.89556536883227 199.51929417067683
1.3984500229107388 103.89556384684941 199.51929417067683
1.398444199761749 103.895561798821 199.51929417067683
1.3984365180193483 103.8955590971167 199.5192941706762
1.3984286260550762 103.89555632147638 199.51929417067683
1.3984235522964266 103.895554537012 199.51929417067683
1.3984187616976886 103.89555285213629 199.5192941706762
1.398413457548978 103.89555098664268 199.51929417067683
1.3984078612527686 103.89554901839941 199.51929417067632
1.398403055705253 103.89554732826613 199.5192941706761
1.3983983608270083 103.89554567705575 199.5192941706762
1.39839097723211 103.89554308021128 199.51929417067683
1.3983834876932548 103.89554044610583 199.51929417067632
1.398379133843471 103.89553891483673 199.5192941706761
1.3983707659780442 103.89553597181975 199.51929417067683
1.3983656014234742 103.89553415542204 199.51929417067683
1.3983612497537052 103.89553262491964 199.51929417067672
1.3983558826644553 103.89553073728952 199.5192941706761
1.3983476401959174 103.8955278383752 199.51929417067683
1.3983396133964143 103.89552501531267 199.5192941706761
1.3983337299816083 103.89552294608846 199.5192941706761
1.398328279948686 103.89552102928667 199.5192941706762
1.3983211689303956 103.89551852830863 199.51929417067683
1.3983156639272394 103.89551659217352 199.5192941706761
1.3983102265126497 103.89551467980966 199.51929417067683
1.398303937042974 103.89551246777405 199.5192941706762
1.3982959226730782 103.89550964908305 199.51929417067632
1.3982878581522018 103.89550681275374 199.5192941706762
1.3982813643771619 103.89550452886297 199.5192941706762
1.3982728889820353 103.89550154802726 199.5192941706761
1.3982659898702385 103.89549912157769 199.5192941706761
1.3982595713850974 103.89549686416674 199.51929417067683
1.398254396303785 103.89549504406666 199.51929417067694
1.3982475626880806 103.89549264065238 199.51929417067683
1.3982431944278406 103.89549110431501 199.5192941706761
1.3982354780526176 103.8954883904301 199.51929417067632
1.398228433295353 103.89548591275633 199.51929417067683
1.398223700957291 103.8954842483711 199.51929417067672
1.3982159188085008 103.89548151135332 199.51929417067683
1.3982082589851335 103.89547881735793 199.51929417067632
1.398200553588509 103.89547610733423 199.5192941706762
1.398195860369022 103.89547445670718 199.51929417067683
1.3981885610262776 103.89547188949449 199.5192941706762
1.398181851823138 103.89546952983666 199.51929417067683
1.3981754012938736 103.8954672611556 199.5192941706762
1.3981672282924378 103.89546438667311 199.51929417067677
1.3981590322617474 103.89546150409112 199.5192941706762
1.3981522506478494 103.89545911896606 199.51929417067683
1.3981468649446562 103.89545722478925 199.51929417067618
1.3981420292170008 103.89545552404141 199.5192941706761
1.398136915209795 103.89545372542136 199.51929417067683
1.3981324866120421 103.89545216786298 199.5192941706763
1.3981271529453956 103.89545029198769 199.51929417067683
1.3981207311755743 103.89544803342145 199.51929417067618
1.3981143989860327 103.895445806361 199.51929417067677
1.3981074446119612 103.89544336047535 199.51929417067683
1.3981014332022967 103.89544124623468 199.51929417067618
1.3980956874175225 103.89543922541552 199.5192941706763
1.398090149230273 103.89543727760935 199.51929417067683
1.3980855285079552 103.89543565247988 199.51929417067618
1.3980798450589984 103.8954336535845 199.51929417067677
1.3980737836162493 103.89543152174694 199.51929417067683
1.3980655768999946 103.89542863540673 199.5192941706762
1.3980592628207316 103.89542641471574 199.51929417067683
1.3980540447679632 103.89542457950235 199.5192941706763
1.3980486403095804 103.89542267872925 199.51929417067683
1.3980438394516839 103.89542099024523 199.51929417067683
1.398035709430443 103.895418130879 199.5192941706762
1.3980280106550618 103.89541542318393 199.51929417067683
1.3980216681158046 103.89541319248343 199.51929417067618
1.3980170739873432 103.8954115767071 199.5192941706762
1.3980088891959543 103.89540869807793 199.5192941706763
1.3980009164187301 103.89540589401514 199.5192941706762
1.3979946533463727 103.8954036912635 199.5192941706762
1.3979883602569236 103.89540147795469 199.5192941706763
1.3979828323875776 103.89539953377735 199.51929417067618
1.3979768177186183 103.89539741839033 199.5192941706762
1.3979717318927327 103.89539562968172 199.51929417067618
1.3979638505186367 103.89539285776583 199.5192941706762
1.3979565075718956 103.89539027521732 199.51929417067618
1.397951140573838 103.89538838761915 199.51929417067686
1.3979450166126954 103.89538623379354 199.51929417067677
1.3979377481327044 103.89538367743533 199.5192941706763
1.397929594574327 103.89538080979095 199.5192941706763
1.3979225630380179 103.8953783367669 199.51929417067686
1.3979182169953488 103.89537680824348 199.5192941706763
1.3979133159150865 103.89537508451076 199.51929417067618
1.3979060214896193 103.89537251902739 199.5192941706763
1.3979010455744654 103.8953707689749 199.5192941706763
1.397894688994661 103.89536853333621 199.5192941706763
1.3978883382815606 103.89536629976087 199.5192941706763
1.3978815660009223 103.89536391791825 199.51929417067686
1.3978732435375296 103.89536099086914 199.51929417067677
1.397866589728965 103.8953586506937 199.51929417067683
1.3978619429596948 103.89535701640334 199.51929417067618
1.3978549542130376 103.8953545584286 199.51929417067677
1.3978503032640457 103.89535292266818 199.5192941706762
1.3978436158214904 103.89535057066351 199.5192941706762
1.3978360155438634 103.89534789761048 199.51929417067672
1.3978296551952702 103.89534566064627 199.5192941706761
1.3978217293772242 103.89534287309917 199.5192941706763
1.3978168540298115 103.89534115841677 199.51929417067683
1.3978117591463235 103.89533936652252 199.5192941706761
1.3978070487997438 103.89533770987168 199.5192941706762
1.3978011736839329 103.89533564356609 199.5192941706762
1.3977968037766837 103.89533410664937 199.51929417067683
1.397792431437402 103.89533256887728 199.5192941706762
1.3977853838613372 103.89533009021194 199.5192941706762
1.3977805761764204 103.89532839932676 199.51929417067672
1.3977736307109563 103.89532595657418 199.51929417067672
1.3977655648580998 103.89532311977617 199.5192941706762
1.3977606887563259 103.89532140482844 199.5192941706762
1.3977544172808127 103.89531919912127 199.51929417067683
1.397749913863258 103.89531761524832 199.5192941706761
1.3977433532740855 103.89531530785854 199.5192941706762
1.3977357123953038 103.89531262052586 199.51929417067683
1.3977288933732075 103.895310222244 199.51929417067694
1.3977209067267626 103.89530741330319 199.5192941706762
1.3977124978124011 103.89530445584882 199.51929417067694
1.397704545528133 103.89530165899335 199.5192941706762
1.3976982623055163 103.89529944915466 199.5192941706762
1.3976905502893835 103.89529673680262 199.5192941706762
1.397683446108373 103.89529423822903 199.51929417067632
1.3976774894821975 103.89529214325582 199.5192941706762
1.3976696830378368 103.89528939769292 199.51929417067632
1.3976639713019767 103.89528738884877 199.5192941706762
1.39765611319371 103.89528462511541 199.51929417067694
1.397650249327733 103.8952825627664 199.51929417067683
1.3976453613266366 103.89528084363361 199.51929417067672
1.3976384130465749 103.89527839989108 199.5192941706762
1.3976307351916255 103.89527569955366 199.5192941706762
1.3976228715746437 103.89527293388285 199.51929417067643
1.3976174043624594 103.8952710110388 199.5192941706761
1.397612432301625 103.8952692623418 199.51929417067683
1.3976044822898093 103.89526646628553 199.51929417067683
1.3976000496357226 103.8952649073004 199.51929417067672
1.3975953212876322 103.89526324431827 199.5192941706762
1.397588381472519 103.89526080355292 199.5192941706762
1.3975828459537532 103.89525885668512 199.51929417067632
1.3975744546161024 103.89525590541247 199.5192941706762
1.3975694586958893 103.89525414832399 199.51929417067683
1.3975627327054139 103.89525178276172 199.51929417067683
1.3975555932503354 103.895249271782 199.5192941706762
1.3975508579094909 103.89524760634052 199.5192941706762
1.3975423639742166 103.89524461898381 199.51929417067683
1.3975363642785692 103.8952425088628 199.5192941706762
1.3975317536050562 103.89524088726739 199.51929417067683
1.3975254775797405 103.89523867995995 199.5192941706761
1.3975203768152127 103.89523688599722 199.51929417067632
1.3975120303801367 103.895233950517 199.51929417067672
1.3975045355677778 103.89523131455647 199.5192941706762
1.3974977485146158 103.89522892751815 199.51929417067632
1.3974903712034177 103.8952263328833 199.5192941706762
1.3974860486922975 103.89522481263593 199.51929417067672
1.3974801714041185 103.89522274556619 199.51929417067683
1.3974728394615277 103.8952201668877 199.51929417067683
1.397464494742383 103.89521723201095 199.51929417067632
1.397458939887668 103.89521527834258 199.51929417067632
1.3974545961292615 103.89521375062242 199.5192941706762
1.3974485413317244 103.8952116211218 199.51929417067632
1.3974432923676074 103.89520977503656 199.5192941706762
1.3974383118723515 103.89520802337309 199.51929417067683
1.3974302953895708 103.89520520393857 199.51929417067632
1.3974223152338827 103.89520239728049 199.51929417067672
1.397417648566649 103.89520075599178 199.51929417067672
1.397412608470562 103.89519898336638 199.51929417067683
1.3974046413115842 103.8951961812793 199.51929417067683
1.3973968419367981 103.89519343820268 199.5192941706761
1.397391844231298 103.89519168048626 199.5192941706762
1.397387093252515 103.89519000954478 199.51929417067683
1.3973801015313911 103.89518755052373 199.51929417067694
1.3973732124768563 103.895185127611 199.5192941706761
1.3973672977914513 103.89518304738844 199.5192941706762
1.39735979058343 103.89518040706824 199.51929417067672
1.3973526187649399 103.89517788470609 199.5192941706762
1.3973478198324891 103.89517619689906 199.5192941706761
1.397342901816797 103.8951744672099 199.51929417067632
1.3973356168157136 103.89517190504091 199.51929417067683
1.3973310820416573 103.89517031013962 199.5192941706762
1.3973260116218418 103.89516852684922 199.5192941706762
1.3973199886257668 103.8951664085333 199.5192941706762
1.3973152786648497 103.89516475201796 199.5192941706762
1.3973081073182496 103.89516222982176 199.51929417067632
1.397301735412604 103.8951599887927 199.5192941706762
1.3972956591220185 103.89515785173282 199.5192941706762
1.3972896996315454 103.89515575575209 199.51929417067672
1.3972815750076961 103.8951528982838 199.51929417067694
1.3972735092695283 103.89515006152587 199.51929417067632
1.397268588054749 103.89514833071156 199.51929417067632
1.397263010486035 103.8951463690545 199.5192941706762
1.3972551621290805 103.89514360875056 199.5192941706762
1.3972468017580277 103.89514066836885 199.5192941706761
1.3972392263458089 103.89513800406085 199.51929417067683
1.3972326124893106 103.89513567793651 199.51929417067632
1.3972277530370283 103.89513396884433 199.5192941706762
1.3972226486646957 103.89513217361264 199.51929417067683
1.397215927529712 103.89512980975795 199.51929417067672
1.3972090480758559 103.89512739022175 199.51929417067683
1.397203071556037 103.89512528825168 199.51929417067694
1.397196547003347 103.8951229935359 199.51929417067632
1.3971900045737604 103.89512069253271 199.51929417067683
1.3971840761621637 103.89511860748253 199.51929417067632
1.397177116859853 103.89511615986324 199.51929417067632
1.3971688568156455 103.89511325476693 199.51929417067683
1.397163015208269 103.89511120024619 199.51929417067632
1.3971586927346427 103.89510968001193 199.51929417067683
1.3971534026005037 103.89510781944692 199.5192941706762
1.397145144023406 103.89510491486656 199.5192941706762
1.3971390746871046 103.8951027802525 199.5192941706762
1.3971344231365115 103.8951011442803 199.5192941706762
1.397128370096745 103.8950990153978 199.5192941706762
1.3971214128972376 103.89509656851807 199.51929417067632
1.397116055505156 103.89509468429812 199.51929417067683
1.3971086034663427 103.89509206338106 199.51929417067672
1.3971014180518972 103.89508953623704 199.51929417067643
1.3970950233123818 103.8950872871771 199.5192941706762
1.397090236563942 103.8950856036552 199.5192941706761
1.3970847011145182 103.89508365681162 199.5192941706762
1.3970773102597485 103.89508105741326 199.5192941706762
1.3970710870431844 103.89507886867877 199.51929417067632
1.3970631218337124 103.89507606727716 199.5192941706762
1.3970552161728202 103.89507328681906 199.5192941706761
1.3970507902840432 103.89507173021319 199.5192941706762
1.397045810328912 103.89506997873956 199.5192941706762
1.3970396252333126 103.89506780341235 199.5192941706762
1.397033460635046 103.89506563529416 199.51929417067632
1.3970272588071349 103.89506345408212 199.51929417067632
1.3970187470045463 103.89506046044113 199.5192941706762
1.3970131060486213 103.8950584764904 199.51929417067694
1.3970074717914593 103.89505649489567 199.51929417067694
1.397003076430766 103.89505494902663 199.51929417067683
