198159681
1.4006091602588353 103.89586029600892 72.15217781085666
1.4006118203221207 103.89586849138347 72.15217781085605
1.4006141245994723 103.89587559061911 72.15217781085666
1.400616644113438 103.89588335297618 72.15217781085605
1.4006188912512914 103.89589027617117 72.15217781085666
1.400620894891619 103.895896449176 72.15217781085666
1.400622781393641 103.8959022612901 72.15217781085583
1.4006246304506553 103.8959079580401 72.15217781085666
1.4006262069826547 103.89591281516927 72.15217781085666
1.4006284451904412 103.89591971085193 72.15217781085666
1.4006303936808142 103.89592571394577 72.15217781085605
1.4006323749343095 103.89593181797937 72.15217781085666
1.400634396526736 103.89593804629308 72.15217781085666
1.40063579183062 103.89594234507763 72.15217781085666
1.4006389367014018 103.89594796906468 70.51738080565958
1.4006423040217564 103.89595282866328 68.2824187248557
1.4006461329939073 103.89595835450159 65.72478525322981
1.4006497027760478 103.89596350628597 63.33320403563085
1.4006526219553328 103.89596771914316 61.37836868000563
1.4006565822496169 103.89597343450102 58.736246797080895
1.4006615824427837 103.89598065060451 55.479917675666734
1.4006653575389343 103.89598609869095 55.47991767566656
1.4006691817100845 103.89599161760077 55.47991767566712
1.4006718025589373 103.895995399918 55.47991767566656
1.40067645649204 103.89600211631122 55.47991767566656
1.400680487183439 103.89600793326387 55.47991767566656
1.4006844783806236 103.89601369321988 55.47991767566656
1.4006884695577735 103.896019453147 55.47991767566656
1.4006932318429288 103.89602632591024 55.47991767566618
1.4006958870055342 103.89603015774797 55.47991767566656
1.4006985244330632 103.89603396399109 55.47991767566618
1.4007011398422138 103.89603773845803 55.47991767566656
1.4007036861463398 103.89604141319506 55.47991767566656
1.4007085628796598 103.89604845112599 55.47991767566656
1.4007127619884658 103.89605451113293 55.47991767566618
1.40071820657636 103.89606022291265 53.88539850686013
1.4007246379665315 103.89606516863307 50.63103516982528
1.4007300121557882 103.89606930136907 47.890732967525906
1.4007336301324043 103.89607208358262 46.041879294178045
1.4007392725537275 103.8960764225883 43.1623348809225
1.4007432510450404 103.89607948203663 41.14156847832099
1.400749334624729 103.89608416029185 38.0794605120202
1.4007562459913772 103.89608947511286 37.76490084203645
1.4007621233851213 103.8960939948117 37.76490084203645
1.4007688822233515 103.89609919233882 37.764900842036965
1.4007739604851281 103.8961030975075 37.76490084203645
1.4007792744546033 103.89610718393476 37.76490084203645
1.4007859658740585 103.89611232961705 37.76490084203645
