32776538
1.4010324787953026 103.89625926151544 14.263194780174121
1.4010400469533701 103.89626116936704 14.263194780174121
1.401048382017444 103.8962632705474 14.263194780174745
1.4010528782299323 103.8962644039944 14.263194780174745
1.401057667771807 103.8962656113866 14.263194780174745
1.4010628193547336 103.89626691004547 14.263194780174594
1.401067415700097 103.89626806873487 14.263194780174745
1.4010749366471034 103.89626996468503 14.263194780174121
1.4010810779458838 103.89627151284064 14.263194780173956
1.4010879619410872 103.89627324822206 14.263194780173956
1.4010947632569293 103.89627496276087 14.263194780174745
1.4011002293088095 103.89627634069397 14.263194780174745
1.4011064639630224 103.89627791238345 14.263194780174745
1.4011116126133378 103.896279210303 14.263194780174121
1.4011196556820171 103.89628123787439 14.263194780174745
1.401127596530483 103.89628323967713 14.263194780173956
1.401133148818323 103.89628463934936 14.263194780174745
1.4011410636082415 103.89628663458303 14.263194780174745
1.4011468236376112 103.89628808662464 14.263194780174745
1.4011516934045667 103.89628931424066 14.263194780174121
1.4011592111188589 103.8962912093758 14.263194780174745
1.4011676219703793 103.89629332966123 14.263194780174121
1.4011720621600898 103.89629444898542 14.263194780174745
1.401180652458147 103.89629633234036 13.913846836834946
1.4011874743185573 103.89629766045356 13.42885990994384
1.401192520668743 103.89629864290173 13.070027232523513
1.4011980775221318 103.89629972473715 12.674860448803027
1.401204130183482 103.89630090309889 12.244437773361783
1.4012101804987365 103.8963020810039 11.81423196712816
1.4012164089551815 103.89630329359026 11.37146288984897
1.4012225424917544 103.89630448769718 11.112943831436194
1.4012304592655982 103.89630602897343 11.112943831436194
1.4012352671951378 103.89630696500465 11.112943831436194
1.4012406326377689 103.89630800957526 11.112943831435558
1.40124797723275 103.89630943945691 11.112943831436194
1.401256078155901 103.89631101658422 11.112943831436194
1.4012632305958512 103.89631240905618 11.112943831436194
1.4012714409880955 103.89631400749542 11.112943831436194
1.401279023683059 103.89631548373151 11.112943831436194
1.401283770100517 103.89631640778722 11.112943831436194
1.4012888083954682 103.89631738866707 11.112943831436194
1.4012948723010494 103.89631856921781 11.112943831436194
1.4013027360990036 103.89632010018035 11.112943831436194
1.4013093964230903 103.89632139684473 11.112943831436194
1.401314203548148 103.89632233271928 11.112943831436194
1.4013211207280432 103.89632367938957 11.112943831435558
1.401326395972496 103.89632470639988 11.112943831436194
1.401331926130499 103.896325783038 11.112943831436194
1.4013384857696312 103.89632706010049 11.112943831436194
1.4013465589523644 103.89632863182703 11.112943831436194
1.4013551065564798 103.89633029591621 11.112943831435558
1.4013608744666768 103.89633141884104 11.112943831436194
1.401366749557051 103.89633256263224 11.112943831436194
1.4013739669267715 103.8963339677449 11.112943831436194
1.401379924807381 103.89633512765407 11.112943831436194
1.4013865167224586 103.89633641100016 11.112943831435558
1.4013937599717474 103.89633782115115 11.112943831436194
1.4014016520839845 103.89633935762592 11.112943831435558
1.401410007892871 103.8963409843754 11.112943831436194
1.4014174356943239 103.89634243045586 11.112943831435558
1.4014234828044916 103.89634360773665 11.112943831435558
1.4014319863359914 103.89634526324545 11.112943831435558
1.401438591962033 103.8963465492608 11.112943831436194
1.401445752820708 103.89634794337151 11.112943831436194
1.4014525919208083 103.8963492748407 11.112943831436194
1.4014600544937903 103.8963507276906 11.112943831436194
1.401466605396675 103.89635200305214 11.112943831435558
1.40147112818303 103.89635288357012 11.112943831436068
1.401478792614122 103.89635437571872 11.112943831436194
1.4014870413852594 103.89635598162944 11.112943831436194
1.4014953551024625 103.89635760018419 11.112943831436194
1.4015000849624786 103.89635852101624 11.112943831436194
1.401504987842664 103.8963594755327 11.112943831436194
1.4015107081442706 103.89636058918872 11.112943831436194
1.4015191169505232 103.89636222625582 11.112943831436194
1.4015240357977559 103.8963631838808 11.112943831436194
1.4015317380853225 103.8963646833994 11.112943831436324
1.4015382207317013 103.89636594547235 11.112943831436068
1.4015435314734193 103.89636697939324 11.112943831436194
1.4015483762866714 103.8963679226049 11.112943831435558
1.4015561278810351 103.89636943172275 11.112943831436194
1.4015614968999073 103.8963704769893 11.112943831435686
1.4015696987538113 103.89637207376583 11.112943831436194
1.401576151272323 103.89637332997331 11.112943831436194
1.4015825734005152 103.89637458026422 11.112943831436194
1.4015895405416006 103.89637593666089 11.112943831436194
1.4015976712118792 103.89637751957902 11.112943831436068
1.401602397667171 103.89637843974815 11.112943831436194
1.4016092406673808 103.89637977197644 11.112943831436194
1.4016165287544884 103.89638119085639 11.112943831436194
1.4016233277347707 103.89638251451466 11.112943831436194
1.4016296383937772 103.89638374310415 11.112943831436194
1.401636677933037 103.89638511359558 11.112943831436194
1.4016453947529333 103.89638681062809 11.112943831436324
1.4016507809823966 103.89638785924518 11.112943831436194
1.4016553055785452 103.89638874011534 11.112943831435432
1.4016615501534428 103.89638995583925 11.112943831436068
1.4016662058246292 103.89639086222773 11.112943831436194
1.4016709769745146 103.89639179109815 11.112943831436068
1.4016776035220646 103.89639308118632 11.112943831436194
1.4016852730773177 103.89639457433222 11.112943831436324
1.4016932852966868 103.89639613418963 11.112943831436324
1.4017014617456294 103.89639772602003 11.112943831435686
1.4017081390678503 103.8963990259932 11.112943831436068
1.4017140310073901 103.89640017306431 11.112943831436068
1.4017196999940404 103.89640127672986 11.112943831436068
1.4017281225209448 103.89640291646786 11.112943831436068
1.4017332040592414 103.89640390576614 11.112943831435686
1.4017402197752333 103.8964052716194 11.112943831436324
1.401744950345454 103.89640619258952 11.112943831436324
1.4017526584251043 103.89640769323546 11.112943831436068
1.4017604722560526 103.89640921446956 11.112943831435686
1.4017656086125598 103.89641021444008 11.112943831436068
1.4017701093935033 103.8964110906737 11.112943831436068
1.4017762095603068 103.89641227828342 11.112943831436068
1.4017809384224664 103.89641319892097 11.112943831436068
1.4017861574283996 103.89641421498206 11.112943831436324
1.4017937387809007 103.89641569095609 11.112943831436324
1.4018004822741885 103.89641700381166 11.112943831436324
1.4018053371147348 103.89641794897527 11.112943831436068
1.401813688610005 103.89641957488436 11.112943831435432
1.4018186047693022 103.89642053198578 11.112943831436068
1.4018248958927582 103.8964217567718 11.112943831435686
1.4018314029504995 103.89642302359694 11.112943831436068
1.4018382572703123 103.89642435802872 11.112943831436068
1.4018468506775954 103.89642603103432 11.112943831436324
1.401855301065594 103.89642767619627 11.112943831436324
1.4018612458504172 103.89642883355539 11.112943831436324
1.401866722185293 103.89642989971443 11.112943831435432
1.4018742997585174 103.8964313749526 11.112943831436324
1.401881168779864 103.89643271224648 11.112943831436324
1.4018864861008073 103.8964337474479 11.112943831436068
1.4018923985141434 103.89643489850475 11.112943831435432
1.4018991755658503 103.89643621789352 11.112943831435686
1.401906733522164 103.89643768931253 11.112943831436068
1.4019123491708207 103.89643878259379 11.112943831435432
1.4019211021053417 103.89644048665683 11.112943831435686
1.4019279882920075 103.89644182729248 11.112943831436324
1.4019365420948557 103.89644349258758 11.112943831436068
1.4019434278528928 103.89644483313978 11.112943831436324
1.4019509225324418 103.89644629223967 11.112943831436324
1.4019587587441695 103.89644781783072 11.112943831436324
1.4019653038258775 103.89644909205839 11.112943831436068
1.4019741158311165 103.8964508076215 11.112943831436324
1.401980202838493 103.89645199266907 11.112943831436324
1.4019848622564215 103.89645289978671 11.112943831436068
1.401989939698151 103.89645388828723 11.112943831436324
1.4019955768685242 103.89645498575837 11.112943831435432
1.4020030081189452 103.89645643250951 11.112943831436324
1.402008288392138 103.89645746049821 11.112943831436068
1.4020147869423811 103.89645872566686 11.112943831436068
1.4020205552694225 103.89645984867218 11.112943831436324
1.402028317741759 103.89646135990716 11.112943831436324
1.4020332896815266 103.896462327868 11.112943831436324
1.4020395467893263 103.89646354603146 11.112943831436324
1.4020469463762781 103.89646498661817 11.112943831436068
1.4020538545429115 103.89646633153282 11.112943831436324
1.4020620763514033 103.8964679321935 11.112943831435432
1.4020683872027664 103.89646916081998 11.112943831435432
1.402075894866071 103.89647062244748 11.112943831436068
1.402080615608494 103.896471541504 11.112943831436324
1.402089225776331 103.89647321777228 11.112943831436324
1.4020941646499323 103.89647417929558 11.112943831436068
1.402099507249838 103.89647518449424 11.069173828497915
1.4021054531819608 103.89647624823074 10.951555583545359
1.4021102139561976 103.89647709994068 10.857379560549727
1.4021163771522582 103.89647820254605 10.735459902091758
1.402121215245183 103.89647906808842 10.63975283738472
1.4021279923911902 103.89648028053037 10.50568789645233
1.402132623523543 103.89648110904716 10.414076187176036
1.4021394137365615 103.89648232382682 10.279756703141608
1.4021479227484412 103.89648384610223 10.233899301007401
1.4021557254157486 103.8964852420115 10.233899301007401
1.402164492833474 103.89648681051611 10.233899301006751
1.4021717462410601 103.89648810816196 10.233899301007401
