391007732#0
1.4006882222399804 103.89638060112489 202.06244466343466
1.400681803221458 103.896378019661 202.062444663435
1.4006771837036298 103.89637616188192 202.06244466343466
1.4006693553208864 103.89637301363 202.062444663435
1.400662900279132 103.89637041767905 202.062444663435
1.4006554613864697 103.89636742606395 202.0624446634344
1.4006500209390222 103.8963652381409 202.062444663435
1.4006426361065671 103.89636226826656 202.0624446634344
1.400636473329313 103.89635978985233 202.0624446634344
1.40063136023428 103.89635773357686 202.062444663435
1.4006243662131217 103.89635492087069 202.062444663435
1.4006169472704335 103.89635193727864 202.062444663435
1.40060912884976 103.89634879303306 202.062444663435
1.4006046672292036 103.89634699875371 202.0624446634344
1.4005972097892223 103.89634399967963 202.06244466343466
1.400591863855041 103.89634184976589 202.062444663435
1.4005871388790179 103.89633994957586 202.06244466343466
1.400580573243291 103.89633730914859 202.0624446634344
1.4005738826540182 103.89633461847018 202.0624446634344
1.4005667096561063 103.89633173378692 202.0624446634344
1.4005599132521775 103.8963290005542 202.0624446634344
1.4005532237164766 103.89632631029947 202.06244466343466
1.4005468009366095 103.89632372732292 202.06244466343466
1.4005396511173605 103.89632085196119 202.062444663435
1.4005330093302162 103.89631818090895 202.0624446634344
1.400527396393194 103.8963159236177 202.06244466343466
1.4005198674331203 103.89631289578121 202.062444663435
1.4005130819139662 103.8963101669259 202.062444663435
1.400506082873856 103.89630735220128 202.062444663435
1.4004979929556427 103.89630409877059 202.062444663435
1.4004924236475036 103.89630185902509 202.06244466343466
