74981360
1.3986705933237122 103.89903676730142 286.1726716333622
1.39867248779504 103.89903026523099 286.1726716333626
1.398674889988314 103.89902202059308 286.1726716333626
1.398676226182096 103.89901743460321 286.1726716333622
1.3986785315438035 103.89900952230357 286.1726716333622
1.3986799251238742 103.8990047393564 286.1726716333622
1.3986812838445575 103.89900007605111 286.1726716333622
1.3986832834020357 103.8989932133109 286.1726716333626
1.398684781430665 103.89898807045196 286.17216413907477
1.3986871664202705 103.89897942490902 286.0090004691852
1.3986890441813289 103.89897261806001 285.8805347619546
1.3986903386981413 103.89896792546051 285.79197053937236
1.3986919411008927 103.89896211678014 285.68234219420196
1.3986943189771432 103.89895349702249 285.51966118532187
1.3986961623168346 103.89894681494994 285.39355275388243
1.3986984509698264 103.89893851862469 285.35515183537154
1.3987007299345 103.89893025741927 285.35515183537194
1.398702343089742 103.89892440976084 285.35515183537194
1.3987039878067946 103.8989184476913 285.35515183537194
1.3987059540939386 103.89891131993595 285.35515183537194
1.3987081069511174 103.89890351586746 285.35515183537194
1.398709779622088 103.89889745246523 285.35515183537194
1.3987118958616827 103.89888978113459 285.3551518353722
1.3987141880317011 103.89888147205916 285.35515183537194
1.3987155732528669 103.89887645065708 285.35515183537194
1.3987169228999032 103.89887155821053 285.35515183537194
1.398718138881156 103.89886715030003 285.35515183537194
1.3987196444258594 103.89886169272711 285.35515183537194
1.3987208793155912 103.89885721627361 285.35515183537194
1.3987229046342926 103.89884987452893 285.3551518353722
1.3987248736071505 103.89884273703686 285.35515183537194
1.3987270513188401 103.89883484287004 285.35515183537194
1.3987285650670849 103.89882935555903 285.35515183537194
1.3987298924901734 103.89882454367341 285.3551518353722
1.3987316429206187 103.8988181983934 285.35515183537194
1.3987338503601388 103.89881019646329 285.35515183537194
1.3987358371524967 103.89880299437522 285.35515183537194
1.398737391004903 103.89879736168693 285.35515183537194
1.3987393688084306 103.89879019218301 285.35515183537194
1.398741209722458 103.8987835189011 285.35515183537194
1.3987428050044395 103.89877773603106 285.35515183537194
1.3987442249669821 103.89877258869096 285.35515183537194
1.3987457265356862 103.89876714552983 285.3551518353722
1.3987474981244248 103.8987607235506 285.35515183537194
1.3987497677224943 103.89875249629581 285.35515183537194
1.3987519691969277 103.89874451598789 285.35515183537194
1.3987537451513148 103.89873807818294 285.35515183537194
1.3987557212168062 103.89873091497846 285.35515183537194
1.3987573683864511 103.89872494401585 285.3551518353722
1.3987586970340458 103.89872012769032 285.35515183537194
1.3987606113451514 103.8987131883442 285.35515183537194
1.3987629598625306 103.89870467500737 285.3551518353722
1.398764833407556 103.89869788343738 285.35515183537194
1.3987668648571252 103.89869051946589 285.3551518353722
1.398768693856715 103.8986838893722 285.35515183537194
1.3987702341568253 103.89867830580933 285.35515183537194
1.3987725221239138 103.89867001196566 285.35515183537194
1.398774232634587 103.89866381139207 285.35515183537194
1.3987759255109704 103.89865767474241 285.35515183537194
1.3987781287380248 103.89864968807967 285.35515183537194
1.398780487417014 103.89864113790598 285.3551518353722
1.3987820698787217 103.89863540150749 285.35515183537194
1.3987832761560235 103.8986310287714 285.35515183537194
1.3987850339164483 103.89862465691769 285.35515183537194
1.398786702688509 103.89861860764529 285.35515183537194
1.3987881740449575 103.89861318816959 285.32620755003194
1.3987899277259233 103.89860525404002 284.79427232663176
1.3987915601935996 103.89859786831215 284.2989611778757
1.3987927328309784 103.89859256298159 283.94312574832395
1.398794468662174 103.89858470960883 283.4163895408172
1.398795572522029 103.89857971544632 283.08145990030994
1.3987973390640027 103.89857172312936 282.54558501709835
1.398798954995363 103.8985644122157 282.41335868387836
1.3988004597770844 103.89855760417316 282.41335868387864
1.3988021061468214 103.89855015554772 282.41335868387864
1.398803887900475 103.89854209440841 282.4133586838787
1.3988052758679694 103.89853581486491 282.41335868387864
1.3988069180733367 103.89852838507981 282.41335868387864
1.3988080918050456 103.89852307479728 282.41335868387864
1.39880938713609 103.89851721436608 282.41335868387836
1.3988108412827773 103.89851063540948 282.41335868387864
1.3988124398163566 103.89850340320702 282.41335868387864
1.3988140542124132 103.89849609923824 282.41335868387864
1.3988155739485364 103.89848922353676 282.41335868387836
1.3988174472453543 103.8984807482299 282.41335868387864
1.3988184965811417 103.8984760007479 282.413358683879
1.3988196619525373 103.89847072828901 282.41335868387836
1.3988210596034942 103.89846440493379 282.41335868387864
1.3988222750567476 103.89845890589072 282.41335868387864
1.398823859093223 103.89845173927621 282.4133586838787
1.3988255268171856 103.89844419403644 282.41335868387864
1.3988266310941562 103.89843919798504 282.413358683879
1.3988282377411014 103.89843192907422 282.41335868387864
1.3988295799142758 103.89842585671506 282.413358683879
1.3988313736411064 103.8984177414033 282.413358683879
1.39883257682803 103.89841229785584 282.41335868387864
1.3988342720799711 103.89840462807122 282.41335868387864
1.3988358570447437 103.89839745725588 282.413358683879
1.3988376387070804 103.89838939652664 282.41335868387864
1.3988386107349733 103.8983849988057 282.41335868387864
1.3988398171964542 103.89837954044279 282.413358683879
1.398840941792081 103.89837445246341 282.41335868387836
1.3988420624421098 103.89836938233493 282.41335868387836
1.3988432094579482 103.89836419292024 282.41335868387864
1.3988443940717061 103.89835883340214 282.413358683879
1.3988457751970444 103.8983525848116 282.41335868387864
1.3988470493132175 103.89834682035983 282.4133586838787
1.3988481759739768 103.89834172303681 282.41335868387836
1.398849920422846 103.89833383067042 282.41335868387864
1.398851444568374 103.8983269350168 282.4133586838787
1.3988533658266704 103.89831824271562 282.4133586838787
1.3988550828406798 103.89831047447161 282.41335868387836
1.3988563690998288 103.89830465508108 282.41335868387836
1.3988582847541664 103.89829598813326 282.41335868387836
1.3988598496010078 103.89828890833503 282.413358683879
1.3988615016453803 103.898281434031 282.413358683879
1.39886313130592 103.89827406099748 282.41335868387864
1.3988642606207171 103.89826895166594 282.41335868387836
1.3988658796030606 103.89826162694328 282.41335868387836
1.3988676781741614 103.89825348971142 282.41335868387864
1.398869365513662 103.89824585572184 282.41335868387864
1.3988709795064842 103.89823855357274 282.41335868387864
1.3988728233639858 103.89823021145222 282.41335868387836
1.398873930232993 103.89822520367107 282.41335868387864
1.3988757357348325 103.89821703508188 282.413358683879
1.3988772447270141 103.8982102079842 282.4133586838787
1.3988782734193892 103.89820555389551 282.41335868387836
1.3988794600009324 103.8982001854725 282.41335868387836
1.3988808914546487 103.89819370917999 282.41335868387864
1.398882721720502 103.89818542855092 282.413358683879
1.398883965132745 103.89817980300981 282.41335868387864
1.3988854035467673 103.89817329522663 282.4133586838787
1.3988865185995396 103.89816825041916 282.4133586838787
1.3988875931405158 103.89816338889821 282.41335868387864
1.398889251917666 103.89815588413093 282.4133586838787
1.3988905224169392 103.89815013604019 282.41335868387864
1.398891889374808 103.89814395154397 282.41335868387864
1.3988930184509363 103.89813884329058 282.41335868387836
1.3988943703762615 103.89813272680556 282.41335868387864
1.3988957436286764 103.89812651383079 282.41335868387864
1.398897096885097 103.89812039132336 282.41335868387836
1.3988983476020385 103.89811473273288 282.41335868387864
1.3989002231073153 103.89810624742647 282.413358683879
1.3989020497265754 103.8980979832938 282.41335868387836
1.3989033902987844 103.89809191817282 282.41335868387864
1.3989053029953087 103.89808321797774 282.4006006353156
1.3989071079145488 103.89807470678285 282.3061312657055
1.398908881321323 103.89806634418655 282.21331052792243
1.3989103566055592 103.89805938740318 282.13609343139194
1.3989116784454971 103.89805315419468 282.06690777766624
1.3989131490840039 103.89804621931826 281.989934303763
1.3989144184053486 103.89804023376385 281.9255382550084
1.398915482323816 103.89803521679791 281.92553825500875
1.3989172481351915 103.89802689001729 281.9255382550082
1.3989182626059957 103.89802210622433 281.9255382550085
1.398919750178582 103.89801509149379 281.92553825500875
1.39892119020474 103.89800830097093 281.9255382550085
1.3989224934248976 103.89800215556421 281.9255382550085
1.3989240363358015 103.89799487988242 281.9255382550085
1.3989251589093608 103.89798958632454 281.92553825500875
1.3989264275650835 103.89798360390803 281.9255382550085
1.3989278671462195 103.89797681548315 281.92553825500875
1.398929014488972 103.89797140512454 281.92553825500875
1.3989304182927609 103.8979647854095 281.9255382550084
1.3989316943713552 103.89795876798966 281.92553825500875
1.3989327819282225 103.89795363955447 281.9255382550085
1.398934437082255 103.89794583458301 281.9255382550084
1.398935766537684 103.89793956546141 281.9255382550084
1.3989373289035738 103.89793219803737 281.9255382550084
1.398938278764762 103.89792771891355 281.9255382550082
1.3989397849030811 103.89792061663354 281.9255382550084
1.3989408159590668 103.89791575463094 281.9255382550085
1.3989423004669093 103.89790875435047 281.92553825500875
1.3989440912641227 103.89790030974501 281.92553825500875
1.3989454286999097 103.89789400299087 281.9255382550085
1.3989467449135955 103.89788779631063 281.9255382550084
1.3989478352803144 103.8978826546245 281.9255382550085
1.398949290710513 103.8978757914607 281.92553825500875
1.398951030835044 103.89786758580445 281.92553825500875
1.3989525261459816 103.8978605345805 281.9255382550084
1.398953997186526 103.89785359780484 281.92553825500875
1.3989554537172986 103.89784672945072 281.9255382550084
1.3989570315131128 103.89783928926423 281.92553825500875
1.3989588572565659 103.89783067986626 281.9255382550085
1.3989601788849562 103.89782444765167 281.92553825500875
1.39896170175291 103.89781726648025 281.9255382550085
1.3989626776677087 103.8978126644978 281.9255382550082
1.3989642725568359 103.89780514370615 281.9255382550082
1.3989658592263927 103.89779766167423 281.92553825500875
1.398967676675523 103.89778909138771 281.9255382550084
1.3989689365220048 103.89778315050864 281.92553825500875
1.3989701195424962 103.89777757190689 281.9255382550084
1.3989718715631738 103.8977693101516 281.92553825500875
1.398973551890528 103.8977613864702 281.92553825500875
1.3989748208286645 103.89775540271846 281.9255382550084
1.398976061137195 103.89774955397122 281.92553825500875
1.3989773206564728 103.8977436146345 281.9255382550084
1.3989791691688418 103.89773489786627 281.9255382550084
1.398980750571925 103.89772744066738 281.92553825500875
1.398982534525668 103.89771902832878 281.9255382550084
1.3989837872487425 103.89771312103949 281.9255382550082
1.398984771042148 103.89770848190379 281.9255382550084
1.3989858386957603 103.89770344732028 281.92553825500875
1.3989874834128708 103.89769569155973 281.9255382550085
1.3989886546432104 103.89769016855391 281.92553825500875
1.3989901876690072 103.8976829394801 281.92553825500875
1.3989913181986506 103.89767760840061 281.9255382550084
1.3989925767645477 103.89767167355853 281.92553825500875
1.3989941985249024 103.8976640260513 281.9255382550084
1.3989953689517378 103.89765850683399 281.92553825500875
1.3989964362949567 103.8976534737135 281.92553825500875
1.3989975958639982 103.89764800569662 281.92553825500875
1.3989990646502715 103.89764107954734 281.92553825500875
1.3990000861484426 103.89763626261171 281.9255382550082
1.3990011494629397 103.89763124848866 281.92553825500875
1.39900228774946 103.89762588083045 281.92553825500875
1.39900373271466 103.89761906701048 281.92553825500875
1.3990048805941504 103.89761365411589 281.9255382550085
1.3990060994014053 103.89760790675709 281.9255382550084
1.3990075999240494 103.89760083095233 281.9255382550084
1.3990092853047857 103.89759288343798 281.92553825500875
1.3990104263748848 103.89758750265311 281.92553825500875
1.399011689906674 103.8975815443927 281.9255382550085
1.3990132455691873 103.89757420857205 281.9255382550084
1.3990145888381122 103.89756787430613 281.92553825500875
1.399015834383691 103.89756200086046 281.92553825500875
1.3990175701871412 103.89755381557397 281.92553825500875
1.3990189117207612 103.89754748949065 281.9255382550084
1.3990200750033737 103.8975420039607 281.92553825500875
1.3990211517910356 103.8975369263029 281.9255382550085
1.3990228574904702 103.89752888297316 281.92553825500875
1.399024540034798 103.89752094883261 281.92553825500875
1.3990255138787369 103.89751635661194 281.92553825500875
1.3990266721395108 103.89751089476235 281.9255382550084
1.3990277538014122 103.89750579411935 281.9255382550084
1.3990295818821914 103.89749717369224 281.9255382550084
1.3990309297000016 103.89749081797454 281.9255382550084
1.3990325477236993 103.89748318808421 281.9255382550085
1.3990343889875125 103.8974745054912 281.92553825500875
1.3990353517068972 103.89746996572852 281.9255382550084
1.3990365721606561 103.89746421060342 281.9255382550084
1.3990378153359944 103.8974583483332 281.9255382550082
1.3990395671937055 103.89745008733965 281.9255382550084
1.3990409093918927 103.89744375812086 281.9255382550085
1.3990422195402141 103.89743758003507 281.9255382550085
1.399043638264567 103.89743088995216 281.9255382550085
1.3990449620356062 103.8974246476274 281.9255382550084
1.399045981846608 103.89741983864508 281.92553825500875
1.3990472610676694 103.89741380639833 281.9255382550084
1.3990488870298616 103.89740613907205 281.9255382550084
1.3990501190562805 103.89740032937439 281.9255382550085
1.3990517727089555 103.89739253147164 281.9255382550085
1.3990534642777972 103.89738455477263 281.9255382550084
1.3990544486679313 103.89737991281915 281.9255382550082
1.3990554028782785 103.89737541318026 281.92553825500875
1.3990572622745232 103.89736664508024 281.9255382550085
1.3990582975557342 103.89736176314644 281.92553825500875
1.3990601024492186 103.8973532520573 281.92553825500875
1.3990610704946507 103.8973486871779 281.9255382550084
1.399062798671797 103.89734053784925 281.9255382550085
1.399064625405314 103.89733192377159 281.9255382550084
1.3990655638975813 103.89732749825177 281.9255382550084
1.3990666508184457 103.89732237280741 281.92553825500875
1.3990680779354694 103.89731564314636 281.92553825500875
1.3990692005005996 103.89731034961905 281.9255382550085
1.3990701558037193 103.89730584482633 281.92553825500875
1.399071948376389 103.89729739183558 281.92553825500875
1.39907372474686 103.89728901524714 281.9255382550085
1.3990750963627483 103.89728254730466 281.92553825500875
1.399076483662225 103.89727600540513 281.9255382550082
1.399078292004147 103.89726747805281 281.9255382550084
1.3990801039270504 103.89725893381397 281.92553825500875
1.3990813105488717 103.89725324391114 281.9255382550082
1.3990826190174155 103.89724707374344 281.9255382550085
1.3990838836011148 103.89724111051747 281.92553825500875
1.3990856750945506 103.89723266261451 281.92553825500875
1.3990875114760533 103.8972240030388 281.92553825500875
1.3990888102124432 103.89721787876324 281.9255382550084
1.3990904242300093 103.89721026775877 281.92553825500875
1.3990920042782145 103.89720281693887 281.92553825500875
1.3990931568757798 103.89719738179012 281.9255382550085
1.3990946495727001 103.89719034288063 281.92553825500875
1.399096504375833 103.89718159643559 281.9255382550084
1.3990981363978843 103.89717390052907 281.92553825500875
1.399099434626512 103.89716777864713 281.92553825500875
1.3991003892381955 103.89716327711328 281.92553825500875
1.3991020591808432 103.89715540238934 281.92553825500875
