627327943-AddedOffRampEdge
1.2724762929509428 103.85364321905078 303.3665446556565
1.2724805206953604 103.85363683439427 303.3665446556551
1.272484933158258 103.85363017077947 303.3665446556551
1.2724895272892558 103.85362323281299 303.3665446556551
1.2724927589021267 103.85361835249462 303.36654465565647
1.2724960483684546 103.85361338480702 303.36654465565505
1.2724993809676812 103.85360835198097 303.3665446556551
1.2725032045585172 103.85360257766891 303.36654465565505
1.2725067470377567 103.85359722788606 303.3665446556551
1.2725094724659956 103.85359311199761 303.3665446556565
1.2725120539724144 103.85358921345706 303.3665446556551
1.2725164915577623 103.8535825119023 303.3665446556565
1.2725201266521884 103.85357702225363 303.3665446556551
1.2725243332063874 103.8535706695975 303.3665446556565
1.272528640991248 103.85356416406472 303.3665446556551
1.2725336004090024 103.85355667444857 303.36654465565647
1.2725376587340171 103.85355054564505 303.3665446556551
1.2725416684481325 103.8535444902527 303.36654465565505
1.2725445623367877 103.85354011995825 303.3665446556565
1.2725477978449584 103.85353523375662 303.3665446556551
1.2725508746151963 103.85353058727789 303.3665446556551
1.2725541415427901 103.85352565362716 303.36654465565647
1.2725578112180564 103.85352011175466 303.3665446556565
1.272562463802185 103.85351308551219 303.3665446556551
1.272566938137988 103.85350632845677 303.3665446556565
1.272569599726439 103.85350230897737 303.36654465565505
1.272573826385824 103.85349592595799 303.36654465565516
1.272577137917411 103.85349092494691 303.3665446556551
1.272581830003594 103.85348383904885 303.3665446556551
1.2725856288685158 103.85347810207624 303.3665446556551
1.2725903640342886 103.85347095112007 303.3665446556551
1.2725929233490718 103.85346708609215 303.3665446556565
1.2725963732557863 103.85346187610936 303.3665446556551
1.272600339574931 103.85345588625042 303.36654465565516
1.2726038172180008 103.85345063438064 303.3665446556565
1.2726065736779357 103.85344647162773 303.3665446556566
1.2726106061594473 103.85344038185151 303.3665446556551
1.2726151061268725 103.85343358608694 303.3665446556565
1.2726183923698173 103.85342862326577 303.3665446556565
1.2726221541435436 103.85342294230708 303.36654465565647
1.2726254067145955 103.85341803033647 303.36654465565505
1.2726299302973207 103.85341119890829 303.36654465565505
1.2726328612754894 103.85340677260105 303.36654465565505
1.272636496667152 103.85340128250195 303.36654465565505
1.272640592966071 103.85339509634942 303.3665446556551
1.2726455652959185 103.85338758723162 303.36654465565505
1.2726504166194763 103.85338026085513 303.3665446556551
1.272655138378586 103.85337313014433 303.3665446556551
1.2726581225286542 103.85336862353759 303.3665446556566
1.2726627789037048 103.85336159156843 303.36654465565647
1.2726654424406392 103.85335756914549 303.3665446556551
1.272668257583964 103.85335331776943 303.36654465565505
1.2726719016483716 103.85334781457242 303.36654465565505
1.2726758977077273 103.8533417797993 303.3665446556565
1.2726799313024033 103.85333568834092 303.3665446556565
1.2726825448484023 103.85333174141321 303.3665446556565
1.2726857142788712 103.8533269549992 303.3665446556565
1.2726884018949338 103.85332289621222 303.36654465565505
1.2726921012301213 103.85331730954607 303.3665446556565
1.2726959428275337 103.85331150803812 303.36654465565647
1.2727004048572044 103.85330476956503 303.3665446556551
1.272703509394162 103.8533000811518 303.36654465565505
1.2727066291021107 103.85329536982758 303.36654465565505
1.2727107284303347 103.85328917909922 303.36654465565647
1.2727138717253141 103.85328443215425 303.36654465565647
1.272718220454263 103.85327786478548 303.36654465565647
1.2727228886905784 103.8532708149026 303.36654465565505
1.2727263079650588 103.85326565117842 303.36654465565647
1.2727292248859292 103.85326124609918 303.36654465565505
1.2727333321939684 103.85325504331952 303.3665446556566
1.2727379779706178 103.85324802735457 303.36654465565505
1.2727421940018406 103.85324166038305 303.36654465565516
1.2727450298099177 103.85323737779866 303.36654465565505
1.2727499665228985 103.85322992246691 303.36654465565647
1.2727540966878157 103.85322368516889 303.36654465565505
1.2727572638906108 103.85321890211826 303.36654465565516
1.2727613293519813 103.85321276253423 303.36654465565505
1.2727639035955374 103.85320887495953 303.36654465565505
1.2727680198124711 103.85320265872528 303.36654465565505
1.2727720158728102 103.85319662394924 303.3665446556566
1.2727754584837714 103.8531914249821 303.3665446556553
1.2727792070792732 103.85318603432458 303.5555899071211
1.2727832191709663 103.8531802811668 303.7694158862434
1.2727866083665618 103.85317542121375 303.950050808298
1.2727910229180284 103.85316909094675 304.18533698938586
1.2727949225094526 103.85316349910909 304.3931734888097
1.2727976334823115 103.85315961169664 304.5376552704456
1.2728027448666628 103.85315228220261 304.7426695303148
1.2728064034900948 103.853147035902 304.7426695303133
1.2728100687842836 103.85314178003578 304.7426695303133
1.2728151047519607 103.85313455868567 304.7426695303148
1.2728189907164373 103.85312898638811 304.7426695303148
1.2728226306012822 103.85312376695761 304.7426695303133
1.2728263969282014 103.8531183662148 304.7426695303148
1.2728301464700518 103.853112989541 304.7426695303148
1.2728334604453153 103.85310823744997 304.74266953031497
1.2728375397879759 103.85310238785661 304.7426695303135
1.2728422365371275 103.85309565293008 304.7426695303133
1.2728459378897545 103.85309034535726 304.7426695303133
1.272849849321281 103.8530847365407 304.74266953031497
1.2728527123295332 103.85308063111584 304.7426695303133
1.2728571008932998 103.85307433811306 304.74266953031497
1.2728600598658009 103.85307009507973 304.7426695303135
1.2728634256199909 103.85306526873973 304.7426695303148
1.2728668668935212 103.85306033410835 304.7426695303133
1.2728709171716779 103.85305452619171 304.7426695303148
1.272874533257321 103.85304934088754 304.7426695303133
1.2728773503816002 103.853045301258 304.7426695303148
1.2728818849900467 103.85303879883337 304.74266953031497
1.2728848183289396 103.85303459255722 304.7426695303133
1.2728889310976523 103.85302869503168 304.7426695303135
1.2728927618741699 103.85302320187022 304.7426695303133
1.272895407344084 103.85301940838517 304.7426695303133
1.2728990058543566 103.853014248283 304.7426695303132
1.2729030367096772 103.85300846821741 304.7426695303133
1.2729075987153728 103.85300192650593 304.7426695303135
1.2729126300373523 103.8529947118159 304.7426695303133
1.2729170992796899 103.85298830312279 304.7426695303133
1.2729211071956648 103.85298255595092 304.7426695303148
1.2729247944914457 103.85297726853399 304.7426695303135
