173791999
1.2748288426336132 103.84748491998197 216.37877793497458
1.2748221786618879 103.84748004689871 216.3787779349742
1.2748168757998548 103.84747616913796 216.37877793497458
1.2748110619904867 103.84747191774284 216.37877793497665
1.2748068372118 103.84746882833923 216.37877793497458
1.2748023724016309 103.8474655634107 216.3787779349742
1.274797414178101 103.84746193766964 216.3787779349742
1.274793430363026 103.84745902447266 216.3787779349742
1.2747886429288349 103.84745552362268 216.37877793497458
1.274784618083384 103.84745258042192 216.37877793497458
1.2747791293320399 103.84744856672813 216.37877793497665
1.2747727775912665 103.84744392196635 216.3787779349742
