459186761#1
1.275069507801659 103.84575537475342 38.44286339230963
1.2750740549704775 103.8457589577723 38.44286339230923
1.2750805107568517 103.84576404471879 38.44286339230923
1.2750875513920836 103.8457695925069 38.44286339230963
1.27509418861645 103.84577482242058 38.44286339230963
1.2751009066913717 103.84578011604182 38.44286339230923
1.2751047160408608 103.84578311768347 38.44286339230963
1.2751111160798987 103.84578816070297 38.44286339230963
1.2751179998887294 103.84579358491708 38.44286339230923
1.2751235983233287 103.84579799629874 38.44286339230963
1.275129908585423 103.845802968577 38.44286339230963
1.2751366517606983 103.84580828197656 38.44286339230963
1.2751429157304977 103.84581321777803 38.44286339230923
1.2751473639836892 103.84581672285474 38.44286339230923
1.2751541432601368 103.84582206470085 38.44286339230963
1.275160374445424 103.84582697466924 38.44286339231065
1.2751666890005504 103.84583195033031 38.44286339230963
1.2751712944676716 103.84583557928643 38.44286339231065
1.275176037337242 103.84583931651116 38.44286339230862
1.2751826188936515 103.84584450256045 38.44286339230963
1.2751880223973424 103.84584876034309 38.44286339230923
1.2751940011779306 103.84585347142493 38.44286339231065
1.2751999625544923 103.845858168793 38.44286339230963
1.2752039890137385 103.84586134151006 38.44286339230923
1.2752098325615333 103.84586608174708 38.578218495083405
1.275214490775255 103.84586990784697 38.733394083549996
1.2752205412375253 103.84587487749295 38.93495464230899
1.2752265015247133 103.84587977307216 39.13351336577141
1.2752322308262072 103.8458844789275 39.32437470878263
1.2752386088485625 103.84588971762034 39.53683899923189
1.2752453446016874 103.84589525014118 39.6060365891467
1.275249548182761 103.84589870282116 39.6060365891467
1.2752554711967168 103.84590356778544 39.6060365891467
1.275259208403474 103.84590663740127 39.6060365891467
1.2752635752081873 103.84591022414766 39.6060365891467
1.2752676030787515 103.84591353250498 39.6060365891467
1.2752734571873772 103.84591834087277 39.6060365891467
1.2752804221715919 103.84592406167637 39.6060365891467
1.2752843237919436 103.84592726633602 39.6060365891467
1.275289638376867 103.84593163155722 39.6060365891467
1.2752947882089172 103.84593586145596 39.6060365891467
1.2752987676353553 103.84593913002294 39.6060365891467
1.2753053399475374 103.84594452829901 39.6060365891467
1.2753094115913384 103.84594787261022 39.6060365891467
1.275313603682786 103.84595131585309 39.6060365891467
1.2753191443139276 103.84595586674108 39.6060365891467
1.2753247351778345 103.8459604588886 39.6060365891467
1.2753289313120306 103.84596390545204 39.6060365891467
1.2753326216748724 103.84596693659194 39.6060365891467
1.2753395874337616 103.84597265803197 39.6060365891467
1.275345899561173 103.84597784260109 39.6060365891467
1.2753521360370945 103.84598296503262 39.6060365891467
1.2753562671372112 103.84598635817932 39.606036589147116
1.2753610066050447 103.84599025101878 39.6060365891467
1.2753679839733956 103.84599598199446 39.6060365891467
1.275372588683308 103.84599976414835 39.6060365891467
1.2753789465449796 103.84600498628211 39.6060365891467
1.2753853995232387 103.84601028654143 39.606036589147116
1.2753906066759204 103.84601456352155 39.6060365891467
1.2753948358955827 103.84601803726036 39.6060365891467
1.27540166465177 103.84602364617109 39.6060365891467
1.2754075227552832 103.84602845782035 39.60603658914511
1.275413975010134 103.84603375748557 39.6060365891467
1.2754174845076904 103.84603664006887 39.60603658914511
1.2754234003239542 103.84604149912147 39.6060365891467
1.2754299345916544 103.84604686614931 39.6060365891467
