140566301
1.2729647991179427 103.85291401413487 301.3958148763587
1.2729686903963535 103.85290767290745 301.3958148763587
1.2729712454350408 103.85290350921629 301.3958148763587
1.2729740341330633 103.85289896475383 301.39581487635724
1.2729769854526443 103.85289415528325 301.3958148763587
1.272980517612573 103.85288839927514 301.3958148763587
1.2729843659224853 103.85288212806893 301.39581487635724
1.2729874435202075 103.85287711281534 301.3958148763587
1.2729901292324166 103.8528720205558 300.92124570818083
1.272991336990062 103.85286406638392 296.89780768652565
1.2729922040339272 103.85285835611903 293.96429021577865
1.2729928807578377 103.85285389928241 291.65935275321624
1.2729941583859552 103.8528454849501 287.2990991950646
1.2729948396705515 103.85284099807708 284.9835705584169
1.272996036676454 103.8528331147144 280.959087370578
1.2729969497572178 103.85282710125449 278.6044815930928
1.272997984696478 103.85282028524642 278.6044815930928
1.2730001101321529 103.85281260925947 279.8056914114676
1.2730026378683958 103.85280470398322 281.4713660340667
1.2730053047281646 103.8527963636101 283.2317007110843
1.2730067911772445 103.85279171486917 284.2129999126014
1.2730091046228489 103.85278447976809 285.73877409790634
1.2730107239408566 103.85277941549099 286.80468201954017
1.2730127740540886 103.85277300393898 287.6501242199303
1.2730143086488301 103.85276820462646 287.6501242199303
1.2730157547893712 103.85276368194675 287.6501242199303
1.2730171714971452 103.85275925131546 287.6501242199303
1.273019384035229 103.85275233179351 287.6501242199303
1.273021990428419 103.85274418052356 287.6501242199303
1.2730233648323763 103.85273988219366 287.6501242199303
1.2730252794916412 103.8527338942618 287.6501242199303
1.2730273443990725 103.85272743644167 287.6501242199303
1.273029002001301 103.85272225243341 287.65012421993015
1.2730317233967519 103.85271374150335 287.6501242199303
1.273034055907328 103.85270644677713 287.6501242199303
1.2730355327959002 103.85270182793512 287.6501242199303
1.2730374455529534 103.85269647371246 287.89187825484464
1.2730395874416873 103.85269049884796 288.170614865776
1.2730424230286799 103.8526825888908 288.53965851925227
1.273044170978149 103.85267771293188 288.76715531889187
1.2730469042716273 103.85267008832543 289.1228845741788
1.2730489557899218 103.85266436555182 289.38986005566426
1.2730514595976323 103.85265738110283 289.62999384473983
1.273053443968267 103.85265184563954 289.62999384473983
1.2730561197266794 103.8526443815286 289.62999384473983
1.2730587922178995 103.85263692653147 289.62999384473966
1.2730613927534218 103.85262967225691 289.62999384473983
1.2730631407562678 103.85262479614867 289.62999384473983
1.2730654254921188 103.85261838463897 289.61370653161714
1.2730675664671256 103.85261220089717 289.5234848223417
1.273069309166711 103.85260716748746 289.45004586042603
1.273071196099191 103.85260171749229 289.3705283138263
1.2730739866164487 103.85259365768837 289.2529323713888
1.273076169828186 103.85258735195467 289.1609293931682
1.2730788000684194 103.852579755076 289.0500892610868
1.2730812823943718 103.85257258541554 289.00844247745044
1.273082792427963 103.85256822401078 289.0084424774506
1.2730850603800647 103.85256167352259 289.00844247745044
1.2730867125651966 103.85255690154384 289.00844247745044
1.2730896209988576 103.85254850116327 289.00844247745044
1.273092538377368 103.85254007494734 289.0084424774506
1.2730944198744227 103.85253473912844 289.0491835068606
1.2730966511301145 103.85252868477549 289.21059454291947
1.2730987624848413 103.85252295576517 289.36333716765137
1.2731007902183957 103.85251745365488 289.5100331761506
1.2731026036442197 103.85251253305329 289.6412258824663
1.2731053622518689 103.85250504776815 289.8407961436994
1.2731082603579926 103.85249718396376 290.05045126043734
1.2731110548362836 103.85248960134598 290.1363034282483
1.2731126156372619 103.85248536622369 290.1363034282483
1.2731151415467181 103.85247851234818 290.1363034282482
1.2731179881838215 103.85247078820095 290.1363034282483
1.273120766497565 103.85246320584797 290.1172387669285
1.273122855421804 103.85245636207755 289.6030178917295
1.2731249701575214 103.85244943374302 289.0822650457428
1.2731267285151602 103.8524436729806 288.64919525337586
1.273128947669717 103.85243640254704 288.10261923939163
1.2731312077770989 103.85242899794301 287.54603455551603
1.273133567295416 103.85242126764702 286.96516540523174
1.2731361918758533 103.85241266894963 286.8960864346864
1.2731379197845414 103.8524070079442 286.8960864346864
1.273140083270219 103.85239991989351 286.8960864346864
1.2731425861007724 103.85239172007496 286.8960864346864
1.273144625876825 103.85238503732378 286.8960864346864
1.2731464945882847 103.85237891501745 286.8960864346864
1.2731485474072266 103.85237218953479 286.8960864346864
1.2731509743084848 103.85236423847672 286.8960864346864
1.2731529015380116 103.85235792445219 286.8960864346864
1.2731552001970916 103.85235039354329 286.8960864346864
1.273156525082091 103.85234605293078 286.8960864346864
1.2731578908394914 103.85234157841133 286.8960864346864
1.2731595308943429 103.85233620523348 286.8960864346864
1.2731614742925494 103.85232983823649 286.8960864346864
1.2731637757404524 103.85232229819037 286.8960864346864
1.2731664028957164 103.85231369105567 286.8960864346864
1.2731688523634848 103.85230566606391 286.8960864346864
1.2731706163627408 103.85229971836557 286.8339097243481
1.2731718070815616 103.85229456352927 286.370997237909
1.2731732327185483 103.85228839168978 285.81651277462197
1.2731743974171439 103.85228334949959 285.363388293518
1.273175614794114 103.85227807925513 284.88971146057185
1.2731767527006774 103.85227315305237 284.4469591777077
1.2731779348963712 103.85226803511388 283.98703527868673
1.2731795836869717 103.85226089720177 283.3458008226642
1.2731812171316264 103.85225382572492 282.9511497517466
1.2731825914499613 103.85224787605262 282.9511497517466
1.273184145738814 103.85224114725533 282.9511497517466
1.2731860275548044 103.85223300053374 282.9511497517466
1.2731879373845605 103.85222473253535 282.9511497517466
1.273189136526838 103.85221954123148 282.9511497517466
1.273191070213334 103.8522111699527 282.9511497517466
1.2731929096808885 103.85220320656462 282.9511497517466
1.2731944584346182 103.8521965017292 282.9511497517466
1.2731956491299579 103.85219134699335 282.9511497517466
1.2731966750821342 103.85218690546044 282.9511497517466
1.273197885233516 103.85218166649575 282.951149751746
1.2731997810104996 103.8521734593334 282.9511497517466
1.2732017525222672 103.85216492430129 282.9511497517466
1.2732034917007375 103.85215739508202 282.9511497517466
1.273204690955813 103.85215220328907 282.9511497517466
1.2732064977266278 103.85214438145006 282.9511497517466
1.2732078855708786 103.85213837322013 282.95114975174675
1.2732093079770508 103.85213221536529 282.9511497517466
1.2732110513754522 103.85212466787664 282.9511497517466
1.2732128639710927 103.8521158719023 282.68114856388195
1.2732135895157082 103.85211112118361 282.2229455154128
1.2732144794609035 103.85210529400325 281.6606763694864
1.2732155518103807 103.85209827247654 280.98295397600884
1.2732169022998947 103.85208942974515 280.12939915337654
1.2732180044870145 103.85208221284726 279.4329839024716
1.2732192896495165 103.8520737978635 278.65367845426675
1.27322007615348 103.85206864799471 278.6536784542669
1.2732209687129288 103.85206280369597 278.65367845426675
1.2732217034729705 103.85205799263578 278.65367845426675
1.2732225154637986 103.85205267588393 278.65367845426675
1.2732234355144962 103.85204665157775 278.65367845426675
1.2732245682234835 103.85203923482793 278.65367845426675
1.2732253410504595 103.85203417451277 278.65367845426675
1.273226572883611 103.8520261087176 278.65367845426675
1.2732274896609046 103.85202010584453 278.65367845426675
1.273228741309791 103.85201191029957 278.65367845426715
1.2732296556046123 103.85200592368099 278.65367845426675
1.2732307906125333 103.85199849187728 278.65367845426675
1.2732319679671062 103.85199078279602 278.65367845426675
1.2732328882637605 103.85198475687827 278.65367845426675
1.27323366195165 103.85197969092519 278.65367845426675
1.2732347310854113 103.85197269045169 278.6536784542669
1.2732359991596895 103.85196438735535 278.65367845426675
1.2732370925461198 103.85195722807991 278.65367845426675
1.2732382177953663 103.85194986017294 278.65367845426675
1.2732391709161035 103.85194361932889 278.6536784542669
1.2732405166383576 103.85193480780839 278.65367845426675
1.2732417749590481 103.85192656857566 278.65367845426675
1.2732422621388675 103.8519206134898 278.1259265915422
1.273242759205432 103.85191411723737 277.50690128558546
1.2732433356550108 103.85190658351372 276.78873478625906
1.2732438911707995 103.85189932337727 276.0965640222713
1.2732445320786523 103.8518909472361 275.29815894861906
1.2732450874540988 103.85188368893319 274.606675384054
1.2732456431517976 103.85187642641839 274.37293127688093
1.273246126289699 103.85187011220061 274.37293127688116
1.273246749656176 103.85186196530957 274.37293127688116
1.2732473925506378 103.8518535632033 274.37293127688093
1.2732480554044743 103.85184490024392 274.372931276881
1.2732486167131507 103.85183756439665 274.37293127688116
1.2732491350711763 103.85183078987914 274.37293127688116
1.2732496079306637 103.85182460999032 274.37293127688116
1.2732502810832012 103.85181581243387 274.37293127688116
1.2732509163099777 103.8518075105359 274.37293127688116
1.2732513229198628 103.8518021964748 274.37293127688116
1.2732517983202685 103.85179598337722 274.37293127688116
1.2732521816887035 103.85179097306268 274.37293127688116
1.2732528111352388 103.85178274670663 274.37293127688116
1.2732532788909858 103.85177663351791 274.372931276881
1.2732538015832975 103.85176980235254 274.37293127688116
1.273254179632154 103.85176486155984 274.37293127688116
1.2732548134978683 103.85175657744753 274.37293127688093
1.273255273161837 103.85175057001092 274.37293127688116
1.2732557407300849 103.85174445927157 274.37293127688116
1.27325595259057 103.85173865439079 274.0801927092138
1.2732560477661286 103.85173404089356 273.75521008315405
1.2732562141229242 103.85172597698806 273.1870375678204
1.273256345462794 103.85171961047664 272.73840005632735
1.273256524054514 103.85171095349841 272.1283771592132
1.2732566312556892 103.85170575707403 271.76226853963544
1.2732567908850676 103.85169801926618 271.2172733832692
1.2732569574838473 103.85168994362527 271.19973623812143
1.2732571415065346 103.85168102338353 271.1997362381213
1.2732572791494479 103.8516743513353 271.19973623812143
1.2732574588045895 103.85166564280162 271.19973623812143
1.2732575556592705 103.85166094790473 271.1997362381213
1.2732577038020327 103.85165376688815 271.1997362381213
1.273257808837999 103.85164867541363 271.19973623812143
1.2732579249449096 103.85164304728961 271.1997362381213
1.2732580673596323 103.8516361439295 271.19973623812143
1.2732581944329553 103.85162998422211 271.19973623812143
1.273258287973418 103.85162544997429 271.19973623812143
1.2732583892421532 103.85162054110845 271.1997362381213
1.273258552647535 103.85161262025113 271.1997362381213
1.27325870760936 103.85160510868285 271.1997362381213
1.2732588648432759 103.85159748697686 271.19973623812143
1.273258959548015 103.85159289628942 271.1997362381213
1.2732591076449635 103.85158589612314 271.20439204051013
1.273259304846683 103.85157699295398 271.22148722598905
1.2732594856142967 103.85156883174267 271.23715776414235
1.2732595944727103 103.85156391705361 271.24659457744156
1.273259751756936 103.85155681605772 271.2602293708874
1.2732598977398246 103.85155022528859 271.27288446394135
1.2732600564477152 103.85154306001591 271.28621763211015
1.2732601973143038 103.85153670023362 271.28621763211015
1.273260331893532 103.85153062430958 271.28621763211015
1.2732604686114601 103.85152445182776 271.28621763211015
1.273260627905329 103.8515172600963 271.28621763211
1.273260777452749 103.8515105083925 271.28621763211
1.2732609652859816 103.85150202817582 271.28621763211015
1.2732611104877325 103.85149547266666 271.28621763211015
1.2732612755484656 103.85148802057135 271.28621763211015
1.2732614169590841 103.8514816362211 271.28621763211015
1.2732615307787725 103.85147649753462 271.28621763211015
1.2732617018955277 103.85146877202183 271.28621763211015
1.273261831919612 103.85146290174426 271.28621763211
1.2732619845281679 103.85145601183085 271.28621763211
1.2732621554614365 103.85144829459922 271.28621763211027
1.2732622988446245 103.8514418211875 271.28621763211004
1.2732624925960905 103.85143307376605 271.28621763211015
1.2732625978962047 103.85142831971382 271.28621763211015
1.273262779298293 103.85142012983566 271.28621763211015
1.2732629601794583 103.85141196347477 271.28621763211015
1.273263132516149 103.85140418287575 271.28621763211
1.2732633212661695 103.85139566125201 271.28621763211015
1.2732634420305584 103.85139020902048 271.28621763211015
1.273263551866306 103.85138525019121 271.28621763211015
1.2732638869455102 103.85137831796867 271.51559441675823
1.2732646569401305 103.85137189127516 272.3092368752369
1.2732652126240545 103.85136725330729 272.8824198186529
1.2732662751922548 103.8513583846733 273.9790032788052
1.273267163154232 103.8513509733749 274.89546472013944
1.2732679200706931 103.8513446558365 275.67635154667664
1.2732687555648314 103.85133768245608 276.53759182972703
1.273269776256226 103.85132916334234 276.8140518064848
1.2732703344773026 103.85132450419756 276.8140518064848
1.2732710133359026 103.85131883816186 276.8140518064848
1.273271822769194 103.85131208229544 276.81405180648517
1.27327285386518 103.85130347633982 276.8140518064848
1.2732736064468273 103.85129719498046 276.8140518064848
1.273274642061266 103.85128855131148 276.8140518064848
1.2732755048958737 103.85128134973468 276.81405180648517
1.2732762922106569 103.85127477847756 276.8140518064845
1.2732775267194292 103.85126898581449 277.49259841980677
1.273279459335675 103.85126039726312 278.62833722937796
1.2732804549551124 103.85125597272781 279.21382371613464
1.2732814529784644 103.85125153750947 279.8008300911986
1.2732827482323381 103.85124578139784 280.56261503323674
1.2732839402218261 103.85124048419335 281.26341002897993
1.2732851444990805 103.85123513238193 281.97096010708526
1.2732870992060918 103.85122644565848 282.6280098780753
1.273288626776666 103.85121965713044 282.62800987807475
1.2732905975168547 103.8512108991552 282.62800987807475
1.273291918342502 103.85120502940198 282.62800987807475
1.2732930215454 103.8512001267649 282.6280098780753
1.273294469440332 103.85119369231526 282.62800987807475
1.2732962422976866 103.85118581373145 282.6280098780753
1.273297295394006 103.85118113376794 282.62800987807475
1.2732990367602788 103.85117339513037 282.62800987807475
1.27330076820287 103.85116570059357 282.6280098780753
1.2733025912827638 103.85115759882012 282.6280098780753
1.273304259636718 103.85115018464914 282.62800987807475
1.2733057828098797 103.85114492788513 283.047802021875
1.2733077260606263 103.85113930420145 283.88480511462524
1.2733094522723456 103.85113430861928 284.62902243625217
1.2733118128449041 103.85112747722417 285.6473208720631
1.2733141594036455 103.85112068638436 286.6596715337588
1.2733168730091333 103.851112833327 287.8296641220627
1.2733184151509858 103.85110837043486 288.4938799076682
1.2733204245586218 103.85110255529563 288.9739218809056
1.2733225848808838 103.85109630341587 288.97392188090646
1.273324806341863 103.85108987460323 288.9739218809056
1.2733274921559852 103.85108210197247 288.97392188090646
1.273330127520481 103.85107447534061 288.9739218809056
1.273331939965726 103.85106923020174 288.97392188090646
1.273334073723688 103.85106305519759 288.9739218809053
1.2733362116942613 103.85105686800222 288.9739218809056
1.2733389965395945 103.85104880877888 288.97392188090646
1.2733413589301015 103.85104197212166 288.9739218809068
1.2733441987029614 103.85103375394019 288.9739218809056
1.2733462400087567 103.85102784648826 288.9739218809056
1.2733478974237138 103.85102330964519 289.08115481988716
1.2733499794049528 103.85101814014554 289.4346044598891
1.273352948223993 103.85101076865303 289.9387300725466
1.273355842349465 103.85100358262241 290.4302422101872
1.2733589873591917 103.85099577365328 290.964355534046
1.2733617951555691 103.85098880197518 291.44112085492065
1.2733642568507364 103.8509826896564 291.8342211764505
1.2733668339371476 103.85097629082439 291.83422117644955
1.2733693666842052 103.85097000208565 291.8342211764499
1.2733715081002355 103.85096468501065 291.83422117644955
1.2733747505510267 103.85095663409763 291.8342211764505
1.273376897655055 103.85095130289938 291.8342211764499
1.27337871905517 103.85094678041465 291.8342211764505
1.2733807086852555 103.85094184021962 291.83422117644955
1.2733828140713972 103.85093661260558 291.83422117644955
1.273384931545937 103.85093135497631 291.8342211764505
1.2733875106509616 103.85092495113159 291.8342211764508
1.2733894491898832 103.8509201377943 291.83422117644955
1.2733911622083376 103.85091588441793 291.83422117644955
1.2733935968458285 103.85090983928183 291.83422117644955
1.2733954868884703 103.85090514635932 291.83422117644955
1.2733974758321234 103.85090020786836 291.83422117644955
1.2733994120027292 103.85089540041135 291.8342211764499
1.2734021947380705 103.8508887504751 291.95685361964945
1.2734053797323812 103.85088269646528 292.83373098394355
1.273407652969968 103.85087837551474 293.46015522811024
1.2734102814671358 103.85087337928982 294.18484488133186
1.2734131633586439 103.85086790141509 294.97958782608055
1.2734156986938445 103.85086308227154 295.6786906057426
1.2734191239688295 103.85085657153802 296.6227007354318
1.2734230580819692 103.85084909360916 297.62186030321675
1.2734262296693517 103.85084306508271 297.62186030321647
1.2734284128984852 103.85083891521921 297.62186030321647
1.2734315192552839 103.85083301068244 297.62186030321647
1.2734343703901672 103.85082759126925 297.62186030321675
1.2734368350751633 103.85082290641674 297.62186030321647
1.2734391159858294 103.85081857088088 297.62186030321647
1.2734422734371553 103.85081256922383 297.62186030321647
1.273446069234744 103.8508053542035 297.62186030321647
1.2734487110470265 103.85080033266874 297.6218603032162
1.2734523127789186 103.85079348652671 297.62186030321675
1.273455101260456 103.85078818620416 297.62186030321675
1.2734588939703788 103.85078097705255 297.62186030321647
1.2734619010746298 103.85077526117362 297.62186030321647
1.2734650272549182 103.85076952592337 297.74382463873627
1.2734705562184487 103.85076302741282 300.11722381583763
1.2734738910415648 103.85075910780235 301.55563656268873
1.2734775535952607 103.85075480299115 303.1387952436511
1.2734832930403348 103.8507480570893 305.6212061662829
1.2734886778196493 103.8507417280466 307.944627487645
1.2734930216969889 103.85073662243614 309.8096866042804
1.2734961193082268 103.85073298163435 310.23407315075764
1.2735007974141872 103.85072748318557 310.2340731507562
1.2735061011040187 103.85072124945178 310.23407315075735
1.2735109991275753 103.850715492521 310.2340731507562
1.2735142376223862 103.85071168613045 310.23407315075593
1.2735193809994312 103.85070564082142 310.23407315075764
1.2735242220541056 103.85069995084932 310.2340731507562
1.2735295574011665 103.85069367990664 310.23407315075764
1.2735347970355102 103.85068752146064 310.23407315075787
1.2735395542348122 103.85068193004844 310.23407315075787
1.2735448340344186 103.85067572439374 310.23407315075593
1.2735501839292596 103.85066943635198 310.23407315075764
1.273556029050993 103.85066400265234 311.41485400075584
1.2735604084325027 103.8506600399069 312.3903128933145
1.2735658837325077 103.85065508550406 313.6110964267085
1.2735697629347136 103.85065157535291 314.4762718342469
1.2735752098417943 103.85064664664172 315.69060993581843
1.273579356927179 103.8506428940926 316.61418552935845
1.2735835730056035 103.85063907911412 317.55171464537455
1.273589287549871 103.8506339082275 317.7003435258658
1.2735944721935706 103.85062921682888 317.7003435258674
1.2735996080171987 103.85062456960574 317.7003435258679
1.2736037942961922 103.85062078159159 317.7003435258677
1.2736089679934066 103.85061610009792 317.7003435258674
1.2736135121824597 103.85061198822368 317.7003435258679
1.2736190933172535 103.85060693805423 317.7003435258679
1.2736235859335385 103.85060287284624 317.7003435258679
1.273628751689775 103.85059819853794 317.7003435258677
1.2736348332104745 103.85059269558701 317.7003435258679
1.2736381915654464 103.85058965673149 317.7003435258679
1.2736447168537424 103.85058488575704 318.7675742601693
1.2736490544019812 103.85058201471533 319.7618405077116
1.2736544223986512 103.8505784616154 320.99413613755223
1.2736618101115396 103.85057357165657 322.6914145226278
1.273668087655456 103.85056941652331 324.13284062454073
1.2736735009212552 103.8505658334594 325.37374431949047
1.2736783243047494 103.8505626408411 326.3540655517646
1.2736833055347105 103.85055934374353 326.35406555176445
1.2736882407463521 103.85055607710564 326.3540655517646
1.2736945253310947 103.85055191731183 326.3540655517648
1.2736987090429244 103.85054914809487 326.3540655517643
1.2737039153696181 103.85054570200467 326.3540655517648
1.2737097537080517 103.85054183758311 326.3540655517643
1.273714551000421 103.85053866223446 326.3540655517643
1.2737197552304373 103.85053521753196 326.3540655517643
1.273723647185449 103.85053264142998 326.3540655517646
1.2737294299709987 103.85052881377901 326.3540655517646
1.2737343933930392 103.85052552846827 326.3540655517646
1.2737416270180484 103.85052074050024 326.3540655517646
1.273746216639637 103.8505177026096 326.35406555176263
1.2737527289054387 103.8505141966899 327.2065131218087
1.273757409196556 103.85051198379074 328.14583075452134
1.2737650376745866 103.85050837695253 329.67928882686186
1.2737695302175391 103.85050625282295 330.58303710516515
1.2737759355018872 103.8505032243257 331.8713529837101
1.2737817942574932 103.85050045423394 333.0485324624961
1.273789289703265 103.85049691029485 334.5512576392703
1.2737950379486607 103.85049419245361 334.57673150461363
1.2737995753258826 103.85049204712573 334.57673150461363
1.273803804378075 103.85049004757771 334.576731504616
1.2738116266350077 103.85048634911814 334.57673150461363
1.2738158550000167 103.85048434989498 334.576731504616
1.2738217440842616 103.85048156546327 334.5767315046135
1.2738278209879599 103.85047869222817 334.576731504616
1.2738328205565534 103.85047632837036 334.576731504616
1.2738401676391131 103.85047285457894 334.57673150461363
1.2738478031281208 103.85046924442533 334.57673150461363
1.2738524411368497 103.85046705151743 334.576731504616
1.2738604431918439 103.8504632680468 334.5767315046135
1.2738665920910917 103.8504603607711 334.57673150461335
1.2738720675329742 103.85045777191436 334.57673150461363
1.2738792353870554 103.85045438286414 334.57673150461585
1.2738855429951474 103.85045140054883 334.57673150461335
1.2738906379769939 103.85044899157823 334.57673150461363
1.2738967429854802 103.85044610505447 334.57673150461335
1.273901567138321 103.85044382413516 334.576731504616
1.2739072725153493 103.85044112656205 334.57673150461363
1.2739137121847839 103.85043808180637 334.57673150461335
1.273920516549625 103.85043486461812 334.57673150461363
1.2739248905486467 103.850432796537 334.57673150461574
1.2739291124098704 103.85043080038852 334.576731504616
1.2739357463418017 103.850427663783 334.57673150461363
1.2739424631618779 103.85042448798688 334.57673150461363
1.2739492600945455 103.85042127431248 334.5767315046135
1.2739560443481135 103.8504180666329 334.57673150461585
1.2739602225736415 103.85041609111582 334.57673150461585
1.2739660036886686 103.85041335773256 334.5767315046135
1.2739738689930822 103.85040963891855 334.57673150461585
1.2739787574148356 103.85040732761176 334.57673150461363
1.273983464607431 103.85040510199237 334.57673150461363
1.273989862315087 103.85040207707631 334.5767315046135
1.2739963702010206 103.85039900006657 334.57673150461363
1.2740014147621732 103.85039661493502 334.57673150461363
1.2740066649524049 103.85039413257947 334.57673150461363
1.2740119935481564 103.85039161315277 334.57673150461363
1.2740201342091937 103.85038776414639 334.57673150461363
1.274025487727078 103.85038523293615 334.57673150461335
1.2740312546460673 103.85038250626467 334.57673150461585
1.2740385805870669 103.850379042468 334.576731504616
1.2740440891153182 103.85037643796682 334.57673150461363
1.2740488016736848 103.85037420981016 334.57673150461363
1.2740546935063766 103.85037142407778 334.576731504616
1.274060534025849 103.85036866260693 334.5767315046135
1.2740653802972137 103.850366371229 334.57673150461363
1.2740724898651865 103.85036300973603 334.57673150461324
1.2740780022391947 103.85036040341637 334.57673150461363
1.2740860393270117 103.85035660338028 334.576731504616
1.2740930526125407 103.85035328741073 334.57673150461363
1.2740984830191255 103.8503507198462 334.57673150461363
1.2741055205903606 103.85034739239399 334.57673150461363
1.2741115066295443 103.85034456211932 334.57673150461363
1.2741187056678167 103.85034115832337 334.576731504616
1.2741262607843171 103.85033758616912 334.576731504616
1.274133827554629 103.85033400850475 334.57673150461363
1.2741416089554607 103.85033032936029 334.57673150461363
1.2741481202968756 103.85032725071594 334.57673150461574
1.274155765927002 103.85032363576552 334.57673150461363
1.274160163300107 103.85032155663198 334.57673150461363
1.2741651918299925 103.85031917907953 334.5767315046135
1.2741716632637436 103.85031611930387 334.57673150461585
1.2741791307313939 103.85031258859077 334.57673150461335
1.274186546690143 103.85030908223168 334.576731504616
1.274193957640029 103.85030557824078 334.57673150461363
1.2741989775404747 103.85030320476831 334.57673150461363
1.2742034891098122 103.85030107164118 334.57673150461324
1.274211504783928 103.85029728172891 334.5767315046135
1.2742175327508023 103.85029443162979 334.57673150461363
1.2742236962507025 103.85029151744887 334.57673150461363
1.2742300982156665 103.85028849051864 334.5767315046135
1.2742351729658656 103.85028609111234 334.57673150461585
1.274242865687349 103.85028245389597 334.57673150461585
1.2742484511706365 103.85027981300853 334.57673150461585
1.2742537167277481 103.85027732338622 334.57673150461363
1.2742581398978403 103.8502752320552 334.57673150461363
1.2742644468398485 103.85027225005283 334.57673150461335
1.2742706091113294 103.85026933645248 334.576731504616
1.2742773778362249 103.85026613611325 334.5767315046135
1.2742815734762443 103.85026415236122 334.57673150461363
1.2742858424646115 103.85026213392918 334.57673150461363
1.274293572611203 103.8502584790174 334.57673150461335
1.2742997504119975 103.85025555807445 334.5767315046135
