74542177
1.3192484662262292 103.85373500234405 302.50902705442917
1.3192510437949339 103.85373097968684 302.50902705442957
1.3192557566956282 103.85372362454468 302.50902705442917
1.3192601515719873 103.85371676572402 302.50902705442957
1.3192642899569922 103.85371030719399 302.50902705442957
1.319266848681609 103.85370631394545 302.5090270544301
1.3192712154683848 103.85369949896231 302.5090270544301
1.3192743975276318 103.85369453291258 302.50902705442917
1.3192781426960352 103.85368868805197 302.50902705442957
1.3192814147347445 103.85368358157659 302.5090270544301
1.31928617487463 103.85367615271048 302.50902705442957
1.3192903022366373 103.85366971138295 302.50902705442917
1.3192938585089105 103.85366416132105 302.50902705442957
1.319297068481024 103.85365915170907 302.50902705442917
1.3193014535963674 103.85365230812111 302.50902705442974
1.3193055508839473 103.85364591372868 302.50902705442957
1.3193096825212225 103.8536394657287 302.50902705442917
1.3193143745790052 103.85363214311374 302.50902705442917
1.3193168562341488 103.85362827014242 302.50902705442974
1.3193217106462523 103.8536206941506 302.50902705442957
1.3193242624845678 103.8536167116485 302.50902705442957
1.3193274909296786 103.85361167320644 302.50902705442917
1.319331288774168 103.85360569316252 302.4728058169547
1.3193338133333705 103.85360144390047 302.2612844518136
1.3193370007724268 103.85359607889897 301.9941961929111
1.3193414588711552 103.85358857516127 301.6206040683603
1.3193443115697878 103.85358377358466 301.3815403100641
1.319347459617813 103.8535784748848 301.1177323956472
1.3193515664940374 103.85357156231404 300.7736031180389
1.319355358461927 103.85356517978748 300.5796857085737
1.3193598502705022 103.85355761930998 300.5796857085737
1.3193637326272931 103.85355108464339 300.5796857085732
1.31936697707756 103.85354562368188 300.5796857085737
1.3193698664850724 103.85354076031767 300.5796857085732
1.319372451347183 103.85353640955512 300.5796857085732
1.3193757060586353 103.85353093132214 300.5796857085732
1.319378729267716 103.853525842747 300.5796857085732
1.3193826727750064 103.85351920515336 300.5796857085737
1.3193863265640313 103.85351305520477 300.5796857085732
1.3193895995862035 103.85350754615156 300.5796857085732
1.3193922343364481 103.85350311141856 300.57968570857287
1.3193948359136851 103.85349873252133 300.5796857085732
1.3193982389651833 103.85349300460649 300.5796857085732
1.3194028414005852 103.8534852579243 300.5796857085737
1.3194070430282099 103.85347818586978 300.5796857085732
1.3194112018046624 103.85347118594098 300.5796857085732
1.3194144412330715 103.8534657334314 300.5796857085732
1.3194188436670815 103.85345832338528 300.57968570857344
1.319422568538291 103.85345205379268 300.5796857085732
1.3194257224923678 103.85344674515078 300.5796857085732
1.319428592474129 103.85344191448263 300.5796857085732
1.319432202916959 103.8534358374923 300.5796857085732
1.319435320903694 103.85343058938943 300.57968570857344
1.3194394457861442 103.85342364650947 300.5796857085732
1.3194437732742046 103.85341636260965 300.57968570857287
1.3194473993714437 103.85341025927003 300.5796857085737
1.319451297928469 103.8534036973341 300.5796857085737
1.3194545305971623 103.85339825620167 300.5796857085732
1.3194572338681148 103.85339370613585 300.5796857085732
1.3194611206298743 103.85338716405317 300.5796857085737
1.3194646532287544 103.85338121808695 300.5796857085732
1.319467937694453 103.85337568977113 300.5796857085737
1.3194704432720474 103.85337147245677 300.57968570857287
1.319474983207494 103.85336383097116 300.5796857085737
1.3194785490174488 103.8533578291048 300.57968570857344
1.3194819599301244 103.85335208795694 300.5796857085732
1.319485370299649 103.85334634772323 300.5796857085732
1.3194898902730063 103.85333873983689 300.5796857085737
1.319493411677836 103.8533328127117 300.5796857085732
1.319496046534607 103.85332837779812 300.5796857085732
1.3194992238674603 103.8533230298047 300.5796857085732
1.319502347323258 103.85331777249547 300.5796857085732
1.319505859920912 103.85331186019405 300.5796857085737
1.319508567797749 103.8533073023751 300.5796857085732
1.3195125594386954 103.85330058376194 300.5796857085737
1.3195168376413366 103.85329338281642 300.5796857085732
1.3195204996547731 103.85328721902248 300.5796857085732
1.3195231719547216 103.85328272108532 300.5796857085732
1.3195256345209112 103.85327857616585 300.5796857085732
1.3195299630910138 103.85327129044305 300.5796857085732
1.3195337306401398 103.85326494901432 300.5796857085732
1.3195363467616696 103.85326054563485 300.5796857085732
1.3195397196626573 103.85325486846624 300.5796857085732
1.3195438483659745 103.85324791915309 300.5796857085732
1.3195470914336256 103.85324246051607 300.57968570857287
1.319550964083693 103.85323594218417 300.5796857085732
1.3195544080087709 103.85323014546964 300.5796857085732
