479299124
1.3215609450796175 103.8563067295526 225.02270338522638
1.3215554283698876 103.85630124899994 225.02270338522544
1.3215493526340822 103.85629521308515 225.02270338522544
1.3215460751788763 103.85629195711074 225.02270338522544
1.3215425839050612 103.8562884887191 225.02270338522544
1.32153882872617 103.85628475815207 225.02270338522544
1.3215354782804327 103.85628142966554 225.02270338522544
1.3215299959846538 103.85627598330134 225.02270338522544
1.3215255193653834 103.85627153602235 225.02270338522544
1.3215205013672982 103.85626655091284 225.02270338522544
1.3215155436372623 103.85626162567635 225.02270338522638
1.321511559230398 103.85625766738382 225.02270338522544
1.3215070145609475 103.85625315250068 225.02270338522638
1.3215032615198083 103.85624942405747 225.02270338522544
1.3214973986303669 103.85624359959415 225.02270338522638
1.3214916102530252 103.85623784915461 225.02270338522544
1.3214875629856344 103.85623382841356 225.02270338522544
1.321481793603356 103.85622809684463 225.02270338522544
1.3214775949055217 103.85622392566565 225.02270338522544
1.3214740451528004 103.85622039917851 225.02270338522544
1.3214685652136253 103.85621495515565 225.02270338522638
1.3214624342338057 103.85620886435919 225.02270338522638
1.3214591976158028 103.85620564895447 225.02270338522544
1.3214529798262231 103.85619947191724 225.02270338522544
1.3214480681795377 103.85619459246224 225.02270338522638
1.3214444348760648 103.85619098297201 225.02270338522544
1.3214404340172388 103.85618700833545 225.02270338522544
1.3214360761834356 103.85618267906361 225.02270338522544
1.3214317200387973 103.85617835146986 225.02270338522544
1.3214272356349352 103.85617389645753 225.02270338522544
1.3214228195720963 103.85616950933832 225.02270338522587
1.3214171196027118 103.8561638467275 225.02270338522544
1.3214136579589073 103.85616040777192 225.02270338522496
1.3214097949132737 103.85615657004537 225.02270338522544
1.3214045069049098 103.85615131669555 225.02270338522544
1.321398674350577 103.85614552236883 225.02270338522544
1.321393524691243 103.85614040646131 225.02270338522587
1.3213876133206823 103.85613453383498 225.02270338522587
1.3213821538836261 103.8561291101801 225.02270338522544
1.3213787365277359 103.85612571522222 225.02270338522544
1.3213751090240318 103.85612211149387 225.02270338522544
1.3213707430946602 103.85611777417965 225.02270338522544
1.321365081267323 103.85611214946105 225.02270338522544
1.3213602859247775 103.85610738554816 225.02270338522638
1.3213568248602745 103.85610394716818 225.0227033852268
1.321351844585067 103.85609899953471 225.02270338522587
1.3213480464809964 103.8560952263242 225.02270338522544
1.3213440648426527 103.85609127078234 225.02270338522587
1.3213393419919448 103.8560865788862 225.02270338522544
1.321333529410501 103.85608080440166 225.02270338522587
1.3213273752521493 103.85607469057899 225.02270338522544
1.3213232224355063 103.85607056498083 225.02270338522544
1.321318992450605 103.85606636272017 225.02270338522544
1.3213137960429022 103.85606120037089 225.02270338522544
1.3213095064501799 103.85605693889313 225.02270338522544
1.3213047603613033 103.8560522239112 225.02270338522544
1.3212995453206968 103.85604704305119 225.02270338522587
1.3212938631076392 103.85604139808068 225.02270338522544
1.32128784703934 103.85603542144312 225.02270338522544
1.3212824991237342 103.85603010857905 225.02270338522544
1.3212781452870077 103.85602578327843 225.02270338522544
1.321272022860486 103.85601970097977 225.02270338522544
1.3212672668999808 103.856014976191 225.02270338522544
1.321262111179576 103.8560098542625 225.02270338522638
1.3212571871209589 103.8560049624774 225.02270338522544
1.3212518141703993 103.85599962474254 225.02270338522544
1.321247280233888 103.85599476564978 225.3435153490805
1.321244174436138 103.8559913876679 225.60802441011097
1.3212389112707057 103.85598566325216 226.05633151768285
1.321233246838932 103.85597950240414 226.53885208454048
1.321227537808704 103.8559732930492 227.02513992806502
1.321224289813482 103.85596976040804 227.30175903781443
1.3212209230053016 103.8559660985415 227.5884484378903
1.3212169948737778 103.85596182615866 227.61420826175802
1.321211220545933 103.85595554578364 227.6142082617571
1.321207842773199 103.85595187199166 227.61420826175802
1.321202553611806 103.85594611930188 227.61420826175802
1.3211981019781083 103.85594127753853 227.6142082617571
1.3211944550914252 103.85593731104818 227.6142082617571
1.3211911281578554 103.85593369255079 227.6142082617571
1.3211858051375198 103.85592790303481 227.61420826175802
1.32118211823193 103.85592389301843 227.6142082617571
1.3211764860183621 103.85591776721233 227.6142082617571
1.3211720550735229 103.85591294795107 227.61420826175802
1.321167644997726 103.85590815138775 227.61420826175802
1.3211628606615535 103.85590294776487 227.61420826175802
1.3211572773298317 103.85589687512457 227.61420826175802
1.3211540316727326 103.85589334502662 227.6142082617571
1.3211493325841335 103.85588823412222 227.6142082617571
1.3211443278543498 103.85588279079109 227.61420826175802
1.3211396589942572 103.85587771276437 227.61420826175802
1.3211353254644174 103.85587299945537 227.61420826175802
1.321130491412482 103.8558677417599 227.6142082617571
1.3211245055718703 103.85586123133602 227.6142082617571
1.3211208068478648 103.85585720846561 227.6142082617571
1.321117699807499 103.85585382913246 227.61420826175802
1.3211134116576604 103.85584916518052 227.61420826175802
1.3211102146080702 103.85584568794998 227.6142082617571
1.321106938259257 103.85584212447064 227.61420826175802
1.321102387808804 103.85583717523079 227.61420826175802
1.3210971211249318 103.85583144698874 227.61420826175802
1.3210916191336124 103.85582546281755 227.61420826175802
1.321086004365852 103.85581935598653 227.61420826175802
1.321081419048472 103.85581436882416 227.6142082617571
1.3210773730534107 103.8558099682489 227.61420826175802
1.3210734801601118 103.85580573419284 227.61420826175802
1.3210676964106534 103.85579944357106 227.61420826175802
1.3210642069181704 103.8557956482688 227.61420826175802
1.3210593892258224 103.85579040836683 227.61420826175802
1.3210561407431385 103.85578687519585 227.61420826175802
1.3210508476046678 103.85578111818094 227.61420826175802
1.3210454818467905 103.85577528218249 227.61420826175802
1.3210419547106746 103.85577144593768 227.61420826175802
1.3210388640243165 103.85576808439188 227.6142082617575
1.3210346750396638 103.85576352829594 227.61420826175802
1.3210314277299402 103.85575999640075 227.61420826175802
1.3210278438384848 103.85575609842672 227.6142082617571
1.321022637723613 103.85575043606204 227.61420826175802
1.321018006966686 103.85574539947812 227.61420826175802
1.321014673147626 103.8557417734922 227.61420826175802
1.3210089381757366 103.85573553592293 227.6142082617571
1.321005562249104 103.85573186413927 227.61420826175802
1.3210012421345765 103.85572716542167 227.61420826175802
1.3209967737379833 103.85572230542697 227.61420826175802
1.3209920668765323 103.85571718606899 227.6142082617571
1.3209861657837199 103.85571076782051 227.6142082617571
1.320980362902265 103.8557044563904 227.6142082617575
1.3209762806185243 103.85570001634646 227.6142082617571
1.3209725200193692 103.8556959261787 227.6142082617571
1.3209673164998514 103.85569026663698 227.61420826175802
1.3209625995429177 103.85568513629889 227.6142082617571
1.3209589481386508 103.85568116489559 227.61420826175802
1.3209548880844482 103.8556767490294 227.61420826175802
1.3209502342830897 103.85567168738172 227.61420826175802
1.320945044234555 103.85566604249162 227.61420826175802
1.3209411879686783 103.85566184827324 227.61420826175802
1.3209351773286433 103.85565531087731 227.61420826175802
1.3209304485843498 103.85565016771895 227.61420826175802
1.3209245746880591 103.85564377905064 227.61420826175802
1.3209198462381266 103.85563863621246 227.6142082617571
1.3209146996418126 103.85563303858272 227.61420826175802
1.32090931851537 103.85562718586931 227.6142082617571
1.3209048240078969 103.85562229747572 227.61420826175802
1.320898772804095 103.85561571596125 227.61420826175802
1.3208945928562748 103.85561116969447 227.6142082617571
1.3208915774352388 103.85560753121264 227.92357829712418
1.32088829900532 103.85560355983041 228.27342214767114
1.3208846591668013 103.8555991506497 228.66190686040846
1.3208798609170256 103.85559333820767 229.174091825595
1.3208764515218114 103.8555892081784 229.53802630029853
1.3208722555029213 103.85558412525913 229.98588150445738
1.3208685309784844 103.85557961349271 230.38332774428142
1.3208635188635927 103.85557354198158 230.66750139583394
1.320860308554786 103.85556965311912 230.66750139583394
1.3208562684317786 103.85556475904701 230.66750139583314
1.3208514906266986 103.85555897137114 230.66750139583394
1.3208470301245396 103.85555356806562 230.66750139583394
1.3208417214230566 103.85554713727933 230.66750139583314
1.3208376465986482 103.85554220117116 230.66750139583394
1.3208327990102846 103.8555363289622 230.66750139583394
1.320829750895969 103.85553263657685 230.66750139583314
1.3208241914365773 103.8555259020308 230.66750139583394
1.3208210024781624 103.85552203903158 230.66750139583394
1.3208175569543157 103.85551786523746 230.66750139583394
1.3208137288098147 103.85551322794929 230.66750139583394
1.3208106637005423 103.85550951497687 230.66750139583343
1.3208066956759241 103.85550470824255 230.66750139583394
1.3208035807868947 103.85550093496859 230.66750139583343
1.320799217485476 103.85549564940902 230.66750139583343
1.3207962358430094 103.85549203754556 230.66750139583263
1.3207918641287248 103.85548674179495 230.66750139583314
1.3207863858074103 103.85548010553705 230.66750139583314
1.3207813622489601 103.85547402016392 230.66750139583394
1.3207757175593215 103.85546718237299 230.66750139583314
1.3207710476284653 103.8554615253727 230.66750139583343
1.3207665273493747 103.85545604965567 230.66750139583394
1.3207622802843895 103.8554509049012 230.66750139583343
1.3207589467469385 103.85544686676387 230.66750139583394
1.3207554901169827 103.85544267951636 230.66750139583394
1.3207518769207407 103.85543830260961 230.66750139583394
1.320747148767198 103.8554325750804 230.66750139583343
1.3207421549974512 103.85542652579248 230.66750139583394
1.320739147191235 103.85542288223529 230.66750139583394
1.3207334288697647 103.85541595524937 230.66750139583263
1.320728593671041 103.85541009804922 230.66750139583394
1.320723015950241 103.85540334138237 230.66750139583343
1.3207192242172558 103.8553987482022 230.66750139583343
1.3207156038225023 103.85539436257551 230.66750139583394
1.3207124567050659 103.85539055026139 230.66750139583394
1.320707336862801 103.85538434825354 230.66750139583394
1.3207024832264718 103.85537846871878 230.66750139583394
1.3206977125040429 103.85537268962322 230.66750139583343
1.3206927980807088 103.85536673645313 230.66750139583394
1.3206876644662962 103.85536051776224 230.66750139583394
1.32068362186417 103.85535562068762 230.66750139583394
1.320680308380877 103.85535160684344 230.66750139583343
1.3206772108555436 103.85534785460364 230.66750139583343
1.3206717614734058 103.85534125340223 230.66750139583314
1.3206670179429696 103.85533550724625 230.66750139583314
1.320662631453215 103.8553301935976 230.66750139583263
1.3206581788471565 103.85532479985784 230.66750139583263
1.320655313443852 103.85532132880302 230.66750139583394
1.320650048157282 103.85531495060901 230.66750139583394
1.3206458537342542 103.85530986962367 230.66750139583263
1.3206406623865887 103.85530358099683 230.66750139583343
1.320636632192158 103.85529869895262 230.66750139583394
1.3206324166837506 103.85529359242521 230.66750139583314
1.3206295466423115 103.855290115752 230.66750139583394
1.3206244867664652 103.85528398638583 230.66750139583343
1.3206194187794784 103.85527784719413 230.66750139583394
1.3206164431865919 103.8552742426594 230.66750139583343
1.3206108194375648 103.855267430236 230.66750139583314
1.3206052844665956 103.85526072535541 230.66750139583394
1.3206022548461003 103.85525705537346 230.66750139583314
1.3205979085339223 103.85525179039482 230.66750139583394
1.3205941348428354 103.8552472190704 230.66750139583343
1.320588529230836 103.8552404286177 230.66750139583343
1.320584957392857 103.8552361018115 230.66750139583314
1.3205814283061956 103.85523182679283 230.66750139583343
1.3205764849575752 103.85522583858409 230.66750139583394
1.3205725877196477 103.8552211175992 230.66750139583394
1.3205683973767626 103.85521604155672 230.66750139583314
1.3205638519717755 103.85520976351336 231.29348868690877
1.3205612872075998 103.8552060507779 231.7851452941376
1.3205565867477635 103.85519924642371 232.68666394593018
1.320551623194023 103.8551920612166 233.63886348781784
1.3205466755659243 103.85518489906335 234.58772047349274
1.3205424872558826 103.85517883609387 235.39034505599955
1.3205399250573007 103.85517512707241 235.56216253791084
1.3205352172336409 103.85516831205854 235.56216253791084
1.3205305001511694 103.85516148364171 235.56216253791084
1.3205268113439894 103.85515614374928 235.56216253791132
1.3205234377140342 103.8551512601053 235.56216253791084
1.320518544038856 103.85514417605414 235.56216253791084
1.320515215878258 103.85513935823133 235.56216253791132
1.3205103380749268 103.85513229715619 235.56216253791084
1.320507461183462 103.85512813258755 235.56216253791132
1.3205044342513501 103.85512375082111 235.56216253791132
1.3204994913997627 103.85511659558263 235.56216253791084
1.3204952075031497 103.85511039424293 235.56216253791132
1.320490732738048 103.85510391660333 235.56216253791132
1.3204862712356118 103.85509745816267 235.56216253791132
1.3204813489621676 103.85509033271309 235.56216253791084
1.3204763444038816 103.85508308814856 235.56216253791084
1.3204723821936564 103.85507735248001 235.56216253791155
1.3204687475840684 103.85507209104392 235.56216253791084
1.3204641944440407 103.85506549994948 235.56216253791084
1.320460796102668 103.8550605805337 235.56216253791084
1.3204581186202036 103.85505670462837 235.56216253791084
1.3204541091606095 103.85505090056205 235.56216253791155
1.320451417404396 103.85504700399414 235.56216253791084
1.3204487471869681 103.85504313860567 235.56216253791132
1.3204439864124704 103.8550362469411 235.56216253791084
1.3204400484580172 103.85503054638521 235.56216253791084
1.3204359915562938 103.85502467364208 235.56216253791084
1.3204333623054632 103.8550208675566 235.56216253791084
1.3204291556937766 103.85501477809441 235.56216253791007
1.3204240988868061 103.85500745789538 235.56216253791084
1.3204201630603767 103.85500176042011 235.56216253791084
1.3204173575110345 103.85499769912619 235.56216253791084
1.3204140240806672 103.85499287367534 235.56216253791084
1.3204113565688078 103.85498901220356 235.56216253791084
1.3204066282047788 103.85498216745638 235.56216253791084
1.320403444207471 103.85497755832384 235.56216253791084
1.3203985763579804 103.85497051165854 235.56216253791084
1.3203935792381245 103.85496327786237 235.56216253791084
1.3203899275979751 103.85495799177335 235.56216253791084
1.3203860923643365 103.85495243991568 235.56216253791084
1.3203825397798 103.85494729721891 235.56216253791132
1.3203784897684072 103.8549414344505 235.56216253791132
1.3203744314801582 103.85493555970058 235.56216253791084
1.3203707657517314 103.85493025321756 235.56216253791132
1.3203663589913297 103.85492387402181 235.56216253791132
1.3203623970444067 103.854918138735 235.56216253791084
1.320358158174803 103.85491200257684 235.56216253791132
1.3203555635132882 103.8549082465629 235.56216253791084
1.3203513152434503 103.85490209679709 235.56216253791084
1.3203484961122742 103.85489801584244 235.56216253791084
1.3203457508882346 103.85489404187527 235.56216253791084
1.3203429820328805 103.85489003369959 235.56216253791084
1.3203393167263617 103.85488472782745 235.56216253791084
1.3203364742451742 103.85488061307156 235.56216253791084
1.320333392934313 103.85487615258751 235.56216253791084
1.3203286374075358 103.8548692685202 235.56216253791084
1.320324937268133 103.85486391222433 235.56216253791132
1.3203223821410697 103.85486021344028 235.56216253791132
1.3203188549311524 103.85485510747594 235.56216253791132
1.3203162043182637 103.85485127046731 235.56216253791084
1.3203123933522998 103.85484575373972 235.56216253791132
1.3203089436187225 103.85484075992963 235.56216253791084
1.3203047094160865 103.85483463052765 235.56216253791132
1.3203019683107768 103.85483066252289 235.56216253791132
1.3202992176536459 103.85482668069098 235.56216253791084
1.3202960536686166 103.85482210052854 235.56216253791132
1.3202926540556983 103.85481717927281 235.56216253791084
1.320289621733541 103.85481278970464 235.56216253791132
1.3202870255367876 103.85480903146852 235.56216253791132
1.3202829942596837 103.85480319582024 235.56216253791132
1.3202781112790256 103.85479612725193 235.56216253791132
1.3202734579497533 103.85478939112537 235.56216253791132
1.3202695489223608 103.85478373244499 235.56216253791132
1.3202646117858658 103.85477658548113 235.56216253791084
1.320259562628808 103.85476927635717 235.56216253791084
1.3202569881197794 103.85476554951615 235.56216253791132
1.3202535092823076 103.8547605135757 235.56216253791132
1.3202488728924429 103.85475380197067 235.56216253791084
1.3202442261771625 103.85474707541866 235.56216253791132
1.3202405808572477 103.85474179847948 235.56216253791132
1.320235839925263 103.8547349355401 235.56216253791132
1.3202308513835808 103.85472771416269 235.56216253791084
1.3202257643130455 103.85472035015566 235.56216253791092
1.3202211175685394 103.8547136235615 235.5621625379117
1.320217351981257 103.85470817252423 235.56216253791084
1.3202128764256817 103.85470169374199 235.56216253791084
1.3202077791767426 103.85469431500088 235.56216253791115
1.3202031816508277 103.8546876596553 235.5621625379117
1.32019950855143 103.85468234250294 235.56216253791132
1.3201954449541444 103.85467646006865 235.56216253791132
1.3201908469307144 103.85466980400294 235.56216253791084
1.3201868347767665 103.85466399603769 235.56216253791084
1.3201828467477357 103.85465822299554 235.56216253791132
1.3201786940486464 103.85465221157823 235.56216253791115
1.3201757221100803 103.85464790942136 235.56216253791132
1.3201729326600085 103.85464387143351 235.56216253791084
1.3201692997093093 103.85463861240027 235.56216253791132
1.3201644699614967 103.85463162089216 235.56216253791084
1.3201601528919766 103.85462537153349 235.56216253791132
1.3201554358650254 103.85461854319936 235.56216253791084
1.320151985818822 103.85461354893741 235.56216253791084
1.3201492670258663 103.85460961323241 235.56216253791084
1.3201449881014964 103.85460341909246 235.56216253791115
1.3201401505168442 103.85459641623994 235.56216253791044
1.3201354903441687 103.85458967020777 235.56216253791084
1.320132249263113 103.85458497844235 235.56216253791132
1.3201271885786874 103.85457765263232 235.56216253791084
1.3201245511638597 103.85457383472979 235.56216253791092
1.32012161922881 103.85456959048193 235.56216253791115
1.3201189537944007 103.85456573201846 235.56216253791132
1.3201140058107224 103.8545585693533 235.56216253791084
1.3201103423529295 103.85455326615849 235.5621625379117
1.3201056540575415 103.85454647941626 235.56216253791115
1.3201008503713842 103.85453952563522 235.5621625379117
1.320096777513696 103.85453362979617 235.56216253791084
1.3200917988707166 103.85452642274898 235.56216253791115
1.3200884993969468 103.85452164645488 235.56216253791115
1.3200834066704403 103.85451427426128 235.56216253791132
1.3200799718465592 103.85450930203538 235.56216253791084
1.320076404700498 103.85450413826088 235.56216253791092
1.3200737516737109 103.85450029775876 235.56216253791132
1.320070060014983 103.85449495374067 235.56216253791132
1.3200651518742583 103.85448784875219 235.56216253791115
1.320060267451418 103.8544807780976 235.56216253791092
1.3200553778168644 103.85447369989856 235.56216253791115
1.3200520365849133 103.8544688631558 235.56216253791084
1.3200490684776094 103.85446456654553 235.56216253791084
1.3200447183853707 103.85445826938405 235.56216253791115
1.3200414498754334 103.85445353791319 235.56216253791132
1.3200383146672394 103.85444899940893 235.56216253791084
1.3200353890387801 103.85444476429079 235.56216253791132
1.3200303324892502 103.85443744446705 235.56216253791084
1.3200264011582008 103.85443175350129 235.56216253791084
1.3200235834920866 103.85442767466866 235.56216253791132
1.3200193620310527 103.85442156371293 235.56216253791084
1.3200156748082408 103.8544162261165 235.56216253791132
1.3200118728281125 103.85441072239824 235.56216253791084
1.3200092570626991 103.85440693583564 235.56216253791044
1.320005659234462 103.85440172764618 235.56216253791044
1.3200008852272367 103.85439481682879 235.56216253791084
1.3199972750653932 103.85438959078535 235.56216253791132
1.3199940771341399 103.85438496148383 235.56216253791132
1.319990064364753 103.85437915262874 235.56216253791132
1.319986483668538 103.85437396923956 235.56216253791115
1.319983320894904 103.85436939083202 235.56216253791084
1.3199802165405914 103.85436489699185 235.56216253791132
1.3199775900824278 103.8543610949506 235.56216253791084
1.319973902221905 103.85435575643125 235.56216253791115
1.3199702498540702 103.85435046929085 235.56216253791084
1.3199656541258902 103.85434381654908 235.5621625379117
1.3199620522069067 103.85433860243809 235.56216253791084
1.3199583183202648 103.85433319729175 235.56216253791115
1.3199538018072654 103.85432665922134 235.5621625379117
1.3199510526818836 103.85432267960805 235.56216253791132
1.3199460339057891 103.85431541446542 235.56216253791084
1.3199413549986292 103.85430864131452 235.56216253791115
1.3199373969353916 103.85430291165191 235.56216253791084
1.3199347578167882 103.85429909128366 235.56216253791132
1.3199307166961427 103.8542932413878 235.56216253791115
1.3199276442198489 103.85428879369425 235.56216253791115
1.3199240376740726 103.85428357288573 235.56216253791132
1.3199214036101863 103.85427975983468 235.56216253791044
1.3199182148631472 103.85427514382849 235.56216253791132
1.3199132456696034 103.8542679504614 235.56216253791132
1.3199101081684637 103.85426340863845 235.56216253791044
1.319906388014719 103.85425802337197 235.56216253791084
1.319902671668413 103.85425264361716 235.56216253791084
1.3199000518080701 103.85424885112712 235.56216253791084
1.3198951115893967 103.85424169970396 235.56216253791132
1.3198917868579954 103.85423688684796 235.56216253791044
1.3198888230703678 103.85423259649144 235.56216253791084
1.3198849892061102 103.8542270466186 235.5621625379117
1.3198805737962105 103.85422065490471 235.56216253791084
1.3198772249838366 103.85421580718935 235.56216253791132
1.3198742918753035 103.8542115612437 235.56216253791115
1.3198709339955448 103.85420670040249 235.56216253791115
1.3198674029469157 103.85420158888334 235.56216253791084
1.3198632151351153 103.85419552663883 235.56216253791044
1.3198602738450491 103.85419126884975 235.56216253791084
1.31985748568924 103.85418723273662 235.56216253791084
1.3198543328021488 103.8541826686413 235.56216253791132
1.3198502800623582 103.85417680192609 235.56216253791115
1.3198466629668568 103.85417156584624 235.56216253791132
1.319843444731988 103.85416690715401 235.56216253791132
1.3198389887572466 103.85416045671901 235.56216253791084
1.3198359263472452 103.85415602359772 235.56216253791132
1.3198316122590876 103.8541497785567 235.56216253791115
1.3198266067792574 103.85414253266242 235.56216253791044
1.3198216655675177 103.85413537980217 235.56216253791132
1.319818048748572 103.85413014412279 235.56216253791132
1.3198137783434905 103.85412396231716 235.56216253791092
1.319810447846905 103.85411914111589 235.56216253791092
1.3198077901075957 103.85411529379287 235.56216253791084
1.3198040890249145 103.85410993613404 235.56216253791115
1.3198009329284355 103.85410536739305 235.56216253791044
1.3197960280739018 103.85409826716338 235.56216253791115
1.3197929777431612 103.8540938515281 235.56216253791084
1.319789797594186 103.85408924796894 235.56216253791132
1.3197847909242697 103.85408198824403 235.5709209652052
1.319781948890184 103.85407785954978 235.5814729269563
1.3197792659863457 103.85407396202804 235.59143406845985
1.3197762227264498 103.85406954100804 235.60273314875943
1.3197727036233684 103.85406442871873 235.6157989503978
1.3197689189072406 103.85405893056668 235.62985092510135
1.3197657919746182 103.85405438799326 235.64146066541403
1.3197630317131328 103.85405037809218 235.6517090193747
1.3197600026376504 103.8540459776783 235.65672072544982
1.3197549500676267 103.8540386376832 235.65672072545038
1.319752260569209 103.85403473058146 235.65672072545073
1.3197496787720489 103.85403097994003 235.65672072545073
1.3197467105176952 103.85402666788258 235.65672072545038
1.3197422613014154 103.85402020439466 235.65672072545038
1.3197374329302212 103.85401319009893 235.65672072545038
1.3197344549451544 103.85400886390549 235.65672072544982
1.3197304338167415 103.85400302231157 235.65672072545073
1.319726633067732 103.8539975008684 235.65672072545019
1.3197220403388865 103.85399082889629 235.65672072545038
1.3197187996061788 103.85398612100282 235.65672072545038
1.3197150442275734 103.85398066547042 235.65672072544982
1.3197119020465853 103.85397610074553 235.65672072545038
1.3197073010309497 103.85396941673508 235.65672072545019
1.3197045509409993 103.85396542161067 235.65672072545038
1.3197014738129764 103.8539609513899 235.65672072544982
1.3196981294505732 103.85395609295108 235.65672072545038
1.31969410946179 103.85395025301295 235.65672072545019
1.319689562316639 103.85394364726162 235.65672072545073
1.319686758988857 103.85393957479734 235.65672072545038
1.3196831963147064 103.85393439921165 235.65672072545073
1.3196794867865211 103.85392901028747 235.65672072545019
1.3196746098363459 103.85392192542024 235.65672072545019
1.3196708953431304 103.85391652928327 235.65672072545038
1.319667911214959 103.85391219416583 235.65672072545038
1.319663406627432 103.85390565023918 235.65672072545038
1.3196595515119112 103.85390004981674 235.65672072545019
1.3196548555600276 103.85389322789037 235.65672072545038
1.319651406044907 103.85388821669376 235.65672072545038
1.3196472250914173 103.85388214291845 235.65672072545019
1.3196421918251746 103.8538748309672 235.65672072544982
1.31963853569969 103.85386951962265 235.65672072545038
1.319633886994443 103.85386276633275 235.65672072545019
1.3196294900217025 103.85385637874099 235.65672072545019
1.3196247219315804 103.85384945201778 235.65672072545038
1.3196209085693458 103.85384391225159 235.65672072545019
1.3196164812360813 103.8538374805544 235.65672072545073
