23149286
1.3206935632965449 103.85522020033565 53.913976809896745
1.3206963998885337 103.85522406351572 53.913976809897264
1.3206991364566936 103.85522779047248 53.913976809896745
1.3207020996584458 103.85523182608357 53.913976809896745
1.3207073432924594 103.85523896743585 53.913976809896745
1.320712342144271 103.85524577541709 53.913976809896745
1.3207158170015594 103.85525050785647 53.913976809897264
1.3207189056891695 103.85525471436794 53.913976809898024
1.320723138164855 103.8552604786147 53.913976809896745
1.3207268912411518 103.85526558996311 53.913976809896745
1.3207301773655062 103.8552700653655 53.913976809896745
1.3207333184398324 103.85527434322294 53.913976809898024
1.3207373992463272 103.85527990091013 53.913976809896745
1.3207413777086812 103.85528531921392 53.91397680989751
1.3207459573768299 103.85529155630533 53.91397680989751
1.320748801565149 103.85529542983109 53.913976809896745
1.3207540526959505 103.8553025813936 53.91397680989751
1.3207589148617027 103.85530920322111 53.913976809896745
1.3207629643766643 103.85531471829219 53.913976809898024
1.3207661631818342 103.85531907477393 53.913976809896745
1.3207698517742055 103.85532409830128 53.913976809896745
1.3207746529562188 103.85533063707457 53.913976809896745
1.320779890737349 103.85533777045619 53.913976809897264
1.3207841862600123 103.8553436205675 53.913976809897264
1.320789408660964 103.85535073300275 53.913976809897264
1.3207946772970807 103.85535790840615 53.91397680989751
1.3207982747088627 103.85536280775398 53.913976809897264
1.3208015070136323 103.85536720985921 53.913976809898024
1.3208055046265441 103.8553726542446 53.91397680989751
1.3208087751244193 103.85537710836545 53.913976809898024
1.3208136023986699 103.8553836826742 53.913976809896745
1.3208183358652448 103.85539012922547 53.913976809897264
1.3208228315547272 103.85539625194596 53.913976809896745
1.3208265223399052 103.85540127845998 53.913976809897264
1.3208306080841117 103.85540684287228 53.913976809896745
1.3208337971816229 103.85541118613331 53.913976809896745
1.3208382810485366 103.8554172927526 53.913976809897264
1.3208413046902305 103.85542141067786 53.91397680989751
1.3208445040764376 103.85542576795119 53.91397680989751
1.3208493905906928 103.85543242293966 53.913976809897264
1.3208537276385979 103.8554383296049 53.913976809898024
1.3208581283544159 103.85544432298006 53.913976809897264
1.3208608555684034 103.85544803719777 53.91397680989751
1.32086470156701 103.85545327509853 53.913976809897264
1.320869359574726 103.85545961888195 53.913976809896745
1.3208745280289582 103.85546665784719 53.913976809897264
1.3208789691899383 103.8554727063051 53.91397680989751
1.3208826950348647 103.85547778056754 53.913976809896745
1.3208879186050313 103.85548489459573 53.913976809897264
1.320890714338975 103.85548870213151 53.913976809898024
1.3208956775431862 103.85549546156498 53.913976809898024
1.3209002540336494 103.85550169432945 53.91397680989751
1.3209043103562688 103.8555072186726 53.913976809897264
1.3209089995503853 103.85551360492927 53.913976809898024
1.3209136550475633 103.85551994529379 53.91397680989751
1.3209187608798745 103.85552689897393 53.913976809898024
1.3209231829485562 103.8555329214301 53.913976809897264
1.320926437759707 103.85553735418745 53.913976809897264
1.320929181309944 103.85554109065387 53.913976809897264
1.320934107062656 103.8555468829439 53.228465457155586
1.3209385354417755 103.85555180567769 52.39834734494697
1.3209441776034296 103.8555580776926 51.339941361902085
1.320949157828624 103.85556361387694 50.405533516626605
1.320953023446343 103.85556791102644 49.68047223340305
1.320956986417982 103.8555723163978 48.93761607542826
1.3209628125855366 103.85557879295988 48.23617542458265
1.3209687647602455 103.85558540959575 48.23617542458265
1.3209720520875416 103.85558906389839 48.23617542458265
1.3209778041207643 103.85559545805033 48.23617542458351
1.3209821708259413 103.85560031222545 48.23617542458351
1.32098625525006 103.85560485260753 48.23617542458265
1.3209895814677552 103.85560855014207 48.23617542458265
1.3209940129464288 103.85561347632161 48.23617542458351
1.3209975099841342 103.85561736374538 48.23617542458265
1.3210008436171656 103.85562106952308 48.23617542458265
1.321006355416754 103.85562719662343 48.23617542458265
1.3210122310492325 103.85563372817253 48.23617542458216
1.3210160100981674 103.85563792908945 48.23617542458265
1.3210215982701454 103.85564414108796 48.23617542458351
1.3210256810441434 103.85564867963582 48.23617542458351
1.3210300477133303 103.85565353377106 48.23617542458265
1.3210359345644958 103.85566007779136 48.23617542458265
1.321041831983004 103.85566663355868 48.236175424583024
1.3210470160133365 103.85567239629994 48.23617542458351
1.3210526141375782 103.8556786193618 48.23617542458216
1.3210561347372685 103.85568253297802 48.23617542458351
1.3210612564247053 103.85568822641686 48.23617542458351
1.3210667802717744 103.85569436690982 48.23617542458265
1.321072017954967 103.85570018929344 48.23617542458351
1.32107663081557 103.85570531710341 48.236175424583024
1.3210810365848573 103.85571021470378 48.23617542458265
1.321085949257256 103.85571567579461 48.23617542458265
1.321090032609343 103.85572021498528 48.23617542458351
1.3210934694947785 103.85572403554201 48.23617542458265
1.321097238229276 103.85572822499326 48.23617542458265
1.3211006950763067 103.85573206773999 48.23617542458216
1.321106313241199 103.85573831307993 48.23617542458265
1.3211111951663639 103.85574373999118 48.236175424583024
1.3211161125703332 103.85574920634188 48.23617542458265
1.3211220376088413 103.85575579281284 48.23617542458265
1.3211275983154875 103.85576197428036 48.23617542458216
1.3211320512157145 103.8557669242732 48.23617542458265
1.3211352925159063 103.85577052741093 48.23617542458351
1.3211387054442818 103.8557743213363 48.23617542458351
1.3211440751420473 103.85578029047201 48.23617542458265
1.3211500388046447 103.85578691987892 48.23617542458351
1.3211559917240554 103.85579353734337 48.23617542458265
1.3211596020721712 103.85579755072717 48.23617542458265
1.3211649446058082 103.85580348966641 48.23617542458265
1.3211683968377723 103.85580732728303 48.23617542458265
1.3211730922797065 103.85581254689347 48.23617542458351
1.3211780679949836 103.8558180780652 48.23617542458265
1.3211819197567949 103.85582235981259 48.23617542458351
1.3211860008178342 103.85582689645673 48.236175424583024
1.321189875650144 103.85583120385009 48.23617542458265
1.3211931548207212 103.85583484908594 48.23617542458351
1.3211978374366637 103.85584005443867 48.23617542458265
1.3212009331416887 103.85584349572808 48.23617542458265
1.3212049350122657 103.85584794434149 48.23617542458216
1.3212109164646917 103.85585459352441 48.23617542458265
1.3212160929389152 103.85586034786661 48.23617542458351
1.3212195452556057 103.85586418557753 48.23617542458265
1.321225169120673 103.85587043725442 48.23617542458265
1.3212306317106315 103.85587650965255 48.23617542458265
1.3212363725256826 103.85588289133497 48.23617542458265
1.3212408644505527 103.85588788470926 48.23617542458265
1.321245771016984 103.85589333901302 48.23617542458216
1.3212501081341652 103.85589816029791 48.23617542458265
1.3212543743955214 103.8559029028171 48.23617542458265
1.3212594612618505 103.85590855754832 48.23617542458265
1.3212635402871538 103.85591309192965 48.23617542458351
1.3212683082603283 103.85591839216859 48.23617542458265
1.3212713840518386 103.85592181132161 48.23617542458216
1.3212773232952773 103.85592841358387 48.23617542458216
1.3212813460114867 103.85593288537018 48.236175424583024
1.3212847810536752 103.85593670387836 48.23617542458265
1.321290178727977 103.85594270411426 48.23617542458351
1.321294859270436 103.85594790716232 48.23617542458351
1.3213010682956554 103.85595389887166 47.465897146237964
1.3213069371958706 103.85595939103429 46.59214006675848
1.321311571283933 103.85596372765008 45.901931631198785
1.321315187826311 103.85596711203867 45.3632420468182
1.3213188515065817 103.85597054053927 44.81760562380044
1.3213247885263382 103.85597609644874 43.93380948081316
1.3213311974330362 103.85598209395371 43.31146475671638
1.3213354527410213 103.8559860761042 43.31146475671683
1.3213407837415112 103.85599106489613 43.31146475671683
1.3213468497988028 103.85599674156 43.31146475671683
1.3213516207557343 103.85600120625881 43.31146475671683
1.3213569311771223 103.8560061757927 43.31146475671683
1.3213624997843505 103.85601138693895 43.31146475671683
1.3213658590625132 103.85601453057777 43.31146475671683
1.3213697315069393 103.85601815444159 43.31146475671683
1.3213750554099268 103.8560231365917 43.31146475671683
1.321381569158085 103.85602923220827 43.31146475671683
1.321386791049301 103.85603411889501 43.31146475671683
1.3213932179678478 103.85604013325579 43.31146475671683
1.3213986141884357 103.85604518308133 43.31146475671683
1.3214047644465379 103.85605093854112 43.31146475671683
1.3214097113141146 103.85605556785865 43.31146475671683
1.3214142462739311 103.85605981170963 43.31146475671683
1.3214180353653198 103.8560633575711 43.31146475671683
1.3214218073081414 103.85606688738483 43.31146475671683
1.3214259400720538 103.85607075485778 43.31146475671589
1.3214305029584743 103.85607502484274 43.31146475671683
1.321435583936293 103.85607977966171 43.31146475671683
1.3214413570797139 103.85608518221473 43.31146475671683
1.321446527938199 103.85609002114477 43.31146475671683
1.3214530283776598 103.85609610430714 43.31146475671728
1.3214582025058375 103.85610094629703 43.31146475671683
1.3214636099609676 103.8561060066361 43.31146475671683
1.3214671131965159 103.85610928499152 43.31146475671638
1.3214705921792367 103.85611254065094 43.31146475671728
1.3214757526466807 103.85611736985703 43.31146475671638
1.321481587147431 103.8561228298288 43.31146475671638
1.3214879405141773 103.8561287753595 43.31146475671728
1.3214925440226921 103.85613308335905 43.31146475671638
1.3214981648367063 103.85613834336117 43.31146475671638
1.3215021480223181 103.85614207085767 43.31146475671728
1.321508343365258 103.8561478685085 43.31146475671728
1.321511998245159 103.85615128877396 43.31146475671638
1.321518596179596 103.85615746317309 43.31146475671638
1.3215239294090746 103.85616245405137 43.31146475671728
1.3215300343560048 103.85616816710895 43.31146475671728
1.3215334537645753 103.8561713670185 43.31146475671638
1.3215388744217218 103.85617643971231 43.31146475671728
1.3215446514395528 103.85618184589127 43.31146475671732
1.3215505180064104 103.85618733587094 43.31146475671638
1.3215541716624557 103.85619075499119 43.31146475671728
1.3215594639372585 103.85619570754383 43.31146475671544
1.321565536023446 103.85620138985016 43.31146475671728
1.3215710844612136 103.85620658212216 43.31146475671638
1.3215753173107152 103.85621054325625 43.31146475671638
1.321581563597409 103.85621638858085 43.31146475671638
1.3215877466612587 103.856222174741 43.31146475671638
1.3215917559543182 103.85622592666923 43.31146475671638
1.321596935922326 103.85623077412437 43.31146475671728
1.3216006051300782 103.85623420779808 43.31146475671633
1.3216059801906581 103.85623923782242 43.31146475671638
1.3216115210526203 103.85624442300502 43.31146475671638
1.3216151221868953 103.85624779297508 43.31146475671728
1.321619749130314 103.85625212290547 43.31146475671728
1.3216237134166204 103.85625583271607 43.31146475671638
1.3216289824524414 103.85626076352166 43.31146475671638
1.3216336351238396 103.85626511752852 43.31146475671544
1.3216387154964444 103.85626987178159 43.31146475671638
1.3216426440839197 103.85627354818499 43.31146475671728
1.3216472465887512 103.85627785524561 43.31146475671638
1.321653766165426 103.85628395631731 43.31146475671638
1.3216591008356802 103.85628894854419 43.31146475671728
1.3216644080581523 103.85629391088257 43.307582766556074
1.3216682734527605 103.85629751972228 43.299798438873104
1.3216719549199814 103.85630095684226 43.29238451274573
1.3216774204014559 103.85630605956747 43.281377847096664
1.3216822681081146 103.856310585521 43.27161528769928
1.3216856626936753 103.85631375480034 43.264779098025315
1.321690687351736 103.85631844596061 43.25466018591414
1.3216951702976285 103.85632263136338 43.24563220256505
1.3217009075857007 103.85632798785487 43.244768676913296
1.3217057867432775 103.85633254317189 43.244768676913296
1.3217095796708391 103.8563360843544 43.244768676913296
1.3217149007530506 103.85634105226455 43.244768676913296
1.321721472673616 103.85634718799217 43.244768676913296
1.321726833254698 103.85635219277958 43.244768676913296
1.321732135514783 103.85635714311692 43.244768676913296
1.3217377382458946 103.85636232217506 43.19686111897567
1.3217445305841524 103.85636815446674 42.725893848755554
1.3217506035403306 103.85637336905567 42.30472814036144
1.321754275886591 103.85637652234308 42.05003104681572
1.3217579567946547 103.85637968298214 41.79474025388529
1.3217626462989251 103.85638370965984 41.46951405226293
1.321768561806898 103.85638878905475 41.059318307039455
1.321772986588637 103.85639258842649 40.86032896889328
1.3217767335268515 103.85639580576286 40.8603289688923
1.3217812759443817 103.85639970614346 40.86032896889328
1.3217864498717546 103.85640414877471 40.86032896889328
1.3217919445066697 103.85640886678387 40.86032896889328
1.3217971269321676 103.8564133167121 40.8603289688923
1.3218018495244572 103.85641737180116 40.86032896889328
1.3218076181116272 103.85642232504149 40.86032896889328
1.3218125827225988 103.85642658794168 40.86032896889328
1.3218192948086742 103.85643235132443 40.86032896889328
1.3218254482034424 103.8564376349827 40.86032896889328
1.3218306946787042 103.8564421399078 40.86032896889243
1.321836391074849 103.85644703116085 40.86032896889314
1.3218422270919221 103.85645204230043 40.8603289688923
1.3218465348485486 103.85645574118782 40.8603289688923
1.3218522422090893 103.85646064185555 40.8603289688923
1.3218571994099355 103.85646489839307 40.86032896889328
1.321863646816314 103.85647043450669 40.86032896889328
1.321870082302016 103.85647596038456 40.86032896889328
1.3218743606594046 103.8564796340281 40.86032896889328
1.3218798280170463 103.8564843286156 40.8603289688923
1.3218862766351624 103.85648986576975 40.86032896889328
1.3218907968797566 103.85649374711159 40.86032896889328
1.321895568889381 103.85649784463334 40.86032896889328
1.3218990968290656 103.85650087392514 40.86032896889328
1.321904961938822 103.85650591004551 40.86032896889314
1.321908625060724 103.85650905541254 40.86032896889413
1.3219124355752352 103.85651232733936 40.86032896889413
1.3219189575597066 103.85651792749015 40.86032896889328
1.32192297356254 103.85652137586106 40.86032896889328
1.3219273424709161 103.85652512725696 40.86032896889328
1.321932373200626 103.85652944693071 40.86032896889328
1.321936986574842 103.85653340823906 40.86032896889328
1.3219429339112174 103.856538514964 40.8603289688923
1.3219464614028007 103.8565415438711 40.86032896889328
1.3219513948613693 103.8565457800223 40.86032896889328
1.3219574820139828 103.85655100680155 40.86032896889328
1.3219609927519036 103.856554021323 40.86032896889328
1.3219671741040857 103.85655932898744 40.86032896889328
1.3219707758751933 103.85656242167524 40.86032896889328
1.3219756751934875 103.85656662851166 40.86032896889328
1.321981261364723 103.85657142511954 40.8603289688923
1.3219858071757153 103.85657532841428 40.8603289688923
1.3219922122310668 103.85658082816317 40.8603289688923
1.3219972078391506 103.85658511767959 40.86032896889328
1.3220014591660496 103.85658876811338 40.86032896889328
1.3220049723227618 103.85659178471182 40.86032896889413
1.3220098523410455 103.8565959749762 40.86032896889328
1.3220140942194718 103.85659961729702 40.86032896889328
1.3220187288338487 103.85660359684351 40.86032896889328
1.3220255794815097 103.85660947920366 40.86032896889328
1.3220319679666739 103.85661496472454 40.86032896889328
1.3220373473074187 103.85661958373595 40.86032896889328
1.3220426910881407 103.85662417221351 40.86032896889328
1.3220478450698785 103.85662859771875 40.8603289688923
1.322053205751569 103.85663320070846 40.86032896889328
1.322057334251519 103.85663674567607 40.86032896889328
1.3220636400017858 103.85664216015607 40.86032896889328
1.32206821882125 103.85664609179392 40.86032896889328
1.3220728180867032 103.85665004098789 40.86032896889328
