787035245
1.318051827341627 103.85026709655166 67.07741576135872
1.318054212978288 103.85027269447215 67.077415761359
1.3180575636426917 103.85028055684006 67.07741576135902
1.3180602099557406 103.85028676644045 67.07741576135902
1.318063500887104 103.85029448864427 67.07741576135872
1.3180654215726093 103.85029899555228 67.07741576135871
1.3180673354113963 103.85030348639445 67.07741576135872
1.3180693632433675 103.8503082447228 67.07741576135871
1.3180727015563618 103.85031607810825 67.07741576135871
1.3180751851268868 103.8503219058318 67.07741576135872
1.3180786978778856 103.8503301485379 67.07741576135902
1.3180816624801905 103.85033710500754 67.07741576135872
1.3180838225683837 103.85034217367661 67.07741576135871
1.3180860125334792 103.85034731245216 67.07741576135872
1.3180883218851072 103.85035273136945 67.07741576135902
1.3180913723656598 103.85035988935343 67.07741576135902
1.3180932209245493 103.85036422701587 67.07741576135871
1.3180957738485921 103.85037021747843 67.07741576135903
1.3180985805735725 103.85037680348753 67.07741576135872
1.3181017911828012 103.85038433721525 67.07741576135872
1.3181046060434138 103.85039094231477 67.07741576135872
1.31810789977353 103.8503986710866 67.07741576135872
1.318110800751471 103.85040547826142 67.07741576135871
1.3181138514930437 103.85041263685818 67.077415761359
1.3181160204747668 103.85041772639636 67.07741576135872
1.318118052215447 103.850422493897 67.077415761359
1.3181199814732756 103.8504270209206 67.07741576135871
1.318121876688863 103.85043146806373 67.07741576135903
1.318124273768674 103.85043709283651 67.07741576135872
1.3181272764469572 103.85044413865249 67.07741576135871
1.3181299592111468 103.85045043378673 67.07741576135902
1.3181324624018398 103.8504563075499 67.07741576135872
1.3181352055093645 103.85046274428048 67.07741576135872
1.318137152583011 103.85046731310926 67.07741576135872
1.3181390279754392 103.8504717137373 67.0774157613587
1.3181411715134324 103.85047674357175 67.0774157613587
1.3181434997002068 103.85048220668652 67.0774157613587
1.3181464797617963 103.85048919943246 67.07741576135875
1.3181490792085473 103.85049529906169 67.07741576135875
1.3181512076605935 103.85050029349692 67.07741576135875
1.3181543072222142 103.85050756665105 67.07741576135872
1.3181574339185544 103.85051490347713 67.07741576135899
1.3181602236406549 103.85052144958965 67.0774157613587
1.3181619978563819 103.85052561280568 67.07741576135875
1.3181642993790277 103.85053101335303 67.07741576135905
1.3181676936722961 103.85053897809831 67.07741576135902
1.318169684054162 103.85054364855057 67.07741576135899
1.3181715632966298 103.85054805821308 67.07741576135902
1.3181737715227175 103.85055323983916 67.0774157613587
1.318175723935564 103.85055782119674 67.07741576135875
1.3181775960581652 103.85056221415248 67.07741576135899
1.3181805190567935 103.85056907300005 67.07741576135875
1.3181835120500627 103.85057609609083 67.0774157613587
1.318185390402844 103.85058050366578 67.07741576135899
1.3181877592626576 103.85058606222078 67.07741576135905
1.318190759071761 103.85059310130512 67.07741576135875
1.3181934559136492 103.85059942947366 67.0774157613587
1.3181959074132539 103.85060518194392 67.07741576135875
1.3181987970297022 103.85061196246009 67.07741576135905
1.3182006087471814 103.85061621367474 67.0774157613587
1.3182026948875583 103.85062110882569 67.0774157613587
1.31820581333076 103.85062842628643 67.0774157613587
1.3182090121595371 103.85063593237284 67.0774157613587
1.3182118509793834 103.85064259369443 67.0774157613587
1.318214699433187 103.85064927762227 67.0774157613587
1.3182175841576764 103.85065604665968 67.0774157613587
1.3182199158928172 103.85066151810159 67.07741576135899
1.3182220777161182 103.85066659084355 67.07741576135875
1.3182238884654318 103.85067083978657 67.07741576135875
1.3182263024027177 103.8506765041168 67.07741576135905
1.3182289672343748 103.85068275717344 67.07741576135875
1.3182316804207594 103.850689123695 67.07741576135905
1.3182336786863242 103.85069381264707 67.07741576135892
1.3182356358275051 103.85069840510033 67.0774157613587
1.3182385397671121 103.85070521922651 67.0774157613587
1.3182408583173135 103.85071065973007 67.07741576135899
1.3182441699577563 103.85071843053083 67.07741576135875
1.3182473851377354 103.85072597498612 67.07741576135875
1.3182493973198466 103.85073069659367 67.07741576135905
1.318251923493527 103.85073662428812 67.07741576135905
1.3182540846476605 103.8507416954602 67.07741576135899
1.318257284938765 103.85074920497874 67.07741576135905
1.3182602174236704 103.85075608608709 67.0774157613587
1.3182621726230668 103.85076067398417 67.07741576135899
1.3182647142290875 103.85076663789094 67.07741576135899
1.318266814531734 103.85077156627447 67.07741576135882
1.3182701922344544 103.85077949209153 67.07741576135875
1.3182733076520328 103.85078680245363 67.07741576135892
1.3182761385531956 103.85079344519481 67.07741576135905
1.3182779578752937 103.85079771425447 67.07741576135899
1.3182805809123785 103.85080386924034 67.07741576135905
1.3182824622238116 103.85080828375868 67.0774157613587
1.3182848359818833 103.8508138538086 67.07741576135875
1.318287378489725 103.8508198198318 67.07741576135862
1.3182906616510948 103.85082752380683 67.07741576135899
1.3182925511668653 103.85083195757686 67.07741576135899
1.3182952636952117 103.85083832255516 67.07741576135899
1.3182973274642125 103.8508431652124 67.07741576135875
1.318300039068165 103.85084952802166 67.07741576135875
1.3183030052420306 103.85085648818215 67.07741576135899
1.3183063537831188 103.8508643455717 67.07741576135875
1.318309833922601 103.85087251175841 67.0774157613587
1.3183124128037202 103.85087856313221 67.07741576135875
1.3183154045075318 103.85088558319919 67.07741576135875
1.318318069713861 103.85089183713613 67.0774157613587
1.3183214456921704 103.85089975890769 67.07741576135905
1.3183243455230698 103.85090656339395 67.07741576135899
1.3183261332342844 103.85091075827872 67.07741576135905
1.3183294695929748 103.8509185870825 67.07741576135899
1.3183325535462096 103.85092582361405 67.0774157613587
1.3183356190634932 103.85093301688548 67.07741576135905
1.3183387483411537 103.85094035977139 67.07741576135875
1.3183418940065184 103.8509477411113 67.0774157613587
1.318343838116428 103.85095230298755 67.07741576135899
1.3183460588291693 103.85095751391556 67.07741576135882
1.318348983386323 103.85096437642261 67.07741576135899
1.3183522519324076 103.85097204610368 67.07741576135899
1.3183556602643 103.85098004379385 67.07741576135862
1.3183583363731006 103.8509863233141 67.07741576135912
1.3183602704359025 103.85099086161485 67.07741576135882
1.3183637827402275 103.85099910327764 67.07741576135899
1.318366039635011 103.85100439910744 67.07741576135899
1.3183677989501361 103.85100852736082 67.07741576135899
1.3183696316360591 103.85101282777963 67.0774157613587
1.3183729520583862 103.85102061918926 67.0774157613587
1.3183763783786637 103.8510286590897 67.07741576135882
1.3183788754191643 103.85103451842436 67.0774157613587
1.3183811312651619 103.85103981179334 67.07741576135875
1.3183830404072518 103.85104429161757 67.07741576135905
1.3183852677464936 103.85104951809515 67.07741576135875
1.318387090233635 103.85105379458257 67.07741576135912
1.3183889193860836 103.85105808671022 67.07741576135875
1.318391733120794 103.85106468917171 67.07741576135899
1.3183935082894451 103.85106885462578 67.0774157613587
1.318395897687919 103.85107446137737 67.0774157613587
1.3183978324321126 103.85107900127736 67.07741576135875
1.3184004420344997 103.85108512474008 67.07741576135875
1.31840244310364 103.85108982027239 67.07741576135899
1.3184053530786217 103.851096648563 67.07741576135892
1.3184072118404686 103.85110101016961 67.07741576135875
1.3184104543731456 103.85110861881085 67.07741576135899
1.3184130473412043 103.85111470324108 67.07741576135899
1.3184149955226045 103.8511192746718 67.07741576135899
1.3184172801299758 103.85112463553007 67.07741576135882
1.3184201634137773 103.85113140118972 67.07741576135875
1.3184235327075027 103.85113930727748 67.0774157613587
1.3184256928612068 103.85114437610382 67.07741576135899
1.3184290378515582 103.85115222516352 67.07741576135899
1.3184317739377436 103.85115864542234 67.07741576135875
1.3184344055866586 103.85116482061794 67.07741576135899
1.3184367191731765 103.85117024947633 67.07741576135905
1.318440097104096 103.85117817583162 67.07741576135875
1.3184422142078756 103.851183143641 67.07741576135899
1.318444875917387 103.85118938937424 67.07741576135899
1.318447372402072 103.85119524740551 67.07741576135875
1.3184506546272214 103.85120294918626 67.07741576135899
1.3184533335738984 103.85120923536684 67.0774157613587
1.3184554838150255 103.85121428093352 67.07741576135875
1.3184581344023458 103.85122050056862 67.07741576135875
1.318460006485061 103.85122489343325 67.07741576135875
1.318463387668426 103.85123282742083 67.07741576135875
1.3184662406043755 103.85123952186952 67.07741576135905
1.3184688488593115 103.85124564217129 67.07741576135905
1.3184721823271068 103.85125346419386 67.0774157613587
1.3184741068600914 103.85125798013384 67.07741576135899
1.318477374825586 103.85126564845454 67.07741576135899
1.318479995345671 103.85127179753677 67.07741576135862
1.3184832591169862 103.85127945601587 67.07741576135899
1.3184866638383468 103.85128744523603 67.07741576135882
1.3184889704836296 103.85129285780731 67.0774157613587
1.3184913281801 103.85129839017087 67.07741576135899
1.3184943067923847 103.851305379521 67.07741576135905
1.318497527216499 103.85131293628558 67.0774157613587
1.318499652966903 103.85131792438494 67.07741576135905
1.31850157087106 103.85132242477056 67.07741576135862
1.3185044423086805 103.85132916263417 67.07741576135905
1.3185073567586556 103.85133600142684 67.07741576135875
1.3185098643242652 103.85134188546037 67.07741576135875
1.318512747047516 103.85134864980598 67.07741576135875
1.3185159114214273 103.85135607504837 67.07741576135875
1.3185191850818374 103.85136375673292 67.07741576135892
1.3185221414987771 103.8513706940018 67.07741576135905
1.3185239409576563 103.8513749164543 67.07741576135905
1.318526449168791 103.85138080200278 67.07741576135892
1.3185292891623495 103.85138746608285 67.07741576135875
1.318532529372911 103.85139506927715 67.07741576135888
1.3185359960246528 103.8514032038185 67.07741576135905
1.3185387715233425 103.85140971656068 67.07741576135905
1.3185419260393294 103.85141711867173 67.07741576135888
1.318544308426886 103.85142270897384 67.07741576135875
1.3185469949429478 103.85142901291728 67.07741576135875
1.3185490683542125 103.85143387820273 67.07741576135875
1.318552230520502 103.85144129826544 67.07741576135892
1.3185556728946306 103.85144937583942 67.07741576135862
1.3185585422044244 103.8514561087108 67.07741576135892
1.3185617611716454 103.85146366205778 67.07741576135862
1.3185635985879776 103.85146797357827 67.07741576135892
1.3185666482527256 103.85147512965494 67.07741576135892
1.3185692808526635 103.85148130708382 67.07741576135875
1.3185717615654036 103.85148712810752 67.07741576135892
1.3185748046851846 103.85149426882646 67.07741576135905
1.3185771232832684 103.85149970944613 67.07741576135892
1.3185801421960635 103.85150679336314 67.07741576135875
1.3185831585199645 103.85151387120536 67.07741576135905
1.3185856844942976 103.85151979843612 67.07741576135892
1.3185876299991612 103.85152436358791 67.07741576135862
1.318590056886691 103.85153005831029 67.07741576135892
1.31859351325342 103.85153816871872 67.07741576135875
1.3185961151577184 103.85154427412024 67.07741576135888
1.3185987193909 103.85155038498654 67.07741576135905
1.3186022233627825 103.8515586071012 67.07741576135905
1.3186048676393665 103.85156481192995 67.07741576135875
1.3186067222206035 103.85156916372848 67.07741576135905
1.3186101583890533 103.85157722674167 67.07741576135862
1.3186119733846786 103.85158148565212 67.07741576135862
1.3186151995422082 103.85158905587208 67.07741576135858
1.3186171930099195 103.85159373356962 67.07741576135862
1.318619490032712 103.85159912356308 67.07741576135875
1.3186219231973995 103.85160483301524 67.07741576135875
1.3186248165730352 103.85161162235836 67.07741576135905
1.3186280590838346 103.85161923095167 67.07741576135858
1.3186298362257518 103.85162340103805 67.07741576135862
1.318632780396436 103.85163030957251 67.07741576135862
1.3186357395498909 103.85163725326429 67.07741576135918
1.3186392200759294 103.85164542036361 67.07741576135858
1.3186412492914645 103.85165018194411 67.07741576135905
1.318643225633517 103.8516548194563 67.07741576135905
1.31864594036395 103.85166118960645 67.07741576135862
1.3186491534669487 103.85166872919429 67.07741576135905
1.318651541592144 103.85167433296107 67.07741576135888
1.3186549292280745 103.85168228209281 67.07741576135892
1.3186581435660327 103.85168982457866 67.07741576135875
1.318661277507839 103.85169717841391 67.07741576135892
1.3186632851569444 103.85170188938874 67.07741576135875
1.3186667009805917 103.85170990466351 67.07741576135858
1.3186697389447806 103.85171703328618 67.07741576135862
1.3186715273196903 103.8517212297313 67.07741576135875
1.3186744717782093 103.85172813894177 67.07741576135888
1.3186768462691494 103.85173371071588 67.07741576135862
1.3186791848404986 103.85173919820421 67.07741576135862
1.3186822454451423 103.85174637995318 67.07741576135862
1.3186852548151813 103.85175344147953 67.07741576135875
1.3186879146141637 103.85175968273283 67.07741576135875
1.31869016936641 103.85176497353869 67.07741576135905
1.3186926745035934 103.85177085187611 67.07741576135845
1.3186961677047941 103.85177904871881 67.07741576135892
1.3186989255385824 103.85178552001223 67.07741576135875
1.318701116755264 103.85179066173116 67.07741576135845
1.3187044566603356 103.85179849886259 67.07741576135892
1.3187070235351694 103.8518045220684 67.07741576135892
1.3187096849624313 103.85181076714277 67.07741576135905
1.3187120807891868 103.85181638898206 67.07741576135862
1.3187144557065742 103.85182196175727 67.07741576135905
1.3187165954022118 103.85182698258153 67.07741576135862
1.318718941263382 103.85183240478406 67.03634103409334
1.3187214471670146 103.85183791706167 66.85294558483668
1.3187241338077726 103.85184382690977 66.65631256913657
1.318726318080151 103.85184863168985 66.49644278230643
1.318729909053705 103.8518565308138 66.23361250401337
1.318733582789323 103.85186461199089 65.96473195756
1.3187369096397994 103.85187193011905 65.72125606221688
1.318739227260262 103.85187702822724 65.71859128203737
1.3187426062461172 103.85188446103852 65.71859128203737
1.3187457321993024 103.85189133724967 65.71859128203737
1.3187486361650333 103.85189772515139 65.7185912820375
1.3187521097843813 103.85190536612967 65.7185912820375
1.3187545735451978 103.85191078570536 65.7185912820375
1.3187578593560283 103.85191801355819 65.71859128203737
1.3187606540650993 103.85192416112635 65.71859128203734
1.3187635914589861 103.85193062256069 65.71859128203737
1.3187669578075796 103.85193802757391 65.71859128203737
1.3187700835246243 103.85194490326593 65.71859128203779
1.318773022977186 103.8519513692289 65.7185912820375
1.3187758470232223 103.85195758133023 65.7185912820375
1.318778085661354 103.85196250570002 65.7185912820375
1.3187806305556187 103.85196810374659 65.71859128203737
1.318783929748929 103.85197536103743 65.7185912820375
1.3187865808482255 103.85198119270504 65.7185912820372
1.31878990353622 103.85198850167761 65.7185912820375
1.3187928158107591 103.85199490785686 65.71859128203762
1.318795247290305 103.85200025642332 65.71859128203737
1.318798410769197 103.85200721518106 65.71859128203737
1.318801205498011 103.8520133627931 65.71859128203737
1.3188033765802123 103.85201813855919 65.71859128203737
1.3188060190089848 103.85202395115431 65.7185912820375
1.318808645027107 103.85202972765069 65.7185912820375
1.318811161367023 103.85203526288606 65.7185912820375
1.318814209964742 103.85204196893795 65.71859128203737
1.318817649637579 103.85204953524446 65.71859128203779
1.3188210966358973 103.85205711766497 65.7185912820375
1.318823701614909 103.8520628478814 65.71859128203737
1.3188262626156348 103.85206848135809 65.7185912820375
1.3188285392463495 103.85207348930125 65.71859128203737
1.3188311933538313 103.8520793275865 65.71859128203737
1.3188342106021371 103.8520859646788 65.71859128203737
1.3188361738232937 103.85209028320973 65.7185912820375
1.3188380771242818 103.85209446993326 65.71859128203737
1.3188407842185574 103.85210042477455 65.7185912820375
1.3188437815346203 103.85210701802167 65.71859128203737
1.3188461857646379 103.85211230664736 65.7185912820375
1.3188483448615969 103.85211705604972 65.7185912820375
1.3188509388185687 103.85212276202107 65.7185912820375
1.3188545267418068 103.852130654437 65.71859128203737
1.318857172662327 103.85213647471353 65.71859128203737
1.3188593457176396 103.8521412548204 65.7185912820375
1.3188615506565824 103.85214610506226 65.71859128203737
1.3188638932108527 103.85215125801894 65.71859128203737
1.3188669658531875 103.85215801696282 65.71859128203737
1.3188702134555392 103.85216516076932 65.71859128203737
1.3188726500464436 103.85217052058006 65.71859128203737
1.3188753319380808 103.85217641998305 65.7185912820375
1.3188782370966223 103.85218281051012 65.71859128203737
1.318881096422459 103.85218910021824 65.71859128203737
1.3188840879414343 103.85219568071389 65.71859128203737
1.3188867130354303 103.85220145517827 65.71859128203737
1.3188891856426734 103.85220689421493 65.71859128203779
1.3188911687919809 103.85221125658259 65.71859128203737
1.3188937351389607 103.85221690182021 65.71859128203737
1.318895674885758 103.85222116871465 65.71859128203737
1.3188990260904068 103.85222854041726 65.71859128203762
1.3189013340699607 103.8522336173197 65.71859128203737
1.3189037525967564 103.85223893739482 65.7185912820375
1.3189063689450644 103.85224469262135 65.7185912820375
1.3189089572659318 103.85225038619546 65.7185912820375
1.31891172636219 103.85225647742436 65.71859128203737
1.3189142359560895 103.85226199782149 65.71859128203737
1.318916584581512 103.85226716413347 65.71859128203779
1.3189187598262841 103.85227194905706 65.71859128203737
1.3189223847016822 103.85227992275827 65.71859128203737
1.3189259776589781 103.85228782624874 65.7185912820375
1.3189295179201483 103.85229561382268 65.7185912820375
1.3189318094385467 103.85230065451549 65.71859128203734
1.3189354840230292 103.85230873756285 65.7185912820375
1.3189387531523604 103.85231592872348 65.7185912820375
1.318940986128214 103.85232084063932 65.71859128203737
1.3189429241031014 103.85232510363645 65.71859128203737
1.3189465877241306 103.85233316256745 65.7185912820375
1.3189490211022619 103.85233851531176 65.71859128203737
1.318951036208895 103.85234294797695 65.71859128203737
1.3189537805219818 103.85234898469035 65.71859128203737
1.318955641524371 103.85235307836983 65.7185912820375
1.3189586649135152 103.85235972897175 65.71859128203765
1.3189623375804622 103.85236780780146 65.71859128203722
1.3189657820814482 103.85237538473055 65.71859128203765
1.3189684060635163 103.85238115674987 65.7185912820372
1.3189708748882911 103.85238658746698 65.7185912820375
1.318972892008598 103.8523910245619 65.71859128203734
1.3189753557758317 103.85239644415388 65.71859128203722
1.3189787507243314 103.8524039120817 65.71859128203752
1.3189808259814841 103.85240847706132 65.7185912820375
1.3189830032293066 103.85241326639161 65.7185912820375
1.318985468012473 103.85241868821848 65.71859128203752
1.3189883509847118 103.85242502994323 65.71859128203762
1.3189902409735332 103.85242918738491 65.71859128203762
1.3189934077432595 103.85243615338405 65.7185912820372
1.3189962059471987 103.8524423086426 65.7185912820375
1.318999505282733 103.85244956624915 65.71859128203752
1.3190030159632253 103.85245738398092 65.76871324472143
1.3190041565021804 103.8524621925943 66.98155819135378
1.3190060640919046 103.85247023516183 69.01811541484697
1.319007766500098 103.85247741266592 70.84053493712817
1.3190094978314448 103.85248471211267 72.6947289039743
1.3190113186442403 103.85249238882126 74.64140624445375
1.3190133809694098 103.85250108376758 76.76592143155473
1.319014528798429 103.85250592311684 76.76592143155473
1.3190165972787247 103.8525146440139 76.76592143155487
1.3190184879250815 103.85252261514732 76.76592143155503
1.3190204274397834 103.85253079231417 76.76592143155487
1.319022423614065 103.85253920836294 76.76592143155504
1.3190236304441585 103.85254429646629 76.76592143155487
1.3190247852719625 103.8525491653234 76.76592143155504
1.319026427682578 103.85255608987319 76.76592143155487
1.3190279662484652 103.85256257660441 76.76592143155503
1.3190294584160416 103.85256886771627 76.76592143155473
1.3190308519525789 103.85257474299092 76.76592143155487
1.319032223475944 103.85258052545612 76.76592143155487
1.3190341662984748 103.85258871656977 76.76592143155487
1.319035752662686 103.85259540482332 76.76592143155487
1.319036908139697 103.85260027641792 76.76592143155503
1.319038795349763 103.85260823306469 76.76592143155503
1.3190406507610701 103.85261605564514 76.76592143155503
1.3190420869343265 103.85262211068044 76.76592143155518
1.319043688869775 103.85262886458408 76.76592143155487
1.3190451753267414 103.85263513162012 76.76592143155487
1.3190468885675986 103.8526423547975 76.76592143155487
1.3190486548882396 103.8526498017641 76.76592143155487
1.319050120434593 103.85265598063933 76.76592143155487
1.3190518642453246 103.85266333270226 76.76592143155487
1.319053680314911 103.85267098941513 76.76592143155504
1.3190554578082314 103.85267848348708 76.76592143155487
