646194487
1.2887413746574443 103.77820802674648 52.26532381471965
1.2887442761380206 103.77821236825737 53.17364367762107
1.2887484542477805 103.77821861999978 54.48095003936461
1.288753149113719 103.77822564496901 55.94748521399839
1.2887569235637084 103.77823129271177 56.44302347625394
1.2887602383187033 103.77823625260888 56.44302347625394
1.2887629986649674 103.77824038293933 56.44302347625449
1.288766819093811 103.77824609948073 56.44302347625449
1.288771093765269 103.77825249570937 56.44302347625394
1.2887745758288003 103.77825770595177 56.44302347625358
1.288778426045516 103.77826434840938 57.06822546520697
1.2887806947547984 103.77827024671122 58.85118890918152
1.2887837936870725 103.7782783034676 61.29829465646476
1.288786496360892 103.77828533001183 63.4372170700271
1.2887893066198035 103.77829263626111 65.65925312061397
1.288792191459853 103.77830013641018 67.93121552311854
1.2887941252207915 103.778305163897 69.112588361008
1.288795940618636 103.77830988365764 69.112588361008
1.288798392829318 103.77831625903569 69.1125883610086
1.2888015641103707 103.77832450388833 69.112588361008
1.2888045409409898 103.7783322431992 69.11258836100838
1.2888070876684055 103.77833886430662 69.11258836100778
1.2888089194995693 103.77834362679158 69.11258836100778
1.2888114276780296 103.77835014767761 69.112588361008
1.2888130977916632 103.7783544897214 69.11258836100778
1.2888152090418468 103.77835997865377 69.1125883610086
1.2888174650475226 103.77836584392864 69.112588361008
1.2888202802755617 103.77837316309743 69.112588361008
1.288822308477966 103.77837843611817 69.11258836100778
1.2888239587985957 103.77838272670324 69.11258836100778
1.2888265663906056 103.77838950604975 69.1125883610086
1.288828679148839 103.77839499890301 69.112588361008
1.2888318751825893 103.7784033081095 69.11258836100778
1.2888350399991713 103.77841153615614 69.112588361008
1.2888374786710168 103.77841787633581 69.1125883610086
1.2888392549186152 103.77842249431221 69.112588361008
1.2888415419184152 103.77842844016746 69.112588361008
1.2888443598414694 103.7784357663433 69.112588361008
1.288846323112317 103.77844087055207 69.112588361008
1.2888490780479382 103.77844803297016 69.11258836100838
1.2888511856212725 103.77845351234373 69.11258836100838
1.2888538957038445 103.77846055815073 69.1125883610086
1.2888566934972607 103.77846783199274 69.112588361008
1.2888591409248689 103.77847419493642 69.112588361008
1.28886185597439 103.77848125365686 69.1125883610086
1.2888641592241281 103.77848724175983 69.11258836100838
1.2888670593775757 103.77849478172274 69.1125883610086
1.2888690349267031 103.77849991785345 69.11258836100778
1.2888709998784325 103.77850502643255 69.112588361008
1.2888730375143258 103.77851032397957 69.11258836100778
1.2888762211593334 103.77851860097807 69.112588361008
1.2888788596697383 103.7785254607086 69.112588361008
1.2888816384623247 103.77853268515175 69.11258836100778
1.2888846000804532 103.77854038491388 69.11258836100778
1.2888873149255262 103.77854744310322 69.1125883610086
1.2888890137930276 103.7785518599035 69.11258836100838
1.2888910153808641 103.77855706373124 69.11258836100778
1.2888936682793177 103.77856396086874 69.112588361008
1.2888953639005858 103.77856836922939 69.112588361008
1.2888972180224727 103.77857318966785 69.1125883610086
1.2889003700138493 103.77858138437216 69.11258836100778
1.288902775884669 103.77858763927506 69.112588361008
1.288905902297384 103.77859576747876 69.11258836100778
1.2889078100162494 103.77860072726145 69.1125883610086
1.2889095958497343 103.77860537016046 69.112588361008
1.288912426562979 103.77861272959007 69.11258836100778
1.2889148071854732 103.77861891885131 69.1125883610086
1.2889164311353367 103.77862314087726 69.11258836100825
1.2889184595786927 103.77862841452563 69.1125883610086
1.2889209287566719 103.77863483401794 69.112588361008
1.2889233781323968 103.77864120202737 69.112588361008
1.2889260696451246 103.77864819955673 69.11258836100778
1.2889292026122954 103.77865634480149 69.112588361008
1.2889318301693566 103.77866317605582 69.112588361008
1.288934207544377 103.77866935687437 69.1125883610086
1.2889358570565665 103.77867364535877 69.112588361008
1.288938708758383 103.77868105935595 69.11258836100754
1.2889407442373852 103.77868635129622 69.112588361008
1.2889438110084646 103.77869432444135 69.11258836100754
1.2889456780112845 103.77869917836884 69.1125883610086
1.2889479040958682 103.77870496585516 69.1125883610086
1.288950125043762 103.77871073998686 69.112588361008
1.2889519029980205 103.77871536240154 69.112588361008
1.2889549151533524 103.77872319355411 69.112588361008
1.2889565626115635 103.77872747669866 69.1125883610086
1.2889588243067174 103.77873335676723 69.112588361008
1.2889616941880657 103.77874081802891 69.112588361008
1.2889646067071685 103.77874839014237 69.11258836100754
1.2889666529505837 103.77875371006883 69.112588361008
1.2889684666388985 103.77875842538687 69.1125883610086
1.2889702784955577 103.77876313594288 69.1125883610086
1.2889729354796275 103.77877004370369 69.1125883610086
1.2889746463123022 103.77877449161254 69.112588361008
1.2889774446676832 103.77878176691763 69.112588361008
1.2889805530668152 103.77878984829016 69.112588361008
1.2889829637770254 103.77879611577593 69.112588361008
1.2889847464693462 103.7788007505092 69.112588361008
1.2889867443290646 103.77880594464555 69.112588361008
1.2889889260045637 103.77881161667544 69.112588361008
1.2889907994872662 103.77881648745019 69.1125883610086
1.2889929861721492 103.77882217250377 69.112588361008
1.2889957293464023 103.77882930434652 69.1125883610086
1.2889975310542314 103.7788339885174 69.112588361008
1.2890006546471167 103.7788421093918 69.112588361008
1.2890028356613616 103.7788477797027 69.112588361008
1.2890058827117956 103.77885570157827 69.112588361008
1.2890077494762333 103.77886055488672 69.112588361008
1.2890095457288244 103.77886522487493 69.112588361008
1.2890114743977958 103.77887023912598 69.1125883610086
1.289014580613804 103.77887831482334 69.11258836100754
1.2890166337259246 103.77888365260802 69.1125883610086
1.2890189193687311 103.77888959493777 69.112588361008
1.289021882079378 103.77889729754277 69.112588361008
1.2890244777786053 103.77890404597296 69.112588361008
1.2890268465377812 103.77891020439299 69.1125883610086
1.2890292832541927 103.77891653949168 69.112588361008
1.2890316628192073 103.77892272600532 69.11258836100754
1.2890337644462069 103.77892818992167 69.1125883610086
1.2890368263969916 103.77893615053645 69.1125883610086
1.2890397243305285 103.77894368473099 69.11258836100754
1.2890427298975857 103.77895149875664 69.112588361008
1.2890452566364572 103.77895806790053 69.112588361008
1.2890476808723583 103.77896437055205 69.112588361008
1.2890497152784668 103.7789696597043 69.112588361008
1.2890514764550955 103.77897423850071 69.112588361008
1.2890545349655782 103.77898219017159 69.112588361008
1.289057490547032 103.77898987424241 69.112588361008
1.2890606263967455 103.77899802698384 69.11258836100815
1.2890623294296026 103.77900245461522 69.1125883610086
1.2890644183481015 103.77900788549178 69.112588361008
1.2890672593964674 103.77901527179381 69.11258836100815
1.2890692118992 103.77902034800977 69.1125883610086
1.2890717115367833 103.77902684669473 69.112588361008
1.2890740568708383 103.77903294421361 69.1125883610086
1.289075673063211 103.77903714607284 69.112588361008
1.2890778417551403 103.77904278434855 69.11258836100754
1.2890802020501138 103.77904892076366 69.112588361008
1.2890831585598415 103.77905660724832 69.112588361008
1.2890861210259867 103.77906430921881 69.112588361008
1.2890888668721119 103.77907144800959 69.1125883610086
1.2890906913959788 103.7790761914998 69.112588361008
1.2890932082512565 103.77908273494855 69.11258836100848
1.2890957085609953 103.77908923538142 69.112588361008
1.2890976473921696 103.77909427605368 69.112588361008
1.289099701525361 103.77909961649405 69.1125883610086
1.2891024650219844 103.77910680117371 69.112588361008
1.2891053028164559 103.77911417901677 69.1125883610086
1.2891080277631446 103.77912126347245 69.112588361008
1.2891104527567498 103.77912756809481 69.112588361008
1.289112968219732 103.77913410792411 69.11258836100754
1.2891160807720774 103.77914220009691 69.112588361008
1.2891191104337356 103.77915007676636 69.1125883610086
1.289121451740016 103.77915616381428 69.1125883610086
1.2891238378801817 103.77916236742367 69.112588361008
1.2891255216475974 103.77916674496845 69.112588361008
1.2891281275915236 103.77917352003497 69.112588361008
1.2891310876504414 103.77918121574785 69.1125883610086
1.2891338555704046 103.77918841192806 69.112588361008
1.2891365543428839 103.77919542833516 69.112588361008
1.2891390650801662 103.77920195587875 69.11258836100815
1.2891408659785828 103.77920663794686 69.1125883610086
1.2891431086112335 103.77921246845834 69.112588361008
