512870344#0
1.2885514378658958 103.77815538295208 227.58152961355592
1.2885462581594163 103.77814975604872 227.58152961355592
1.2885408521413222 103.77814388329486 227.58152961355592
1.2885352235488459 103.77813776875037 227.5815296135555
1.2885312642729756 103.77813346764518 227.5815296135555
1.2885272341167526 103.77812908954009 227.58152961355592
1.288523151115365 103.77812465402738 227.58152961355592
1.2885184665656442 103.77811956503089 227.5815296135555
1.288514126425463 103.77811485017898 227.5815296135555
1.2885107873118455 103.77811122277859 227.58152961355592
1.2885076208225712 103.77810779035471 227.57512124174386
1.2885020836063645 103.77810197698727 227.40139848227608
1.2884975477377976 103.77809721490654 227.25908730864964
1.2884922988020495 103.77809170419665 227.09440148840653
1.2884869235507093 103.77808606087159 226.92575251678514
1.2884807351921943 103.77807956388824 226.7315960251454
1.2884756712166283 103.77807424736288 226.60600298928202
