1.2860312198776815 103.77903772680251 321.6467655238139 20.6064 1.0
1.2861431754251285 103.77894410390464 319.9271099476492 16.1064 2.0
1.2862227370222168 103.77887536099735 318.2418608926478 11.6064 3.0
1.2862904818927055 103.77881521073758 318.24186089264686 10.0 4.0
1.286358226758681 103.77875506047424 318.24186089264776 10.0 5.0
1.2864263936289306 103.77869538348024 318.73502237100365 10.0 6.0
1.2864946570570497 103.77863581477506 318.7350223710036 10.0 7.0
1.2865598436353884 103.77857302350027 314.33990058025034 10.0 8.0
1.2866233117222816 103.77850843234725 314.3399005802503 10.0 9.0
1.2866863609534314 103.77844344479817 313.61029662903803 10.0 10.0
1.2867482088051554 103.77837732028686 312.9287530998526 10.0 11.0
1.2868100566520617 103.77831119577263 312.9287530998529 10.0 12.0
1.286867708725396 103.77824146362809 308.871868429971 10.0 13.0
1.286924693165152 103.77817115743723 308.87186842997073 10.0 14.0
1.2869831829652838 103.77810210117552 310.9540386053132 10.0 15.0
1.287042700744918 103.77803389846488 310.9540386053132 10.0 16.0
1.2871022185196468 103.77796569575152 310.9540386053133 10.0 17.0
1.2871565765554749 103.77789342197143 306.008526089891 10.0 18.0
1.2872099549884237 103.77782037528006 306.0085260898911 10.0 19.0
1.2872723685331968 103.77775599034878 320.58778175211387 10.0 20.0
1.2873266031848158 103.77768371287324 305.55263049780746 10.0 21.0
1.287379359337528 103.77761029603023 305.55263049780746 10.0 22.0
1.287428327432416 103.77753443030274 300.6036553041347 10.0 23.0
1.2874745122773867 103.77745676527482 300.6036553041344 10.0 24.0
1.2875219433403133 103.77737991147764 302.4990900027657 10.0 25.0
1.2875740961983924 103.77730605753553 304.48353187757533 10.0 26.0
1.2876101001651328 103.77722325907223 291.54153008930683 10.0 27.0
1.2876582064667332 103.77714682399714 304.42774648429275 10.0 28.0
1.2877019525819524 103.77706776770049 298.8290540982367 10.0 29.0
1.287745762851689 103.77698874683563 298.9216907267749 10.0 30.0
1.2877902446192735 103.77691009681497 299.3601502039286 10.0 31.0
1.2878347263817753 103.77683144679317 299.3601502039286 10.0 32.0
1.2878784095258062 103.77675236146928 298.21057497416007 10.0 33.0
1.2879212703823115 103.7766728279421 298.19354073487335 10.0 34.0
1.2879641312337478 103.77659329441394 298.19354073487307 10.0 35.0
1.288006034457316 103.77651325895347 297.48838748509576 10.0 36.0
1.288050436173628 103.7764345766892 299.7386419656467 10.0 37.0
1.288090143490273 103.77635387269582 294.2961484332544 10.0 38.0
1.2881273229424268 103.7762718924794 294.281460095511 10.0 39.0
1.288164510778517 103.77618988522995 294.2814421488021 10.0 40.0
1.2882016985697446 103.77610787796223 294.28142342057885 10.0 41.0
1.2882388863560161 103.77602587069418 294.28142342057873 10.0 42.0
1.2882760741373311 103.77594386342575 294.28142342057856 10.0 43.0
1.2883132619136894 103.77586185615695 294.28142342057856 10.0 44.0
1.288350449685091 103.7757798488878 294.28142342057856 10.0 45.0
1.288387637451535 103.77569784161825 294.2814234205793 10.0 46.0
1.2884248252130217 103.77561583434834 294.28142342057856 10.0 47.0
1.2884620129695512 103.77553382707809 294.28142342057856 10.0 48.0
1.2884992007211227 103.77545181980744 294.2814234205792 10.0 49.0
1.2885363884677359 103.77536981253644 294.28142342057856 10.0 50.0
1.2885735745298572 103.77528780451325 294.2792906812776 10.0 51.0
1.2886107591941593 103.77520579586626 294.2792906812776 10.0 52.0
1.2886478551576777 103.775123751279 294.1581120056327 10.0 53.0
1.2886789998023143 103.77503929519837 290.15001166729644 10.0 54.0
1.2887101444421487 103.774954839118 290.1500116672963 10.0 55.0
1.28874128907718 103.77487038303788 290.15001166729644 10.0 56.0
1.2887724337074093 103.77478592695803 290.1500116672958 10.0 57.0
1.2888035783328358 103.77470147087847 290.1500116672964 10.0 58.0
1.288834722953459 103.77461701479916 290.15001166729644 10.0 59.0
1.288865867569279 103.77453255872013 290.1500116672963 10.0 60.0
1.2888970121802952 103.77444810264134 290.1500116672965 10.0 61.0
1.288928156786508 103.77436364656285 290.15001166729627 10.0 62.0
1.288959301387917 103.7742791904846 290.15001166729644 10.0 63.0
1.2889904459845216 103.77419473440663 290.15001166729627 10.0 64.0
1.2890215905763223 103.77411027832893 290.1500116672964 10.0 65.0
1.2890527351633179 103.77402582225149 290.1500116672964 10.0 66.0
