1.2890524980686726 103.779256129032 248.55492142312488 14.723400000000002 1.0
1.2890186505111805 103.77917063522273 248.55492142312536 10.223400000000002 2.0
1.2889798866376105 103.779090287002 240.23032742330932 10.0 3.0
1.2889389757590453 103.77901115452359 247.9397321921802 10.0 4.0
1.288904964964588 103.77892788429067 247.9397321921797 10.0 5.0
1.288870954169502 103.77884461406212 247.9397321921802 10.0 6.0
1.2888369433737863 103.77876134383794 247.9397321921802 10.0 7.0
1.288802932577441 103.77867807361817 247.9397321921802 10.0 8.0
1.2887689217804665 103.77859480340275 247.93973219217992 10.0 9.0
1.2887349109828639 103.77851153319175 247.93973219217992 10.0 10.0
1.2887005177242405 103.77842844050444 247.40538229464724 10.0 11.0
1.2886252876831041 103.77838589512643 197.8854937643646 10.0 12.0
1.2885434844040153 103.77837340170468 185.35909263006846 9.185199999999998 13.0
1.2885011300860283 103.77837359385768 179.83538334829126 4.685199999999998 14.0
1.2884369193270833 103.77838256090675 168.810072803055 7.285199999999998 15.0
1.2883619105323274 103.77843085591199 146.48989506874545 9.885199999999998 16.0
1.2882865182979764 103.77848050626177 146.48989506874545 10.0 17.0
1.2882111260598033 103.77853015660747 146.48989506874597 10.0 18.0
1.2881357338178097 103.77857980694907 146.48989506874597 10.0 19.0
1.2880603415719951 103.77862945728657 146.4898950687465 10.0 20.0
1.287985160258541 103.77867942223985 146.22746645607418 10.0 21.0
1.2879099976796882 103.77872941513822 146.22746645607435 10.0 22.0
1.2878348350969906 103.77877940803248 146.22746645607418 10.0 23.0
1.2877596725104492 103.77882940092267 146.22746645607418 10.0 24.0
1.2876845099200638 103.77887939380878 146.22746645607418 10.0 25.0
1.2876093473258345 103.7789293866908 146.22746645607435 10.0 26.0
1.287534184727762 103.77897937956875 146.22746645607418 10.0 27.0
1.287459022125845 103.77902937244261 146.22746645607418 10.0 28.0
1.287383859520085 103.7790793653124 146.22746645607435 10.0 29.0
1.2873089366502561 103.77912970767652 145.68814877928284 10.0 30.0
1.2872346201920426 103.77918093408378 145.27571514014397 10.0 31.0
1.2871603037299006 103.77923216048703 145.27571514014397 10.0 32.0
1.287086673167766 103.77928434896391 144.15553350996444 10.0 33.0
1.2870133788481835 103.7793370090704 144.15553350996444 10.0 34.0
1.2869400845245762 103.77938966917293 144.15553350996436 10.0 35.0
