646670872#0
1.3421000432096222 103.68787197500615 99.04805231862429
1.3420986256379417 103.68788085039805 99.04805231862365
1.342097208066219 103.68788972578997 99.04805231862365
1.3420957955090445 103.68789860197018 99.04161993723862
1.3420943863463917 103.68790747868404 99.03083323345453
1.3420929771836965 103.68791635539789 99.02004652897881
1.342091568020959 103.6879252321118 99.00925982457804
1.3420901588581793 103.6879341088257 98.9984731210149
1.342088749695357 103.68794298553964 98.99411879975993
1.3420873405324922 103.68795186225357 98.99411879975993
1.3420859313695848 103.68796073896756 98.99411879975993
1.3420845222066347 103.68796961568155 98.99411879975993
1.3420831130436424 103.68797849239554 98.99411879975993
1.3420817038806077 103.6879873691096 98.99411879975993
1.34208029471753 103.68799624582365 98.99411879975953
1.3420788855544101 103.68800512253773 98.99411879976019
1.3420774763912475 103.68801399925184 98.99411879975953
1.3420760672280418 103.68802287596594 98.99411879975953
1.3420746580647949 103.68803175268009 98.99411879975953
1.342073248901505 103.68804062939424 98.99411879975993
1.3420718397381726 103.68804950610843 98.99411879975993
1.3420704305747972 103.68805838282262 98.99411879975993
1.3420690214113793 103.68806725953684 98.99411879975993
1.3420676122479192 103.68807613625108 98.99411879975993
1.342066203084417 103.68808501296536 98.99411879976059
1.3420647939208719 103.68809388967962 98.99411879975993
1.3420633847572843 103.68810276639392 98.99411879975993
1.342061975593654 103.68811164310826 98.99411879975993
1.3420607727216267 103.68812054843227 98.73024065485127
1.3420596816331292 103.68812946925905 98.32331577239168
1.3420585905445916 103.68813839008588 97.91635593148706
1.3420574994560133 103.68814731091273 97.50940219071508
1.342056408367394 103.68815623173957 97.10249560495853
1.3420553172787346 103.68816515256647 96.9595121922181
1.3420542261900341 103.68817407339338 96.95951219221872
1.3420531351012932 103.68818299422033 96.95951219221872
1.3420520440125117 103.68819191504727 96.9595121922181
1.3420509529236897 103.68820083587424 96.95951219221843
1.342049861834827 103.68820975670126 96.95951219221872
1.3420487707459237 103.68821867752828 96.9595121922181
1.34204767965698 103.68822759835534 96.95951219221872
1.3420465885679953 103.68823651918241 96.95951219221872
1.3420454974789706 103.68824544000951 96.9595121922181
1.342044406389905 103.68825436083664 96.95951219221872
1.3420433153007985 103.68826328166378 96.95951219221843
1.3420422242116516 103.68827220249095 96.9595121922181
1.3420411331224646 103.68828112331813 96.95951219221872
1.342040042033236 103.68829004414536 96.95951219221872
1.3420389509439674 103.6882989649726 96.9595121922181
1.3420378598546585 103.68830788579986 96.95951219221872
1.3420367687653085 103.68831680662714 96.95951219221872
1.3420356776759184 103.68832572745445 96.95951219221777
1.342034586586487 103.6883346482818 96.95951219221872
1.3420334954970157 103.68834356910916 96.95951219221872
1.3420324044075038 103.68835248993653 96.95951219221872
1.3420313133179511 103.68836141076395 96.95951219221872
1.342030222228357 103.68837033159136 96.95951219221872
1.3420291311387231 103.68837925241883 96.95951219221872
1.3420280400490487 103.68838817324631 96.95951219221872
1.3420269489593335 103.68839709407382 96.9595121922181
1.342025857869578 103.68840601490133 96.95951219221872
1.342024766779782 103.68841493572886 96.95951219221872
1.3420236756899446 103.68842385655644 96.9595121922181
1.342022584600067 103.68843277738404 96.95951219221843
1.3420214935101489 103.68844169821166 96.95951219221872
1.3420204024201903 103.6884506190393 96.9595121922181
1.342019311330191 103.68845953986697 96.95951219221872
1.3420182202401507 103.68846846069466 96.95951219221872
1.3420171291500702 103.68847738152238 96.9595121922181
1.3420160380599495 103.6884863023501 96.95951219221872
1.3420149469697877 103.68849522317787 96.95951219221843
1.3420138558795853 103.68850414400563 96.9595121922181
1.3420127647893423 103.68851306483346 96.95951219221872
1.342011673699059 103.68852198566128 96.95951219221872
1.3420105826087352 103.68853090648915 96.9595121922181
1.3420094915183698 103.68853982731702 96.95951219221872
1.342008400427965 103.68854874814494 96.95951219221872
1.342007309337519 103.68855766897285 96.9595121922181
1.3420062182470331 103.68856658980081 96.95951219221872
1.3420051271565057 103.68857551062877 96.95951219221872
1.3420040360659382 103.68858443145676 96.9595121922181
1.34200294497533 103.68859335228478 96.95951219221872
1.342001853884681 103.68860227311285 96.95951219221843
1.3420007627939914 103.6886111939409 96.9595121922181
1.3419996717032616 103.688620114769 96.95951219221872
1.341998580612491 103.6886290355971 96.95951219221872
1.3419974895216804 103.68863795642524 96.9595121922181
1.341996398430828 103.6886468772534 96.95951219221872
1.3419953073399353 103.68865579808158 96.95951219221872
1.3419942162490028 103.68866471890979 96.95951219221843
1.3419931251580293 103.68867363973803 96.95951219221872
1.341992034067015 103.68868256056628 96.95951219221872
1.3419909429759602 103.68869148139456 96.95951219221872
1.341989851884865 103.68870040222286 96.95951219221872
1.3419887607937293 103.6887093230512 96.9595121922181
1.3419876697025526 103.68871824387955 96.95951219221872
1.3419865786113356 103.68872716470791 96.95951219221843
1.3419854875200778 103.6887360855363 96.9595121922181
1.3419843964287792 103.68874500636473 96.95951219221872
1.341983305337441 103.68875392719319 96.95951219221872
1.3419822142460611 103.68876284802167 96.9595121922181
1.341981123154641 103.68877176885013 96.95951219221872
1.3419800320631805 103.68878068967867 96.95951219221872
1.3419789409716794 103.68878961050721 96.95951219221777
1.3419778498801374 103.68879853133575 96.95951219221872
1.3419767587885552 103.68880745216435 96.95951219221872
1.3419756676969319 103.68881637299296 96.9595121922181
1.3419745766052682 103.6888252938216 96.95951219221872
1.341973485513564 103.68883421465024 96.95951219221872
1.3419723944218194 103.68884313547893 96.9595121922181
1.3419713033300336 103.68885205630765 96.95951219221872
1.3419702122382078 103.68886097713637 96.95951219221872
1.341969121146342 103.68886989796512 96.9595121922181
1.3419680300544348 103.6888788187939 96.95951219221872
1.3419669389624864 103.68888773962269 96.95951219221872
1.3419658478704983 103.68889666045152 96.95951219221777
1.3419647567784694 103.68890558128035 96.95951219221872
