646982404
1.3483976295325126 103.6865520605948 158.74307958942225
1.3483892021093984 103.68655532318192 158.74307958942225
1.348380774686256 103.686558585769 158.7430795894198
1.348372347263087 103.68656184835602 158.74307958942225
1.3483639198398907 103.68656511094301 158.74307958942225
1.3483554924166672 103.68656837352992 158.7430795894198
1.3483470649934168 103.68657163611682 158.7430795894198
1.3483386375701394 103.68657489870367 158.74307958942225
1.3483302101468346 103.68657816129046 158.7430795894198
1.3483216570024625 103.68658092062519 159.39978461432776
1.3483126722502168 103.68658195226554 162.3299939769111
1.3483036874979628 103.68658298390588 165.28002113926388
1.3482947027457002 103.68658401554617 168.23435077785726
1.3482857179934287 103.68658504718641 171.1773317290676
1.3482767332411492 103.68658607882662 173.43890027945085
1.3482677484888603 103.6865871104668 173.43890027945113
1.3482587340139585 103.68658783740614 173.82923655278557
1.3482497170972016 103.6865885393129 174.25170926630165
1.3482407001804395 103.68658924121961 174.67420843980992
1.3482316832636712 103.68658994312628 175.0966881289285
1.3482226663468968 103.68659064503291 175.5191024019922
1.3482136494301158 103.6865913469395 175.55116711666406
1.3482046325133297 103.68659204884607 175.5511671166639
1.3481956155965376 103.68659275075258 175.55116711666406
1.348186598679739 103.68659345265908 175.5511671166639
1.3481775817629351 103.68659415456553 175.55116711666145
1.3481685648461241 103.68659485647193 175.55116711666128
1.3481595479293083 103.6865955583783 175.55116711666145
1.3481505310124857 103.68659626028463 175.55116711666128
1.348141514095658 103.68659696219093 175.55116711666145
1.3481324971788242 103.6865976640972 175.5511671166639
1.3481234802619841 103.68659836600342 175.55116711666406
1.348114463345138 103.68659906790961 175.5511671166639
1.3481054428752532 103.6865992710092 176.1861032594383
1.3480964168627076 103.68659869598025 177.81501826344333
1.348087390850165 103.68659812095127 179.4468652558063
1.3480783648376256 103.68659754592225 181.07900188191616
1.3480693388250897 103.68659697089323 182.70878297496873
1.3480603128125574 103.68659639586416 183.69965079411165
1.3480512868000285 103.6865958208351 183.69965079411443
1.3480422607875022 103.68659524580596 183.69965079411443
1.3480332347749804 103.6865946707768 183.69965079411165
1.3480242087624617 103.68659409574765 183.69965079411165
1.3480151827499458 103.68659352071843 183.69965079411443
1.3480061567374337 103.68659294568921 183.69965079411165
1.3479971307249252 103.68659237065995 183.69965079411165
1.3479881047124191 103.68659179563066 183.69965079411426
1.3479790786999177 103.68659122060134 183.69965079411443
1.3479700526874194 103.686590645572 183.69965079411165
1.347961026674924 103.68659007054264 183.69965079411426
1.3479520006624321 103.68658949551322 183.69965079411426
1.3479429746499443 103.68658892048381 183.6996507941118
1.3479339486374589 103.68658834545434 183.69965079411426
1.3479249226249772 103.68658777042486 183.69965079411426
1.3479158966124987 103.68658719539533 183.69965079411165
1.3479068699426224 103.68658663222601 183.68450493140222
1.3478978349640989 103.68658621895315 183.47793016841425
1.3478887999855782 103.6865858056803 183.2713477427847
1.3478797650070589 103.68658539240738 183.06476302537112
1.3478707300285424 103.68658497913444 182.8581813873812
1.3478616950500282 103.68658456586148 182.66675399007573
1.3478526600715162 103.6865841525885 182.66675399007573
1.347843625093007 103.68658373931545 182.66675399007562
1.3478345901144995 103.68658332604241 182.66675399007835
1.3478255551359946 103.68658291276934 182.66675399007835
1.3478165201574914 103.68658249949623 182.66675399007823
1.347807485178991 103.68658208622308 182.66675399007835
1.3477984502004925 103.6865816729499 182.66675399007835
1.3477894152219967 103.68658125967671 182.66675399007573
1.3477803802435029 103.6865808464035 182.66675399007573
1.3477713452650115 103.68658043313023 182.66675399007573
1.3477623102865222 103.68658001985695 182.66675399007835
1.3477532753080361 103.68657960658362 182.66675399007835
1.347744240329551 103.68657919331028 182.66675399007823
1.347735205351069 103.68657878003691 182.66675399007835
1.347726170372589 103.6865783667635 182.66675399007835
1.3477171353941109 103.68657795349007 182.66675399007562
1.3477081004156353 103.6865775402166 182.66675399007573
1.3476990654371623 103.68657712694312 182.66675399007573
1.3476900304586912 103.68657671366958 182.66675399007562
1.3476809954802227 103.68657630039603 182.66675399007835
1.3476719605017566 103.68657588712246 182.66675399007835
1.3476629255232926 103.68657547384886 182.66675399007823
1.347653890544831 103.68657506057521 182.66675399007835
1.3476448555663714 103.68657464730155 182.66675399007835
1.347635820587914 103.68657423402784 182.66675399007562
1.347626785609459 103.6865738207541 182.66675399007573
1.347617750631006 103.68657340748035 182.66675399007573
1.3476087156525558 103.68657299420659 182.66675399007562
1.3475996806741082 103.68657258093276 182.66675399007835
1.3475906456956623 103.68657216765891 182.66675399007835
1.3475816107172187 103.68657175438504 182.66675399007835
1.3475725757387775 103.68657134111113 182.66675399007835
1.3475635407603386 103.68657092783721 182.66675399007835
1.3475545057819018 103.68657051456326 182.66675399007568
1.3475454708034673 103.68657010128925 182.66675399007573
1.3475364358250357 103.68656968801524 182.66675399007568
1.3475274008466054 103.68656927474117 182.66675399007568
1.3475183624662344 103.68656895578567 182.5464103497662
1.3475093208911886 103.68656872540217 182.3130445021092
1.3475002793161437 103.68656849501863 182.07967103282493
1.3474912377411004 103.68656826463506 181.84629768519073
1.3474821961660581 103.68656803425148 181.61293220247012
1.3474731545910166 103.68656780386785 181.4999208190505
1.3474641130159761 103.68656757348418 181.49992081905313
1.3474550714409366 103.6865673431005 181.4999208190505
1.3474460298658981 103.68656711271679 181.49992081905313
1.3474369882908608 103.68656688233304 181.4999208190505
1.3474279467158243 103.68656665194926 181.49992081905307
1.3474189051407888 103.68656642156544 181.4999208190505
1.347409863565754 103.68656619118161 181.49992081905313
1.347400821990721 103.68656596079774 181.4999208190505
1.3473917804156887 103.68656573041383 181.49992081905313
1.3473827388406572 103.6865655000299 181.4999208190505
1.3473736977916604 103.68656550479383 181.20014672314218
1.3473646573367124 103.6865657751105 180.56162135538423
1.3473556168817622 103.68656604542716 179.92293248179047
1.3473465764268093 103.68656631574378 179.2842387887912
1.3473375359718534 103.68656658606035 178.6456989700108
1.3473284955168952 103.68656685637693 178.30715818973752
1.3473194550619338 103.68656712669343 178.30715818973752
1.34731041460697 103.68656739700991 178.30715818973752
1.347301374152004 103.68656766732634 178.30715818973752
1.347292333697035 103.68656793764276 178.30715818973752
1.347283293242063 103.68656820795913 178.30715818973752
1.3472742527870891 103.68656847827548 178.30715818973752
1.347265212332112 103.68656874859177 178.30715818973755
1.3472561718771325 103.68656901890805 178.30715818973752
1.3472471314221501 103.68656928922431 178.30715818973752
1.347238090967165 103.6865695595405 178.30715818973752
1.347229050512178 103.68656982985668 178.30715818973752
1.3472200100571876 103.6865701001728 178.30715818973752
1.3472109696021948 103.6865703704889 178.30715818973752
1.3472019291471995 103.68657064080496 178.30715818973752
1.3471928886922013 103.686570911121 178.30715818973752
1.3471839177559435 103.68657199021236 177.27274863719532
1.3471749620916895 103.68657324697705 176.00928799992826
1.3471660064274247 103.68657450374167 174.74499064151416
1.3471570507631498 103.68657576050626 173.48108696571924
1.3471480950988648 103.68657701727082 172.2188050805857
1.3471391394345695 103.68657827403534 171.9917169793193
1.3471301837702632 103.6865795307998 171.9917169793193
1.3471212281059473 103.68658078756425 171.9917169793191
1.3471122724416207 103.68658204432865 171.9917169793193
1.3471033167772837 103.68658330109298 171.9917169793193
1.3470946225281597 103.68658572334454 170.47100073182003
1.347085977248678 103.68658836392117 168.66007555662267
1.3470773319691742 103.68659100449777 166.84676473222873
1.3470686866896484 103.68659364507432 165.03469591242356
1.347060041410101 103.68659628565081 163.22748188449145
1.3470513961305317 103.68659892622729 162.94303442338136
1.3470427508509404 103.68660156680372 162.94303442338347
1.3470341055713269 103.68660420738009 162.94303442338136
1.347025460291692 103.68660684795641 162.94303442338347
1.3470168150120354 103.68660948853268 162.94303442338136
1.3470081697323564 103.68661212910891 162.94303442338347
1.3469995244526562 103.6866147696851 162.94303442338136
1.3469908791729337 103.68661741026125 162.94303442338347
1.3469822677400736 103.68662012430177 162.84086713979855
1.346974606392353 103.6866249004955 159.85271605365614
1.3469669450445922 103.68662967668918 156.84030683901068
1.346959283696793 103.68663445288281 153.82010858867926
1.3469516223489542 103.6866392290764 150.80884691494947
1.3469439610010756 103.68664400526995 147.92507256327008
1.346936299653158 103.68664878146348 147.9250725632723
1.3469286383052006 103.68665355765692 147.9250725632716
1.3469209769572048 103.68665833385035 147.92507256327008
1.346913315609169 103.68666311004374 147.92507256327008
1.3469056542610935 103.68666788623706 147.9250725632694
1.3468979929129792 103.68667266243034 147.9250725632694
1.3468903315648253 103.68667743862358 147.92507256327008
1.3468826702166323 103.68668221481678 147.9250725632716
1.3468750684594406 103.68668706893673 147.80074978103914
1.346868384065826 103.68669312268675 145.75667755263925
1.3468616996721627 103.68669917643673 143.70505630802458
1.346855015278453 103.68670523018669 141.6511209428826
1.3468483308846944 103.6867112839366 139.60014183794277
1.3468416464908874 103.68671733768647 137.6816185072498
1.3468349620970328 103.68672339143632 137.6816185072498
1.34682827770313 103.68672944518612 137.6816185072498
1.346821593309179 103.68673549893589 137.6816185072498
1.3468149089151802 103.68674155268562 137.6816185072498
1.346808224521133 103.68674760643532 137.6816185072498
1.3468015401270377 103.68675366018498 137.6816185072498
1.3467948557328944 103.6867597139346 137.6816185072498
1.346788171338703 103.6867657676842 137.6816185072498
1.3467814869444639 103.68677182143374 137.68161850725173
1.346775188579579 103.68677823839289 137.00930678497963
1.3467694686891134 103.68678519963048 135.32565134693246
1.346763748798595 103.68679216086802 133.63878565072463
1.3467580289080259 103.68679912210554 131.95162813419915
1.3467523090174034 103.68680608334304 130.26710026233462
1.3467465891267287 103.68681304458053 129.25924830587027
1.3467408692360014 103.68682000581798 129.2592483058719
1.3467351493452224 103.68682696705541 129.25924830586928
1.3467294294543903 103.68683392829281 129.2592483058719
1.3467237095635065 103.68684088953017 129.2592483058709
1.3467179896725703 103.68684785076753 129.2592483058709
1.3467122697815817 103.68685481200484 129.2592483058709
1.3467065498905406 103.68686177324214 129.2592483058719
1.346700829999447 103.6868687344794 129.2592483058709
1.3466951101083018 103.68687569571667 129.25924830587027
1.3466893902171038 103.68688265695388 129.2592483058719
1.346683670325853 103.68688961819105 129.25924830587027
1.3466779504345505 103.68689657942822 129.2592483058719
1.346672230543195 103.68690354066537 129.25924830587027
1.3466665106517877 103.68691050190249 129.2592483058719
1.3466607907603283 103.68691746313957 129.25924830587027
1.3466550708688163 103.68692442437663 129.2592483058719
1.346649350977252 103.68693138561365 129.25924830587027
1.346643631085635 103.68693834685068 129.2592483058719
1.3466379111939657 103.68694530808764 129.2592483058719
1.3466321913022448 103.68695226932462 129.2592483058719
1.3466264714104705 103.68695923056156 129.2592483058719
1.3466207515186446 103.68696619179845 129.2592483058719
1.346615031626766 103.68697315303532 129.2592483058719
1.3466093117348357 103.68698011427219 129.25924830587027
1.3466033530805088 103.68698687483965 129.65544314319305
1.3465973924073604 103.68699363371039 130.0550461430528
1.3465914317341598 103.68700039258111 130.4546689080946
1.3465854710609084 103.6870071514518 130.85427255985795
1.3465795103876055 103.68701391032245 131.25381823104735
1.3465735497142508 103.68702066919306 131.257167768321
1.3465675890408444 103.68702742806367 131.257167768322
1.3465616283673867 103.68703418693424 131.257167768321
1.346555667693877 103.68704094580478 131.257167768321
1.3465497070203158 103.68704770467528 131.257167768321
1.3465437463467032 103.68705446354578 131.257167768322
1.346537785673039 103.68706122241625 131.25716776832274
1.346531824999323 103.68706798128666 131.257167768321
1.3465258643255555 103.68707474015707 131.257167768322
1.3465199036517366 103.68708149902744 131.257167768322
1.346513942977866 103.68708825789776 131.257167768321
1.3465079823039439 103.68709501676808 131.257167768321
1.3465020216299701 103.68710177563838 131.257167768322
1.3464960609559449 103.68710853450862 131.257167768321
1.3464901002818677 103.68711529337887 131.257167768321
1.3464841396077394 103.68712205224904 131.257167768322
1.3464781789335594 103.68712881111922 131.257167768322
1.3464722182593278 103.68713556998937 131.257167768321
1.3464662575850443 103.68714232885948 131.257167768321
1.3464602969107093 103.68714908772955 131.2571677683237
1.346454336236323 103.68715584659962 131.257167768321
1.346448375561885 103.68716260546965 131.257167768321
1.3464424148873957 103.68716936433964 131.257167768322
1.3464364542128544 103.68717612320962 131.257167768322
1.3464304935382614 103.68718288207954 131.257167768321
1.3464245328636175 103.68718964094947 131.257167768321
1.3464185721889217 103.68719639981937 131.257167768322
1.3464126115141744 103.6872031586892 131.25716776832274
1.3464066508393755 103.68720991755904 131.257167768321
1.3464006901645247 103.68721667642883 131.257167768322
1.3463947294896228 103.6872234352986 131.257167768321
1.3463887688146683 103.68723019416835 131.257167768321
1.3463828081396634 103.68723695303807 131.2571677683237
1.3463768474646063 103.68724371190774 131.257167768322
1.3463708867894977 103.68725047077741 131.257167768321
1.3463649261143376 103.68725722964703 131.257167768322
1.3463589654391264 103.68726398851663 131.257167768322
1.3463530047638632 103.6872707473862 131.257167768321
1.346347044088548 103.68727750625574 131.257167768321
1.346341083413182 103.68728426512526 131.257167768321
1.3463351227377638 103.68729102399475 131.25716776832274
1.3463291620622944 103.6872977828642 131.257167768321
1.346323201386773 103.68730454173362 131.257167768321
