699878672
1.355118237113529 103.68781425146527 230.42139602697662
1.3551124704663629 103.68780732786018 230.42139602697836
1.3551067038192086 103.68780040425514 230.42139602697662
1.355100937172067 103.68779348065016 230.42139602697836
1.3550951705249366 103.68778655704521 230.42139602697836
1.3550894038778183 103.6877796334403 230.42139602697836
1.3550836372307118 103.68777270983541 230.42139602697836
1.355077870583618 103.68776578623059 230.42139602697836
1.355072103936535 103.68775886262578 230.42139602697836
1.355066337289465 103.68775193902103 230.42139602697662
1.3550605706424061 103.68774501541631 230.42139602697836
1.3550548039953594 103.68773809181162 230.42139602697662
1.3550490373483246 103.68773116820698 230.42139602697836
1.3550432707013023 103.68772424460238 230.42139602697662
1.3550375040542908 103.6877173209978 230.42139602697836
1.355031737407292 103.68771039739327 230.4213960269787
1.355025970760305 103.68770347378879 230.42139602698035
1.3550202041133301 103.68769655018436 230.4213960269787
1.3550144374663669 103.68768962657992 230.42139602698035
1.3550086708194158 103.68768270297556 230.42139602698035
1.3550029041724765 103.68767577937123 230.42139602697836
1.3549971375255492 103.68766885576693 230.42139602697836
1.3549913708786336 103.68766193216267 230.42139602697836
1.3549856042317303 103.68765500855847 230.42139602697836
1.3549798375848388 103.68764808495428 230.42139602697662
1.3549739583760014 103.6876412561625 230.23444853222634
1.3549680279815333 103.68763447048507 229.96247216438212
1.3549620975870789 103.68762768480765 229.6904858360794
1.3549561671926362 103.68762089913031 229.4185018050714
1.3549502367982071 103.68761411345297 229.1465323284909
1.3549443064037912 103.68760732777567 229.06152267730974
1.354938376009388 103.68760054209842 229.06152267730974
1.3549324456149974 103.68759375642121 229.06152267731173
1.3549265152206198 103.68758697074402 229.06152267730974
1.3549205848262555 103.68758018506688 229.06152267730974
1.3549146544319042 103.68757339938978 229.06152267731173
1.3549087240375657 103.68756661371272 229.06152267730974
1.35490279364324 103.6875598280357 229.06152267730974
1.3548968632489276 103.6875530423587 229.06152267731173
1.3548909328546281 103.68754625668174 229.06152267730974
1.3548850024603416 103.68753947100484 229.06152267730974
1.354879072066068 103.68753268532795 229.0615226773134
1.3548731416718072 103.68752589965112 229.06152267731147
1.3548672112775597 103.68751911397433 229.06152267731147
1.3548612808833245 103.68751232829756 229.0615226773134
1.3548553504891028 103.68750554262084 229.06152267731147
1.354849420094894 103.68749875694415 229.06152267730974
1.3548434897006982 103.68749197126749 229.06152267731173
1.3548375593065154 103.68748518559087 229.06152267730974
1.3548316262386035 103.68747840222241 229.05703536302934
1.3548256921679398 103.68747161971962 229.05086511891233
1.354819758097289 103.68746483721691 229.04469487468077
1.3548138240266516 103.6874580547142 229.03852463048372
1.354807889956027 103.68745127221152 229.03235438646058
1.354801955885415 103.68744448970888 229.0306714568491
1.3547960218148167 103.68743770720631 229.0306714568491
1.3547900877442307 103.68743092470373 229.0306714568491
1.3547841536736576 103.68742414220121 229.03067145684736
1.354778219603098 103.68741735969874 229.0306714568491
1.354772285532551 103.68741057719629 229.0306714568491
1.354766351462018 103.68740379469389 229.03067145684736
1.354760417391497 103.68739701219152 229.0306714568491
1.3547544833209892 103.6873902296892 229.0306714568491
1.3547485492504945 103.68738344718689 229.0306714568491
1.3547426151800124 103.68737666468465 229.03067145684736
1.3547366811095436 103.68736988218244 229.0306714568471
1.3547307470390884 103.68736309968025 229.0306714568491
1.3547248129686449 103.68735631717811 229.0306714568491
1.3547188788982152 103.687349534676 229.03067145684736
1.3547129448277984 103.68734275217393 229.0306714568491
1.3547070107573949 103.6873359696719 229.0306714568491
1.3547010766870036 103.68732918716992 229.0306714568491
1.3546950632584562 103.6873224837852 228.88858398678457
1.354688216886086 103.68731661081537 227.25208045974352
1.354681370513734 103.68731073784558 225.611784651347
1.3546745241413993 103.68730486487583 223.9703770665526
1.354667677769083 103.6872989919061 222.3305491208483
1.3546608313967838 103.68729311893638 220.83701374644644
1.3546539850245025 103.68728724596671 220.8370137464484
1.3546471386522378 103.68728137299706 220.83701374644644
1.3546402922799918 103.68727550002745 220.83701374644644
1.3546334459077631 103.68726962705784 220.83701374644644
1.3546265995355524 103.68726375408829 220.8370137464484
1.354619753163359 103.68725788111875 220.83701374644644
1.3546129067911832 103.68725200814924 220.83701374644644
1.3546060604190255 103.68724613517978 220.83701374644644
1.354599214046885 103.68724026221031 220.83701374644644
1.3545923676747624 103.68723438924088 220.83701374644644
1.3545855213026574 103.68722851627149 220.83701374644644
1.3545786749305702 103.68722264330214 220.83701374644644
1.3545718285585004 103.6872167703328 220.83701374644644
1.3545649821864483 103.68721089736349 220.8370137464484
1.3545579972183912 103.68720519713686 220.55549228588268
1.354550709165863 103.68719987466724 219.65776733799302
1.3545434211133542 103.68719455219764 218.75951890389916
1.3545361330608647 103.68718922972806 217.86118823897158
1.3545288450083939 103.68718390725853 216.96321684092888
1.3545215569559421 103.687178584789 216.34745820888568
1.3545142689035095 103.68717326231949 216.34745820888625
1.3545069808510959 103.68716793985 216.34745820888568
1.3544996927987014 103.68716261738055 216.34745820888412
1.3544924047463256 103.68715729491112 216.34745820888625
1.3544851166939689 103.68715197244168 216.34745820888625
1.354477828641632 103.6871466499723 216.34745820888412
1.3544705405893127 103.68714132750294 216.34745820888412
1.3544632525370135 103.68713600503358 216.34745820888625
1.3544559644847332 103.68713068256424 216.34745820888568
1.3544486764324717 103.68712536009494 216.34745820888412
1.3544413883802295 103.68712003762565 216.3474582088878
1.354434100328006 103.68711471515638 216.34745820888625
1.3544268129276897 103.68710939180613 216.34885249746722
1.3544195260667775 103.68710406772695 216.35140044866571
1.3544122392058848 103.68709874364777 216.35394839987163
1.3544049523450108 103.68709341956861 216.356496351075
1.354397665484156 103.68708809548947 216.35904430227203
1.3543903786233205 103.68708277141037 216.3601979648723
1.3543830917625033 103.68707744733128 216.3601979648686
1.3543758049017058 103.68707212325222 216.3601979648723
1.3543685180409268 103.68706679917318 216.36019796487076
1.354361231180167 103.68706147509415 216.36019796487017
1.3543539443194266 103.68705615101514 216.36019796487076
1.3543466574587049 103.68705082693617 216.3601979648723
1.3543393705980022 103.68704550285723 216.3601979648686
1.3543320837373187 103.68704017877829 216.36019796487076
1.3543247968766539 103.68703485469938 216.36019796487076
1.3543175100160088 103.68702953062049 216.3601979648686
1.3543102231553819 103.68702420654164 216.36019796487076
1.3543028200874188 103.68701904776556 216.10314593850774
1.3542952809874567 103.6870140824925 215.5450456706698
1.354287741887514 103.68700911721945 214.9868352909288
1.3542802027875909 103.68700415194641 214.42862074684666
1.3542726636876874 103.6869991866734 213.87050799072557
1.3542651245878032 103.6869942214004 213.56959871822758
1.3542575854879386 103.68698925612742 213.56959871822758
1.354250046388093 103.68698429085445 213.56959871822758
1.3542425072882673 103.68697932558152 213.56959871822758
1.3542349681884605 103.68697436030858 213.56959871822758
1.3542274290886733 103.68696939503567 213.56959871822542
1.354219889988906 103.68696442976278 213.56959871822542
1.354212350889158 103.68695946448992 213.56959871822542
1.3542048117894285 103.68695449921707 213.5695987182268
1.3541972726897193 103.68694953394422 213.56959871822542
1.35418973359003 103.68694456867141 213.56959871822758
1.3541821944903594 103.68693960339863 213.56959871822758
1.3541746553907086 103.68693463812583 213.56959871822758
1.3541671162910767 103.68692967285305 213.56959871822758
1.3541595771914647 103.68692470758033 213.56959871822758
1.3541520380918723 103.6869197423076 213.56959871822542
1.3541444989922986 103.68691477703489 213.56959871822542
1.354136959892745 103.6869098117622 213.56959871822542
1.3541294207932106 103.68690484648951 213.56959871822542
1.3541218816936955 103.68689988121687 213.56959871822542
1.3541143425942 103.68689491594424 213.56959871822758
1.354106803494724 103.68688995067163 213.56959871822758
1.3540992643952676 103.686884985399 213.56959871822758
1.3540917252958302 103.68688002012645 213.56959871822758
1.3540841861964126 103.68687505485387 213.56959871822758
1.3540766470970143 103.68687008958133 213.56959871822542
1.3540691079976352 103.68686512430881 213.56959871822542
1.354061568898276 103.68686015903629 213.56959871822542
1.354054029798936 103.68685519376379 213.56959871822542
1.3540464906996155 103.68685022849132 213.5695987182268
1.3540389516003144 103.68684526321887 213.56959871822758
1.3540314125010329 103.68684029794642 213.56959871822758
1.3540238734017704 103.68683533267401 213.56959871822758
1.3540163343025278 103.68683036740161 213.56959871822758
1.3540087952033044 103.68682540212923 213.56959871822758
1.3540012561041006 103.68682043685685 213.56959871822542
1.3539937170049159 103.68681547158451 213.56959871822542
1.3539861779057507 103.68681050631218 213.56959871822542
1.3539786388066055 103.68680554103987 213.56959871822542
1.3539711013775617 103.68680057326516 213.57342728062216
1.3539635640724785 103.68679560530478 213.57753997106855
1.3539560267674158 103.68679063734442 213.58165266153907
1.353948489462372 103.68678566938405 213.58576535198986
1.3539409521573476 103.68678070142373 213.58987804238006
1.3539334148523423 103.68677573346342 213.59016217036447
1.3539258775473568 103.68677076550314 213.5901621703659
1.3539183402423907 103.68676579754285 213.59016217036447
1.353910802937444 103.6867608295826 213.59016217036447
1.3539032656325165 103.68675586162234 213.59016217036447
1.3538957283276087 103.68675089366212 213.5901621703637
1.3538881910227203 103.68674592570193 213.59016217036447
1.3538806537178516 103.68674095774173 213.59016217036447
1.353873116413002 103.68673598978157 213.59016217036447
1.3538655791081715 103.68673102182143 213.5901621703659
1.3538580418033612 103.68672605386128 213.59016217036447
1.35385050449857 103.68672108590117 213.59016217036447
1.3538429671937982 103.68671611794109 213.59016217036447
1.353835429889046 103.686711149981 213.5901621703659
1.3538278925843132 103.68670618202094 213.59016217036447
1.3538203552796 103.68670121406089 213.59016217036447
1.3538128179749058 103.68669624610087 213.59016217036447
1.3538052806702312 103.68669127814086 213.5901621703659
1.3537977433655763 103.68668631018087 213.59016217036447
1.3537902060609408 103.68668134222091 213.59016217036447
1.3537826687563244 103.68667637426097 213.59016217036447
1.3537751314517277 103.68667140630102 213.59016217036225
1.3537675941471503 103.6866664383411 213.59016217036447
1.3537600568425927 103.68666147038121 213.59016217036447
1.3537525195380542 103.68665650242133 213.59016217036447
1.3537449822335352 103.68665153446146 213.59016217036447
1.3537374449290356 103.68664656650162 213.5901621703659
1.353729907624556 103.68664159854178 213.59016217036447
1.353722370320095 103.68663663058199 213.59016217036447
1.3537148330156537 103.68663166262219 213.59016217036447
1.3537070571117529 103.68662707346108 213.0204356595143
1.353699265416682 103.68662250936995 212.41279893861304
1.3536914737216306 103.68661794527883 211.80508537396605
1.3536836820265987 103.68661338118773 211.1974316817529
1.3536758903315862 103.68660881709664 210.58997449735347
1.3536680986365934 103.68660425300557 210.55227642815402
1.3536603069416198 103.6865996889145 210.55227642815274
1.3536525152466663 103.68659512482346 210.55227642815274
1.3536447235517315 103.68659056073241 210.55227642815274
1.3536369318568167 103.68658599664138 210.55227642815274
1.353629140161921 103.68658143255038 210.55227642815274
1.3536213484670456 103.6865768684594 210.55227642815402
1.3536135567721888 103.68657230436841 210.55227642815402
1.3536057650773519 103.68656774027744 210.55227642815402
1.353597973382535 103.68656317618647 210.55227642815402
1.3535901816877367 103.68655861209552 210.55227642815402
1.3535823899929582 103.68655404800461 210.55227642815402
1.3535745982982 103.68654948391368 210.55227642815402
1.3535668066034596 103.6865449198228 210.55227642815402
1.35355901490874 103.68654035573189 210.55227642815274
1.3535512232140394 103.68653579164102 210.55227642815274
1.3535434315193586 103.68653122755016 210.55227642815274
1.3535356398246974 103.68652666345932 210.55227642815493
1.3535278481300552 103.68652209936846 210.55227642815274
1.3535200564354328 103.68651753527764 210.55227642815402
1.353512242384874 103.68651301037072 210.49485128873263
1.3535042991691888 103.68650871185503 210.1056004925446
1.3534963559535234 103.68650441333932 209.7163010875947
1.353488412737877 103.68650011482362 209.32698901298167
1.35348046952225 103.68649581630795 208.93770021481768
1.3534725263066423 103.68649151779229 208.60589381044926
1.3534645830910546 103.68648721927663 208.60589381045156
1.3534566398754857 103.68648292076098 208.60589381045156
1.3534486966599355 103.68647862224535 208.60589381045156
1.3534407534444053 103.68647432372973 208.60589381044926
1.3534328102288942 103.68647002521409 208.6058938104503
1.353424867013403 103.6864657266985 208.6058938104503
1.3534169237979305 103.68646142818291 208.60589381045156
1.353408980582477 103.68645712966732 208.60589381044926
1.3534010373670438 103.68645283115174 208.60589381045156
1.3533930941516292 103.68644853263619 208.60589381045156
1.3533851509362342 103.68644423412063 208.60589381044926
1.3533772077208583 103.6864399356051 208.60589381044804
1.3533692645055018 103.68643563708956 208.6058938104503
1.3533613212901647 103.68643133857404 208.6058938104503
1.3533533780748466 103.68642704005852 208.60589381044926
1.3533454348595482 103.68642274154301 208.60589381044926
1.353337491644269 103.68641844302753 208.60589381045156
1.3533295484290093 103.68641414451204 208.60589381045156
1.353321605213769 103.68640984599658 208.60589381045156
1.3533136619985477 103.68640554748112 208.6058938104503
1.3533057187833457 103.68640124896567 208.6058938104503
1.353297775568163 103.68639695045024 208.6058938104503
1.353289832353 103.68639265193481 208.60589381044926
1.3532818891378562 103.68638835341937 208.60589381044926
1.3532739459227316 103.68638405490397 208.60589381045156
1.3532660027076264 103.68637975638858 208.60589381045156
1.3532580594925399 103.68637545787318 208.60589381044926
1.3532501162774733 103.6863711593578 208.6058938104503
1.353242173062426 103.68636686084243 208.6058938104503
1.3532342298473983 103.68636256232709 208.6058938104503
1.3532262866323894 103.68635826381174 208.60589381044926
1.3532183434174 103.6863539652964 208.60589381045156
1.3532104002024303 103.68634966678108 208.60589381045156
1.3532024569874788 103.68634536826576 208.60589381045156
1.3531945137725478 103.68634106975045 208.60589381044926
1.3531865705576358 103.68633677123518 208.6058938104503
1.3531786273427435 103.68633247271988 208.60589381045156
1.35317068412787 103.6863281742046 208.60589381045156
1.3531627409130156 103.68632387568934 208.60589381044926
1.353154797698181 103.68631957717409 208.60589381045156
1.3531468544833656 103.68631527865884 208.60589381045156
1.3531389112685692 103.6863109801436 208.6058938104503
1.3531309680537924 103.6863066816284 208.60589381044804
1.353123024839035 103.68630238311319 208.6058938104503
1.3531150816242967 103.68629808459796 208.6058938104503
1.3531071384095779 103.68629378608277 208.60589381045156
1.3530991951948783 103.6862894875676 208.60589381044926
1.3530912519801983 103.68628518905243 208.60589381045156
1.3530833087655376 103.68628089053726 208.60589381045156
1.3530753655508956 103.68627659202212 208.60589381044926
1.353067422336274 103.68627229350697 208.60589381044804
1.3530594791216708 103.68626799499185 208.6058938104503
1.3530515359070874 103.68626369647673 208.60589381045156
1.3530435926925235 103.68625939796162 208.60589381045156
1.3530356494779783 103.68625509944651 208.60589381045156
1.3530277062634524 103.68625080093143 208.60589381045156
1.3530197630489462 103.68624650241637 208.60589381045156
1.3530118198344594 103.6862422039013 208.60589381044804
1.3530038766199919 103.68623790538624 208.60589381044804
1.352995933405543 103.68623360687118 208.60589381045156
1.3529879901911146 103.68622930835615 208.60589381045156
1.3529800469767048 103.68622500984114 208.60589381044926
1.3529721037623144 103.6862207113261 208.60589381045156
1.3529641605479439 103.6862164128111 208.60589381045156
1.3529562173335918 103.68621211429611 208.6058938104503
1.3529482741192598 103.68620781578112 208.60589381044804
1.3529403309049468 103.68620351726616 208.6058938104503
1.3529323876906532 103.68619921875118 208.60589381045156
1.352924444476379 103.68619492023625 208.60589381045156
1.3529165012621234 103.68619062172128 208.60589381044926
1.352908558047888 103.68618632320636 208.60589381045156
1.3529006148336715 103.68618202469142 208.60589381045156
1.3528926716194742 103.68617772617651 208.6058938104503
1.352884728405297 103.68617342766161 208.60589381044804
1.3528767821387007 103.6861691348882 208.5976149435448
1.3528687312462868 103.68616503891053 208.30555160965633
1.3528606803538918 103.68616094293284 208.01346593514302
1.3528526294615164 103.68615684695519 207.72137309992314
1.35284457856916 103.68615275097754 207.42928828614993
1.3528365276768224 103.68614865499988 207.1455055098807
1.3528284767845045 103.68614455902222 207.1455055098807
1.3528204258922054 103.68614046304461 207.1455055098807
1.3528123749999243 103.686136367067 207.1455055098807
1.3528043241076637 103.68613227108938 207.1455055098807
1.352796273215422 103.68612817511176 207.1455055098807
1.3527882223231986 103.68612407913416 207.1455055098807
1.352780171430995 103.68611998315656 207.1455055098807
1.3527721205388101 103.68611588717899 207.1455055098807
1.3527640696466448 103.6861117912014 207.1455055098795
1.352756018754498 103.68610769522384 207.1455055098807
1.3527479678623702 103.68610359924628 207.1455055098807
1.3527399169702619 103.68609950326874 207.14550550987838
1.3527318660781726 103.68609540729119 207.14550550987838
1.352723815186102 103.68609131131365 207.1455055098807
1.3527157642940513 103.68608721533612 207.14550550987838
1.3527077134020187 103.68608311935861 207.14550550987838
1.352699662510006 103.68607902338108 207.1455055098807
1.3526916116180119 103.6860749274036 207.1455055098807
1.3526835607260368 103.6860708314261 207.14550550987838
1.3526755098340815 103.68606673544859 207.1455055098807
1.3526674589421448 103.68606263947112 207.1455055098807
1.352659408050227 103.68605854349366 207.1455055098807
1.3526513571583285 103.6860544475162 207.1455055098807
1.3526433062664491 103.68605035153873 207.1455055098807
1.352635255374589 103.6860462555613 207.1455055098807
1.3526272044827476 103.68604215958383 207.1455055098807
1.352619153590925 103.6860380636064 207.1455055098807
1.3526111026991223 103.68603396762899 207.1455055098807
1.3526030518073382 103.68602987165157 207.1455055098807
1.3525950042591928 103.68602576919696 207.15478750871702
1.352586958978234 103.68602166235044 207.1703632422602
1.3525789136972948 103.68601755550394 207.18593897788466
1.3525708684163742 103.68601344865745 207.20151471328597
1.352562823135473 103.68600934181094 207.21709044616662
1.352554777854591 103.68600523496448 207.22338417742975
1.352546732573728 103.686001128118 207.22338417742742
1.352538687292884 103.68599702127155 207.22338417742742
1.352530642012059 103.6859929144251 207.22338417742856
1.3525225967312529 103.68598880757864 207.22338417742742
1.3525145514504662 103.68598470073219 207.22338417742742
1.3525065061696986 103.68598059388576 207.22338417742975
1.3524984608889499 103.68597648703933 207.22338417742742
1.3524904156082205 103.68597238019292 207.22338417742742
1.3524822166806953 103.68596859722001 206.76699009282046
1.3524739082749462 103.68596504501728 205.98499065985584
1.3524655998692157 103.68596149281454 205.2027241583587
1.3524572914635027 103.6859579406118 204.420482133416
1.3524489830578077 103.68595438840907 203.6385560754001
1.3524406746521305 103.68595083620635 203.3133828058634
1.3524323662464715 103.6859472840036 203.313382805861
1.3524240578408306 103.68594373180088 203.313382805861
1.3524157494352074 103.68594017959815 203.3133828058634
1.3524074410296025 103.68593662739542 203.313382805861
1.3523991329548442 103.6859330744298 203.3144420285952
1.3523908279293644 103.68592951443247 203.32526414744527
1.3523825229039028 103.68592595443513 203.3360862673722
1.3523742178784592 103.68592239443781 203.3469083876131
1.3523659128530336 103.68591883444049 203.3577305073947
1.3523576078276258 103.68591527444315 203.3674934032243
1.3523493028022366 103.68591171444582 203.3674934032243
1.3523409977768648 103.6859081544485 203.36749340322774
1.3523326652219698 103.68590466883215 203.2665839382388
1.3523240175543327 103.68590203460636 202.00924581611326
1.3523153698867094 103.68589940038053 200.75018328842364
1.3523067222191019 103.68589676615471 199.49061011429052
1.3522980745515085 103.68589413192888 198.2317430080621
1.3522894268839305 103.68589149770304 197.07568453187142
1.3522807792163674 103.68588886347717 197.07568453187065
1.3522721315488186 103.68588622925132 197.07568453186818
1.3522634838812853 103.68588359502544 197.07568453186892
1.3522548362137667 103.68588096079958 197.07568453187142
1.352246188546263 103.68587832657371 197.07568453187065
1.3522375408787743 103.68587569234782 197.07568453186892
1.3522288932113 103.68587305812191 197.07568453187142
1.3522202455438408 103.685870423896 197.07568453187065
1.3522115978763964 103.6858677896701 197.07568453186892
1.3522029502089672 103.68586515544416 197.07568453186892
1.3521943025415526 103.68586252121824 197.07568453187065
1.3521856548741529 103.68585988699229 197.07568453187142
1.352177007206768 103.68585725276635 197.07568453186892
1.3521683595393985 103.68585461854039 197.07568453187065
1.352159711872043 103.68585198431443 197.07568453187142
1.3521510642047032 103.68584935008845 197.07568453187142
1.3521424165373779 103.68584671586247 197.07568453186818
1.3521337688700672 103.68584408163647 197.07568453187142
1.3521251212027718 103.6858414474105 197.07568453187142
1.3521164735354907 103.68583881318449 197.07568453186818
1.3521078258682253 103.68583617895847 197.07568453186892
1.3520991782009744 103.68583354473243 197.07568453187142
1.3520905305337383 103.6858309105064 197.07568453187065
1.352081882866517 103.68582827628038 197.07568453186892
1.3520731346140313 103.68582603102134 196.5639518300512
1.3520642799911318 103.68582419710067 195.51007796188094
1.3520554253682429 103.68582236318 194.4554800290918
1.3520465707453646 103.68582052925932 193.40087210875697
1.3520377161224986 103.6858186953386 192.34696831852028
1.3520288614996425 103.68581686141789 191.80579230058848
1.352020006876798 103.68581502749716 191.80579230058848
1.3520111522539644 103.6858131935764 191.80579230058848
1.3520022976311417 103.6858113596556 191.80579230058848
1.3519934430083305 103.68580952573484 191.80579230058848
1.3519844994287569 103.68580834741691 190.96360683053572
1.3519754721409007 103.68580778602103 189.32522540012505
1.351966444853048 103.68580722462514 187.68419683755
1.3519574175651985 103.6858066632292 186.04320919318084
1.351948390277352 103.68580610183325 184.4049501156815
1.3519393629895085 103.68580554043726 183.61249660874995
1.3519303357016692 103.68580497904125 183.61249660874975
1.3519213084138328 103.6858044176452 183.61249660874995
1.3519122811259998 103.68580385624912 183.61249660874995
1.35190325383817 103.68580329485305 183.6124966087525
1.351894226550343 103.68580273345691 183.61249660874995
1.3518851992625205 103.68580217206076 183.61249660874995
1.3518761719747001 103.68580161066457 183.61249660874995
1.351867144686883 103.68580104926836 183.61249660874995
1.35185811739907 103.68580048787211 183.61249660874995
1.35184909011126 103.68579992647585 183.61249660874995
1.3518400628234535 103.68579936507956 183.61249660874995
1.3518310355356495 103.68579880368323 183.6124966087525
1.3518220082478494 103.68579824228688 183.61249660874995
1.3518129809600528 103.68579768089049 183.61249660874995
1.3518039536722593 103.6857971194941 183.61249660874995
1.3517949263844689 103.68579655809766 183.61249660874995
1.3517858869483248 103.68579628674813 183.24237658700187
1.351776843928352 103.68579610096396 182.76297094526902
1.351767800908379 103.68579591517977 182.28351643940667
1.3517587578884072 103.68579572939552 181.80408020986047
1.351749714868436 103.68579554361126 181.32472938171924
1.3517406718484655 103.68579535782698 181.21555102134616
1.3517316288284957 103.68579517204265 181.21555102134613
1.3517225858085267 103.68579498625829 181.21555102134616
1.351713542788558 103.6857948004739 181.21555102134613
1.3517044997685903 103.68579461468948 181.21555102134616
1.3516954567486232 103.68579442890504 181.21555102134613
1.351686413728657 103.68579424312057 181.21555102134616
1.3516773707086915 103.68579405733605 181.2155510213436
1.3516683276887267 103.68579387155151 181.21555102134616
1.3516592846687616 103.68579368576694 181.21555102134616
1.3516502416487979 103.68579349998231 181.21555102134616
1.3516411986288352 103.6857933141977 181.21555102134616
1.3516321556088733 103.68579312841301 181.21555102134613
1.3516231125889115 103.68579294262832 181.21555102134616
1.3516140695689507 103.68579275684358 181.21555102134613
1.3516050265489905 103.68579257105884 181.21555102134616
1.3515959835290305 103.68579238527404 181.21555102134613
1.3515869405090717 103.68579219948921 181.21555102134616
1.351577897489114 103.68579201370436 181.21555102134613
1.3515688544691562 103.68579182791947 181.21555102134616
1.3515598114491996 103.68579164213456 181.21555102134613
1.351550768429243 103.6857914563496 181.21555102134616
1.3515417254092874 103.68579127056462 181.21555102134616
1.351532682389333 103.68579108477964 181.21555102134616
1.3515236393693788 103.6857908989946 181.21555102134352
1.3515145963494253 103.68579071320951 181.21555102134616
1.3515055533294724 103.6857905274244 181.21555102134616
1.3514965103095204 103.68579034163929 181.21555102134613
1.3514874658777307 103.68579026527922 181.07601453873423
1.3514784210362394 103.68579022067327 180.89598073182256
1.3514693761947476 103.68579017606726 180.71594434770387
1.3514603313532556 103.68579013146123 180.53590894154408
1.3514512865117634 103.68579008685516 180.35587806839607
1.3514422416702705 103.68579004224905 180.31538642657156
1.3514331968287778 103.68578999764293 180.31538642657162
1.3514241519872843 103.68578995303675 180.31538642657156
1.3514151071457905 103.68578990843055 180.31538642657156
1.3514060623042965 103.68578986382433 180.31538642656898
1.351397017462802 103.68578981921807 180.31538642656898
1.3513879726213074 103.68578977461178 180.31538642657156
1.3513789277798118 103.68578973000544 180.31538642657162
1.3513698829383167 103.6857896853991 180.31538642657156
1.351360838096821 103.68578964079269 180.31538642657156
1.3513517932553247 103.68578959618628 180.31538642657162
1.3513427484138287 103.68578955157983 180.31538642656898
1.351333703572332 103.68578950697334 180.31538642656898
1.3513246587308345 103.68578946236681 180.31538642656898
1.3513156138893372 103.68578941776026 180.31538642657156
1.3513065690478394 103.68578937315367 180.31538642657156
1.3512975242063419 103.68578932854706 180.31538642657162
1.3512884793648432 103.68578928394041 180.31538642657156
1.3512794345233445 103.68578923933373 180.31538642657156
1.3512703896818454 103.68578919472702 180.31538642656898
1.3512613448403457 103.68578915012027 180.31538642656898
1.3512522999988466 103.6857891055135 180.31538642657156
1.3512432586502423 103.68578926674817 180.05292069814277
1.3512342204628798 103.68578961427956 179.55280489214798
1.3512251822755144 103.68578996181093 179.05261475605732
1.3512161440881458 103.68579030934227 178.5524265199439
1.351207105900774 103.68579065687355 178.05231641213365
1.351198067713399 103.6857910044048 177.8147738462446
1.3511890295260207 103.68579135193603 177.81477384624728
1.3511799913386389 103.68579169946723 177.81477384624716
1.3511709531512541 103.68579204699839 177.8147738462446
1.3511619149638663 103.6857923945295 177.81477384624728
1.3511528767764749 103.68579274206058 177.81477384624716
1.35114383858908 103.68579308959163 177.8147738462446
1.3511348004016825 103.68579343712264 177.81477384624716
1.351125762214281 103.68579378465361 177.81477384624716
1.3511167240268769 103.68579413218457 177.8147738462446
1.351107683723554 103.68579437748181 177.9451423332155
1.351098638797576 103.68579439942853 178.36038373918302
1.351089593871598 103.68579442137522 178.7756768920537
1.351080548945618 103.68579444332188 179.190978161521
1.3510715040196375 103.68579446526851 179.6062439121544
1.3510624590936564 103.68579448721509 179.8910727937562
1.3510534141676742 103.68579450916165 179.8910727937562
1.3510443692416916 103.68579453110817 179.8910727937562
1.3510353243157083 103.68579455305468 179.8910727937562
1.3510262793897239 103.68579457500113 179.8910727937562
1.3510172344637386 103.68579459694753 179.89107279375358
1.3510081895377524 103.68579461889395 179.8910727937562
1.350999144611766 103.68579464084031 179.8910727937562
1.3509900996857778 103.68579466278663 179.8910727937562
1.3509810547597891 103.68579468473294 179.8910727937562
1.3509720098338 103.68579470667919 179.8910727937562
1.3509629675473862 103.68579455781759 180.10887314746427
1.3509539275633202 103.68579425997035 180.5167052745657
1.3509448875792551 103.68579396212309 180.92457732592246
1.350935847595192 103.68579366427579 181.33244796683994
1.35092680761113 103.68579336642848 181.74027586348075
1.3509177676270694 103.68579306858113 181.93024881963234
1.3509087276430107 103.68579277073376 181.93024881963234
1.3508996876589534 103.68579247288633 181.93024881963234
1.3508906476748972 103.6857921750389 181.93024881963234
1.3508816076908428 103.68579187719142 181.93024881963234
1.350872567706789 103.68579157934394 181.93024881963234
1.3508635277227379 103.6857912814964 181.93024881963234
1.3508544877386877 103.68579098364884 181.93024881963234
1.3508454477546388 103.68579068580124 181.93024881963234
1.350836407770592 103.68579038795365 181.93024881962967
1.3508273677865463 103.68579009010597 181.93024881962972
1.3508183278025019 103.6857897922583 181.93024881962972
1.3508092878184594 103.68578949441059 181.93024881962967
1.3508002478344185 103.68578919656285 181.93024881962967
1.3507912286354815 103.68578858565469 182.33016754296315
1.3507822276102548 103.68578770101834 183.0801168287773
1.3507732265850347 103.685786816382 183.83031463438778
1.3507642255598187 103.68578593174561 184.58050381931244
1.3507552245346086 103.6857850471092 185.3304272607856
1.3507462235094039 103.68578416247279 185.6800923261594
1.3507372224842051 103.68578327783632 185.6800923261594
1.350728221459011 103.68578239319984 185.68009232616228
1.3507192204338232 103.68578150856334 185.68009232615967
1.3507102194086402 103.6857806239268 185.6800923261594
1.350701218383463 103.68577973929025 185.68009232615967
1.3506922173582907 103.68577885465366 185.68009232616228
1.3506832163331246 103.68577797001704 185.6800923261594
1.3506742153079634 103.68577708538042 185.6800923261594
1.3506652142828075 103.68577620074376 185.68009232616228
1.3506562438059493 103.68577506942945 185.99694934286583
1.3506472954291056 103.68577375965741 186.5431745785575
1.3506383470522694 103.68577244988538 187.089491166678
1.3506293986754416 103.6857711401133 187.63579978471478
1.3506204502986219 103.68576983034121 188.1820011188478
1.3506115019218103 103.6857685205691 188.4112224748944
1.3506025535450064 103.68576721079695 188.41122247489696
1.3505936051682108 103.68576590102481 188.41122247489696
1.3505846567914237 103.68576459125264 188.4112224748944
1.3505757084146444 103.68576328148043 188.41122247489696
1.3505667600378732 103.68576197170823 188.41122247489696
1.3505582759944317 103.68575890536269 190.72189194191154
1.350549834742287 103.68575567713769 193.26030046017533
1.3505413934901591 103.68575244891268 195.80455628619504
1.3505329522380487 103.6857492206877 198.34465066088637
1.3505245109859547 103.68574599246269 200.87067246017097
1.3505160697338778 103.68574276423767 201.08286686752987
1.3505076284818185 103.68573953601266 201.08286686752987
