-681440968
1.3453251202803116 103.68809922819628 327.4384747505097
1.345332740727715 103.68809438741677 327.438474750509
1.3453403611750798 103.68808954663723 327.438474750509
1.3453479816224034 103.68808470585765 327.4384747505112
1.345355602069688 103.68807986507802 327.4384747505097
1.3453632225169325 103.68807502429834 327.438474750509
1.345370726459343 103.68807001345407 327.17623036915853
1.3453780539159717 103.68806474498965 326.5164960936481
1.345385381372558 103.6880594765252 325.85656885436174
1.345392708829101 103.6880542080607 325.19662369165485
1.3454000362856016 103.68804893959617 324.53683567440197
1.345407363742058 103.68804367113158 324.13955489277197
1.3454146911984728 103.68803840266696 324.13955489277197
1.345422018654844 103.68803313420229 324.13955489277197
1.3454293461111724 103.6880278657376 324.13955489277197
1.3454366735674583 103.68802259727283 324.13955489277276
1.3454440010237003 103.68801732880807 324.13955489277197
1.3454513284799003 103.68801206034323 324.13955489277276
1.345458655936057 103.68800679187835 324.13955489277197
1.3454659833921707 103.68800152341346 324.13955489277276
1.3454733108482415 103.68799625494852 324.13955489277197
1.3454806383042697 103.68799098648351 324.13955489277276
1.3454879657602543 103.68798571801847 324.13955489277197
1.345495293216196 103.6879804495534 324.13955489277276
1.3455026206720955 103.68797518108828 324.13955489277197
1.3455099481279513 103.68796991262312 324.13955489277276
1.3455172755837643 103.68796464415792 324.13955489277197
1.3455246030395354 103.68795937569269 324.13955489277197
1.345531930495262 103.6879541072274 324.13955489277197
1.3455392579509469 103.68794883876207 324.13955489277197
1.3455465854065882 103.6879435702967 324.13955489277197
1.3455539128621865 103.68793830183128 324.13955489277197
1.345561240317742 103.68793303336582 324.13955489277276
1.3455685677732543 103.68792776490034 324.13955489277197
1.3455758952287242 103.68792249643481 324.13955489277276
1.3455832226841509 103.68791722796922 324.13955489277197
1.3455905501395344 103.68791195950361 324.13955489277276
1.3455978775948758 103.68790669103795 324.13955489277197
1.3456052050501737 103.68790142257224 324.13955489277276
1.3456125325054284 103.6878961541065 324.13955489277197
1.3456198599606408 103.68789088564073 324.13955489277276
1.3456271874158097 103.68788561717489 324.13955489277197
1.3456345148709359 103.68788034870903 324.13955489277276
1.3456418423260188 103.6878750802431 324.13955489277197
1.3456491697810589 103.68786981177716 324.13955489277197
1.3456564972360567 103.68786454331116 324.13955489277197
1.3456638246910106 103.68785927484514 324.13955489277197
1.3456711521459224 103.68785400637907 324.13955489277197
1.3456782624194945 103.6878484626338 323.6937544903857
1.3456851612386578 103.68784265086826 322.813336370854
1.3456920600577749 103.68783683910267 321.9325048729923
1.345698958876845 103.68783102733708 321.0516761565393
1.3457058576958694 103.68782521557144 320.1712663733546
1.3457127565148466 103.68781940380575 319.7372244119738
1.3457196553337771 103.68781359204003 319.7372244119758
1.345726554152661 103.68780778027427 319.7372244119738
1.3457334529714986 103.68780196850847 319.7372244119738
1.3457403517902893 103.68779615674264 319.7372244119758
1.3457472506090338 103.68779034497676 319.7372244119758
1.3457541494277316 103.68778453321084 319.7372244119738
1.3457610482463829 103.6877787214449 319.7372244119738
1.3457679470649873 103.6877729096789 319.7372244119758
1.3457748458835452 103.68776709791288 319.7372244119738
1.3457817447020566 103.68776128614681 319.7372244119738
1.3457886435205215 103.68775547438072 319.7372244119758
1.34579554233894 103.68774966261456 319.7372244119758
1.3458024411573115 103.68774385084839 319.7372244119738
1.3458093399756366 103.68773803908218 319.737224411973
1.3458162388371036 103.68773222736654 319.7373090235504
1.3458231379908068 103.6877264159934 319.73796625593155
1.3458300371444636 103.6877206046202 319.73862348831574
1.345836936298073 103.68771479324698 319.7392807207001
1.3458438354516367 103.68770898187373 319.7399379530843
1.3458507346051538 103.68770317050044 319.74051057389084
1.3458576337586245 103.68769735912711 319.7405105738917
1.3458645329120482 103.68769154775374 319.74051057389084
1.3458714320654257 103.68768573638033 319.74051057389283
1.345878331218756 103.68767992500688 319.74051057389283
1.34588523037204 103.68767411363339 319.74051057389283
1.3458921295252777 103.68766830225985 319.74051057389283
1.3458990286784684 103.6876624908863 319.74051057389283
1.3459059278316128 103.68765667951268 319.74051057389084
1.3459128269847103 103.68765086813906 319.74051057389084
1.3459197261377622 103.68764505676539 319.74051057389084
1.3459266252907665 103.68763924539167 319.74051057389084
1.3459335244437243 103.68763343401791 319.74051057389084
1.3459404235966357 103.68762762264413 319.74051057389084
1.3459473227495005 103.68762181127029 319.74051057389084
1.3459542219023186 103.68761599989642 319.74051057389084
1.3459611210550908 103.68761018852253 319.74051057389084
1.3459680202078155 103.68760437714857 319.74051057389084
1.3459749193604937 103.6875985657746 319.74051057389084
1.3459818185131263 103.6875927544006 319.74051057389084
1.3459887176657115 103.68758694302653 319.74051057389084
1.3459956168182499 103.68758113165242 319.74051057389084
1.346002515970742 103.68757532027828 319.74051057389084
1.3460094151231878 103.68756950890413 319.74051057389084
1.346016314275587 103.68756369752992 319.74051057389084
1.3460232134279393 103.68755788615567 319.74051057389084
1.3460301125802452 103.68755207478141 319.74051057389084
1.3460370117325042 103.68754626340707 319.74051057389084
1.3460439108847169 103.68754045203272 319.74051057389084
1.3460508100368827 103.68753464065831 319.7405105738917
1.346057709189002 103.68752882928386 319.74051057389084
1.3460646083410752 103.6875230179094 319.74051057389283
1.3460715074931016 103.68751720653489 319.74051057389283
1.346078406645081 103.68751139516033 319.74051057389283
1.3460853057970144 103.68750558378575 319.74051057389283
1.3460922049489008 103.68749977241112 319.74051057389283
1.3460991041007409 103.68749396103647 319.74051057389084
1.346106003252534 103.68748814966176 319.74051057389084
1.3461129024042804 103.68748233828701 319.74051057389084
1.346119801555981 103.68747652691225 319.74051057389084
1.3461267007076347 103.68747071553742 319.74051057389084
1.3461335998592412 103.68746490416257 319.74051057389084
1.3461404990108017 103.68745909278768 319.74051057389084
1.3461473981623155 103.68745328141276 319.74051057389084
1.3461542973137832 103.68744747003777 319.74051057389084
1.3461611964652034 103.68744165866278 319.74051057389084
1.3461680956165776 103.68743584728773 319.74051057389084
1.3461749947679051 103.68743003591264 319.74051057389084
1.3461818939191863 103.68742422453752 319.74051057389084
