754478251
1.353561050723677 103.68907654144452 328.36849072451184
1.3535687493617263 103.68907182407987 328.36849072451184
1.3535764479997368 103.68906710671519 328.36849072451184
1.3535841466377074 103.68906238935044 328.36849072451184
1.3535918452756397 103.68905767198565 328.36849072451184
1.3535995439135333 103.68905295462083 328.36849072451184
1.3536072425513876 103.68904823725597 328.3684907245104
1.3536149411892036 103.68904351989106 328.36849072451184
1.3536226391944068 103.68903880150721 328.3669642460644
1.3536303367632978 103.6890340824206 328.36438498630855
1.3536380343321495 103.68902936333396 328.3618057265432
1.3536457319009625 103.68902464424727 328.35922646677875
1.3536534294697369 103.68901992516054 328.3566472070285
1.3536611270384722 103.68901520607375 328.35559442573566
1.353668824607169 103.68901048698693 328.35559442573566
1.3536765221758262 103.68900576790007 328.355594425737
1.3536842197444447 103.68900104881314 328.355594425737
1.3536919173130244 103.6889963297262 328.35559442573566
1.353699614881565 103.68899161063919 328.35559442573924
1.353707312450067 103.68898689155213 328.35559442573924
1.3537150100185296 103.68898217246505 328.3555944257379
1.3537227075869536 103.68897745337792 328.35559442573924
1.3537304051553387 103.68897273429076 328.35559442573924
1.3537381027236846 103.68896801520353 328.35559442573566
1.3537458002919924 103.68896329611626 328.355594425737
1.3537534978602608 103.68895857702893 328.355594425737
1.3537611954284896 103.68895385794158 328.35559442573566
1.3537688929966798 103.68894913885418 328.355594425737
1.3537765905648318 103.68894441976673 328.355594425737
1.353784288132944 103.68893970067926 328.35559442573566
1.353791940437638 103.68893491208254 328.2500503134044
1.3537994274322271 103.6889298696256 327.7589512731866
1.353806914426774 103.68892482716862 327.2677594674107
1.3538144014212803 103.6889197847116 326.77654707977655
1.3538218884157447 103.68891474225452 326.2853863121387
1.3538293754101687 103.68890969979742 325.89988509959466
1.3538368624045496 103.68890465734027 325.8998850995961
1.3538443493988912 103.68889961488307 325.8998850995925
1.3538518363931897 103.68889457242585 325.8998850995925
1.3538593233874476 103.68888952996855 325.89988509959466
1.3538668103816642 103.68888448751125 325.8998850995939
1.3538742973758395 103.68887944505387 325.8998850995925
1.3538817843699729 103.68887440259645 325.89988509959466
1.3538892713640656 103.68886936013901 325.89988509959466
1.3538967583581163 103.68886431768152 325.8998850995939
1.3539042453521264 103.68885927522396 325.89988509959466
1.353911732346094 103.68885423276639 325.89988509959466
1.3539192356565568 103.68884921474849 325.9372792481221
1.3539268226740548 103.68884432211121 326.1665216112717
1.3539344096915122 103.68883942947389 326.39577378737874
1.353941996708929 103.68883453683652 326.6250284363405
1.3539495837263065 103.6888296441991 326.85427821759225
1.3539571707436433 103.68882475156167 327.04612213121675
1.3539647577609402 103.68881985892415 327.0461221312175
1.3539723447781957 103.68881496628661 327.0461221312153
1.3539799317954122 103.68881007364901 327.04612213121675
1.353987518812588 103.6888051810114 327.04612213121675
1.3539951058297237 103.68880028837373 327.0461221312175
1.3540026928468192 103.688795395736 327.04612213121675
1.3540102798638742 103.68879050309823 327.04612213121675
1.3540178668808887 103.68878561046043 327.0461221312175
1.354025453897863 103.68878071782257 327.0461221312175
1.3540330409147978 103.68877582518469 327.04612213121675
1.3540406279316917 103.68877093254676 327.04612213121675
1.3540482149485458 103.68876603990877 327.0461221312175
1.354055801965359 103.68876114727075 327.04612213121675
1.3540633889821325 103.68875625463268 327.04612213121675
1.354070975998866 103.68875136199458 327.0461221312153
1.3540785630155583 103.68874646935642 327.0461221312175
1.354086150032211 103.68874157671823 327.04612213121675
1.3540937370488233 103.68873668407997 327.0461221312153
1.3541013240653952 103.6887317914417 327.0461221312175
1.3541089110819273 103.68872689880337 327.0461221312189
1.3541164980984195 103.688722006165 327.04612213121675
1.3541240851148704 103.68871711352658 327.0461221312153
1.3541316721312815 103.68871222088812 327.0461221312189
1.3541392591476524 103.68870732824962 327.04612213121675
1.3541468461639832 103.68870243561106 327.0461221312153
1.354154433180273 103.68869754297248 327.0461221312153
1.3541620201965232 103.68869265033383 327.0461221312189
1.3541696072127334 103.68868775769516 327.04612213121675
1.3541771942289031 103.68868286505644 327.0461221312153
1.3541847812450323 103.68867797241766 327.04612213121675
1.3541923682611212 103.68867307977887 327.0461221312189
1.3541999552771702 103.68866818714001 327.0461221312153
1.3542075422931787 103.68866329450113 327.0461221312153
1.3542151293091471 103.68865840186217 327.0461221312189
1.3542227163250755 103.6886535092232 327.0461221312175
1.3542303033409633 103.68864861658416 327.0461221312153
1.3542378903568104 103.68864372394509 327.04612213121675
1.3542454773726182 103.68863883130598 327.0461221312189
1.3542530643883852 103.68863393866681 327.0461221312153
1.3542606514041118 103.68862904602761 327.04612213121675
1.3542682384197986 103.68862415338837 327.04612213121675
1.354275825435445 103.68861926074909 327.0461221312175
1.3542834124510514 103.68861436810975 327.0461221312153
1.354290999466617 103.68860947547039 327.04612213121675
1.3542985864821422 103.68860458283095 327.0461221312189
1.3543061734976276 103.6885996901915 327.0461221312175
1.3543137605130724 103.68859479755197 327.04612213121675
1.3543213475284777 103.68858990491243 327.04612213121675
1.354328934543842 103.68858501227284 327.0461221312175
1.3543365215591663 103.68858011963319 327.0461221312153
1.35434410857445 103.68857522699349 327.04612213121675
1.3543516955896941 103.6885703343538 327.0461221312153
1.3543592826048976 103.68856544171402 327.0461221312175
1.354366869620061 103.6885605490742 327.04612213121675
1.3543744566351836 103.68855565643435 327.04612213121675
1.3543820436502667 103.68855076379444 327.0461221312153
1.3543896306653094 103.6885458711545 327.0461221312189
1.3543972176803116 103.68854097851451 327.04612213121675
1.3544048046952735 103.68853608587447 327.0461221312153
1.3544123917101956 103.68853119323441 327.0461221312175
1.3544199787250766 103.68852630059429 327.0461221312189
1.3544275657399183 103.68852140795411 327.04612213121675
1.3544351527547194 103.68851651531392 327.0461221312153
1.3544427397694798 103.68851162267367 327.0461221312189
1.3544503267842005 103.68850673003337 327.04612213121675
1.3544579137988801 103.68850183739303 327.0461221312153
1.3544655008135205 103.68849694475266 327.0461221312153
1.3544730878281201 103.68849205211222 327.0461221312189
1.3544806748426799 103.68848715947176 327.0461221312153
1.3544882140029089 103.68848219467564 326.935939071406
1.354495731830278 103.6884771977135 326.7766342862231
1.3545032496576062 103.68847220075126 326.61732751003217
1.3545107674848933 103.68846720378903 326.45802120592913
1.3545182853121394 103.68846220682673 326.2987178369847
1.3545258031393446 103.68845720986438 326.2495999801588
1.3545333209665082 103.688452212902 326.2495999801588
1.3545408387936315 103.68844721593956 326.2495999801588
