644721649
1.3509801746914 103.67986339889788 123.75251947155911
1.3509751533533114 103.6798708737342 123.75251947155911
1.3509701320151692 103.67987834857051 123.75251947155911
1.3509651106769736 103.6798858234068 123.75251947155947
1.3509600893387235 103.67989329824309 123.75251947155911
1.35095506800042 103.67990077307932 123.75251947155911
1.350950046662063 103.67990824791556 123.75251947155911
1.3509450253236523 103.67991572275179 123.75251947155947
1.3509400039851873 103.679923197588 123.75251947155911
1.3509349826466688 103.67993067242418 123.75251947155911
1.3509299613080967 103.67993814726034 123.75251947155911
1.3509249399694716 103.67994562209648 123.75251947155947
1.3509199186307916 103.6799530969326 123.75251947155911
1.3509148972920582 103.6799605717687 123.75251947155911
1.350909875953271 103.67996804660481 123.75251947155911
1.3509048546144307 103.6799755214409 123.75251947155947
1.350899833275536 103.67998299627695 123.75251947155695
1.350894811936588 103.67999047111299 123.75251947155911
1.3508897905975856 103.679997945949 123.75251947155947
1.3508847692585304 103.680005420785 123.75251947155947
1.3508797479194206 103.68001289562098 123.75251947155911
1.350874726580258 103.68002037045694 123.75251947155911
1.3508697052410406 103.68002784529288 123.75251947155947
1.35086468390177 103.68003532012882 123.75251947155911
1.3508596625624456 103.68004279496473 123.75251947155911
1.3508546412230678 103.68005026980062 123.75251947155911
1.3508496198836357 103.6800577446365 123.75251947155947
1.3508445985441508 103.68006521947237 123.75251947155911
1.3508395772046111 103.6800726943082 123.75251947155695
1.350834555865018 103.680080169144 123.75251947155911
1.3508295345253711 103.6800876439798 123.75251947155947
1.3508245131856709 103.6800951188156 123.75251947155911
1.3508194918459169 103.68010259365136 123.75251947155911
1.3508144705061087 103.6801100684871 123.75251947155911
1.3508094491662472 103.68011754332284 123.75251947155947
1.3508044278263323 103.68012501815855 123.75251947155911
1.3507994064863629 103.68013249299423 123.75251947155911
1.3507943851463402 103.68013996782992 123.75251947155947
1.350789363806264 103.68014744266556 123.75251947155947
1.3507843424661334 103.6801549175012 123.75251947155911
1.3507793211259496 103.68016239233683 123.75251947155695
1.3507742997857122 103.68016986717242 123.75251947155947
1.3507692784454206 103.68017734200802 123.75251947155911
1.3507642571050755 103.68018481684356 123.75251947155911
1.3507592357646767 103.68019229167912 123.75251947155911
1.350754214424224 103.68019976651465 123.75251947155947
1.3507491930837177 103.68020724135016 123.75251947155911
1.3507441717431579 103.68021471618565 123.75251947155911
1.3507391504025443 103.68022219102112 123.75251947155947
1.3507341290618764 103.68022966585659 123.75251947155947
1.3507291077211552 103.68023714069203 123.75251947155911
1.3507240863803807 103.68024461552744 123.75251947155911
1.3507190650395515 103.68025209036283 123.75251947155695
1.3507140436986695 103.68025956519823 123.75251947155911
1.3507090223577334 103.68026704003358 123.75251947155911
1.3507040010167437 103.68027451486893 123.75251947155911
1.3506989796757 103.68028198970426 123.75251947155947
1.3506939583346027 103.68028946453958 123.75251947155947
1.3506889369934518 103.68029693937487 123.75251947155911
1.3506839156522474 103.68030441421014 123.75251947155729
1.3506788943109889 103.68031188904538 123.75251947155947
1.3506738729696766 103.68031936388064 123.75251947155911
1.3506688516283107 103.68032683871586 123.75251947155911
1.3506638302868912 103.68033431355106 123.75251947155947
1.350658808945418 103.68034178838623 123.75251947155911
1.350653787603891 103.6803492632214 123.75251947155911
1.3506487662623106 103.68035673805656 123.75251947155911
1.3506437449206763 103.68036421289167 123.75251947155947
1.350638723578988 103.68037168772679 123.75251947155911
1.350633702237246 103.68037916256188 123.75251947155911
1.3506286808954513 103.68038663739696 123.75251947155911
1.350623659553601 103.68039411223202 123.75251947155947
1.3506186382116985 103.68040158706705 123.75251947155911
1.3506136168697416 103.68040906190207 123.75251947155911
1.3506085955277312 103.68041653673707 123.75251947155911
1.350603574185667 103.68042401157204 123.75251947155947
1.3505985528435493 103.68043148640703 123.75251947155695
1.3505926520387876 103.68043825283937 125.18373421335923
1.3505863302188446 103.68044468014612 127.30848987531876
1.3505800083988517 103.68045110745288 129.4380804522253
1.3505736865788083 103.68045753475958 131.56663461979556
1.350567364758715 103.68046396206627 133.68829814741707
1.350561042938571 103.6804703893729 134.37272874171393
1.350554721118377 103.68047681667953 134.37272874171208
1.3505483992981324 103.68048324398609 134.37272874171393
1.3505420774778378 103.68048967129266 134.37272874171163
1.3505357556574924 103.68049609859916 134.37272874171208
1.3505294338370972 103.68050252590567 134.37272874171208
1.3505231120166512 103.6805089532121 134.37272874171208
1.3505167901961557 103.68051538051853 134.37272874171208
1.350510468375609 103.68052180782492 134.37272874171208
1.3505041465550125 103.68052823513128 134.37272874171393
1.3504978247343655 103.6805346624376 134.37272874171208
1.3504915029136684 103.68054108974388 134.37272874171393
1.350485181092921 103.68054751705013 134.37272874171163
1.350478859272123 103.68055394435636 134.37272874171393
1.350472537451275 103.68056037166255 134.37272874171208
1.3504662156303764 103.6805667989687 134.37272874171393
1.3504598938094277 103.68057322627484 134.37272874171163
1.3504535719884283 103.68057965358093 134.37272874171208
1.3504472501673794 103.68058608088698 134.37272874171208
1.3504409283462797 103.68059250819303 134.37272874171208
1.3504346065251296 103.68059893549902 134.37272874171163
1.3504282847039288 103.68060536280498 134.37272874171208
1.3504219628826786 103.68061179011092 134.37272874171393
1.3504156410613781 103.68061821741682 134.37272874171208
1.3504093192400266 103.68062464472268 134.37272874171347
1.3504029974186254 103.6806310720285 134.37272874171208
1.350396675597174 103.68063749933432 134.37272874171393
1.3503903537756718 103.6806439266401 134.37272874171208
1.3503840319541194 103.68065035394584 134.37272874171393
1.3503777101325165 103.68065678125153 134.37272874171208
1.3503713883108637 103.6806632085572 134.37272874171208
1.3503650664891604 103.68066963586284 134.37272874171208
1.3503587446674068 103.68067606316843 134.37272874171208
1.3503524228456028 103.68068249047404 134.37272874171208
1.350346101023749 103.68068891777955 134.37272874171208
1.3503397792018443 103.68069534508507 134.37272874171393
1.3503334573798897 103.68070177239056 134.37272874171208
1.3503271355578845 103.68070819969599 134.37272874171347
1.3503208137358294 103.68071462700141 134.37272874171163
1.3503144919137233 103.6807210543068 134.37272874171393
1.350308170091568 103.68072748161214 134.37272874171208
1.3503018482693618 103.68073390891745 134.37272874171347
1.350295526447105 103.68074033622273 134.37272874171208
1.3502892046247978 103.68074676352798 134.37272874171208
1.3502828828024411 103.68075319083319 134.37272874171208
1.3502758653265379 103.68075885521642 135.6845638440579
1.3502688057387349 103.68076447341565 137.07827308028314
1.3502617461508861 103.68077009161482 138.47290219129417
1.3502546865629919 103.68077570981394 139.86679983547614
1.3502476269750519 103.68078132801304 141.25831985817882
1.3502405673870663 103.68078694621207 141.3376426610922
1.3502335077990355 103.68079256441109 141.33764266109057
1.3502264482109585 103.68079818261006 141.33764266109057
1.3502193886228366 103.68080380080897 141.33764266109003
1.350212329034669 103.68080941900787 141.33764266109057
1.3502052694464555 103.68081503720674 141.33764266109057
1.3501982098581968 103.68082065540555 141.33764266109057
1.3501911502698924 103.68082627360432 141.33764266109057
1.350184090681543 103.68083189180304 141.33764266109057
1.3501770310931474 103.68083751000172 141.33764266109057
1.3501699715047062 103.68084312820038 141.33764266109057
1.35016291191622 103.68084874639901 141.33764266109003
1.350155852327688 103.68085436459756 141.33764266109057
1.35014879273911 103.68085998279611 141.33764266109057
1.350141733150487 103.68086560099461 141.33764266109057
1.350134673561818 103.68087121919305 141.33764266109057
1.350127613973104 103.68087683739148 141.33764266109057
1.3501205543843442 103.68088245558985 141.33764266109057
1.3501134947955387 103.68088807378818 141.33764266109057
1.3501064352066878 103.68089369198648 141.33764266109057
1.3500993756177913 103.68089931018474 141.33764266109057
1.3500923160288492 103.68090492838296 141.33764266109057
1.3500852564398618 103.68091054658113 141.33764266109057
1.3500781968508286 103.68091616477928 141.3376426610922
1.3500711372617502 103.68092178297738 141.3376426610922
1.3500640776726258 103.68092740117544 141.33764266109168
1.3500570180834561 103.68093301937346 141.3376426610922
1.3500499584942407 103.68093863757143 141.3376426610922
1.35004289890498 103.68094425576938 141.33764266109108
1.3500358393156735 103.68094987396728 141.33764266109003
1.3500288118575587 103.68095553174958 141.27279904382712
1.350021790516577 103.68096119706796 141.19561001669362
1.350014769175549 103.68096686238631 141.1184208046506
1.3500077478344756 103.68097252770463 141.04123168789388
1.3500007264933562 103.6809781930229 140.9640429466077
1.3499937051521906 103.68098385834114 140.95169798391376
1.3499866838109797 103.68098952365932 140.9516979839121
1.3499796624697231 103.68099518897748 140.95169798391376
1.3499726411284196 103.68100085429558 140.9516979839121
1.349965619787071 103.68100651961367 140.95169798391376
1.3499585984456768 103.68101218493169 140.95169798391376
1.349951577104236 103.6810178502497 140.95169798391376
1.3499445557627499 103.68102351556765 140.95169798391376
1.3499375344212177 103.68102918088557 140.95169798391376
1.3499305130796395 103.68103484620345 140.95169798391376
1.3499234917380163 103.68104051152127 140.95169798391316
1.3499164703963458 103.68104617683908 140.95169798391376
1.3499094490546308 103.68105184215685 140.9516979839121
1.3499024277128693 103.68105750747458 140.95169798391376
1.3498954063710618 103.68106317279225 140.9516979839121
1.3498883850292087 103.6810688381099 140.95169798391376
1.34988136368731 103.6810745034275 140.95169798391376
1.3498742990130608 103.68108011413497 141.04036181813106
1.3498671159608855 103.6810855756552 141.3712708472327
1.349859932908666 103.68109103717539 141.7022070789073
1.3498527498564017 103.68109649869552 142.03314843431036
1.3498455668040938 103.68110196021563 142.3640728325535
1.3498383837517405 103.68110742173569 142.60629832764988
1.349831200699343 103.68111288325572 142.60629832764832
1.349824017646901 103.68111834477571 142.60629832764883
1.3498168345944146 103.68112380629564 142.60629832764988
1.3498096475967707 103.68112926264484 142.61457171361826
1.3498024150220163 103.6811346592582 142.71842658189627
1.3497951824472179 103.68114005587152 142.82228241949213
1.3497879498723753 103.68114545248481 142.92613854395074
1.3497807172974885 103.68115084909803 143.02999427281202
1.349773484722558 103.68115624571122 143.12557554848425
1.349766252147583 103.68116164232438 143.12557554848323
1.3497590195725646 103.68116703893749 143.12557554848323
1.3497517869975018 103.68117243555058 143.12557554848425
1.349744554422395 103.68117783216358 143.12557554848271
1.3497373218472442 103.68118322877659 143.12557554848323
1.3497300892720496 103.68118862538952 143.12557554848425
1.3497228566968105 103.68119402200243 143.12557554848425
1.3497156241215276 103.68119941861531 143.12557554848323
1.349708391546201 103.68120481522813 143.12557554848323
1.3497011589708294 103.68121021184092 143.12557554848425
1.3496939263954146 103.68121560845366 143.12557554848425
1.3496866938199557 103.68122100506635 143.12557554848323
1.349679461244452 103.68122640167901 143.12557554848425
1.3496722286689051 103.68123179829163 143.12557554848425
1.3496649960933136 103.68123719490421 143.12557554848166
1.3496577635176785 103.68124259151675 143.12557554848323
1.3496505309419993 103.68124798812924 143.12557554848425
1.349643298366276 103.6812533847417 143.12557554848323
1.3496360657905087 103.68125878135412 143.12557554848323
1.3496288332146973 103.68126417796648 143.12557554848425
1.3496221271608955 103.68127019198316 142.09452364120082
1.3496155820429798 103.68127639471467 140.74613977655207
1.349609036925015 103.68128259744613 139.3966578104971
1.349602491807001 103.68128880017757 138.04757379070807
1.3495959466889385 103.68129500290898 136.7003811215516
1.3495894015708263 103.68130120564037 136.38543226455215
1.349582856452665 103.6813074083717 136.385432264553
1.3495763113344552 103.681313611103 136.38543226455397
1.349569766216196 103.68131981383425 136.3854322645512
1.3495632210978872 103.68132601656549 136.38543226455215
1.3495566759795297 103.68133221929668 136.385432264553
1.3495501308611235 103.68133842202784 136.38543226455397
1.3495435857426676 103.68134462475896 136.3854322645512
1.3495370406241627 103.68135082749006 136.38543226455397
1.3495304955056093 103.68135703022112 136.385432264553
1.3495239503870058 103.68136323295214 136.38543226455215
1.3495174052683538 103.68136943568312 136.3854322645512
1.3495108601496528 103.68137563841408 136.38543226455397
1.3495043150309025 103.68138184114501 136.385432264553
1.3494977699121031 103.68138804387588 136.38543226455215
1.3494912247932551 103.68139424660673 136.385432264553
1.3494846796743578 103.68140044933754 136.38543226455397
1.3494781345554108 103.68140665206833 136.3854322645512
1.3494715894364155 103.68141285479906 136.38543226455215
1.3494650443173704 103.68141905752978 136.385432264553
1.3494584991982768 103.68142526026047 136.38543226455397
1.3494519540791339 103.68143146299111 136.3854322645512
1.349445408959942 103.6814376657217 136.38543226455397
1.3494388638407007 103.68144386845228 136.385432264553
1.3494323187214103 103.68145007118281 136.38543226455215
1.3494257736020712 103.68145627391331 136.3854322645512
1.349419228482683 103.68146247664377 136.38543226455397
1.3494126833632452 103.68146867937422 136.385432264553
1.3494061382437588 103.68147488210461 136.3854322645512
1.349399593124223 103.68148108483497 136.38543226455397
1.3493930480046383 103.68148728756529 136.38543226455397
1.3493865028850045 103.6814934902956 136.3854322645512
1.3493799577653216 103.68149969302586 136.38543226455215
1.3493734126455896 103.68150589575608 136.38543226455397
1.3493668675258086 103.68151209848627 136.385432264553
1.3493603224059785 103.68151830121641 136.3854322645512
1.349353777286099 103.68152450394653 136.385432264553
1.349347232166171 103.68153070667663 136.385432264553
1.3493406870461937 103.68153690940669 136.38543226455215
1.349334141926167 103.68154311213671 136.38543226455215
1.3493275968060916 103.68154931486667 136.38543226455397
1.3493210516859664 103.68155551759662 136.38543226455397
1.3493150527055646 103.68156222427609 135.44203362617074
1.3493093101791112 103.68156916759803 134.0532907446517
1.3493035676526053 103.68157611091996 132.66320813793297
1.3492978251260468 103.68158305424184 131.27342077305164
1.3492920825994354 103.68158999756369 129.88556153618651
1.3492863400727724 103.68159694088554 129.44276779044998
1.3492805975460564 103.68160388420735 129.44276779044793
1.349274855019288 103.68161082752913 129.44276779044912
1.349269112492467 103.68161777085089 129.44276779044912
1.349263369965594 103.68162471417261 129.44276779044912
1.349257627438668 103.68163165749434 129.44276779044912
1.3492518849116903 103.681638600816 129.44276779044912
1.3492461423846598 103.68164554413767 129.44276779044912
1.3492403998575766 103.68165248745929 129.44276779044998
1.3492346573304417 103.6816594307809 129.44276779044793
1.349228914803254 103.68166637410245 129.44276779044912
1.349223172276013 103.681673317424 129.44276779044912
1.3492174297487203 103.68168026074554 129.44276779044912
1.3492116872213753 103.68168720406703 129.44276779044912
1.3492059446939777 103.6816941473885 129.44276779045114
1.3492002021665273 103.68170109070994 129.44276779044912
1.349194459639025 103.68170803403135 129.44276779044998
1.34918871711147 103.68171497735274 129.44276779044998
1.3491829745838626 103.68172192067411 129.44276779044912
1.3491772320562023 103.68172886399545 129.44276779044912
1.34917148952849 103.68173580731674 129.44276779044912
1.3491657470007257 103.68174275063802 129.44276779044912
1.3491600044729084 103.68174969395929 129.44276779044912
1.3491542619450385 103.68175663728051 129.44276779044912
1.3491485194171164 103.68176358060173 129.44276779044793
1.3491427768891424 103.68177052392292 129.44276779044998
1.349137009275544 103.68177744620279 129.48435631866099
1.34913108358955 103.6817842358946 129.78802781569595
1.349125157903505 103.68179102558639 130.09172257100838
1.349119232217408 103.68179781527816 130.39542352164622
1.3491133065312586 103.68180460496987 130.69911360257402
