701832749
1.344078209522593 103.68747977841818 55.66698135170108
1.3440833161497203 103.68748719864769 55.666981351702546
1.3440884227768555 103.68749461887722 55.666981351702546
1.3440935294039982 103.68750203910683 55.666981351702546
1.3440986360311484 103.68750945933645 55.66698135170148
1.3441037426583067 103.68751687956613 55.66698135170148
1.3441088492854718 103.68752429979584 55.6669813517
1.3441139559126454 103.6875317200256 55.6669813517
1.3441190625398258 103.6875391402554 55.6669813517
1.344124169167014 103.68754656048525 55.66698135170108
1.34412927579421 103.68755398071512 55.66698135170108
1.3441343824214138 103.68756140094504 55.66698135170108
1.3441394890486247 103.68756882117502 55.666981351702546
1.344144595675843 103.68757624140504 55.666981351702546
1.3441497023030695 103.68758366163509 55.666981351702546
1.3441548089303033 103.6875910818652 55.666981351702546
1.3441599155575448 103.68759850209533 55.666981351702546
1.3441650221847938 103.68760592232553 55.66698135170108
1.3441701288120504 103.68761334255574 55.66698135170108
1.3441752354393144 103.68762076278601 55.66698135170108
