699889838
1.3503407974516553 103.6856754913462 201.5580198784847
1.3503323826388807 103.68567219336708 201.5580198784823
1.3503239678261234 103.68566889538795 201.55801987848378
1.3503155530133832 103.68566559740881 201.55801987848378
1.3503071382006606 103.6856622994297 201.5580198784847
1.3502987233879553 103.68565900145056 201.5580198784847
1.3502903085752669 103.68565570347144 201.55801987848378
1.350281893762596 103.68565240549228 201.5580198784847
1.3502734789499424 103.68564910751314 201.5580198784823
1.3502651288531795 103.68564567601516 201.7465048796231
1.3502572872711966 103.6856411953725 203.41936362326385
1.3502494456892342 103.68563671472984 205.09619916955717
1.3502416041072909 103.68563223408722 206.77414791050907
1.350233762525367 103.68562775344459 208.45033482298072
1.3502259209434624 103.68562327280198 209.93350869616927
1.3502180793615781 103.68561879215937 209.9335086961657
1.350210237779713 103.6856143115168 209.93350869616927
1.3502023975508677 103.68560982853802 209.93694522265656
1.3501945583077344 103.68560534385726 209.9428853405648
1.3501867190646217 103.68560085917652 209.94882545858846
1.3501788798215275 103.68559637449579 209.9547655766079
1.3501710405784537 103.68559188981509 209.96070569448383
1.3501632013353986 103.68558740513437 209.96320928571612
1.3501553620923634 103.6855829204537 209.9632092857174
1.3501475228493476 103.68557843577302 209.9632092857174
1.3501396836063515 103.68557395109235 209.9632092857174
1.3501318443633747 103.6855694664117 209.9632092857174
1.3501240051204175 103.68556498173106 209.9632092857174
1.3501162897699355 103.68556031257363 210.24544135967233
1.3501091129173253 103.68555484158883 211.75694574059318
1.350101936064734 103.68554937060405 213.27122332731088
1.3500947592121608 103.68554389961929 214.7861634461008
1.350087582359607 103.68553842863454 216.29964988074954
1.350080405507072 103.68553295764984 217.52753018130952
1.3500732286545556 103.68552748666517 217.52753018130952
1.3500660518020589 103.68552201568052 217.5275301813111
1.35005887494958 103.68551654469586 217.52753018131008
1.3500516980971202 103.68551107371125 217.52753018130952
1.3500445212446797 103.68550560272666 217.5275301813085
1.3500373443922578 103.6855001317421 217.52753018130952
1.3500301675398545 103.68549466075754 217.5275301813085
1.3500229906874703 103.68548918977302 217.5275301813085
1.3500158138351046 103.68548371878853 217.5275301813111
1.3500086660310682 103.68547821046624 217.58769896738121
1.350001529212915 103.68547268802308 217.67062366643162
1.3499943923947808 103.68546716557994 217.75354863452017
1.3499872555766657 103.68546164313685 217.83647352423606
1.3499801187585692 103.68545612069374 217.91939798817683
1.3499729819404909 103.68545059825068 217.94215335011953
1.3499658451224317 103.68544507580764 217.94215335012112
1.349958781375713 103.68543946497414 218.08795149324072
1.349951942741347 103.68543358183429 218.6830731560275
1.3499451041069988 103.68542769869448 219.2783560604101
1.3499382654726677 103.68542181555469 219.87367173210697
1.3499314268383549 103.68541593241494 220.46889165439168
1.3499245882040596 103.68541004927522 220.9181085632902
1.349917749569782 103.68540416613553 220.9181085632902
1.3499109109355225 103.68539828299585 220.9181085632929
1.34990407230128 103.6853923998562 220.9181085632912
1.349897233667056 103.68538651671658 220.9181085632902
1.3498903950328491 103.685380633577 220.9181085632902
1.3498835563986602 103.68537475043743 220.9181085632929
1.349876717764489 103.68536886729791 220.9181085632902
1.3498698791303352 103.68536298415839 220.9181085632902
1.3498630404961995 103.68535710101892 220.9181085632912
1.3498562018620819 103.68535121787949 220.9181085632929
