754804942
1.3551145749967646 103.68808429353238 138.68178280544097
1.3551077846719624 103.68809023100609 138.68178280544097
1.3551009943471122 103.68809616847972 138.68178280544097
1.3550942040222151 103.68810210595332 138.681782805439
1.3550874136972706 103.68810804342691 138.681782805439
1.3550806233722783 103.68811398090043 138.681782805439
1.3550738330472387 103.68811991837394 138.68178280544097
1.3550670427221514 103.68812585584742 138.68178280544097
1.3550602670503913 103.68813180981832 138.65372800186174
1.3550534934177096 103.68813776608492 138.62176913469222
1.3550467197849803 103.68814372235151 138.58981025514865
1.3550399461522034 103.68814967861806 138.55785138311884
1.3550331725193783 103.68815563488455 138.5258925384875
1.3550263988865066 103.68816159115102 138.5219885064129
1.3550196252535869 103.68816754741744 138.5219885064129
1.3550128516206192 103.68817350368384 138.52198850641463
1.3550060779876045 103.68817945995019 138.5219885064129
1.3549993043545423 103.68818541621651 138.5219885064129
1.3549925307214323 103.68819137248279 138.52198850641463
1.3549857502495644 103.68819732103624 138.5350945014117
1.3549789495741904 103.68820324680381 138.58691937106946
1.35497214889877 103.68820917257133 138.63874434648514
1.3549653482233017 103.68821509833883 138.6905693428543
1.3549585475477857 103.6882210241063 138.7423942753774
1.3549517468722223 103.68822694987371 138.78111307781515
1.3549449461966117 103.68823287564112 138.7811130778149
1.3549381455209535 103.68823880140846 138.78111307781683
1.3549313448452482 103.68824472717577 138.78111307781683
1.3549245441694955 103.68825065294304 138.7811130778149
1.3549177434936956 103.6882565787103 138.7811130778149
1.3549109428178479 103.68826250447748 138.78111307781515
1.3549041421419528 103.68826843024465 138.7811130778132
1.3548973414660106 103.68827435601176 138.7811130778132
1.3548905407900214 103.68828028177886 138.78111307781515
1.3548837401139842 103.6882862075459 138.78111307781683
1.3548769394378997 103.68829213331293 138.7811130778149
1.3548701387617679 103.6882980590799 138.78111307781683
1.354863338085589 103.68830398484684 138.78111307781683
1.3548565374093622 103.68830991061374 138.7811130778149
1.3548497111683364 103.68831580721655 138.83042449537547
1.3548428700063104 103.68832168679768 138.9085171009906
1.3548360288442365 103.68832756637873 138.9866099586103
1.3548291876821157 103.68833344595977 139.06470277809146
1.354822346519948 103.68833932554078 139.14279526928502
1.3548155053577333 103.68834520512173 139.17157601371594
1.3548086641954709 103.68835108470265 139.17157601371594
1.354801823033162 103.68835696428353 139.17157601371397
1.3547949818708063 103.68836284386437 139.17157601371594
1.3547881407084026 103.68836872344518 139.17157601371594
1.3547812995459525 103.68837460302593 139.17157601371397
1.354774458383455 103.68838048260666 139.17157601371397
1.3547676172209104 103.68838636218736 139.17157601371594
1.3547607760583193 103.68839224176803 139.17157601371397
1.3547539348956805 103.68839812134864 139.17157601371397
1.3547471651029634 103.68840408176244 139.03447414606856
1.3547404072190423 103.68841005566408 138.87449166837726
1.3547336493350732 103.6884160295657 138.7145075866255
1.354726891451057 103.68842200346728 138.55452439546744
1.354720133566993 103.68842797736882 138.3945445894791
1.354713375682881 103.68843395127031 138.37166795047744
1.3547066177987217 103.68843992517178 138.37166795047548
1.3546998599145148 103.68844589907322 138.37166795047548
1.35469310203026 103.68845187297462 138.3716679504757
