824754614
1.3418912651016475 103.68949361193877 97.11071207270112
1.3418901504623508 103.68950252871576 97.11071207270112
1.3418890358230149 103.68951144549274 97.11071207270112
1.3418879211836372 103.68952036226977 97.11071207270078
1.3418868065442193 103.68952927904681 97.11071207270112
1.3418856918221855 103.68953819581368 97.11081751133382
1.3418845766725631 103.68954711252783 97.11146887577874
1.3418834615229012 103.68955602924197 97.11212024022389
1.3418823463731981 103.68956494595614 97.11277160466942
1.3418812312234547 103.68957386267033 97.1134229691142
1.3418801160736697 103.68958277938455 97.1139688949263
1.3418790009238446 103.6895916960988 97.1139688949263
1.3418778857739786 103.68960061281307 97.11396889492532
1.3418767706240717 103.68960952952737 97.11396889492597
1.3418756554741245 103.68961844624167 97.1139688949263
1.3418745403241363 103.689627362956 97.1139688949263
1.3418734251741073 103.68963627967038 97.11396889492597
1.3418723100240377 103.68964519638475 97.1139688949263
1.3418711948739275 103.68965411309917 97.1139688949263
1.3418700797237761 103.68966302981359 97.11396889492597
1.3418689645735844 103.68967194652804 97.11396889492532
1.3418678494233525 103.68968086324251 97.1139688949263
1.341866734273079 103.689689779957 97.11396889492597
1.341865619122765 103.68969869667153 97.11396889492532
1.3418645039724104 103.68970761338609 97.1139688949263
