115096956
1.3496883846163281 103.6872679082286 184.9392155421259
1.3496793745554234 103.68726713944434 184.93921554212614
1.3496703644945232 103.68726637066005 184.9392155421259
1.3496613544336273 103.68726560187574 184.9392155421259
1.3496523443727368 103.68726483309139 184.9392155421259
1.3496433343118508 103.68726406430702 184.93921554212614
1.3496343242509694 103.68726329552263 184.9392155421259
1.3496253141900925 103.68726252673821 184.9392155421259
1.349616304129221 103.68726175795376 184.9392155421259
1.3496072940683534 103.6872609891693 184.93921554212614
1.3495982840074905 103.6872602203848 184.9392155421259
1.349589273946632 103.68725945160026 184.9392155421259
1.3495802638857792 103.68725868281571 184.9392155421259
1.349571253824931 103.68725791403112 184.9392155421259
1.3495622437640864 103.68725714524653 184.9392155421259
1.3495532337032468 103.6872563764619 184.9392155421259
1.3495442236424122 103.68725560767723 184.9392155421259
1.3495368093271458 103.68725055380122 190.69358652970962
1.3495298321885432 103.68724491577657 197.5585809564116
1.3495239848069134 103.68723806162419 206.68857829913745
1.3495192256312973 103.68723055068752 217.42176152792015
1.3495157989880775 103.68722223550395 229.79024809793447
1.3495123723448517 103.68721392032042 236.4949995957616
1.34950894570162 103.68720560513694 242.20088099325696
1.3495055190583825 103.6871972899535 245.8031345884897
1.349502092415139 103.6871889747701 247.76422348406982
1.34949866577189 103.68718065958679 247.76422348407084
1.3494952391286357 103.68717234440346 247.76422348406982
1.3494918124853748 103.68716402922021 247.76422348406982
1.3494883858421085 103.68715571403702 247.76422348406982
1.3494849591988363 103.68714739885385 247.76422348406982
1.3494815325555585 103.68713908367074 247.76422348406982
1.3494781059122751 103.68713076848769 247.76422348406743
