699889836
1.3497396671951423 103.68514688908843 54.28171308034635
1.3497449511645219 103.68515418209698 54.28171308034635
1.3497501570077315 103.68516153023751 54.403125301887634
1.3497553468790484 103.6851688896491 54.54936151736512
1.3497605367503729 103.68517624906076 54.6955990088761
1.3497657266217056 103.68518360847243 54.84183587114017
1.3497709164930465 103.68519096788414 54.98807019893796
1.3497761063643958 103.6851983272959 55.012891148892244
1.3497812962357532 103.6852056867077 55.01289114889512
1.3497864861071183 103.68521304611956 55.01289114889298
1.349791675978492 103.68522040553145 55.012891148892244
1.349796884830414 103.6852277515963 54.983429117640895
1.3498021443841914 103.68523506200778 54.87526553986582
1.3498074039379777 103.68524237241928 54.76710101564027
1.3498126634917724 103.68524968283081 54.65893631593108
1.3498179230455765 103.68525699324242 54.55077221171253
1.3498231825993878 103.68526430365404 54.4720713621791
1.349828442153209 103.68527161406573 54.4720713621791
