643372581
1.3487956934271133 103.68608695122523 104.47720071940579
1.3487934369096768 103.6860956542162 104.47720071940644
1.3487911803921941 103.6861043572072 104.47720071940579
1.3487889238746638 103.6861130601982 104.47720071940579
1.3487866673570863 103.6861217631892 104.47720071940579
1.348784410839462 103.68613046618023 104.47720071940579
1.34878215432179 103.68613916917126 104.47720071940327
1.3487798978040706 103.68614787216231 104.47720071940579
1.3487776412863048 103.68615657515338 104.47720071940579
1.3487753847684913 103.68616527814444 104.47720071940579
1.3487731282506306 103.68617398113552 104.47720071940579
1.3487708717327227 103.68618268412663 104.47720071940579
1.348768615214768 103.68619138711773 104.47720071940579
1.348766358696766 103.68620009010887 104.47720071940644
1.3487641021787165 103.6862087931 104.47720071940579
1.3487618456606196 103.68621749609116 104.47720071940579
1.348759589142476 103.68622619908231 104.47720071940579
1.3487573326242854 103.68623490207348 104.47720071940579
1.3487550761060472 103.68624360506466 104.47720071940579
1.3487506549612112 103.68625134514039 107.46273650958818
1.3487456243299711 103.68625881409133 111.3406169711166
1.348740593698678 103.68626628304226 115.24438548914303
1.3487355630673312 103.68627375199316 119.13803076500787
1.348730532435931 103.68628122094405 122.98609522247324
1.3487255018044766 103.68628868989492 123.82208521749469
1.3487204711729694 103.68629615884575 123.82208521749321
1.3487154405414086 103.68630362779658 123.82208521749469
1.3487104099097944 103.6863110967474 123.82208521749469
1.3487053792781258 103.6863185656982 123.82208521749321
1.3487003486464042 103.68632603464897 123.82208521749321
1.348695318014629 103.68633350359974 123.82208521749469
1.3486902873828006 103.68634097255048 123.82208521749321
1.3486852567509184 103.68634844150118 123.82208521749321
1.348680226118982 103.6863559104519 123.82208521749469
1.3486751954869933 103.6863633794026 123.82208521749321
1.3486701648549504 103.68637084835325 123.82208521749321
1.3486651342228542 103.6863783173039 123.82208521749469
1.348660103590704 103.68638578625453 123.82208521749321
1.3486550729585 103.68639325520513 123.82208521749321
1.3486500423262433 103.68640072415573 123.82208521749469
1.3486447471310268 103.68640793893988 124.28153115960556
1.3486374034441788 103.6864131857315 128.34655308652074
1.3486300597572887 103.68641843252311 132.47008827965897
1.3486227160703554 103.68642367931466 136.6102081725003
1.3486153723833796 103.6864289261062 140.72396762120977
1.348608028696361 103.68643417289766 144.31191361186018
1.3486006850092995 103.68643941968908 144.31191361186018
1.3485933413221944 103.68644466648047 144.31191361186018
1.348585997635047 103.68644991327182 144.31191361186018
1.3485786539478575 103.68645516006313 144.31191361186018
1.3485713102606238 103.6864604068544 144.3119136118617
1.3485639665733478 103.6864656536456 144.31191361186018
1.3485566228860293 103.68647090043679 144.31191361186018
1.3485492791986677 103.68647614722792 144.31191361186018
