644038141
1.3504273077845759 103.68581256106047 107.89823590832167
1.3504245326510909 103.68582111463273 107.89823590831837
1.3504217575175566 103.68582966820503 107.89823590832087
1.350418982383972 103.68583822177732 107.89823590832167
1.3504162072503385 103.68584677534962 107.89823590832087
1.350413432116655 103.68585532892195 107.89823590832087
1.3504114107527068 103.68586401045081 106.93706458355815
1.3504111702500656 103.68587299429062 103.67802812755896
1.3504109297473894 103.68588197813047 100.39320614030387
1.3504106892446783 103.68589096197033 97.1039997283196
1.3504104487419317 103.68589994581023 93.83198125802465
1.3504102082391498 103.6859089296502 91.55461865739765
1.3504099677363328 103.68591791349014 91.55461865739773
1.3504097272334814 103.68592689733016 91.55461865739765
1.3504094867305942 103.68593588117018 91.55461865739765
1.3504092462276713 103.68594486501026 91.55461865739765
1.350409005724714 103.68595384885035 91.55461865739765
1.3504087652217212 103.68596283269046 91.55461865739765
1.3504085247186934 103.68597181653062 91.55461865739765
1.3504082842156304 103.6859808003708 91.55461865739773
1.350408043712532 103.68598978421103 91.55461865739765
1.3504095638579767 103.68599862875692 89.3214601068614
1.350411232192327 103.68600746157884 86.8872838869252
1.3504129005266563 103.6860162944008 84.44801298166315
1.3504145688609648 103.6860251272228 82.01246941591324
1.3504162371952535 103.68603396004487 79.58939478031783
1.3504179055295213 103.68604279286694 79.40205365001238
1.3504195738637685 103.68605162568907 79.4020536500119
1.3504212421979955 103.68606045851124 79.40205365001238
1.3504229105322023 103.68606929133347 79.40205365001238
1.3504245788663887 103.68607812415573 79.40205365001238
1.3504262472005542 103.68608695697803 79.4020536500119
1.3504279155346994 103.68609578980038 79.40205365001238
1.350429583868824 103.68610462262276 79.40205365001238
1.3504312522029278 103.68611345544518 79.40205365000982
1.3504329205370116 103.68612228826765 79.40205365000934
1.350434588871075 103.68613112109017 79.40205365000982
1.3504362572051176 103.68613995391274 79.40205365000982
1.3504381322224368 103.68614871821387 79.12840677295073
1.3504421363669106 103.68615677664822 76.01458941761159
1.3504461405113835 103.6861648350826 72.87431981469882
1.3504501446558546 103.68617289351701 69.72625354409266
1.350454148800325 103.6861809519515 66.58932499161844
1.3504581529447945 103.686189010386 63.755359094752045
1.3504621570892625 103.68619706882058 63.7553590947532
1.3504661612337299 103.68620512725518 63.755359094752045
1.3504701653781965 103.68621318568984 63.7553590947532
1.3504741695226614 103.68622124412455 63.75535909475086
1.3504781736671259 103.6862293025593 63.75535909475086
1.3504821778115894 103.68623736099408 63.75535909475086
1.3504861819560507 103.68624541942894 63.75535909475086
1.350490186100512 103.68625347786383 63.75535909475086
1.3504941902449723 103.68626153629876 63.7553590947497
1.3504981943894314 103.68626959473374 63.75535909475086
1.3505021985338892 103.68627765316877 63.7553590947497
1.350506202678346 103.68628571160383 63.75535909475086
1.3505102068228019 103.68629377003897 63.7553590947497
1.3505142109672572 103.68630182847411 63.75535909475086
1.350518215111711 103.68630988690933 63.7553590947497
1.3505222192561641 103.68631794534458 63.75535909475086
1.3505262234006157 103.6863260037799 63.75535909475086
1.3505302275450664 103.68633406221525 63.75535909475086
1.3505342316895164 103.68634212065065 63.75535909475086
1.3505382358339644 103.68635017908609 63.75535909475086
1.3505422399784122 103.68635823752157 63.75535909475086
1.350546390371481 103.68636622185372 63.54738352285676
1.3505506038932518 103.68637417419892 63.24961137147391
1.3505548174150237 103.68638212654417 62.95182632631752
1.350559030936796 103.68639007888947 62.65404447440572
1.3505632444585687 103.68639803123483 62.35628190172269
1.3505674579803426 103.68640598358023 62.26651064385165
1.3505716715021168 103.68641393592566 62.266510643850445
1.3505758850238918 103.68642188827113 62.266510643850445
1.3505800985456675 103.68642984061668 62.26651064385275
1.3505843120674437 103.68643779296225 62.26651064385397
1.3505885255892207 103.68644574530786 62.266510643850445
1.350592739110998 103.68645369765352 62.266510643850445
1.350596952632776 103.68646164999926 62.266510643850445
1.350601166154555 103.686469602345 62.266510643850445
1.3506053796763344 103.68647755469081 62.266510643850445
1.3506095915532936 103.68648550789673 62.26886542840899
1.3506138029812844 103.6864934613375 62.271862974004286
1.3506180144092754 103.68650141477829 62.27486051961482
1.3506222258372673 103.68650936821913 62.27785806521716
1.3506262780173577 103.68651740238388 62.507338217474015
1.3506302870320193 103.6865254584295 62.7958748981359
1.350634296046679 103.6865335144752 63.083779165651194
1.3506383050613389 103.68654157052093 63.37167926429937
1.350642314075997 103.6865496265667 63.65956065703758
1.3506463230906542 103.68655768261252 63.72094867471678
1.3506503321053105 103.68656573865837 63.72094867471678
1.350654341119966 103.68657379470432 63.72094867471792
1.35065835013462 103.68658185075027 63.72094867471792
1.350662359149273 103.68658990679629 63.72094867471678
1.3506663681639253 103.68659796284231 63.72094867471678
1.3506703771785764 103.68660601888843 63.72094867471678
1.350674386193227 103.68661407493458 63.72094867471678
1.350678395207876 103.68662213098077 63.72094867471678
1.350682404222524 103.686630187027 63.72094867471792
1.3506864132371714 103.68663824307328 63.72094867471792
1.3506904222518175 103.6866462991196 63.72094867471792
1.3506944312664622 103.68665435516598 63.72094867471678
1.3506984402811069 103.68666241121242 63.72094867471678
1.3507027012375208 103.68667033842785 63.36198811084185
1.3507069692945548 103.68667826201238 62.9928648768919
1.3507112373515902 103.68668618559698 62.623725481441284
1.350715505408626 103.68669410918163 62.254600567642825
1.3507197734656635 103.6867020327663 61.88552077142088
1.3507240415227015 103.68670995635104 61.87540484040729
1.3507283095797413 103.6867178799358 61.875404840408514
1.3507325776367818 103.68672580352062 61.875404840408514
1.350736845693823 103.6867337271055 61.87540484040729
1.3507411137508658 103.68674165069041 61.87540484040729
1.3507453818079094 103.68674957427537 61.875404840408514
1.3507496498649545 103.68675749786037 61.87540484040498
1.350753917922 103.6867654214454 61.87540484040498
1.3507581859790472 103.68677334503052 61.87540484040622
1.3507624540360947 103.68678126861565 61.87540484040622
1.3507667220931439 103.68678919220085 61.87540484040498
1.3507709901501943 103.68679711578608 61.87540484040729
1.350775258207245 103.68680503937134 61.875404840408514
1.3507795262642974 103.68681296295667 61.87540484040729
1.3507837943213512 103.68682088654205 61.87540484040729
1.3507880623784052 103.68682881012745 61.875404840408514
1.350792330435461 103.68683673371292 61.875404840408514
1.3507965984925174 103.68684465729844 61.87540484040729
1.350800866549575 103.68685258088398 61.87540484040729
1.3508051346066334 103.68686050446956 61.875404840408514
1.3508094026636936 103.68686842805522 61.87540484040729
1.350813670720754 103.6868763516409 61.87540484040729
1.350817938777816 103.68688427522666 61.875404840408514
1.3508222068348792 103.68689219881243 61.875404840408514
1.350826474891943 103.68690012239826 61.87540484040498
1.3508309104697622 103.68690795290262 61.63226468071652
1.3508354705094676 103.68691571425079 61.20841501990908
1.3508400305491772 103.68692347559903 60.784522381536185
1.3508445905888895 103.6869312369473 60.36063316471545
1.3508491506286053 103.68693899829564 59.936793766312086
1.3508537106683247 103.68694675964402 59.75615254831006
1.3508582962943727 103.68695450336116 59.7168221750042
1.3508640143377264 103.68696146674219 57.9329688339558
1.3508697323810916 103.68696843012324 56.143971388605486
1.350875450424469 103.68697539350433 54.35330416078188
1.3508811684678577 103.68698235688547 52.564460957929796
1.3508868865112587 103.68698932026665 50.82024045922016
1.350892604554671 103.68699628364786 50.82024045922217
1.3508983225980948 103.68700324702911 50.82024045922217
1.3509040406415307 103.6870102104104 50.82024045922382
1.3509107363654567 103.68701624186606 49.105715214689894
1.3509175015405446 103.68702220712089 47.263723063922775
1.3509242667156494 103.68702817237572 45.41957007665332
1.3509310318907721 103.6870341376306 43.57707224752506
1.3509377970659122 103.6870401028855 41.74002508787536
1.3509445622410696 103.68704606814043 41.61846678881819
1.3509513274162444 103.6870520333954 41.61846678881819
1.3509580925914366 103.68705799865039 41.618466788819916
1.3509648577666462 103.6870639639054 41.618466788816235
1.3509718876789771 103.6870696007336 41.08238994113149
1.3509792242138856 103.68707485717283 39.92413397367725
1.350986560748813 103.68708011361205 38.764894955386865
1.3509938972837594 103.68708537005135 37.605621147672906
1.351001233818725 103.68709062649063 36.44726098264062
1.3510085703537098 103.68709588292994 35.826328279042876
1.351015906888714 103.68710113936926 35.826328279042876
1.351023243423737 103.6871063958086 35.826328279042876
1.3510305799587792 103.68711165224798 35.826328279042876
1.3510379164938402 103.68711690868737 35.826328279042876
1.3510452530289212 103.6871221651268 35.826328279042876
1.3510525895640209 103.68712742156625 35.826328279042876
1.3510599260991398 103.6871326780057 35.826328279042876
1.351067262634278 103.68713793444518 35.826328279042876
1.351074599169435 103.68714319088467 35.826328279042876
1.3510819357046118 103.6871484473242 35.826328279042876
1.3510892722398071 103.68715370376374 35.826328279042876
1.3510966087750216 103.6871589602033 35.826328279042876
1.3511039567153342 103.68716420077399 35.80146498416049
1.3511113418522314 103.6871693895898 35.6955115498982
1.3511187269891474 103.68717457840562 35.58955719869244
1.3511261121260831 103.68717976722147 35.48360265520443
1.351133497263038 103.68718495603733 35.37764864410359
1.3511408824000117 103.68719014485322 35.296559085169605
1.3511482675370055 103.68719533366914 35.296559085168106
1.3511556526740176 103.68720052248506 35.29655908516748
1.3511630378110493 103.687205711301 35.296559085165974
1.3511704229481 103.68721090011697 35.29655908516748
1.3511778080851709 103.68721608893296 35.296559085165974
1.35118519322226 103.68722127774898 35.29655908516748
1.3511925783593686 103.68722646656501 35.296559085168106
1.3511999634964968 103.68723165538107 35.296559085169605
1.3512073486336438 103.68723684419712 35.296559085169605
1.3512147337708105 103.68724203301322 35.296559085169605
1.351222118907996 103.68724722182932 35.296559085169605
1.3512295040452011 103.68725241064547 35.296559085169605
1.3512368891824251 103.68725759946163 35.296559085169605
1.3512442743196684 103.68726278827779 35.296559085168106
1.3512516594569315 103.68726797709401 35.296559085169605
1.351259044594213 103.6872731659102 35.296559085168106
1.3512670913803542 103.68727726286421 33.672918386254295
1.3512751621321932 103.68728132026973 31.98609923944226
1.351283232884051 103.68728537767524 30.297713268336302
1.3512913036359284 103.68728943508077 28.61068952779687
1.3512993743878245 103.6872934924863 26.92794293285181
1.35130744513974 103.68729754989185 26.86923524112524
1.3513155158916739 103.68730160729741 26.869235241122915
1.3513235866436273 103.68730566470296 26.869235241124066
1.3513316573955991 103.68730972210852 26.869235241124066
1.3513397281475907 103.6873137795141 26.869235241124066
1.3513477988996008 103.68731783691968 26.869235241124066
1.3513559739839422 103.68732163275381 26.511762945902355
1.3513646510454778 103.68732417008133 24.427729327121448
1.3513733281070275 103.68732670740884 22.336316755847037
1.3513820051685923 103.68732924473636 20.243073948592738
1.3513906822301711 103.68733178206384 18.153578776959197
1.3513993592917641 103.68733431939134 16.430414790817192
1.3514080363533718 103.68733685671883 16.430414790814684
1.3514167134149946 103.6873393940463 16.430414790817192
1.3514253904766311 103.68734193137375 16.430414790814684
1.3514340675382823 103.68734446870121 16.430414790817192
1.3514427445999477 103.68734700602866 16.430414790815423
1.3514514216616282 103.68734954335608 16.430414790817192
1.3514600987233225 103.68735208068351 16.430414790814684
1.351468952973738 103.68735364899325 15.17901420127801
1.3514779737845506 103.68735430640993 12.739059118152026
1.3514869945953671 103.68735496382656 10.290328549587757
1.351496015406188 103.68735562124317 7.841736262540531
1.3515050362170125 103.68735627865976 5.402193011514119
1.3515140570278406 103.68735693607633 4.225998177960171
1.3515230778386726 103.68735759349285 4.225998177960171
1.3515320986495092 103.68735825090934 4.225998177960171
1.3515411194603495 103.6873589083258 4.225998177960374
1.3515501402711931 103.68735956574226 4.225998177960171
1.3515591610820419 103.68736022315869 4.2259981779575755
1.3515681818928935 103.68736088057508 4.2259981779575755
1.3515772095418692 103.68736139068672 4.038026658841276
1.3515862529593723 103.68736156111744 3.416410434136841
1.3515952963768763 103.68736173154814 2.7946188655486015
1.351604339794381 103.6873619019788 2.172798366418092
1.351613383211886 103.68736207240943 1.5510953909518572
1.3516224266293921 103.68736224284005 1.117594288175006
1.3516314700468983 103.6873624132706 1.117594288175006
1.3516405134644052 103.68736258370117 1.117594288175006
1.3516495568819122 103.68736275413167 1.117594288175006
1.3516586002994204 103.68736292456217 1.117594288175006
1.351667643716929 103.68736309499259 1.117594288175006
1.3516766871344377 103.68736326542302 1.117594288175006
1.3516857305519474 103.68736343585341 1.1175942881749552
1.3516947739694585 103.68736360628377 1.117594288175006
1.3517038173869687 103.6873637767141 1.117594288175006
1.35171286080448 103.68736394714439 1.117594288175006
1.3517219042219921 103.68736411757463 1.117594288175006
1.351730947639505 103.68736428800487 1.117594288175006
1.3517399910570174 103.68736445843507 1.117594288175006
1.3517490344745315 103.68736462886524 1.117594288175006
1.351758077892046 103.68736479929538 1.117594288175006
1.3517671213095603 103.68736496972548 1.117594288175006
1.3517761647270758 103.68736514015556 1.117594288175006
1.351785208144592 103.68736531058559 1.117594288175006
1.3517942515621089 103.6873654810156 1.117594288175006
1.3518032949796253 103.68736565144559 1.1175942881749552
1.3518123383971434 103.68736582187553 1.117594288175006
1.3518213818146614 103.68736599230546 1.117594288175006
1.3518304252321804 103.68736616273533 1.117594288175006
1.3518394686497 103.68736633316519 1.117594288175006
1.3518485120672195 103.68736650359503 1.117594288175006
1.35185755548474 103.68736667402483 1.117594288175006
1.3518665989022611 103.68736684445457 1.117594288175006
1.3518756423197829 103.6873670148843 1.117594288175006
1.3518846857373052 103.68736718531402 1.117594288175006
1.351893729154828 103.68736735574367 1.117594288175006
1.3519027725723507 103.68736752617332 1.117594288175006
1.351911815989875 103.68736769660292 1.117594288175006
1.3519208594073995 103.68736786703249 1.117594288175006
1.3519299028249245 103.68736803746204 1.1175942881749552
1.3519389462424503 103.68736820789155 1.117594288175006
1.3519479896599766 103.68736837832103 1.117594288175006
1.3519570330775035 103.68736854875048 1.117594288175006
1.351966076495031 103.6873687191799 1.117594288175006
1.3519751199125587 103.68736888960929 1.117594288175006
1.3519841633300875 103.68736906003863 1.117594288175006
1.3519932067476168 103.68736923046798 1.117594288175006
1.352002250165146 103.68736940089725 1.117594288175006
1.3520112935826765 103.68736957132653 1.1175942881749552
1.352020337000207 103.68736974175576 1.117594288175006
1.3520293804177381 103.68736991218496 1.117594288175006
1.3520384238352703 103.68737008261412 1.117594288175006
1.3520474672528027 103.68737025304326 1.117594288175006
1.352056510670336 103.68737042347237 1.117594288175006
1.3520655540878697 103.68737059390145 1.117594288175006
1.3520745975054038 103.68737076433048 1.117594288175006
1.3520836409229386 103.68737093475949 1.117594288175006
1.3520926843404737 103.68737110518848 1.117594288175006
1.3521017277580096 103.68737127561742 1.117594288175006
1.3521107711755462 103.68737144604634 1.117594288175006
1.3521198145930835 103.68737161647523 1.117594288175006
1.3521288580106212 103.6873717869041 1.117594288175006
1.352137901428159 103.68737195733291 1.1175942881749552
1.352146944845698 103.68737212776172 1.117594288175006
1.3521559882632375 103.68737229819047 1.117594288175006
1.352165031680777 103.6873724686192 1.117594288175006
1.3521740750983173 103.68737263904792 1.117594288175006
1.3521831185158588 103.68737280947659 1.117594288175006
1.3521921619334003 103.6873729799052 1.117594288175006
1.3522012053509425 103.68737315033383 1.117594288175006
1.3522102487684855 103.6873733207624 1.117594288175006
1.3522192921860288 103.68737349119094 1.117594288175006
1.3522283356035725 103.68737366161946 1.117594288175006
