-22886835
1.3463292329868743 103.68725402859057 311.26169845007524
1.3463351943808417 103.68724726998445 311.26169845007524
1.3463411557747575 103.6872405113783 311.26169845007524
1.346347117168622 103.68723375277213 311.26169845007524
1.346353078562435 103.68722699416593 311.2616984500762
1.3463590399561967 103.68722023555969 311.26169845007354
1.3463650013499056 103.68721347695343 311.26169845007354
1.3463709627435643 103.68720671834713 311.26169845007354
1.3463769241371708 103.68719995974081 311.2616984500745
1.3463828855307256 103.68719320113448 311.26169845007354
1.3463888469242289 103.6871864425281 311.26169845007354
1.3463948083176804 103.6871796839217 311.26169845007354
1.3464007697110811 103.68717292531525 311.2616984500745
1.3464067311044299 103.68716616670879 311.26169845007524
1.346412692497727 103.6871594081023 311.26169845007524
1.346418653890972 103.68715264949579 311.26169845007524
1.3464246152841657 103.68714589088924 311.2616984500762
1.3464305766773084 103.68713913228264 311.26169845007524
1.3464365380703993 103.68713237367605 311.26169845007354
1.3464424994634385 103.6871256150694 311.26169845007354
1.3464484608564258 103.68711885646275 311.26169845007354
1.346454422249362 103.68711209785604 311.26169845007354
1.3464603836422464 103.68710533924933 311.26169845007354
1.3464663450350791 103.68709858064258 311.26169845007354
1.3464723064278603 103.68709182203581 311.26169845007354
1.3464782678205902 103.68708506342901 311.2616984500745
1.346484229213268 103.68707830482218 311.26169845007354
1.3464901906058946 103.68707154621532 311.26169845007524
1.3464961519984695 103.68706478760842 311.26169845007524
1.3465021133909927 103.6870580290015 311.2616984500762
1.3465080747834648 103.68705127039455 311.26169845007524
1.346514036175885 103.68704451178759 311.26169845007524
1.3465199975682536 103.68703775318056 311.26169845007354
1.3465259589605703 103.68703099457353 311.2616984500745
1.3465319203528359 103.68702423596648 311.26169845007354
1.34653788174505 103.68701747735938 311.26169845007354
1.346543843137212 103.68701071875225 311.26169845007354
1.346549804529323 103.68700396014509 311.2616984500745
1.3465557659213814 103.68699720153792 311.26169845007354
1.346561727313389 103.68699044293072 311.26169845007354
1.346567688705345 103.6869836843235 311.26169845007354
1.3465736500972496 103.68697692571622 311.2616984500762
1.3465796114891027 103.68697016710892 311.26169845007524
1.3465855728809037 103.68696340850161 311.26169845007524
1.3465913586771674 103.68695650228736 310.9703148587724
1.3465970794304158 103.68694954139748 310.57094241956463
1.3466028001836112 103.68694258050758 310.1715400827468
1.3466085209367542 103.68693561961764 309.7721466620699
1.346614241689845 103.6869286587277 309.37280096607606
1.3466199624428834 103.6869216978377 309.2648737265715
1.3466256831958698 103.68691473694768 309.2648737265715
1.3466314039488032 103.68690777605767 309.2648737265715
1.346637124701685 103.68690081516759 309.2648737265715
1.346642845454514 103.6868938542775 309.2648737265698
1.346648566207291 103.68688689338738 309.2648737265698
1.3466542869600149 103.68687993249725 309.2648737265698
1.3466600077126878 103.68687297160707 309.2648737265715
1.3466657284653074 103.68686601071688 309.2648737265715
1.3466714492178744 103.68685904982667 309.2648737265715
1.34667716997039 103.68685208893642 309.2648737265715
1.3466828907228525 103.68684512804614 309.2648737265698
1.3466886114752634 103.68683816715586 309.2648737265698
1.3466943322276215 103.68683120626552 309.2648737265698
1.3467000529799273 103.68682424537518 309.2648737265715
1.3467057737321806 103.68681728448482 309.2648737265715
1.3467114944843814 103.68681032359441 309.2648737265715
1.3467172152365305 103.68680336270398 309.2648737265715
1.3467229359886268 103.68679640181352 309.2648737265715
1.346728656740671 103.68678944092305 309.2648737265698
1.3467343774926623 103.68678248003253 309.2648737265698
1.346740098244602 103.68677551914202 309.2648737265715
1.3467458189964894 103.68676855825147 309.2648737265715
1.3467515397483238 103.68676159736087 309.2648737265715
1.3467574060926233 103.68675477337614 309.51824143730494
1.3467640865328725 103.68674871491513 311.1917424944798
1.346770766973074 103.68674265645409 312.86911281119046
1.3467774474132266 103.68673659799298 314.54748554711074
1.3467841278533317 103.68673053953185 316.2239835765807
1.3467908082933888 103.68672448107068 317.6425452940643
1.346797488733397 103.6867184226095 317.6425452940643
1.3468041691733579 103.68671236414826 317.6425452940643
1.3468108496132705 103.68670630568698 317.64254529406514
1.3468175300531349 103.68670024722567 317.64254529406514
1.3468242104929515 103.68669418876433 317.64254529406514
1.3468308909327193 103.68668813030295 317.6425452940643
1.3468375713724394 103.68668207184153 317.6425452940643
1.3468442518121115 103.6866760133801 317.6425452940643
1.3468509322517352 103.68666995491861 317.6425452940643
1.3468576126913112 103.68666389645708 317.6425452940643
1.3468652462082522 103.68665908436267 319.6358301042322
1.346872911192941 103.68665431341958 321.70296060758255
1.3468805761775906 103.68664954247645 323.77296078728347
1.3468882411622005 103.68664477153325 325.8404357065001
1.3468959061467716 103.68664000059002 327.9000297514253
1.3469035711313029 103.68663522964674 327.9656690891029
1.346911236115795 103.68663045870342 327.9656690891036
1.3469189011002476 103.68662568776007 327.9656690891058
1.3469265660846612 103.68662091681668 327.9656690891051
1.3469342310690353 103.68661614587322 327.9656690891036
1.3469418960533703 103.68661137492973 327.9656690891058
1.3469495610376656 103.68660660398619 327.9656690891051
1.3469572260219222 103.68660183304262 327.9656690891029
1.3469648910061387 103.68659706209897 327.9656690891036
1.3469728315239256 103.68659288904763 328.798589714172
1.3469814746696642 103.68659024065913 331.77594877507596
1.3469901178153805 103.68658759227058 334.7731749309935
1.3469987609610752 103.68658494388201 337.7739891732303
1.347007404106748 103.68658229549337 340.76199560947236
1.3470160472523982 103.68657964710471 342.8914530192367
1.3470246903980272 103.68657699871596 342.8914530192392
1.3470333335436337 103.6865743503272 342.8914530192388
1.3470419766892192 103.6865717019384 342.8914530192392
1.3470506198347818 103.68656905354953 342.8914530192392
1.347059262980323 103.68656640516062 342.8914530192388
1.3470679061258426 103.68656375677166 342.8914530192392
1.3470765492713395 103.68656110838268 342.8914530192367
1.3470851924168148 103.68655845999363 342.8914530192388
1.3470938355622684 103.68655581160455 342.8914530192363
1.3471027292438469 103.68655427795979 344.3459138609714
1.347111685239391 103.68655302157696 346.1675373927669
1.3471206412349244 103.68655176519411 347.9917425205742
1.3471295972304473 103.68655050881121 349.81483603704356
1.3471385532259599 103.68654925242826 351.6331382017476
1.3471475092214624 103.68654799604529 351.9944196546568
1.347156465216954 103.68654673966226 351.9944196546568
1.3471654212124358 103.6865454832792 351.994419654654
1.347174377207907 103.68654422689612 351.9944196546542
1.3471833332033674 103.68654297051297 351.9944196546542
1.3471923222254718 103.68654209933239 352.48684377014627
1.3472013630576842 103.68654183243311 353.75339150942955
1.3472104038898933 103.68654156553379 355.02131715049285
1.3472194447220998 103.68654129863444 356.28938029094496
1.3472284855543037 103.68654103173503 357.5563397216236
1.347237526386505 103.6865407648356 358.32900450556195
1.3472465672187042 103.68654049793614 358.32900450556195
1.3472556080509 103.68654023103664 358.32900450556195
1.3472646488830937 103.68653996413713 358.32900450556195
1.3472736897152844 103.68653969723755 358.32900450556195
1.3472827305474728 103.68653943033796 358.32900450556195
1.3472917713796584 103.68653916343831 358.32900450556457
1.3473008122118413 103.68653889653866 358.32900450556195
1.3473098530440217 103.68653862963895 358.32900450556457
1.3473188938761997 103.68653836273921 358.32900450556195
1.3473279347083742 103.68653809583944 358.32900450556195
1.3473369755405467 103.68653782893965 358.32900450556195
1.347346016372717 103.68653756203979 358.32900450556195
1.3473550572048838 103.68653729513991 358.32900450556195
1.3473640980370487 103.68653702824001 358.32900450556195
1.3473731388692103 103.68653676134007 358.32900450556457
1.3473821802007802 103.68653672748802 358.6260940268886
1.3473912220948703 103.68653695613321 359.25802451870646
1.347400263988961 103.68653718477837 359.89011340083374
1.3474093058830527 103.68653741342351 0.5222068547489961
1.3474183477771458 103.68653764206859 1.154151055253849
1.3474273896712385 103.68653787071365 1.488787824684862
1.3474364315653335 103.68653809935867 1.488787824684862
1.3474454734594299 103.68653832800366 1.488787824684862
1.3474545153535258 103.68653855664866 1.4887878246848876
1.3474635572476237 103.68653878529359 1.488787824684862
1.3474725991417222 103.68653901393849 1.488787824684862
1.3474816410358217 103.68653924258338 1.488787824684862
1.3474906829299225 103.68653947122822 1.488787824684862
1.3474997248240235 103.68653969987302 1.488787824687432
1.3475087667181267 103.6865399285178 1.488787824684862
1.3475178086122297 103.68654015716255 1.488787824684862
1.3475268484906384 103.68654044189586 1.5603496785875601
1.3475358837702718 103.68654085459427 1.795188818765302
1.347544919049907 103.68654126729264 2.0300373907535794
1.3475539543295447 103.686541679991 2.264887503613809
1.347562989609185 103.68654209268931 2.499731266089138
1.3475720248888274 103.6865425053876 2.6630007660679857
1.347581060168472 103.68654291808588 2.6630007660679857
1.3475900954481184 103.6865433307841 2.663000766068049
1.3475991307277675 103.68654374348232 2.6630007660679857
1.3476081660074193 103.68654415618049 2.6630007660679857
1.3476172012870729 103.68654456887862 2.6630007660679857
1.3476262365667289 103.68654498157674 2.6630007660655046
1.3476352718463869 103.68654539427484 2.66300076606539
1.3476443071260478 103.6865458069729 2.6630007660655046
1.34765334240571 103.68654621967092 2.66300076606539
1.3476623776853751 103.68654663236892 2.6630007660655046
1.3476714129650424 103.68654704506687 2.6630007660679857
1.347680448244712 103.68654745776482 2.6630007660679857
1.3476894835243844 103.68654787046273 2.6630007660679857
1.3476985188040584 103.68654828316062 2.6630007660679857
1.3477075540837349 103.68654869585846 2.6630007660679857
1.3477165893634135 103.68654910855628 2.6630007660679857
1.3477256246430949 103.68654952125408 2.6630007660681128
1.3477346599227775 103.68654993395184 2.6630007660679857
1.347743695202463 103.68655034664958 2.6630007660681128
1.347752730482151 103.68655075934728 2.6630007660679857
1.3477617657618415 103.68655117204497 2.6630007660679857
1.3477708010415335 103.68655158474259 2.66300076606539
1.3477798363212286 103.68655199744022 2.66300076606539
1.3477888716009254 103.68655241013782 2.66300076606539
1.3477979068806247 103.68655282283538 2.66300076606539
1.3478069421603263 103.6865532355329 2.6630007660655046
1.3478159774400296 103.6865536482304 2.6630007660679857
1.347825012719736 103.68655406092786 2.6630007660681128
1.3478340479994444 103.68655447362529 2.6630007660679857
1.3478430832791546 103.68655488632272 2.6630007660681128
1.3478521185588677 103.6865552990201 2.6630007660679857
1.347861153838583 103.68655571171746 2.6630007660679857
1.3478701891183005 103.68655612441476 2.6630007660679857
1.34787922439802 103.68655653711207 2.6630007660679857
1.347888259677742 103.68655694980934 2.6630007660679857
1.3478972949574666 103.68655736250658 2.6630007660679857
1.347906330237193 103.68655777520378 2.6630007660655046
1.3479153592722266 103.68655830049318 2.8067831531646035
1.3479243854817589 103.68655887672656 3.015630034305527
1.3479334116912935 103.68655945295994 3.2244814192891513
1.3479424379008318 103.68656002919326 3.4333317581807714
1.3479514641103736 103.68656060542658 3.64217550121392
1.3479604903199187 103.68656118165987 3.7072312884457284
1.3479695165294676 103.68656175789312 3.7072312884457284
1.3479785427390196 103.68656233412635 3.7072312884457284
1.3479875689485745 103.68656291035954 3.707231288448324
1.3479965951581336 103.68656348659272 3.707231288448324
1.3480056213676952 103.68656406282587 3.7072312884484897
1.3480146475772612 103.68656463905899 3.707231288448324
1.34802367378683 103.68656521529208 3.7072312884484897
1.348032699996402 103.68656579152513 3.7072312884457284
1.3480417262059783 103.68656636775816 3.7072312884457284
1.3480507524155572 103.68656694399115 3.7072312884457284
1.3480597786251396 103.68656752022413 3.7072312884457284
1.3480688048347258 103.68656809645708 3.7072312884457284
1.348077831044315 103.68656867269 3.7072312884457284
1.3480868572539075 103.68656924892288 3.7072312884484897
1.348095883463504 103.68656982515576 3.707231288448324
1.3481049096731037 103.6865704013886 3.707231288448324
1.3481139306629337 103.68657024564631 2.7752280115334456
1.3481229477484 103.68656954239103 1.1423717282474366
1.3481319648338612 103.68656883913569 359.50704698700594
1.3481409819193169 103.6865681358803 357.87191427309347
1.3481499990047667 103.68656743262488 356.2396321999125
1.34815901609021 103.68656672936943 355.54267614631505
1.3481680331756476 103.68656602611395 355.54267614631505
1.3481770502610788 103.68656532285844 355.5426761463152
1.3481860673465043 103.68656461960286 355.54267614631766
1.348195084431924 103.68656391634727 355.54267614631505
1.3482041015173374 103.68656321309165 355.54267614631505
1.3482131186027448 103.68656250983597 355.54267614631505
1.3482221356881467 103.68656180658024 355.54267614631505
1.3482311527735427 103.68656110332451 355.5426761463152
1.3482401698589315 103.68656040006873 355.5426761463152
1.3482491869443154 103.68655969681289 355.54267614631505
1.3482582040296933 103.68655899355704 355.54267614631505
1.3482672103025957 103.68655817993994 355.40130672446446
1.3482761946070858 103.68655714209468 354.9726456441042
1.3482851789115675 103.68655610424938 354.5439283955454
1.3482941632160406 103.68655506640407 354.11520297803816
1.3483031475205052 103.68655402855869 353.6865173963193
1.3483121318249611 103.68655299071325 353.3992760011782
1.3483208389902086 103.68655084250355 351.94798002819067
1.3483292703130965 103.68654758912544 349.03140453783215
1.3483377016359563 103.68654433574729 346.099573524417
1.3483461329587896 103.68654108236909 343.16776051424625
1.3483545642815957 103.68653782899084 340.25123847285937
1.3483629956043748 103.68653457561255 338.8067528151704
1.3483714269271274 103.68653132223422 338.8067528151719
1.3483798582498525 103.68652806885581 338.8067528151719
1.3483882895725507 103.68652481547738 338.80675281517284
1.3483967208952221 103.6865215620989 338.8067528151695
1.3484051522178662 103.68651830872037 338.8067528151719
1.3484135835404825 103.6865150553418 338.80675281517284
1.3484220148630728 103.68651180196319 338.8067528151719
