644271930
1.3450593391015553 103.68860550436875 46.76885463626604
1.3450655025600393 103.68861201155828 46.76885463626604
1.3450716660185376 103.68861851874786 46.76885463626604
1.3450778294770505 103.68862502593747 46.76885463626604
1.3450839929355778 103.68863153312712 46.76885463626604
1.3450901563941198 103.68863804031679 46.768854636264244
1.345096319852676 103.6886445475065 46.76885463626329
1.345102483311247 103.68865105469625 46.768854636264244
1.3451086467698323 103.68865756188603 46.768854636264244
1.345114810228432 103.68866406907587 46.768854636264244
1.3451209736870462 103.68867057626571 46.76885463626604
1.3451271371456748 103.68867708345559 46.76885463626604
1.3451333006043182 103.68868359064552 46.76885463626604
1.3451394640629757 103.68869009783548 46.76885463626604
1.3451456275216482 103.68869660502547 46.76885463626604
1.3451517909803345 103.68870311221549 46.768854636264244
1.3451579544390355 103.68870961940553 46.768854636264244
1.3451641178977511 103.68871612659564 46.768854636264244
1.345170281356481 103.68872263378577 46.768854636264244
1.3451764448152255 103.68872914097592 46.768854636264244
1.3451826082739842 103.68873564816613 46.76885463626604
1.3451887717327586 103.68874215535637 46.76885463626604
1.345194935191546 103.68874866254663 46.7688546362651
1.3452010986503484 103.68875516973692 46.76885463626604
1.345207262109165 103.68876167692729 46.76885463626604
1.3452134255679964 103.68876818411765 46.768854636264244
1.3452195890268426 103.68877469130805 46.768854636264244
1.3452257524857023 103.68878119849849 46.768854636264244
1.3452319159445771 103.68878770568897 46.768854636264244
1.3452380794034657 103.68879421287947 46.768854636264244
1.34524424286237 103.68880072007 46.76885463626604
1.345250406321288 103.68880722726058 46.76885463626604
1.3452565697802208 103.6888137344512 46.76885463626604
1.3452627332391673 103.68882024164185 46.76885463626604
1.345268896698129 103.68882674883254 46.76885463626604
1.345275060157105 103.68883325602326 46.768854636264244
1.3452812236160954 103.688839763214 46.768854636264244
1.3452873870751003 103.6888462704048 46.768854636264244
1.3452935505341197 103.68885277759563 46.768854636264244
1.3452997139931535 103.68885928478647 46.768854636264244
1.3453058774522018 103.68886579197736 46.76885463626604
1.3453120409112644 103.6888722991683 46.76885463626604
1.3453182043703418 103.68887880635924 46.76885463626604
1.3453243678294335 103.68888531355024 46.7688546362651
1.3453305312885395 103.68889182074128 46.76885463626604
1.3453366947476604 103.68889832793234 46.768854636264244
1.345342858206795 103.68890483512344 46.768854636264244
1.3453490714600507 103.6889112952585 46.68129374282074
1.3453553038089459 103.68891773734799 46.5601524033823
1.3453615361578564 103.68892417943752 46.439010222169955
1.345367768506781 103.68893062152709 46.31786828228439
1.3453740008557207 103.68893706361668 46.19672766680668
1.3453802332046758 103.68894350570632 46.16314893759841
1.3453864655536454 103.68894994779598 46.163148937600226
1.3453926979026298 103.68895638988569 46.16314893759841
1.3453989302516287 103.68896283197542 46.16314893759841
1.345405162600643 103.68896927406516 46.16314893759841
1.3454113949496718 103.68897571615497 46.163148937600226
1.3454176272987155 103.6889821582448 46.16314893759841
1.3454238596477737 103.68898860033468 46.16314893759841
1.3454300919968476 103.68899504242457 46.16314893759841
1.3454363243459357 103.68900148451452 46.163148937600226
1.345442556695039 103.68900792660449 46.16314893759841
1.3454487890441564 103.68901436869449 46.16314893759841
1.3454550213932894 103.68902081078453 46.16314893759841
1.3454612537424366 103.6890272528746 46.163148937600226
1.3454674860915994 103.6890336949647 46.16314893759841
1.3454737184407763 103.68904013705485 46.16314893759841
1.3454799507899684 103.68904657914501 46.16314893759841
1.3454861831391753 103.68905302123521 46.163148937600226
1.3454924154883974 103.68905946332546 46.16314893759746
1.3454986478376338 103.68906590541575 46.16314893759841
1.3455048801868852 103.68907234750606 46.16314893759841
1.3455111125361516 103.6890787895964 46.163148937600226
1.3455173448854325 103.68908523168678 46.16314893759841
1.3455235772347285 103.68909167377717 46.16314893759841
1.345529809584039 103.68909811586764 46.16314893759841
1.345536041933365 103.68910455795812 46.16314893759841
1.3455422742827048 103.68911100004863 46.16314893759841
1.3455485066320607 103.68911744213918 46.16314893759841
1.3455547389814304 103.68912388422976 46.16314893759841
1.3455609713308152 103.68913032632037 46.16314893759841
1.3455672036802147 103.68913676841102 46.163148937600226
1.3455732533151483 103.68914337760371 46.479530982749466
1.3455791994285835 103.68915008147233 46.97527313748752
1.3455851455420316 103.689156785341 47.47107926554452
1.3455910916554932 103.68916348920969 47.96687512195756
1.3455970377689674 103.68917019307841 48.46258647098974
1.3456029838824557 103.68917689694719 48.641832679336666
1.3456089299959566 103.68918360081598 48.641832679335685
1.3456148761094708 103.68919030468481 48.64183267933395
1.3456208222229982 103.68919700855369 48.64183267933395
1.3456267683365393 103.6892037124226 48.641832679335685
1.3456327144500928 103.68921041629153 48.64183267933395
1.3456386605636599 103.68921712016054 48.64183267933395
1.3456446066772398 103.68922382402954 48.641832679335685
1.3456505527908333 103.6892305278986 48.641832679335685
1.3456564989044397 103.6892372317677 48.64183267933494
1.3456624450180599 103.68924393563682 48.641832679336666
1.3456683911316931 103.68925063950599 48.641832679336666
1.3456743372453392 103.68925734337519 48.64183267933494
1.345680283358999 103.68926404724442 48.64183267933494
1.345686229472672 103.6892707511137 48.641832679335685
1.3456921755863578 103.68927745498301 48.641832679335685
1.3456981217000563 103.68928415885237 48.64183267933395
1.3457040678137688 103.68929086272175 48.641832679335685
1.3457100139274942 103.68929756659116 48.641832679335685
1.3457159600412327 103.68930427046062 48.64183267933395
1.345721906154985 103.68931097433013 48.64183267933395
1.3457278522687501 103.68931767819966 48.641832679335685
1.3457337983825282 103.68932438206923 48.641832679335685
1.3457397444963195 103.68933108593882 48.64183267933395
1.3457456906101248 103.68933778980845 48.641832679336666
1.3457516367239424 103.68934449367815 48.641832679336666
1.3457575828377735 103.68935119754785 48.64183267933494
1.3457635289516174 103.6893579014176 48.64183267933494
1.3457694750654747 103.68936460528738 48.641832679336666
1.3457754211793458 103.68937130915721 48.641832679335685
1.3457813672932297 103.68937801302705 48.64183267933395
1.3457873134071265 103.68938471689698 48.641832679335685
1.3457932595210367 103.6893914207669 48.641832679335685
1.3457992056349606 103.68939812463687 48.64183267933395
1.3458051517488971 103.68940482850688 48.64183267933395
1.3458110950287174 103.68941153485696 48.64664473763043
1.3458170369049 103.6894182424354 48.653840051263074
1.3458229787810951 103.68942495001384 48.661035365086114
1.3458289206573038 103.68943165759235 48.668230678869854
1.3458348625335255 103.68943836517089 48.67542599238932
1.3458408044097605 103.68944507274944 48.67780924737388
1.345846746286008 103.68945178032804 48.67780924737289
1.3458534766767372 103.68945769627294 47.250730933311594
1.3458602889156293 103.68946353004594 45.671956253512406
1.3458671011545378 103.68946936381897 44.09175509556091
1.3458739133934647 103.68947519759202 42.51252905825585
1.3458807256324086 103.6894810313651 40.93667086887656
1.3458875378713706 103.68948686513822 40.7887369517624
1.34589435011035 103.68949269891137 40.78873695176326
1.345901162349346 103.68949853268454 40.7887369517624
1.3459079745883609 103.68950436645771 40.7887369517624
1.3459147868273922 103.68951020023096 40.7887369517624
1.3459215990664415 103.6895160340042 40.78873695176326
1.345928411305508 103.68952186777747 40.7887369517624
1.345935223544592 103.68952770155079 40.7887369517624
1.3459420357836938 103.6895335353241 40.788736951764385
1.3459488480228134 103.68953936909747 40.788736951765244
1.34595566026195 103.68954520287086 40.788736951764385
1.3459624725011043 103.68955103664427 40.788736951764385
1.3459692847402758 103.68955687041772 40.788736951764385
1.3459760969794656 103.68956270419119 40.7887369517624
1.345982909218672 103.6895685379647 40.7887369517624
1.3459897214578964 103.6895743717382 40.7887369517624
1.3459965336971382 103.68958020551177 40.7887369517624
1.3460033459363974 103.68958603928536 40.7887369517624
1.3460101581756738 103.68959187305897 40.78873695176326
1.3460169704149685 103.68959770683261 40.7887369517624
1.3460237826542805 103.68960354060626 40.7887369517624
1.34603059489361 103.68960937437996 40.7887369517624
1.3460374071329564 103.68961520815368 40.78873695176326
1.3460442193723212 103.68962104192742 40.7887369517624
1.3460517199682749 103.6896258509205 39.21573096829781
1.3460597557580276 103.68962986315177 36.40072411263742
1.346067791547799 103.68963387538302 33.57286291650759
1.346075827337589 103.6896378876143 30.74586363879382
1.3460838631273977 103.68964189984555 27.933417553885793
1.346091898917225 103.68964591207684 26.711213562858163
1.346099934707071 103.68964992430814 26.711213562858745
1.3461079704969359 103.68965393653944 26.711213562858745
1.3461160062868196 103.68965794877074 26.711213562858163
1.3461240420767222 103.68966196100205 26.711213562858745
1.346132077866643 103.68966597323336 26.711213562858745
1.346140113656583 103.68966998546469 26.711213562858163
1.3461481494465417 103.68967399769602 26.711213562858745
1.3461561852365191 103.68967800992736 26.711213562858745
1.3461642210265155 103.68968202215872 26.71121356285582
1.3461722568165302 103.68968603439008 26.71121356285582
1.3461802926065634 103.68969004662144 26.711213562856404
1.3461883283966156 103.68969405885278 26.71121356285582
1.3461968350904452 103.6896969393275 25.14218637658388
1.34620537650897 103.68969973634591 23.453083506462068
1.3462139179275099 103.68970253336431 21.762308063009865
1.3462224593460657 103.68970533038271 20.072801518814146
1.3462310007646365 103.68970812740109 18.387492137116034
1.346239542183223 103.68971092441947 18.27197873962997
1.3462480836018247 103.68971372143785 18.27197873962707
1.3462566690125897 103.6897163031094 17.991988234634288
1.3462656320509059 103.68971703624909 15.294662914656449
1.3462745950892268 103.68971776938874 12.580420062351124
1.3462835581275527 103.68971850252836 9.861342565703149
1.3462925211658823 103.68971923566797 7.1496427258193185
1.3463014842042158 103.68971996880754 4.737001785866473
1.346310447242555 103.68972070194708 4.737001785866473
1.3463194102808982 103.68972143508661 4.737001785866473
1.3463284010338705 103.68972154405236 3.935983708126776
1.346337394229378 103.68972159800865 3.0637681056511195
1.346346387424885 103.68972165196487 2.1913175198406405
1.3463553806203918 103.68972170592112 1.319036414275516
1.3463643738158986 103.68972175987729 0.4473287814510433
1.3463733670114053 103.68972181383343 0.37676343421949143
1.3463823602069116 103.68972186778954 0.37676343421687064
1.346391353402417 103.68972192174564 0.37676343421687064
1.346400346597923 103.6897219757017 0.37676343421949143
1.3464093397934283 103.68972202965772 0.37676343421949143
1.3464183329889334 103.6897220836137 0.37676343421687064
1.346427326184438 103.68972213756966 0.37676343421950415
1.3464363193799431 103.68972219152559 0.37676343421949143
1.346445312575447 103.68972224548149 0.37676343421688335
1.3464543057709515 103.68972229943736 0.37676343421687064
1.3464632989664551 103.6897223533932 0.37676343421950415
1.3464722921619585 103.689722407349 0.37676343421687064
1.3464812853574621 103.68972246130477 0.37676343421687064
1.346490278552965 103.68972251526051 0.37676343421949143
1.3464992717484678 103.68972256921622 0.37676343421949143
1.3465082649439704 103.68972262317189 0.37676343421687064
1.3465172581365827 103.68972262199131 0.30605713215222535
1.3465262513263785 103.68972256710494 0.16647660764808792
1.3465352445161745 103.68972251221852 0.02689443723340317
1.346544237705968 103.68972245733207 359.8873122777058
1.346553230895761 103.68972240244558 359.7477317858648
1.346562224085553 103.68972234755906 359.67885985762007
1.3465712172753441 103.68972229267253 359.67885985762007
1.3465802104651339 103.68972223778593 359.67885985762007
1.3465892036549227 103.68972218289935 359.67885985762007
1.3465981968447105 103.68972212801268 359.67885985762007
1.3466071900344971 103.689722073126 359.67885985761745
1.3466161832242833 103.6897220182393 359.67885985762007
1.3466251764140678 103.68972196335255 359.67885985762007
1.3466341696038513 103.68972190846578 359.67885985762007
1.3466431627936337 103.68972185357899 359.67885985762007
1.3466521559834155 103.68972179869213 359.67885985762007
1.3466611491731957 103.68972174380526 359.67885985761745
1.3466701423629757 103.68972168891834 359.67885985761745
1.3466791355527539 103.68972163403143 359.67885985762007
1.3466881287425314 103.68972157914445 359.67885985762007
1.3466971219323076 103.68972152425745 359.67885985762007
1.346706115122083 103.68972146937043 359.67885985762007
1.3467151083118571 103.68972141448333 359.67885985762007
1.34672410150163 103.68972135959623 359.67885985761745
1.3467330946914022 103.68972130470911 359.67885985762007
1.346742087881174 103.68972124982196 359.67885985762007
1.3467510810709433 103.68972119493475 359.67885985762007
1.3467600742607126 103.68972114004754 359.67885985762007
1.3467690674504809 103.68972108516027 359.67885985762007
1.3467780606402475 103.68972103027296 359.67885985761745
1.3467870537615072 103.689720973827 359.67686053954577
1.3467960175305491 103.68972024956074 358.81780924843264
1.3468049812995848 103.68971952529446 357.9581786392752
1.346813945068614 103.68971880102815 357.0983553515821
