701832758
1.3414847861994423 103.6841589774333 52.7471736248924
1.3414902651565297 103.68416612766543 52.7471736248924
1.3414957441136273 103.68417327789759 52.74717362489161
1.3415012230707355 103.68418042812979 52.74717362489108
1.341506702027854 103.68418757836203 52.74717362489161
1.341512180984983 103.68419472859432 52.74717362489161
1.3415176599421221 103.68420187882664 52.74717362489161
1.3415231388992717 103.684209029059 52.7471736248924
1.3415286178564314 103.6842161792914 52.7471736248924
1.3415340968136018 103.68422332952385 52.7471736248924
1.3415395757707822 103.68423047975632 52.74717362489187
1.3415450547279735 103.68423762998887 52.74717362489161
1.341550533685174 103.68424478022142 52.74717362489161
1.3415560126423853 103.68425193045402 52.74717362489161
1.3415614915996075 103.68425908068667 52.74717362489161
1.3415669705568394 103.68426623091938 52.74717362489161
1.3415724495140817 103.68427338115211 52.7471736248924
1.341577928471335 103.68428053138487 52.7471736248924
1.3415834074285977 103.68428768161768 52.7471736248924
1.3415888863858711 103.68429483185052 52.7471736248924
1.3415943653431552 103.68430198208341 52.74717362489161
1.341599844300449 103.68430913231634 52.74717362489161
1.3416053232577536 103.68431628254932 52.74717362489108
1.341610802215068 103.68432343278234 52.74717362489161
1.341616281172393 103.68433058301538 52.74717362489161
1.3416217601297287 103.68433773324847 52.7471736248924
1.3416272390870745 103.6843448834816 52.7471736248924
1.3416327180444303 103.68435203371477 52.7471736248924
1.3416381970017968 103.68435918394799 52.7471736248924
1.3416436759591734 103.68436633418125 52.74717362489187
1.3416491549165603 103.68437348441455 52.74717362489161
1.341654633873958 103.6843806346479 52.74717362489161
1.3416601128313652 103.68438778488127 52.74717362489161
1.3416655917887832 103.68439493511468 52.74717362489161
1.3416710707462116 103.68440208534814 52.74717362489161
1.34167654970365 103.68440923558163 52.7471736248924
1.3416820286610986 103.68441638581518 52.7471736248924
1.341687507618558 103.68442353604874 52.7471736248924
1.3416929865760279 103.68443068628237 52.7471736248924
1.3416984655335078 103.68443783651604 52.74717362489161
1.341703944490998 103.68444498674972 52.74717362489161
1.341709423448498 103.68445213698348 52.74717362489108
1.341714902406009 103.68445928721727 52.74717362489161
1.3417203813635303 103.68446643745108 52.74717362489161
1.3417258603210618 103.68447358768493 52.7471736248924
1.3417313392786034 103.68448073791885 52.7471736248924
1.341736818236155 103.68448788815279 52.7471736248924
1.3417422971937178 103.68449503838677 52.7471736248924
1.3417477761512908 103.68450218862078 52.74717362489108
1.3417532551088736 103.68450933885485 52.74717362489161
1.3417587645647873 103.6845164657135 52.69837426382751
1.341764334270934 103.68452354639338 52.55316807786134
1.341769903977092 103.6845306270733 52.40795972080033
1.3417754736832606 103.68453770775325 52.262751057963236
1.3417810433894408 103.68454478843324 52.117543954685885
1.3417866130956315 103.68455186911329 52.02113911058064
1.341792182801833 103.68455894979337 52.02113911058145
1.3417977525080456 103.68456603047349 52.02113911058145
1.341803322214269 103.68457311115364 52.02113911058145
1.3418088919205038 103.68458019183385 52.02113911058145
1.3418144616267493 103.68458727251408 52.02113911058145
1.3418200313330049 103.68459435319436 52.02113911058145
1.3418256010392726 103.68460143387465 52.02113911058064
1.3418311707455504 103.68460851455502 52.02113911058064
1.3418367404518394 103.68461559523541 52.02113911058013
1.3418423101581396 103.68462267591585 52.02113911058145
1.3418478798644504 103.68462975659634 52.02113911058093
1.3418534495707723 103.68463683727683 52.02113911058145
1.3418590192771047 103.6846439179574 52.02113911058145
1.3418645889834486 103.684650998638 52.02113911058145
1.3418701586898036 103.68465807931862 52.02113911058064
1.3418757283961686 103.6846651599993 52.02113911058115
1.3418812981025452 103.68467224068002 52.02113911058145
1.341886867808932 103.68467932136076 52.02113911058145
1.3418924375153305 103.68468640204156 52.02113911058145
1.3418980072217401 103.6846934827224 52.02113911058145
1.3419035769281598 103.68470056340327 52.02113911058093
1.3419091466345912 103.6847076440842 52.02113911058064
1.3419147163410334 103.68471472476514 52.02113911058064
1.341920286047486 103.68472180544613 52.02113911058064
1.3419258557539497 103.68472888612717 52.02113911058145
1.3419314254604242 103.68473596680823 52.02113911058145
1.3419369951669096 103.68474304748936 52.02113911058145
1.3419425648734065 103.68475012817053 52.02113911058093
1.341948134579914 103.68475720885169 52.02113911058145
1.3419537042864325 103.68476428953294 52.02113911058064
1.3419592739929616 103.68477137021421 52.02113911058064
1.341964843699502 103.68477845089554 52.02113911058145
1.3419704134060528 103.68478553157688 52.02113911058145
1.341975983112615 103.68479261225826 52.02113911058145
1.3419815528191883 103.6847996929397 52.02113911058093
1.3419871225257718 103.68480677362118 52.02113911058145
1.3419926922323666 103.6848138543027 52.02113911058064
1.341998261938972 103.68482093498426 52.02113911058064
1.3420038316455887 103.68482801566583 52.02113911058064
1.3420094013522164 103.68483509634747 52.02113911058145
1.3420149710588547 103.68484217702914 52.02113911058145
1.3420205407655046 103.68484925771085 52.02113911058145
1.3420261104721642 103.68485633839262 52.02113911058145
1.3420316801788355 103.68486341907442 52.02113911058145
1.342037249885518 103.68487049975623 52.02113911058064
1.3420428195922107 103.68487758043811 52.02113911058064
1.3420483892989148 103.68488466112001 52.02113911058145
1.342053959005629 103.68489174180198 52.02113911058145
1.3420595287123553 103.68489882248396 52.02113911058145
1.3420650984190923 103.68490590316601 52.02113911058145
1.3420706681258396 103.68491298384808 52.02113911058145
1.3420762378325983 103.68492006453019 52.02113911058013
1.3420818075393675 103.68492714521233 52.02113911058064
1.342087377246148 103.68493422589452 52.02113911058064
1.342092946952939 103.68494130657676 52.02113911058064
1.3420985166597412 103.68494838725903 52.02113911058145
1.3421040863665543 103.68495546794135 52.02113911058145
1.3421096560733783 103.68496254862369 52.02113911058145
1.3421152257802134 103.68496962930608 52.02113911058093
1.3421207954870586 103.6849767099885 52.02113911058145
1.3421263651939157 103.684983790671 52.02113911058064
1.3421319349007836 103.6849908713535 52.02113911058064
1.3421375046076622 103.68499795203604 52.02113911058064
1.3421430743145513 103.68500503271864 52.02113911058145
1.3421486440214512 103.68501211340127 52.02113911058145
1.3421542137283629 103.68501919408394 52.02113911058145
1.3421597834352852 103.68502627476666 52.02113911058145
1.3421653531422177 103.6850333554494 52.02113911058145
1.3421709228491618 103.6850404361322 52.02113911058064
1.3421764925561166 103.68504751681503 52.02113911058064
1.3421820622630825 103.6850545974979 52.02113911058064
1.3421876319700594 103.68506167818082 52.02113911058145
1.3421932016770466 103.68506875886375 52.02113911058145
1.3421987713840455 103.68507583954676 52.02113911058145
1.3422043410910547 103.68508292022977 52.02113911058145
1.3422099107980752 103.68509000091285 52.02113911058093
1.3422154805051063 103.68509708159597 52.02113911058064
1.3422210502121483 103.6851041622791 52.02113911058064
1.3422266199192017 103.6851112429623 52.02113911058145
1.3422321896262652 103.68511832364553 52.02113911058145
1.3422377593333403 103.6851254043288 52.02113911058145
1.3422433290404259 103.6851324850121 52.02113911058145
1.3422488987475223 103.68513956569547 52.02113911058145
1.34225446845463 103.68514664637884 52.02113911058064
1.3422600381617484 103.68515372706229 52.02113911058064
1.342265607868878 103.68516080774575 52.02113911058064
1.342271177576018 103.68516788842925 52.02113911058145
1.3422767472831696 103.68517496911281 52.02113911058093
1.3422823169903315 103.6851820497964 52.02113911058145
1.3422878866975045 103.68518913048003 52.02113911058145
1.3422934564046882 103.68519621116369 52.02113911058145
1.342299026111883 103.6852032918474 52.02113911058064
1.3423045958190887 103.68521037253116 52.02113911058064
1.3423101655263054 103.68521745321495 52.02113911058145
1.3423157352335326 103.68522453389878 52.02113911058093
1.3423213049407714 103.68523161458263 52.02113911058145
1.3423268746480206 103.68523869526655 52.02113911058145
1.3423324443552804 103.68524577595048 52.02113911058145
1.342338014062552 103.68525285663449 52.02113911058064
1.3423435837698339 103.68525993731849 52.02113911058064
1.3423491534771266 103.68526701800258 52.02113911058064
1.3423547231844306 103.68527409868669 52.02113911058064
1.3423602928917449 103.68528117937083 52.02113911058145
1.3423658625990704 103.68528826005502 52.02113911058093
1.3423714323064067 103.68529534073924 52.02113911058145
1.3423770020137542 103.68530242142351 52.02113911058145
1.3423825717211124 103.68530950210781 52.02113911058093
1.342388141428482 103.68531658279217 52.02113911058064
1.3423937111358621 103.68532366347657 52.021139110581956
1.342399280843253 103.68533074416099 52.02113911058145
1.3424048505506547 103.68533782484545 52.02113911058145
1.3424104202580673 103.68534490552996 52.02113911058145
1.342415989965491 103.6853519862145 52.02113911058145
1.3424215596729259 103.6853590668991 52.02113911058064
1.3424271293803713 103.68536614758372 52.02113911058064
1.3424326990878275 103.68537322826838 52.02113911058064
1.3424382687952947 103.6853803089531 52.02113911058064
1.3424438385027728 103.68538738963784 52.02113911058145
1.3424494082102618 103.68539447032262 52.02113911058093
1.3424549779177617 103.68540155100747 52.02113911058145
1.3424605476252727 103.68540863169233 52.02113911058145
1.3424661173327939 103.68541571237724 52.02113911058145
1.3424716870403273 103.68542279306219 52.02113911058064
1.3424772567478707 103.68542987374717 52.02113911058145
1.3424828264554245 103.68543695443219 52.02113911058145
1.3424883961629899 103.68544403511726 52.02113911058145
1.3424940121989613 103.68545107890829 51.94592178824258
1.3424997550024649 103.68545802174681 51.66487166831782
1.3425054978059805 103.68546496458539 51.38380487875658
1.3425112406095083 103.68547190742397 51.10273494599867
1.3425169834130481 103.68547885026263 50.82167539738744
1.3425227262165995 103.68548579310131 50.61585465767863
1.342528469020164 103.68549273594003 50.6158546576778
1.3425342118237398 103.68549967877878 50.61585465767863
1.3425399546273276 103.68550662161759 50.6158546576773
1.3425456974309273 103.68551356445643 50.61585465767863
1.3425514402345395 103.68552050729531 50.61585465767812
1.342557183038163 103.6855274501342 50.61585465767863
1.3425629258417995 103.68553439297317 50.6158546576773
1.342568668645447 103.68554133581215 50.615854657679456
1.3425744114491072 103.68554827865118 50.61585465767863
1.342580154252779 103.68555522149025 50.6158546576778
1.3425858970564628 103.68556216432935 50.615854657678945
1.3425916398601592 103.68556910716852 50.615854657679456
1.3425973826638673 103.6855760500077 50.6158546576778
1.342603125467587 103.68558299284692 50.6158546576773
1.3426088682713193 103.68558993568617 50.615854657679456
1.3426146110750636 103.68559687852547 50.6158546576778
1.3426203538788197 103.68560382136482 50.6158546576778
1.342626096682588 103.6856107642042 50.6158546576773
1.3426318394863679 103.68561770704362 50.615854657679456
1.3426375822901602 103.68562464988307 50.6158546576773
1.3426433250939642 103.68563159272256 50.6158546576778
1.3426490678977807 103.68563853556209 50.615854657678945
1.3426548107016087 103.68564547840167 50.615854657679456
1.3426605535054492 103.68565242124129 50.6158546576778
1.3426662963093015 103.68565936408093 50.6158546576778
1.3426720391131655 103.68566630692061 50.615854657678945
1.342677781917042 103.68567324976034 50.6158546576778
1.3426835247209306 103.68568019260012 50.6158546576778
1.3426892675248303 103.6856871354399 50.6158546576773
1.342695010328743 103.68569407827975 50.615854657679456
1.3427007531326671 103.68570102111964 50.6158546576778
1.3427064959366037 103.68570796395954 50.6158546576778
1.3427122387405521 103.68571490679952 50.615854657678945
1.342717981544512 103.6857218496395 50.615854657679456
1.3427237243484849 103.68572879247955 50.6158546576773
1.3427294671524694 103.68573573531964 50.6158546576778
1.3427352099564658 103.68574267815974 50.615854657678945
1.3427409527604741 103.68574962099989 50.6158546576778
1.3427466955644949 103.68575656384009 50.6158546576773
1.3427524383685272 103.6857635066803 50.615854657679456
1.3427581811725713 103.68577044952059 50.615854657678945
1.3427639239766278 103.68577739236089 50.6158546576778
1.3427696667806965 103.68578433520125 50.6158546576773
1.3427754095847768 103.68579127804163 50.615854657679456
1.3427811523888695 103.68579822088205 50.6158546576778
1.3427868951929738 103.6858051637225 50.6158546576778
1.3427926379970907 103.68581210656302 50.615854657679456
1.3427983808012192 103.68581904940355 50.615854657679456
1.3428041236053596 103.68582599224413 50.6158546576778
1.3428098664095123 103.68583293508475 50.6158546576773
1.342815609213677 103.6858398779254 50.615854657679456
1.3428213520178534 103.68584682076609 50.6158546576773
1.3428270948220418 103.68585376360684 50.6158546576778
1.3428328376262422 103.6858607064476 50.6158546576773
1.342838580430455 103.68586764928843 50.615854657679456
1.3428443232346796 103.68587459212928 50.6158546576773
1.342850066038916 103.68588153497015 50.6158546576778
1.342855808843165 103.68588847781108 50.615854657678945
1.342861551647426 103.68589542065205 50.615854657679456
1.3428672944516982 103.68590236349306 50.6158546576773
1.342873037255983 103.6859093063341 50.6158546576778
1.3428787800602795 103.68591624917516 50.615854657679456
1.342884522864588 103.68592319201629 50.6158546576778
1.3428902656689088 103.68593013485746 50.6158546576778
1.342896008473242 103.68593707769865 50.6158546576778
1.3429017512775858 103.68594402053989 50.615854657678945
1.3429074940819428 103.68595096338116 50.6158546576778
1.3429132368863117 103.68595790622248 50.6158546576773
1.3429189796906924 103.68596484906384 50.615854657678945
1.3429247224950849 103.68597179190522 50.615854657679456
1.3429304652994896 103.68597873474666 50.6158546576778
1.3429362081039067 103.68598567758812 50.6158546576773
1.3429419509083353 103.68599262042963 50.61585465767996
1.3429476937127756 103.68599956327117 50.6158546576778
1.3429534365172284 103.68600650611278 50.6158546576773
1.3429591793216933 103.68601344895438 50.61585465767996
1.34296492212617 103.68602039179605 50.61585465767996
1.3429706649306588 103.68602733463776 50.6158546576773
1.3429764077351594 103.6860342774795 50.6158546576773
1.3429821505396722 103.68604122032127 50.615854657678945
1.342987893344197 103.68604816316311 50.6158546576773
1.3429936361487333 103.68605510600494 50.6158546576773
1.3429993789532821 103.68606204884685 50.615854657678945
1.3430051217578427 103.68606899168878 50.615854657678945
1.3430108645624157 103.68607593453076 50.615854657678305
1.343016607367 103.68608287737277 50.6158546576773
1.3430223501715972 103.68608982021482 50.615854657678945
1.3430280929762057 103.68609676305691 50.615854657678305
1.343033835780826 103.68610370589903 50.615854657678305
1.3430395785854592 103.6861106487412 50.6158546576773
1.343045321390104 103.6861175915834 50.615854657678945
1.3430510641947606 103.68612453442564 50.6158546576773
1.343056806999429 103.68613147726793 50.6158546576773
1.3430625498041102 103.68613842011025 50.615854657678945
1.3430682926088024 103.6861453629526 50.615854657678945
1.3430740354135073 103.68615230579502 50.615854657678305
1.343079778218224 103.68615924863745 50.615854657678305
1.3430855210229526 103.68616619147993 50.615854657678945
1.343091263827693 103.68617313432244 50.6158546576773
1.3430970066324461 103.686180077165 50.615854657678305
1.343102749437211 103.68618702000758 50.6158546576773
1.3431084922419874 103.68619396285023 50.615854657678945
1.3431142350467762 103.68620090569289 50.6158546576773
1.3431199778515768 103.68620784853559 50.615854657678305
1.3431257206563896 103.68621479137835 50.615854657678945
1.3431314573739859 103.68622173917038 50.625819802899414
1.3431371705296957 103.6862287061195 50.67435722333628
1.3431428836854178 103.68623567306864 50.72289473396885
1.3431485968411514 103.68624264001785 50.7714322651302
1.3431543166527686 103.68624960153431 50.80905659075856
1.3431600861928505 103.68625652246068 50.75517927953578
1.3431658557329447 103.68626344338708 50.662729038843416
1.3431716252730506 103.68627036431351 50.57027861427534
1.343177394813169 103.68627728523998 50.477828487236515
1.3431831643532992 103.6862842061665 50.39629223989974
1.343188933893442 103.68629112709307 50.39629223989974
1.3431947245920821 103.68629803051306 50.3614080840698
1.3432005308328483 103.68630492107346 50.30089933786831
1.3432063370736265 103.68631181163391 50.240390467022145
1.3432121433144175 103.68631870219441 50.17988160650278
1.3432179495552206 103.68632559275494 50.119372891283604
1.343223755796036 103.6863324833155 50.09374850001039
1.343229562036864 103.68633937387612 50.0937485000094
1.3432353682777043 103.68634626443675 50.09374850001039
1.343241174518557 103.68635315499743 50.0937485000094
1.3432469807594218 103.68636004555816 50.09374850001039
1.3432527870002995 103.68636693611892 50.0937485000094
1.3432585932411891 103.68637382667973 50.09374850001039
1.3432643994820919 103.68638071724055 50.0937485000094
1.3432702057230066 103.68638760780141 50.09374850001039
1.343276011963933 103.68639449836233 50.09374850000772
1.343281818204873 103.68640138892329 50.09374850000873
1.3432876244458247 103.68640827948428 50.09374850000772
1.3432934306867885 103.6864151700453 50.09374850000873
1.3432992369277654 103.68642206060638 50.09374850000772
1.3433050431687545 103.68642895116749 50.09374850001039
1.3433108494097556 103.68643584172862 50.0937485000094
1.3433166556507696 103.6864427322898 50.09374850001039
1.3433224618917956 103.68644962285101 50.0937485000094
1.3433282681328342 103.68645651341227 50.09374850001039
1.343334074373885 103.68646340397356 50.0937485000094
1.3433398806149481 103.6864702945349 50.09374850001039
1.343345686856024 103.68647718509628 50.09374850001039
1.343351493097112 103.68648407565767 50.09374850001039
1.3433572993382128 103.68649096621913 50.0937485000094
1.3433631055793258 103.68649785678062 50.09374850001039
1.3433689118204513 103.68650474734214 50.0937485000094
1.3433747180615883 103.6865116379037 50.0937485000094
1.3433805243027386 103.6865185284653 50.09374850000873
1.3433863305439009 103.68652541902694 50.09374850000873
