33571493
1.3698311173742304 103.87614948262147 106.97328376819357
1.3698297585653594 103.87615391342791 106.97328376819326
1.3698276727778629 103.8761607147675 106.97328376819326
1.369826055998328 103.87616598676503 106.97328376819326
1.3698241714015749 103.87617213206133 106.97328376819326
1.3698216065866762 103.87618049541402 106.97328376819348
1.3698198252256792 103.87618630407881 106.97328376819357
1.3698180302397154 103.87619215717187 106.97328376819326
1.369816132585863 103.87619834504447 106.97328376819326
1.3698136479529857 103.87620644693905 106.97328376819326
1.3698116658329453 103.87621291023893 106.97328376819317
1.369809551050862 103.87621980612332 106.97328376819326
1.3698075518296962 103.8762263251864 106.97328376819317
1.3698061225118439 103.87623098590794 106.97328376819317
1.3698047677432823 103.876235403539 106.97328376819326
1.369802423457908 103.87624304778768 106.97328376819326
1.369800189253615 103.87625033308372 106.97328376819326
1.3697980546924495 103.87625729346321 106.97328376819326
1.3697965943363521 103.87626205539401 106.97328376819317
1.3697943957704 103.87626922448021 106.97328376819326
1.3697925888132703 103.8762751166079 106.97328376819326
1.3697906459270126 103.87628145197333 106.97328376819348
1.3697888485306045 103.87628731292526 106.97328376819326
1.3697870227033975 103.87629326658427 106.97328376819317
1.369784939189858 103.87630006050706 106.97328376819326
1.3697829341329484 103.87630659859828 106.97328376819326
1.369780413784898 103.87631481695118 106.97328376819348
1.3697786532710996 103.87632055763586 106.97328376819326
1.3697765807774018 103.87632731562475 106.97328376819326
1.3697743686329242 103.87633452898689 106.97328376819326
1.3697718124855918 103.87634286407365 106.97328376819335
1.3697693449139596 103.87635091033256 106.97328376819317
1.3697678200211227 103.8763558827039 106.97328376819348
1.3697651922893292 103.87636445121294 106.97328376819317
1.3697625966743616 103.87637291499526 106.97328376819317
1.3697605965867776 103.87637978409005 106.84411391670766
1.3697583990022721 103.87638743134781 106.66502541522755
1.3697571417985628 103.87639180622429 106.56256972999321
1.369754813979084 103.87639990667961 106.37286321830169
1.3697527424656106 103.8764071152292 106.20404608489083
1.3697510255210914 103.87641308993304 106.06412774817515
1.3697486395083398 103.8764213928917 105.96238450847596
1.3697469488718599 103.87642727604742 105.96238450847582
1.369745309627214 103.87643298036738 105.96238450847596
1.3697428857731098 103.87644141500778 105.96238450847615
1.369741028940418 103.87644787650056 105.96238450847615
1.3697386087327648 103.87645629845161 105.96238450847615
1.3697366919226686 103.87646296865637 105.96238450847564
1.3697351918037883 103.87646818883961 105.96238450847615
1.3697335998888 103.87647372845915 105.96238450847582
1.3697316412417453 103.87648054424983 105.96238450847615
1.3697298973231469 103.8764866128184 105.96238450847615
1.3697282916560929 103.87649220029282 105.96238450847564
1.3697265139217574 103.87649838653479 105.96238450847615
1.3697240438810172 103.87650698189647 105.96238450847615
1.3697225728072373 103.87651210100675 105.96238450847582
1.3697209545425628 103.87651773231862 105.96238450847615
1.369718933755133 103.87652476434762 105.96238450847582
1.3697176104141482 103.87652936937036 105.96238450847615
1.369715156764505 103.87653790769296 105.96238450847615
1.369713625972058 103.87654323461467 105.96238450847596
1.3697120440173498 103.87654873957311 105.96238450847615
1.3697095695481918 103.87655735034406 105.96238450847615
1.3697080520466651 103.8765626310152 105.96238450847582
1.3697064993363466 103.87656803420747 105.96238450847615
