173791973
1.3705594325933828 103.8743674889568 116.20062685119669
1.3705556559287302 103.87437512382778 116.20062685119672
1.3705533230402127 103.87437983997395 116.20062685119672
1.3705501788518673 103.87438619623642 116.20062685119672
1.3705471797290558 103.87439225923565 116.20062685119669
1.3705440538368905 103.8743985785106 116.20062685119669
1.3705414528298228 103.87440383668259 116.20062685119638
1.370537995461609 103.87441082606632 116.20062685119669
1.3705358366065898 103.87441519038772 116.20062685119669
1.3705323702053847 103.87442219803233 116.20062685119669
1.3705299286989956 103.87442713375903 116.20062685119669
1.3705260952653615 103.87443488339285 116.20062685119672
1.3705228950612673 103.87444135289564 116.20062685119669
1.3705190095909905 103.87444920772606 116.20062685119669
1.3705165137633846 103.87445425326779 116.20062685119672
1.3705131226754115 103.87446110865942 116.20062685119669
1.370510229669096 103.87446695713378 116.20062685119672
1.370507648793271 103.87447217460804 116.20062685119672
1.3705053172084716 103.87447688811785 116.20062685119669
1.370502670755045 103.87448223816307 116.20062685119672
1.3705001945045314 103.87448724412766 116.20062685119672
1.3704962562453742 103.87449520567498 116.20062685119672
1.370492907432796 103.87450197560261 116.20062685119669
1.3704893601993087 103.87450914665597 116.20062685119669
1.370486975832119 103.87451396686988 116.20062685119672
1.3704838640987962 103.87452025752012 116.20062685119672
1.3704803274674333 103.8745274071401 116.20062685119672
1.3704783331790966 103.87453143877421 116.20062685119677
1.3704744692297837 103.87453925009687 116.20062685119638
1.3704704881635594 103.87454729818185 116.20062685119669
1.3704667025957136 103.87455495104908 116.20062685119669
1.3704635709957214 103.87456128186116 116.20062685119669
1.3704604334881956 103.87456762461579 116.20062685119669
1.3704566199011157 103.87457533412618 116.20062685119672
1.370454235920262 103.87458015355851 116.20062685119669
1.370451808810449 103.87458506017991 116.20062685119669
1.3704492452406036 103.87459024266752 116.20062685119669
1.3704456712566635 103.87459746779827 116.20062685119638
1.370442207309204 103.87460447048025 116.20062685119669
1.3704393359775073 103.874610275136 116.20062685119669
1.370437091662778 103.87461481222041 116.20062685119672
1.3704350961249907 103.8746188463798 116.20062685119665
1.3704314131967068 103.874626291751 116.20062685119669
1.3704287348169475 103.87463170633681 116.20062685119669
1.3704258587040907 103.87463752065786 116.20062685119677
1.370422082179398 103.87464515524236 116.20062685119669
1.3704199336228384 103.87464949874276 116.20062685119669
1.3704161115789488 103.87465722534827 116.20062685119662
1.370413710123086 103.87466208010724 116.20062685119669
1.3704108544010647 103.87466785320608 116.20062685119677
1.3704074403948 103.87467475492662 116.20062685119669
1.370404383695771 103.87468093431838 116.20062685119662
1.3704005406210662 103.87468870343918 116.20062685119669
1.3703968800184727 103.8746961036761 116.20062685119669
1.3703935606066644 103.87470281416512 116.20062685119669
1.3703898850023344 103.87471024472923 116.20062685119669
1.3703866045033646 103.87471747608667 115.8627649287028
1.370383880061272 103.87472367312289 115.4742180792578
1.3703806555970839 103.87473100751295 115.0142964949266
1.3703775079296154 103.87473816722056 114.56531566213765
1.3703755599177392 103.87474259818266 114.28747059455112
1.370371952213349 103.87475080429347 113.77299084577083
1.370369713097963 103.87475589740166 113.62357425513687
1.3703665464225558 103.87476310034455 113.62357425513687
1.3703629658157788 103.87477124481862 113.62357425513687
1.3703602872198375 103.87477733757227 113.62357425513694
1.3703574542811305 103.87478378139501 113.62357425513659
1.3703539989678322 103.87479164087536 113.62357425513694
1.3703512566982672 103.87479787846125 113.62357425513694
1.37034905798306 103.87480287967448 113.62357425513687
1.3703469642177943 103.8748076421678 113.62357425513687
1.3703437334680701 103.87481499085393 113.62357425513687
1.370340422077604 103.87482252296597 113.62357425513694
1.3703372623328458 103.87482971014352 113.62357425513687
1.3703342077429719 103.87483665813497 113.62357425513694
1.3703317048850028 103.8748423511531 113.62357425513659
1.3703297900571545 103.87484670663379 113.62357425513659
1.3703277817606738 103.87485127471885 113.62357425513687
1.370324540491593 103.87485864733183 113.62357425513694
1.370321457688112 103.87486565949777 113.62357425513687
1.3703190429624366 103.87487115204932 113.62357425513687
1.3703155773131048 103.87487903503889 113.62357425513687
1.37031340318271 103.87488398033064 113.62357425513687
1.370310721767466 103.87489007949587 113.62357425513687
1.370308582501809 103.87489494548396 113.62357425513687
1.370306368072132 103.8748999824406 113.62357425513687
1.370304378067148 103.87490450891927 113.62357425513687
1.370302324862043 103.87490917915333 113.62357425513687
1.3703004450210945 103.87491345505208 113.62357425513687
1.3702973259168953 103.8749205497872 113.62357425513694
1.3702948236916255 103.87492624136539 113.62357425513687
1.3702921723425432 103.87493227214148 113.62357425513687
1.3702896312437127 103.8749380521416 113.62357425513687
1.3702862298295242 103.87494578902057 113.62357425513694
1.3702843598904177 103.87495004239626 113.62357425513694
1.370280898944971 103.87495791468528 113.62357425513687
1.3702777160151225 103.87496515459809 113.62357425513682
1.3702758507607637 103.87496939731768 113.62357425513687
1.3702723572112339 103.8749773437679 113.62357425513694
1.3702691249973717 103.87498469578219 113.62357425513694
1.3702665010200987 103.8749906642976 113.62357425513687
1.3702645786469543 103.87499503693977 113.62357425513682
1.3702609813539888 103.87500321936507 113.62357425513694
1.3702577158525924 103.87501064709508 113.62357425513694
1.3702553329341116 103.87501606729639 113.62357425513694
1.3702534846316938 103.87502027145662 113.62357425513687
1.3702499974661555 103.87502820338504 113.62357425513687
1.370247147012661 103.87503468704423 113.62357425513687
1.3702445187956769 103.87504066520279 113.62357425513694
1.3702414707972852 103.87504759819865 113.62357425513694
1.3702389831829123 103.87505325654153 113.62357425513659
1.370236216025669 103.87505955073424 113.62357425513687
1.3702331727601802 103.8750664729644 113.62357425513687
1.370231251733571 103.87507084254314 113.62357425513687
1.3702285760645934 103.87507692863592 113.62357425513687
1.3702251698848251 103.87508467635287 113.62357425513663
1.3702221557895646 103.87509153223193 113.62357425513663
1.3702200039579 103.87509642680102 113.62357425513687
1.370217332926948 103.87510250234385 113.62357425513682
1.3702143871498829 103.87510920282574 113.62357425513694
1.3702111410049476 103.87511658652609 113.62357425513682
1.370207603822508 103.87512463222191 113.62357425513687
1.3702046874720795 103.87513126576955 113.62357425513659
1.370202153832119 103.87513702880167 113.62357425513682
1.3701994788909435 103.8751431132383 113.62357425513687
1.3701973733736104 103.8751479024601 113.62357425513687
1.370195388968287 103.8751524161998 113.62357425513687
1.3701932073723195 103.87515737847045 113.62357425513687
1.370190476006089 103.8751635912516 113.62357425513702
1.370187427766672 103.87517052479424 113.62357425513663
1.3701839808542462 103.87517836516064 113.62357425513687
1.3701812143029244 103.87518465797376 113.62357425513687
1.3701785634142842 103.87519068769986 113.62357425513687
1.3701761646069726 103.87519614404029 113.62357425513675
1.370172639501501 103.87520416226467 113.62357425513659
1.3701699122248656 103.87521036574311 113.62357425513659
1.370167964413395 103.87521479624576 113.62357425513702
1.3701660786730203 103.8752190855611 113.62357425513687
1.3701642178423772 103.87522331821661 113.62357425513687
1.370160907314144 103.87523084836208 113.62357425513675
1.3701581095724873 103.87523721212035 113.62357425513687
1.3701561855858564 103.87524158843067 113.62357425513702
1.3701532874265028 103.87524818059944 113.62357425513687
1.370150097025197 103.87525543750323 113.62357425513687
1.3701473088309675 103.8752617795446 113.62357425513659
1.3701438612576986 103.87526962141293 113.62357425513687
1.3701415595150863 103.87527485696874 113.62357425513675
1.3701380499180753 103.87528283991641 113.62357425513687
1.3701352579099995 103.87528919063249 113.62357425513687
1.3701329974106484 103.87529433237597 113.62357425513672
1.3701295334449397 103.87530221153018 113.62357425513659
1.3701274496819795 103.87530695126807 113.62357425513675
1.3701242534089897 103.87531422152686 113.62357425513702
1.3701214437012823 103.87532061250225 113.62357425513672
1.3701195919034983 103.87532482461086 113.62357425513672
1.370117174639446 103.8753303229318 113.62357425513687
1.37011391786758 103.87533773080136 113.62357425513687
1.3701112421749868 103.87534381694503 113.62357425513687
1.3701084154808272 103.87535024655756 113.62357425513702
1.370105712597021 103.8753563945504 113.62357425513702
1.3701023183111654 103.87536411520959 113.62357425513687
1.3701004973273205 103.87536825722835 113.62357425513687
1.3700985451346777 103.8753726976952 113.62357425513687
1.3700967261857435 103.87537683508525 113.62357425513687
1.3700943669787813 103.87538220134877 113.62357425513659
1.3700916161457668 103.87538845840675 113.62357425513672
1.3700882681804052 103.87539607370472 113.62357425513687
1.3700852552995517 103.87540292681778 113.62357425513687
1.3700827272493052 103.8754086771328 113.62357425513687
1.370080758240224 103.87541392702161 113.22912301301824
1.370078537369542 103.87542043068191 112.48590752219103
1.3700760722837104 103.87542764950864 111.66046742601023
1.3700736456946097 103.87543475560037 110.84772801010845
1.3700718292797014 103.87544007484075 110.239428518881
1.3700695569496593 103.87544672919576 109.47876722029997
1.370066788235168 103.87545483717678 108.76857730864482
1.3700649311563107 103.87546027549843 108.76857730864461
1.3700628437172033 103.8754663884134 108.76857730864472
1.3700602613898771 103.87547395057275 108.76857730864461
1.3700585432726866 103.87547898195498 108.76857730864472
1.3700560233229728 103.87548636144581 108.76857730864492
1.3700531386661345 103.87549480895503 108.76857730864472
1.370050285905959 103.87550316305702 108.76857730864472
1.3700486056165775 103.87550808366296 108.76857730864492
1.3700460247057717 103.87551564167354 108.76857730864461
1.3700434393185563 103.87552321279286 108.76857730864461
1.37004064843355 103.87553138569746 108.76857730864492
1.3700387146641055 103.87553704860112 108.76857730864461
1.3700363235216706 103.87554405088838 108.76857730864472
1.370033443075621 103.87555248606566 108.76857730864461
1.3700310588022366 103.87555946823719 108.76857730864472
1.3700290703405686 103.87556529130276 108.76857730864482
1.3700267592670339 103.87557205911368 108.76857730864461
1.3700239654168387 103.87558024070087 108.76857730864472
1.370022060196343 103.8755858200005 108.76857730864461
1.370020345796803 103.87559084049478 108.76857730864461
1.370018139086399 103.87559730268555 108.76857730864482
1.3700156610372538 103.87560455947197 108.76857730864461
1.3700132785578132 103.87561153638937 108.76857730864472
1.370010473361558 103.87561975120204 108.76857730864461
1.3700088140722022 103.87562461030986 108.76857730864461
1.370006791105745 103.87563053441947 108.76857730864492
1.3700041982148472 103.87563812751112 108.76857730864502
1.370001666325778 103.87564554196325 108.76857730864461
1.3700000248503108 103.87565034890416 108.76857730864461
1.369997865008121 103.87565667384406 108.76857730864461
1.369995839689364 103.87566260484185 108.76857730864461
1.3699942657278614 103.87566721407289 108.76857730864461
1.3699921955902734 103.87567327631923 108.76857730864461
1.3699903192912803 103.87567877092337 108.76857730864472
1.3699886414931257 103.87568368423233 108.76857730864461
1.3699871337753695 103.87568809947322 108.76857730864461
1.3699842681714902 103.875696491184 108.76857730864461
1.3699824329233097 103.87570186557359 108.76857730864461
1.369979938385322 103.87570917064494 108.76857730864472
1.3699775508979322 103.87571616222635 108.76857730864461
1.369974882157568 103.87572397743635 108.76857730864461
1.369972323078338 103.87573147151168 108.76857730864461
1.3699701726320133 103.8757377689355 108.76857730864472
1.3699679354754268 103.87574432028386 108.76857730864472
1.3699659953567374 103.87575000177853 108.76857730864472
1.3699634887267536 103.87575734225973 108.76857730864502
1.369961597672103 103.87576288007384 108.76857730864461
1.3699596249949932 103.87576865691327 108.76857730864492
1.3699574366812062 103.8757750652287 108.76857730864492
1.3699551059539434 103.87578189059141 108.76857730864461
1.3699533418720935 103.87578705657481 108.76857730864472
1.3699505509232452 103.87579522966226 108.76857730864461
1.369948523682699 103.8758011662863 108.76857730864461
1.3699470162553518 103.8758055806758 108.76857730864492
1.3699447908500866 103.87581209761042 108.76857730864461
1.3699420699757503 103.87582006548948 108.76857730864492
1.3699399621406652 103.87582623812838 108.76857730864461
1.3699371063983674 103.87583460095803 108.76857730864492
1.369934946683746 103.87584092552216 108.76857730864492
1.3699331101030048 103.87584630381258 108.76857730864472
1.3699305079638993 103.8758539239838 108.76857730864472
1.3699282281382397 103.87586060028393 108.76857730864461
1.3699258136284416 103.87586767099644 108.76857730864492
1.3699240403861102 103.87587286380482 108.76857730864502
1.3699212793922906 103.87588094916984 108.76857730864492
1.3699187147394611 103.87588845956479 108.76857730864461
1.3699164302980484 103.87589514938136 108.76857730864461
1.3699148899058882 103.87589966030507 108.76857730864492
1.3699131013320411 103.87590489801029 108.76857730864472
1.3699112107052875 103.87591043456979 108.76857730864461
1.3699096339653818 103.87591505193501 108.76857730864461
1.369908034210292 103.87591973669845 108.76857730864472
1.3699057625447109 103.87592638910158 108.76857730864472
1.369903407684337 103.87593328513432 108.76857730864472
1.3699008664993648 103.87594072680467 108.76857730864482
1.3698987157538172 103.87594702510223 108.76857730864461
1.369895880568358 103.87595532773081 108.76857730864492
1.3698938552910358 103.8759612586039 108.76857730864502
1.3698913144120515 103.87596869937776 108.76857730864472
1.3698889101583192 103.87597574005471 108.76857730864502
1.3698863817406894 103.87598314433626 108.76857730864482
1.3698838752762372 103.87599048432944 108.76857730864472
1.3698817242702397 103.87599678338911 108.76857730864492
1.3698801795036935 103.876001307122 108.76857730864472
1.3698785592881404 103.87600605180161 108.76857730864461
1.3698758650281628 103.87601394173956 108.76857730864472
1.3698739062795808 103.87601967778755 108.76857730864461
1.3698717579403992 103.87602596903731 108.76857730864461
1.3698690368489959 103.8760339375488 108.76857730864461
1.3698668727057055 103.87604027507952 108.76857730864492
1.3698643268890476 103.87604773031188 108.76857730864492
1.3698622973456465 103.87605367367682 108.76857730864482
1.3698607685483455 103.87605815064448 108.76857730864492
1.3698582722430617 103.87606546088628 108.76857730864461
1.3698555411843927 103.87607345858552 108.76857730864472
1.3698526889417775 103.8760818111627 108.76857730864502
1.3698511225304209 103.87608639828005 108.76857730864472
1.3698492476524928 103.87609188871839 108.76857730864461
1.3698470273108696 103.87609839082099 108.76857730864461
