655221401
1.3236142694595325 103.81409352335979 112.22152743821238
1.323611917660293 103.81409925091441 112.2215274382126
1.3236093259519486 103.81410556274183 112.2215274382126
1.323607059375277 103.8141110827459 112.22152743821238
1.3236045715085174 103.81411714167817 112.2215274382126
1.3236017052578994 103.81412412212359 112.22152743821238
1.3235984898991924 103.81413195278415 112.22152743821201
1.3235964105618399 103.81413701678676 112.2215274382126
1.3235930169405934 103.81414528158638 112.22152743821238
1.3235901171819742 103.81415234363661 112.2215274382126
1.3235883396493153 103.81415667262615 112.2215274382126
1.323585905212051 103.81416260143615 112.22152743821238
1.3235829160130101 103.81416988130867 112.22152743821238
1.323579648919158 103.814177837964 112.2215274382126
1.3235767789044897 103.81418482757563 112.22152743821238
1.3235738342542533 103.81419199895404 112.22152743821238
1.3235712461284108 103.81419830205564 112.2215274382126
1.3235687662548905 103.81420434152031 112.2215274382126
1.3235670014656689 103.81420863947419 112.22152743821238
1.3235646911913423 103.81421426589822 112.22152743821238
1.323562602152083 103.81421935352803 112.22152743821238
1.3235606481816744 103.81422411221219 112.2215274382126
1.3235575780186437 103.81423158926299 112.2215274382126
1.3235545785505451 103.81423889414381 112.22152743821238
