22694135
1.3231912317136305 103.81332937771144 189.95018690450107
1.3231864602013639 103.813328548358 189.95018690450172
1.32317948982234 103.81332733681175 189.95018690450172
1.323173894307876 103.81332636423555 189.95018690450172
1.3231665718760532 103.81332509149773 189.95018690450172
1.3231584541947832 103.81332368053477 189.95018690450172
1.3231526208106006 103.81332266661357 189.95018690450107
1.3231478318697962 103.81332183423078 189.95018690450095
1.323139277609804 103.81332034738448 189.95018690450172
1.3231306437432455 103.81331884670146 189.95018690450172
1.323122933096949 103.81331750648663 189.95018690450172
1.323115233386389 103.81331616817256 189.95018690450107
1.3231084509562896 103.81331498929426 189.95018690450172
1.323102624228265 103.81331397652993 189.95018690450107
1.3230953312942855 103.81331270891911 189.95018690450107
1.3230896559620502 103.81331172246941 189.95018690450107
1.3230846871027813 103.81331085881428 189.95018690450107
1.323078084226642 103.81330971114484 189.9501869045016
1.3230730486387223 103.81330883589135 189.95018690450107
1.3230651303024787 103.8133074595771 189.95018690450172
1.3230569446420597 103.81330603679825 189.95018690450107
1.32305152648925 103.81330509504976 189.95018690450172
1.3230469559083757 103.81330430062076 189.95018690450107
1.3230416798669804 103.81330338357316 189.95018690450172
1.3230334047314607 103.81330194524227 189.95018690450107
1.3230283991936265 103.81330107521185 189.95018690450172
1.3230221263740927 103.81329998491066 189.95018690450107
1.3230138945171954 103.81329855410216 189.95018690450107
1.3230072537747535 103.81329739985094 189.95018690450172
1.3230018917499735 103.81329646785821 189.95018690450107
1.3229945735250825 103.81329519585132 189.95018690450107
1.3229868407832381 103.81329385179575 189.95018690450107
1.3229795452769129 103.81329258373762 189.95018690450107
1.3229732935268106 103.81329149709849 189.95018690450107
1.3229675495281257 103.81329049871349 189.95018690450107
1.3229597229287156 103.81328913834412 189.95018690450107
1.3229518528117192 103.81328777041082 189.95018690450172
1.322944094308683 103.81328642187752 189.95018690450172
1.3229372293604196 103.81328522865617 189.95018690450107
1.3229309820519355 103.81328414278902 189.95018690450172
1.3229264850724856 103.81328336115283 189.95018690450107
1.3229213127557335 103.81328246213384 189.95018690450107
1.3229162567626362 103.81328158333348 189.95018690450172
1.3229117075095789 103.81328079261141 189.95018690450107
1.3229058406416976 103.81327977286998 189.95018690450107
1.3229002336500704 103.81327879829854 189.95018690450118
1.3228927398405113 103.81327749577247 189.95018690450172
1.3228849448918694 103.81327614090434 189.95018690450172
1.322876768815663 103.81327471979102 189.95018690450172
1.322871574927751 103.81327381702259 189.95018690450172
1.3228650744956267 103.81327268715901 189.95018690450172
1.3228603172260347 103.81327186028079 189.95018690450107
1.3228532413356429 103.81327063039471 189.95018690450107
1.3228475743839683 103.81326964540135 189.95018690450107
1.3228403097512285 103.81326838270924 189.95018690450107
1.322832788193462 103.81326707536006 189.95018690450095
1.322827151630015 103.81326609564854 189.95018690450172
1.3228185877102818 103.81326460712265 189.95018690450172
1.3228120074708363 103.81326346338737 189.95018690450107
1.3228041656024827 103.81326210036379 189.95018690450172
1.3227986666675613 103.81326114457397 189.95018690450172
1.3227926950342725 103.81326010662272 189.95018690450107
1.3227845258350255 103.81325868670454 189.9501869045016
1.322775697970831 103.81325715230139 189.95018690450095
1.3227705191891943 103.81325625215854 189.95018690450107
1.3227642071285273 103.81325515503633 189.95018690450172
1.322759765856734 103.81325438308274 189.95018690450172
1.3227544410739467 103.81325345756287 189.95018690450107
1.3227460465394423 103.81325199847828 189.95018690450095
1.3227386451112344 103.81325071200908 189.95018690450172
1.32273045076193 103.81324928771937 189.95018690450107
1.322721616349641 103.81324775217799 189.95018690450172
1.3227163803561184 103.81324684209085 189.95018690450172
1.3227110530096906 103.81324591612534 189.95018690450107
1.322705636475148 103.8132449746577 189.95018690450107
1.3227011264997994 103.81324419076242 189.95018690450118
1.3226965624705735 103.81324339747185 189.95018690450107
1.3226889878861825 103.81324208090567 189.95018690450107
1.32268134201228 103.81324075194838 189.95018690450107
1.3226750775405143 103.81323966309765 189.95018690450107
1.3226673798567676 103.81323832513507 189.95018690450172
1.3226615294033088 103.81323730824637 189.95018690450172
1.3226554911009722 103.81323625870694 189.95018690450172
1.3226483940313756 103.81323502513928 189.95018690450118
1.3226430510114837 103.81323409644943 189.95018690450172
1.3226361814647258 103.81323290242831 189.95018690450107
1.3226317051483514 103.81323212438336 189.9501869045016
1.3226235884422524 103.81323071358892 189.95018690450107
1.3226158402252397 103.81322936684289 189.95018690450107
1.3226071076216401 103.813227848997 189.95018690450172
1.3225986190277172 103.81322637356331 189.95018690450107
1.322592673289255 103.81322534011267 189.95018690450107
1.3225881342471422 103.81322455116506 189.95018690450118
1.3225827306185298 103.81322361194051 189.95018690450183
1.322575918455185 103.81322242789335 189.95018690450118
1.3225704615687184 103.81322147941182 189.9501869045016
1.3225618984397856 103.81321999102288 189.95018690450095
1.322553310038371 103.81321849824118 189.95018690450107
1.322547511779118 103.81321749042439 189.95018690450107
1.3225420462568962 103.81321654044183 189.95018690450107
1.322535587197651 103.81321541776892 189.95018690450172
1.322528121454415 103.81321412012053 189.95018690450107
1.3225233581727587 103.81321329219698 189.95018690450107
1.3225152597705803 103.8132118845838 189.95018690450107
1.3225071427156019 103.8132104737285 189.95018690450183
1.322500804746905 103.81320937210273 189.95018690450118
1.322492051923221 103.81320785074207 189.95018690450172
1.322486237146492 103.81320684005424 189.95018690450172
1.3224781026365642 103.81320542616497 189.95018690450172
1.322471753074362 103.81320432252407 189.95018690450107
1.3224651144277786 103.81320316863629 189.95018690450107
1.3224596247317528 103.8132022144519 189.95018690450172
1.3224534152939564 103.81320113516651 189.95018690450172
1.3224486855336859 103.81320031306933 189.95018690450107
1.3224439663242453 103.81319949280605 189.9501869045016
1.322438678619648 103.81319857373049 189.95018690450107
1.3224312347179796 103.81319727987832 189.95018690450172
1.3224239585165936 103.81319601517474 189.95018690450107
1.3224190207933495 103.81319515693073 189.95018690450172
1.3224128317764066 103.8131940811947 189.95018690450095
1.3224083971040543 103.81319331038783 189.95018690450107
1.3224005375537455 103.81319194429017 189.95018690450118
1.3223957527357058 103.81319111262313 189.9501869045016
1.3223898779937686 103.8131900915124 189.95018690450107
1.3223817578654768 103.81318868012266 189.95018690450107
1.3223765651080703 103.81318777755016 189.95018690450107
1.3223712008955522 103.8131868451764 189.95018690450107
1.3223629341597767 103.81318540830425 189.95018690450107
1.3223549531018641 103.81318402108683 189.9501869045017
1.3223479552555704 103.81318280476506 189.9501869045017
1.3223400903146636 103.81318143773034 189.95018690450172
1.3223345537624316 103.81318047540151 189.95018690450107
1.3223294636019602 103.81317959066172 189.9501869045018
1.3223210812139117 103.81317813368754 189.95018690450172
1.322314081111436 103.81317691697355 189.95018690450107
1.3223092256119604 103.81317607302103 189.95018690450107
1.3223010330219693 103.81317464903631 189.95018690450107
1.3222931500228967 103.81317327886276 189.95018690450172
1.3222844138786578 103.81317176040082 189.95018690450107
1.3222763520962972 103.81317035915222 189.95018690450172
1.3222675084082005 103.81316882199765 189.95018690450172
1.3222605686673043 103.81316761577526 189.95018690450172
1.322252057038551 103.81316613633713 189.95018690450107
1.3222452649438385 103.81316495577765 189.9501869045011
1.3222364978933459 103.81316343194369 189.9501869045011
1.3222305903027205 103.81316215292003 190.2686828622649
1.3222220861699938 103.8131599370603 191.20098351119196
1.3222170643855105 103.81315862857059 191.7518315102687
1.3222086579992922 103.81315643817996 192.6741327749465
1.3222035589769603 103.81315510956495 193.23351395023124
1.3221973497938737 103.81315349168345 193.91444241944507
1.322191143638157 103.81315187459076 194.59459362462974
1.3221835623691083 103.81314989919484 194.72218434705965
1.322178377848462 103.81314854830214 194.72218434705965
1.3221719594697627 103.81314687591204 194.72218434705974
1.3221665858325082 103.8131454757426 194.72218434705965
1.3221582750752454 103.81314331026921 194.7221843470598
1.3221502991080232 103.81314123202962 194.7221843470591
1.3221427854499745 103.81313927425053 194.72218434705965
1.32213759494497 103.8131379217985 194.72218434705974
1.3221324059729276 103.8131365697459 194.72218434705974
1.3221272732143143 103.81313523234039 194.72218434705974
1.3221201125271829 103.81313336653236 194.72218434705974
1.3221129086326926 103.81313148946609 194.72218434705974
1.3221043489221755 103.81312925912466 194.72218434705965
1.3220994530320869 103.81312798343826 194.72218434705974
1.3220919075616029 103.81312601736998 194.72218434705974
1.3220855688087902 103.81312436572733 194.72218434705974
1.3220782757172391 103.8131224654196 194.72218434705974
1.3220710661834159 103.81312058688385 194.72218434705974
1.3220623936897113 103.81311832715531 194.72218434705974
1.3220562092497792 103.81311671572082 194.7221843470598
1.3220498541339964 103.81311462137049 195.26598678889872
1.322042549740329 103.81311202405753 196.1275118920066
1.3220345444850723 103.81310917753063 197.07225458896968
1.3220292891022332 103.8131073088096 197.6925460507027
1.3220245796671186 103.81310563421793 198.24830972712874
1.322019349948418 103.81310377462263 198.86524134029526
1.3220140028432046 103.81310187328675 199.49562535825345
1.3220088169917998 103.81310002928987 199.7187701697787
1.3220007221479786 103.81309715090684 199.7187701697787
1.3219944082479322 103.81309490579584 199.7187701697792
1.3219901538803667 103.8130933930181 199.7187701697792
1.3219840747293512 103.81309123137969 199.7187701697787
1.3219793461380214 103.81308954997637 199.7187701697787
1.3219726462747106 103.81308716762368 199.7187701697787
1.321964261704064 103.81308418621886 199.7187701697787
1.3219574732411712 103.81308177236171 199.7187701697786
1.3219515898693384 103.8130796803389 199.7187701697786
1.3219434545603195 103.81307678756708 199.7187701697787
1.3219373996731152 103.81307463455643 199.7187701697786
1.3219317355051516 103.81307262047864 199.7187701697786
1.3219242990392617 103.81306997620304 199.7187701697786
1.3219191835123727 103.81306815721227 199.7187701697786
1.321914777987968 103.8130665906858 199.7187701697787
1.3219088586459287 103.8130644858726 199.7187701697787
1.3219019936654262 103.8130620448071 199.7187701697787
1.3218935362357267 103.81305903749485 199.7187701697786
1.321886037718515 103.8130563711549 199.7187701697787
1.3218785741998254 103.8130537172598 199.7187701697787
1.3218709530546304 103.81305100731548 199.7187701697787
1.3218626343540532 103.81304804933283 199.7187701697793
1.3218547886953922 103.8130452595555 199.7187701697787
1.3218500230913306 103.81304356499105 199.7187701697786
1.3218433302190078 103.81304118512413 199.7187701697786
1.3218356994476972 103.81303847175691 199.7187701697786
1.3218277194696408 103.8130350627876 200.4087986807181
1.3218215342942725 103.81303205597024 201.38505774837458
1.3218161194126843 103.81302942361805 202.24048120007575
1.3218117777855987 103.81302731301017 202.9265892721259
1.321803753728049 103.81302341225164 204.19447265780278
1.3217968611782238 103.81302006155624 205.28260829350057
1.321791807512685 103.81301760480306 206.07939405192133
1.321783870368001 103.81301374629572 206.09883600143505
1.3217764027859245 103.81301011605825 206.09883600143505
1.3217691373609624 103.81300658409597 206.09883600143488
1.3217613737330864 103.81300280994087 206.09883600143505
1.3217567271962376 103.81300055110636 206.09883600143488
1.3217495293171853 103.81299705198039 206.09883600143488
1.3217450455131845 103.81299487225564 206.0988360014347
1.3217383572325472 103.81299162086223 206.09883600143505
1.3217323282846611 103.81298868999218 206.0988360014347
1.321727574114199 103.8129863788334 206.09883600143505
1.321720177329925 103.81298278301306 206.09883600143505
1.321712278236194 103.81297894300353 206.09883600143488
1.3217069554465908 103.81297633943403 206.11724176942454
1.3217019551263123 103.81297315191053 206.98918149002228
1.3216967792190544 103.81296985245669 207.89291524495033
1.3216925500330325 103.81296715650342 208.63192718900928
1.3216865254791093 103.81296331606801 209.68504761693185
1.321681888995324 103.81296036047713 210.49543520534553
1.3216768149187494 103.81295712593668 211.3817960033947
1.3216695432766488 103.81295249052765 212.65028235565012
1.321664366010774 103.81294919020776 212.71108794146093
1.3216602028865228 103.8129465363665 212.7110879414613
1.3216530222895186 103.81294195899542 212.7110879414611
1.3216471343461496 103.81293820564431 212.71108794146093
1.3216407748938028 103.8129341517233 212.71108794146076
1.3216340320234297 103.81292985338713 212.71108794146076
1.3216282211607218 103.81292614917218 212.71108794146076
1.3216229417571677 103.81292278374323 212.71108794146076
1.3216169174074224 103.81291894343802 212.71108794146093
1.3216119258413168 103.81291576149506 212.71108794146076
1.3216046965446695 103.81291115307975 212.71108794146093
1.3216004533686416 103.81290844820842 212.71108794146093
1.3215929245607285 103.81290364886553 212.71108794146076
1.321588413047558 103.81290077293896 212.71108794146076
1.3215843050952207 103.81289815426784 212.71108794146093
1.3215773615852557 103.81289372803123 212.71108794146076
1.3215710090444976 103.81288967851614 212.71108794146076
1.3215671799790778 103.81288723762538 212.71108794146076
1.321560829253474 103.81288318926737 212.71108794146076
1.3215546026503502 103.81287914095604 212.7964036769222
1.3215477577814327 103.81287357629664 214.09402204014333
1.3215412241173026 103.81286826463676 215.3345036329612
1.3215364422986455 103.81286437717121 216.2428500441393
1.3215328973747913 103.81286149526156 216.91618934695862
1.3215273716552316 103.81285700302838 217.9652048419671
1.321522203469226 103.81285280145856 218.9451766319142
1.3215177594000462 103.81284918857256 219.31831936204966
1.321513781874188 103.81284595497135 219.3183193620495
1.3215091488063782 103.8128421884355 219.3183193620495
1.3215023573727764 103.81283666721738 219.3183193620495
1.321495857538991 103.81283138306057 219.3183193620495
1.3214894245826958 103.81282615327305 219.3183193620495
1.3214858497281694 103.81282324703078 219.31831936204915
1.3214792608206052 103.81281789045985 219.31831936204927
1.32147486179902 103.81281431419616 219.3183193620495
1.3214695481883927 103.81280999440087 219.31831936204927
1.3214649226130304 103.81280623395621 219.3183193620495
1.3214605876530263 103.81280270977251 219.3183193620495
1.3214543291842007 103.81279762183779 219.31831936204966
1.3214508066097326 103.81279475809754 219.31831936204927
1.3214442757251397 103.81278944869753 219.3183193620495
1.321440340825591 103.81278624975023 219.31831936204927
1.3214354309188527 103.8127822581533 219.3183193620495
1.3214298274720524 103.81277770273053 219.3183193620495
1.321424853118134 103.81277365874011 219.31831936204927
1.3214183368251584 103.81276836120267 219.3183193620495
1.3214120072334683 103.81276321544738 219.3183193620495
1.3214083547369038 103.81276024608468 219.3183193620495
1.321401480251372 103.81275465734818 219.31831936204966
1.3213969250917355 103.81275095414934 219.3183193620495
1.3213916689156033 103.81274668104656 219.31831936204898
1.3213852531081172 103.81274146520063 219.31831936204898
1.321381060555254 103.81273805678951 219.3183193620495
1.3213775341848002 103.81273518996332 219.31831936204927
1.3213722217234762 103.81273087110252 219.3183193620495
1.321367659976791 103.81272716254864 219.3183193620495
1.3213623057974802 103.81272280977247 219.3183193620495
1.3213571210084434 103.81271859470515 219.31831936204927
1.3213526937001268 103.81271499544538 219.3183193620495
1.3213458458872778 103.81270942839302 219.31831936204927
1.3213390969295133 103.81270394170669 219.3183193620495
1.3213332562738158 103.81269919344084 219.3183193620495
1.3213293620777344 103.81269594822622 219.3970444447199
1.321325832311659 103.81269284308142 219.63074568597813
1.3213222982316482 103.81268973414163 219.86475931154263
1.3213164847391372 103.81268461999649 220.24974478789136
1.3213114663858687 103.8126802053375 220.5820885795807
1.3213058694123674 103.81267528166475 220.9527390808072
1.3213018428577767 103.81267173949377 221.21936605591858
1.3212969300789723 103.81266741770895 221.54462903853988
1.3212921916765594 103.81266324932353 221.5488303789005
1.3212877344201601 103.81265932826302 221.54883037890005
1.3212834069069768 103.812655521338 221.5488303789003
1.3212772809354574 103.8126501323043 221.5488303789005
1.3212737843575415 103.81264705635527 221.5488303789005
1.3212675984219666 103.81264161457106 221.5488303789005
1.321263976859886 103.81263842867314 221.54883037890005
1.3212583508766516 103.81263347948054 221.5488303789003
1.3212528995644575 103.81262868394653 221.5488303789005
1.321248447565581 103.81262476751114 221.5488303789005
1.3212447508687954 103.81262151551704 221.5488303789005
1.3212404183892268 103.8126177042231 221.54883037890005
1.3212357978465517 103.8126136395193 221.5488303789003
1.3212321868025303 103.81261046287419 221.54883037890042
1.3212256415329406 103.81260470498297 221.54883037889994
1.321221506608376 103.81260106747874 221.5488303789005
1.3212150355852474 103.81259537490236 221.54883037890005
1.3212095140073106 103.81259051755548 221.54883037890062
1.3212043244023184 103.81258595224608 221.5488303789003
1.3212004526822716 103.81258254628361 221.54883037890042
1.3211966643679223 103.81257921369334 221.54883037890005
1.3211910254616661 103.81257425313244 221.5488303789005
1.3211854631125204 103.81256935991905 221.54883037890005
1.321179938651687 103.81256450003613 221.5488303789001
1.3211741411448703 103.81255939995394 221.5488303789003
1.3211684468954055 103.81255439070752 221.5488303789005
1.3211629563700102 103.81254956067774 221.5488303789005
1.321158086355487 103.812545276513 221.5488303789003
1.3211540514565079 103.81254172700164 221.54883037889994
1.3211506002497737 103.81253869096592 221.5488303789001
1.3211458353883854 103.81253449930469 221.54883037890005
1.3211421205572744 103.81253123135792 221.5488303789001
1.3211371603759077 103.81252686787322 221.5488303789001
1.3211304277059988 103.81252094512566 221.5488303789005
1.3211245162965586 103.81251574484311 221.54883037890025
1.3211194377537292 103.81251127723554 221.54883037890062
1.321112870517587 103.81250550002055 221.5488303789001
1.3211082758665267 103.81250145809389 221.54883037890042
1.3211042473420245 103.81249791419023 221.5488303789005
1.3210991261199811 103.81249340903769 221.5488303789005
1.3210940231146158 103.81248891991041 221.5488303789005
1.321089341529646 103.81248480150778 221.5488303789003
1.3210843632983322 103.81248042214457 221.54883037890005
1.321078305374896 103.81247509297339 221.54883037890005
1.3210737562107484 103.81247109106172 221.5488303789005
1.3210692426003605 103.81246712042682 221.54883037890005
1.3210636310805222 103.81246218395808 221.54883037890062
1.3210580134536294 103.81245724211695 221.54883037890022
1.3210519032236987 103.81245186693165 221.5488303789001
1.3210466895876434 103.81244728048236 221.5488303789005
1.321042148723933 103.81244328587266 221.54883037890005
1.321035654424375 103.81243757282034 221.5488303789005
1.3210319601970306 103.81243432299887 221.5488303789001
1.3210269990630272 103.81242995867633 221.5488303789005
1.321022937985568 103.81242638613588 221.5488303789003
1.3210192201319617 103.81242311553036 221.5488303789007
1.3210155375753398 103.81241987597569 221.5488303789007
1.3210121053753308 103.81241685666039 221.5488303789001
1.3210066019837483 103.81241201531246 221.54883037890022
1.321002775472103 103.8124086491202 221.54883037890062
1.3209993288163664 103.81240561708817 221.5488303789005
1.3209951491440703 103.81240194021957 221.5488303789005
1.3209890973832519 103.81239661646984 221.5488303789005
1.3209853710759605 103.81239333842763 221.5488303789001
1.3209788237414122 103.81238757872042 221.54883037890005
1.3209749643104904 103.81238418356904 221.54883037890082
1.3209690257832392 103.8123789594312 221.54883037890062
1.3209640214049034 103.81237455706662 221.54883037890005
1.3209597309987955 103.81237078278524 221.54883037890005
1.3209549281128627 103.81236655767405 221.5488303789005
1.3209503816252768 103.81236255811714 221.5488303789005
1.3209461980960338 103.81235887785567 221.5488303789001
1.3209403606048533 103.81235374259958 221.54883037890005
1.320933825545281 103.8123479936908 221.5488303789005
1.3209288410052977 103.81234360877814 221.54883037890005
1.3209239147459786 103.81233927513512 221.5488303789005
1.3209198677475902 103.8123357149802 221.5488303789005
1.3209153787374022 103.81233176598637 221.5488303789005
1.3209111446982444 103.81232804129124 221.54883037890005
1.3209076539368565 103.81232497045944 221.5488303789001
1.3209022534115809 103.81232021960349 221.5488303789005
1.320897363588347 103.81231591801341 221.5488303789005
1.3208930183405354 103.81231209548777 221.5488303789005
1.3208869211790204 103.81230673179914 221.54883037890005
1.3208808880512883 103.81230142444122 221.5488303789005
1.3208752354138487 103.81229645180157 221.5488303789001
1.3208694784483048 103.81229138738425 221.5488303789005
1.320865692643234 103.81228805700184 221.5488303789005
1.3208605354186955 103.81228352017826 221.54883037890062
1.3208558363456406 103.81227938639168 221.5488303789005
1.320850295976884 103.81227451251513 221.54883037890062
1.32084497805145 103.81226983432256 221.5488303789003
1.3208402254253868 103.8122656534253 221.5488303789005
1.3208368143968245 103.81226265273477 221.5488303789005
1.32083194740689 103.81225837123134 221.5488303789003
1.3208272256251754 103.81225421746795 221.54883037890005
1.3208207624323376 103.81224834671886 221.72643293191047
1.32081478232083 103.81224279864946 222.00222158148884
1.3208094572971276 103.8122378583401 222.2478114095661
1.3208035236130473 103.81223235334396 222.52147478523406
1.3207979050432863 103.81222714069622 222.78059617767684
1.320792109712135 103.81222176405753 223.04784917585638
1.3207884201335383 103.81221834103809 223.0653456064741
1.3207826419006548 103.81221298026239 223.06534560647447
1.320776519536484 103.81220730021766 223.06534560647415
1.3207703387456082 103.81220156596741 223.065345606474
1.3207649312058458 103.81219654910358 223.0653456064741
1.3207595619965187 103.81219156780094 223.06534560647427
1.320754084121423 103.81218648568327 223.065345606474
1.3207495621531649 103.81218229041151 223.06534560647427
1.3207456204359784 103.81217863346971 223.065345606474
1.3207405012903144 103.81217388416457 223.0653456064741
1.320737208184665 103.81217082897436 223.0653456064741
1.3207331423289232 103.81216705686259 223.06534560647427
1.3207289354490697 103.81216315391522 223.06534560647415
1.3207227021807775 103.81215737097898 223.0653456064741
1.3207180110199035 103.81215301873824 223.0653456064741
1.3207127194186496 103.81214810943686 223.065345606474
1.3207076454118893 103.81214340200955 223.0653456064741
1.3207026444819416 103.8121387623795 223.06534560647435
1.3206985363120558 103.8121349510107 223.065345606474
1.3206928588938944 103.8121296837664 223.0653456064741
1.3206869075055865 103.81212416234537 223.0653456064741
1.320682747276055 103.81212030267808 223.0653456064742
1.3206776995617973 103.81211561964378 223.065345606474
1.3206725138975688 103.81211080862593 223.06534560647404
1.320669043152633 103.81210758863037 223.0653456064741
1.320663228540582 103.81210219410404 223.065345606474
1.320656991792733 103.81209640793978 223.0653456064741
1.3206509964262192 103.81209084571789 223.065345606474
1.3206471811769307 103.81208730610727 223.065345606474
1.3206410660905625 103.81208163281491 223.06534560647404
1.3206358184844575 103.81207676433034 223.06534560647427
1.320632009649033 103.81207323067024 223.06534560647427
1.3206285831858646 103.8120700517573 223.06534560647427
1.320622988259767 103.81206486104543 223.06534560647404
1.3206166200923726 103.81205895295636 223.06534560647427
1.3206127905394793 103.81205540007556 223.0653456064741
1.3206066372611087 103.81204969135052 223.0653456064741
1.3206023365881872 103.81204570138652 223.06534560647404
1.320598695098982 103.81204232298249 223.06534560647395
1.3205928979257258 103.81203694463522 223.065345606474
1.3205881214363213 103.81203251323087 223.0653456064743
1.3205839306868106 103.81202862524874 223.0653456064743
1.320577937051989 103.81202306463362 223.06534560647404
1.320572359035344 103.81201788960969 223.0653456064741
1.3205667429086823 103.81201267922907 223.06534560647404
1.320560496894702 103.81200688446836 223.0653456064743
1.3205565190489048 103.81200319400843 223.0653456064741
1.3205518607054505 103.81199887221446 223.0653456064741
1.3205461503319396 103.81199357439607 223.06534560647395
1.3205415324559346 103.81198929014593 223.065345606474
1.3205356983843435 103.81198387756623 223.065345606474
1.3205313040714222 103.81197980072754 223.0653456064742
1.320525250490671 103.8119741844975 223.06534560647404
1.3205204368160175 103.81196971859457 223.06534560647395
1.3205166437756377 103.81196619958853 223.06534560647395
1.3205118012309967 103.81196170690137 223.06534560647387
1.3205068469756929 103.81195711057428 223.06534560647404
1.3205004570422296 103.81195118229195 223.0653456064743
1.3204948491988369 103.81194567168222 223.35383417688323
1.3204913585785067 103.81194218616639 223.5853562178779
1.3204866909687187 103.81193752538228 223.89497016978592
1.3204820726191886 103.8119329137864 224.20132943808497
1.3204770036727396 103.81192785225254 224.53757299981146
1.320473655209876 103.81192450868633 224.75967555838903
1.320468164157741 103.8119190256641 225.1238506000406
1.3204630354992584 103.81191390450556 225.1701720227347
1.3204586541635948 103.811909529577 225.17017202273462
1.32045324283809 103.81190412616482 225.1701720227347
1.3204491546947121 103.81190004399981 225.17017202273473
1.3204444837712983 103.81189537990703 225.17017202273445
1.3204410803487305 103.81189198146153 225.17017202273445
1.3204348572603677 103.81188576747365 225.1701720227347
1.3204287796263485 103.81187969872744 225.17017202273445
1.3204244096683728 103.81187533516 225.1701720227346
1.3204201691717965 103.81187110086466 225.17017202273445
1.3204158765945564 103.81186681456481 225.1701720227347
1.3204114621918424 103.81186240661766 225.17017202273445
1.3204051515241348 103.81185610517859 225.17017202273445
1.3204008293136866 103.81185178928892 225.1701720227347
1.320394833522318 103.81184580226576 225.1701720227347
1.3203914861785988 103.81184245981717 225.1701720227347
1.3203863918533885 103.81183737294191 225.1701720227347
1.320381434420568 103.81183242275884 225.17017202273445
1.3203765441139932 103.81182753960387 225.1701720227347
1.3203728075068337 103.81182380846114 225.17017202273445
1.3203674983650378 103.81181850708347 225.17017202273445
1.3203623285560806 103.8118133448349 225.17017202273462
1.3203591016252536 103.81181012262319 225.17017202273433
1.3203543720619724 103.81180539997648 225.1701720227347
1.3203502296408287 103.81180126361328 225.17017202273462
1.3203452257379802 103.81179626702824 225.17017202273445
1.3203399962279991 103.81179104516599 225.17017202273448
1.3203355890286235 103.8117866444118 225.1701720227347
1.3203293449603144 103.81178040947499 225.17017202273445
1.3203259054064698 103.81177697495126 225.17017202273445
1.3203197689993518 103.81177084751819 225.1701720227347
1.3203146389503368 103.81176572497155 225.1701720227347
1.320310896772997 103.8117619882669 225.17017202273445
1.3203076013353017 103.81175869764857 225.17017202273445
1.3203020863006272 103.8117531906793 225.1701720227347
1.3202986580168972 103.81174935626217 225.5419493989642
1.3202941270411246 103.81174422662907 226.08948260586197
1.3202889138107237 103.81173832459814 226.71965231603227
1.32028389336239 103.81173264082074 227.32657625836924
1.3202783519349008 103.81172636722955 227.99638149471213
1.320274708813048 103.81172224275855 228.43659170717703
1.3202687894892062 103.81171554134134 228.7566338759947
1.3202638791801566 103.81170998225548 228.75663387599488
1.3202602387563525 103.81170586083904 228.75663387599482
1.32025498016299 103.81169990745167 228.7566338759947
1.3202492045166816 103.81169336869553 228.75663387599488
1.3202438964283416 103.81168735927369 228.75663387599488
1.3202386840740354 103.81168145823479 228.7566338759948
1.3202344377958926 103.8116766509153 228.75663387599488
1.3202296927503248 103.81167127892854 228.75663387599488
1.3202261789156577 103.81166730082697 228.7566338759947
1.3202211033894575 103.81166155469472 228.75663387599488
1.3202156857844773 103.81165542128639 228.75663387599488
1.3202115610652312 103.81165075158688 228.7566338759947
1.3202058770802 103.81164431660297 228.75663387599468
1.320201219724369 103.81163904389209 228.75663387599468
1.3201970457202148 103.81163431839593 228.7566338759947
1.3201923745782478 103.81162903007743 228.75663387599488
1.3201882911600336 103.81162440713595 228.75663387599488
1.320184495282915 103.81162010972704 228.75663387599494
1.3201795365106377 103.81161449577502 228.75663387599494
1.3201750754120716 103.81160944525205 228.7566338759947
1.3201719651491601 103.81160592404443 228.75663387599488
1.320166930144541 103.81160022378788 228.7566338759947
1.3201631483488432 103.81159594232095 228.7566338759947
1.3201576467103406 103.81158971377636 228.75663387599494
1.3201538622816544 103.8115854293286 228.75663387599494
1.3201488946343831 103.81157980532907 228.75663387599488
1.3201454340014152 103.81157588745867 228.75663387599494
1.320140791073227 103.81157063108188 228.7566338759948
1.3201371158833417 103.81156647030618 228.75663387599488
1.3201324039536104 103.811561135811 228.75663387599488
1.3201291932285875 103.81155750086778 228.7566338759947
1.3201241023830796 103.81155173739248 228.75663387599488
1.320118251811003 103.81154511381148 228.75663387599482
1.320113978003207 103.81154027532533 228.75663387599468
1.3201081743251006 103.81153370483422 228.75663387599482
1.3201043109469879 103.81152933100594 228.75663387599488
