812741963
1.3250363430719683 103.81354456834802 5.357223694863322
1.325045265814495 103.81354539541584 5.357223694863194
1.325054010272774 103.81354620595808 5.357223694863194
1.3250626960900151 103.81354701106476 5.357223694863322
1.3250716036925572 103.81354783672914 5.357223694863194
1.3250793293219145 103.81354855283394 5.357223694863194
1.3250846249478334 103.8135490436966 5.357223694863194
1.325090369612682 103.81354957618161 5.357223694863194
1.325095833996741 103.81355008268683 5.357223694863322
1.3251034885183368 103.81355079220045 5.357223694863194
1.325111827708481 103.81355187391553 5.750080403773843
1.3251181038104136 103.81355275251103 6.1278954992252554
1.3251254850389491 103.8135537858139 6.572299580702944
1.3251303834942665 103.81355447155175 6.867234454098247
1.3251356730563235 103.81355521204088 7.185707492953223
1.3251435872224384 103.81355631994998 7.662140390654626
1.3251496804896827 103.81355717295028 8.028868171571244
1.3251578449041943 103.8135583158918 8.047390418090052
1.3251655361566437 103.81355939259501 8.047390418089403
1.3251730241834787 103.81356044084855 8.047390418089403
1.3251787344640062 103.81356124023426 8.047390418090052
1.3251871867168852 103.81356242347037 8.04739041808958
1.3251945563624554 103.8135634551516 8.04739041809023
1.3252032453203495 103.81356467152416 8.047390418089403
1.3252106149330463 103.81356570320075 8.047390418090052
1.3252155953250846 103.81356640040889 8.047390418090052
1.3252237444247157 103.8135675412063 8.047390418090052
1.3252297683415903 103.81356838449808 8.047390418090052
1.3252375848484874 103.81356947873562 8.047390418090052
1.3252456907587231 103.81357061348689 8.04739041809023
1.325251102911497 103.81357137113743 8.047390418090052
1.3252587206819288 103.8135724375537 8.04739041808958
1.3252670600281726 103.81357360498374 8.047390418089403
1.3252721546001567 103.81357431817592 8.047390418090052
1.3252772381320055 103.81357502982257 8.04739041808958
1.3252860440661576 103.81357626257054 8.047390418089403
