167610764
1.3748984045725174 103.90988361944686 202.33096720060524
1.374894040422118 103.90988184061649 202.33096720060462
1.3748891910535246 103.90987986401089 202.33096720060524
1.3748844969858731 103.90987795070603 202.33096720060524
1.3748762842715052 103.90987460319865 202.33096720060524
1.374869660565063 103.90987190337185 202.33096720060524
1.3748618845919134 103.90986873388044 202.33096720060524
1.3748538707832512 103.90986546744712 202.33096720060473
1.3748460540309433 103.90986228133409 202.33096720060462
1.3748412141206485 103.90986030858369 202.33096720060462
1.3748345888578697 103.90985760812252 202.33096720060524
1.374827601049489 103.90985475988754 202.33096720060524
1.3748193543714808 103.90985139853653 202.33096720060524
1.3748136600075562 103.90984907751033 202.33096720060462
1.3748063440874743 103.9098460955368 202.33096720060462
1.374799647057843 103.90984336582343 202.33096720060524
1.3747950328245373 103.90984148505909 202.33096720060524
1.3747896082952566 103.90983927401766 202.33096720060524
1.3747820906114538 103.9098362098051 202.33096720060524
1.374777610529038 103.90983438372078 202.33096720060462
1.3747724284598404 103.9098322715062 202.33096720060524
1.3747663136340762 103.90982977909945 202.33096720060524
1.3747621185305061 103.90982806917266 202.33096720060524
1.374755651816614 103.90982543333611 202.33096720060462
1.3747479489216945 103.90982229363142 202.3309672006041
1.374742507400972 103.90982007566424 202.33096720060524
1.3747377976303088 103.90981815595883 202.33096720060524
1.3747327908484168 103.90981611519146 202.33096720060524
1.3747257645691853 103.90981325127572 202.33096720060524
1.3747189801514172 103.90981048594288 202.33096720060524
1.3747122149744737 103.9098077284526 202.33096720060462
1.374705402985383 103.90980495188167 202.33096720060462
1.3747003626973828 103.90980289745718 202.33096720060524
1.3746933227323217 103.9098000279631 202.33096720060524
1.3746850608846577 103.90979666042892 202.33096720060524
1.374680206403632 103.90979468173946 202.33096720060524
1.3746757543163095 103.90979286706595 202.33096720060524
1.3746704697674168 103.90979071308057 202.33096720060462
1.3746662309153068 103.90978898532184 202.33096720060524
1.3746593072979203 103.90978616325113 202.33096720060524
1.3746540134567464 103.90978400547822 202.33096720060524
1.3746496479779746 103.90978222610637 202.33096720060524
1.374645360624173 103.90978047857834 202.33096720060462
1.3746398332748708 103.90977822562735 202.33096720060462
1.3746316103441407 103.90977487395574 202.33096720060524
1.374626386784787 103.90977274482974 202.33096720060524
1.3746189920454082 103.90976973072941 202.33096720060524
1.3746131708838907 103.90976735802039 202.33096720060524
1.3746061887580694 103.90976451210159 202.33096720060524
1.3745987097317949 103.90976146364589 202.33096720060473
1.3745922936481105 103.90975884844623 202.33096720060524
1.374587553747553 103.90975691645984 202.33096720060524
1.374579962798863 103.90975382238447 202.33096720060462
1.3745723378687547 103.90975071445827 202.33096720060524
1.3745648735614102 103.90974767200198 202.33096720060524
1.3745578659277622 103.9097448156862 202.33096720060462
1.3745495187892445 103.9097414133874 202.33096720060462
1.374543115070172 103.90973880322757 202.33096720060524
1.3745371657815622 103.90973637829386 202.33096720060524
1.3745318670378983 103.90973421852267 202.33096720060462
1.374524485841588 103.90973120994249 202.33096720060524
1.374520127019377 103.90972943328387 202.33096720060524
1.374511820327376 103.90972604747108 202.33096720060524
1.3745036167493097 103.9097227036876 202.33096720060524
1.3744986538667434 103.90972068081362 202.33096720060462
1.3744919452233422 103.90971794636641 202.33096720060462
1.374483992783682 103.9097147049471 202.33096720060462
1.3744763313263761 103.90971158213237 202.33096720060524
1.374470837378495 103.90970934279582 202.33096720060462
1.3744657732194347 103.90970727864148 202.33096720060524
1.3744595289656256 103.90970473347977 202.33096720060524
1.374452204710233 103.90970174810873 202.33096720060462
1.3744449028876413 103.90969877188135 202.33096720060524
1.3744394686758894 103.90969655689327 202.33096720060462
1.3744330240371563 103.90969393005454 202.33096720060462
1.3744272551427708 103.90969157864961 202.33096720060462
1.3744202641047192 103.90968872909818 202.33096720060524
1.3744152441436313 103.90968668295895 202.33096720060473
1.3744095075091436 103.90968434470318 202.33096720060524
1.3744047735754528 103.90968241514886 202.3309672006041
1.3743995847943282 103.90968030019849 202.33096720060462
1.3743953267621702 103.90967856462194 202.33096720060524
1.374387358663567 103.90967531682001 202.33096720060462
1.374380827106349 103.90967265455326 202.33096720060524
1.3743728760758258 103.9096694137083 202.33096720060524
1.3743654042982003 103.9096663682071 202.33096720060524
1.3743598227171365 103.90966409315122 202.33096720060524
1.3743525609806546 103.90966113326292 202.33096720060462
1.3743460270457222 103.909658470027 202.33096720060524
1.3743379549968964 103.9096551798549 202.33096720060524
1.374330630989909 103.9096521945851 202.33096720060524
1.3743232816481492 103.90964919898886 202.33096720060524
1.374316624891307 103.90964648569064 202.33096720060524
1.3743102692896483 103.90964389514346 202.33096720060524
1.3743041028213279 103.90964138168715 202.33096720060462
1.3742971611579842 103.90963855226087 202.33096720060462
1.3742907294762288 103.90963593070339 202.33096720060524
1.3742839770140594 103.90963317839562 202.33096720060473
1.3742797587766133 103.90963145903943 202.33096720060462
1.374273336006062 103.90962884111417 202.3309672006057
1.3742663339138035 103.90962598705703 202.33096720060524
1.3742594280710139 103.9096231722312 202.33096720060524
1.3742511050162751 103.90961977974895 202.33096720060524
1.3742458889317248 103.90961765366964 202.33096720060524
1.3742390952931993 103.90961488457837 202.33096720060524
1.3742307680612178 103.90961149039344 202.33096720060462
1.3742239362638893 103.9096087057486 202.33096720060524
1.374217017889654 103.90960588581497 202.33096720060524
1.3742119183036532 103.90960380722055 202.33096720060462
1.374205197064444 103.90960106763926 202.33096720060524
1.374197409776278 103.90959789353576 202.33096720060462
1.3741895791442467 103.90959470176527 202.33096720060524
1.3741813511227432 103.9095913480186 202.33096720060524
1.3741758014741063 103.90958908597835 202.33096720060473
1.3741675564158515 103.9095857252875 202.33096720060524
1.3741612221096824 103.90958314342036 202.33096720060524
1.3741549756524714 103.9095805973605 202.33096720060462
1.3741489413612546 103.90957813777965 202.33096720060524
1.3741430297496136 103.9095757282031 202.33096720060524
1.3741355659753987 103.90957268596406 202.33096720060462
1.3741310990863422 103.90957086525731 202.33096720060524
1.374124447885773 103.9095681542238 202.33096720060524
1.3741178313452116 103.90956545731775 202.33096720060524
1.3741132288850626 103.90956358135213 202.33096720060462
1.3741062288867418 103.90956072814846 202.33096720060524
1.3740981265458148 103.90955742562926 202.33096720060524
1.37409017795951 103.90955418578052 202.33096720060524
1.3740857584234654 103.90955238437488 202.33096720060524
1.3740814874596832 103.90955064352737 202.33096720060524
1.3740765012563543 103.90954861114778 202.33096720060524
1.3740717454725553 103.90954667268736 202.33096720060524
1.3740651497506937 103.909543984267 202.33096720060524
1.3740578952257452 103.90954102731811 202.33096720060462
1.3740516323761334 103.9095384745767 202.33096720060524
1.3740456649890367 103.90953604071301 202.33279874720648
1.374037580560318 103.90953274255368 202.33626741781146
1.3740315787721578 103.90953029403761 202.33884251953702
1.3740250999074661 103.90952765089128 202.34162231370104
1.3740194611586554 103.90952535048235 202.34404165130954
1.3740123620261115 103.9095224542888 202.347087574941
1.3740041579553932 103.90951910731978 202.3489217549164
1.3739966439034121 103.90951604185388 202.3489217549164
1.3739918697831963 103.90951409418265 202.3489217549164
1.373987235636601 103.90951220361568 202.3489217549164
1.3739825308303644 103.90951028422211 202.3489217549164
1.3739769020130967 103.90950798786487 202.3489217549164
1.3739699724224503 103.90950516083839 202.3489217549164
1.3739656416847326 103.90950339405146 202.3489217549164
1.3739612721736534 103.90950161144637 202.34892175491623
1.3739533080845998 103.90949836238134 202.3489217549164
1.3739466707836758 103.90949565459866 202.34892175491592
1.373942287532927 103.90949386638827 202.3489217549164
1.3739349078729008 103.90949085574947 202.34892175491592
1.3739281935791385 103.90948811655645 202.3489217549164
1.3739216397450869 103.90948544282529 202.3489217549164
1.3739168291966206 103.90948348029264 202.34892175491592
1.3739119396512443 103.90948148553204 202.3489217549164
1.3739036097228874 103.90947808721758 202.34892175491623
1.373897329880619 103.90947552526531 202.3489217549164
1.373890553861196 103.9094727608904 202.3489217549164
1.3738854749489178 103.90947068887486 202.34892175491592
1.3738794643570391 103.90946823676717 202.3489217549164
1.373873571877637 103.90946583284517 202.34892175491674
1.373868277939501 103.90946367310671 202.3489217549164
1.373861085208281 103.90946073872821 202.3489217549164
1.3738530926294765 103.90945747804038 202.34892175491674
1.373845268844054 103.90945428621423 202.3489217549164
1.3738393193870282 103.90945185904737 202.3489217549164
1.3738316583787429 103.9094487336285 202.3489217549164
1.3738233314432844 103.909445336535 202.34892175491592
1.3738167584062275 103.9094426549697 202.3489217549164
1.373811010923242 103.90944031020106 202.34892175491592
1.3738044594163483 103.90943763741929 202.3489217549164
1.3737974648846867 103.90943478389916 202.3489217549164
1.3737923423614224 103.90943269409186 202.3489217549164
1.373785437964051 103.90942987734334 202.3489217549164
1.373779449362943 103.90942743420709 202.3489217549164
1.3737731335431602 103.90942485757725 202.3489217549164
1.3737654841649665 103.90942173690303 202.34892175491592
1.3737591571663714 103.90941915571264 202.34892175491592
1.3737536354381996 103.90941690304396 202.3489217549164
1.373747608620653 103.90941444431677 202.3489217549164
1.3737420186049618 103.90941216378918 202.34892175491592
1.3737356731659374 103.90940957507577 202.3489217549164
1.3737286945576017 103.90940672805179 202.3489217549164
1.3737206807998528 103.90940345872366 202.3489217549164
1.3737147385274806 103.90940103448789 202.3489217549164
1.373709494351914 103.90939889505077 202.34892175491674
1.3737046137869877 103.90939690395389 202.3489217549164
1.3736962907106696 103.90939350843477 202.3489217549164
1.373690707326384 103.90939123061257 202.34892175491623
1.373682619260685 103.90938793096943 202.34892175491592
1.373678370241917 103.9093861975209 202.34892175491592
1.3736715846790122 103.9093834292526 202.34892175491592
1.3736650044938754 103.90938074477108 202.3489217549164
1.3736606971910927 103.90937898754476 202.34892175491674
1.3736539963758794 103.9093762538505 202.3489217549164
1.3736493959386875 103.90937437703573 202.3489217549164
1.3736412297903229 103.90937104553764 202.3489217549164
1.3736344563285794 103.90936828220616 202.34892175491674
1.3736294459992324 103.90936623817 202.3489217549164
1.3736240459090487 103.90936403512526 202.3489217549164
1.373617209719589 103.90936124620312 202.3489217549164
1.3736112953305193 103.90935883334272 202.34892175491592
1.3736033317253922 103.90935558447508 202.3489217549164
1.373597204635188 103.90935308484018 202.3489217549164
1.373592239681856 103.90935105931581 202.3489217549164
1.3735845841807734 103.90934793614365 202.3489217549156
1.3735785219615215 103.9093454629738 202.3489217549164
1.3735742907274013 103.90934373678077 202.34892175491592
1.373568909261869 103.90934154133423 202.3489217549164
1.3735610557162943 103.90933833736696 202.3489217549164
1.3735567209924384 103.90933656895378 202.3489217549164
1.373550146913373 103.90933388696334 202.3489217549164
1.373542449667872 103.90933074676093 202.34892175491674
1.3735359913522998 103.90932811199785 202.34892175491592
1.3735277239835264 103.90932473920546 202.34892175491592
1.3735219637673575 103.9093223892421 202.3489217549164
1.373516119604798 103.90932000503165 202.34892175491592
1.3735107004076814 103.90931779419195 202.34892175491623
1.3735028857364455 103.909314606084 202.3489217549164
1.3734949244051122 103.90931135814397 202.34892175491592
1.373488151858507 103.90930859518583 202.34892175491592
1.3734802632683658 103.9093053769216 202.34892175491674
1.3734734231177337 103.90930258638342 202.34892175491592
1.3734684709406015 103.90930056607127 202.3489217549164
1.37346311819552 103.90929838234162 202.3489217549164
1.3734561522910438 103.90929554050034 202.3489217549164
1.373449710975274 103.9092929126726 202.3489217549164
1.3734445553761312 103.90929080937148 202.3489217549164
1.373439802259876 103.9092888702691 202.34892175491612
1.3734320099756152 103.90928569129424 202.34892175491592
1.3734276937040968 103.90928393040898 202.3489217549164
1.3734200181511185 103.90928079905633 202.3489217549164
1.373412451888066 103.90927771229009 202.34892175491623
1.3734046007774097 103.90927450931615 202.34892175491592
1.3733968863562236 103.90927136210667 202.3489217549164
1.3733911960866025 103.90926904067902 202.3489217549164
1.3733843063350244 103.9092662299054 202.34892175491592
1.3733778129204264 103.90926358082318 202.34892175491612
1.3733718158138677 103.90926113421696 202.3489217549164
1.3733635149139038 103.909257747745 202.34892175491692
1.3733572195442063 103.90925517945804 202.34892175491592
1.3733498860836808 103.90925218766695 202.34892175491674
1.3733422412041052 103.90924906882795 202.3489217549164
1.373336309495179 103.90924664890167 202.3489217549164
1.3733305272858356 103.90924428996588 202.3489217549164
1.3733232976474474 103.90924134053053 202.3489217549164
1.3733190231294647 103.90923959667919 202.3489217549164
1.3733140205900913 103.90923755582102 202.34892175491592
1.3733058940303158 103.90923424047364 202.3489217549164
1.3732994016192575 103.90923159180082 202.3489217549164
1.3732936863183374 103.90922926016128 202.34892175491674
1.3732855230568106 103.90922592984089 202.3489217549164
1.3732779486250244 103.90922283974207 202.3489217549164
1.3732705574743906 103.90921982441544 202.34892175491674
1.3732626926969742 103.90921661586596 202.34892175491592
1.373255336303993 103.90921361471922 202.3489217549164
1.3732475081456859 103.909210421109 202.34892175491674
1.3732391971077187 103.90920703050108 202.3489217549164
1.3732340012596154 103.90920491077982 202.34892175491674
1.3732283660262328 103.90920261180497 202.34892175491592
1.3732207836254693 103.9091995184551 202.3489217549164
1.3732156031186424 103.90919740499255 202.3489217549164
1.3732089165208894 103.90919467709844 202.3489217549164
1.3732026253534289 103.90919211052585 202.34892175491612
1.373197772495104 103.90919013073221 202.3489217549164
1.3731904937657142 103.90918716126947 202.34892175491623
1.3731826652115902 103.90918396749777 202.3489217549164
1.3731772883211988 103.90918177391768 202.3489217549164
1.373170152912106 103.9091788629245 202.3489217549156
1.3731651066180468 103.90917680421599 202.34892175491674
1.373158463386568 103.90917409401378 202.3489217549164
1.3731530504830736 103.90917188574164 202.3489217549164
1.373146604441993 103.9091692559861 202.3489217549164
1.373139342591436 103.9091662934093 202.3489217549164
1.37313327361593 103.9091638174831 202.3489217549164
1.373128363252289 103.90916181422934 202.34892175491592
1.3731237698202285 103.9091599402724 202.34892175491592
1.373119096176923 103.90915803359212 202.34892175491592
1.3731109426147303 103.90915470722868 202.34892175491592
1.373104775831917 103.9091521914006 202.34892175491592
1.3730987507147336 103.90914973336702 202.34892175491623
1.3730939841699226 103.90914778878624 202.3489217549164
1.3730871114867782 103.9091449849759 202.3489217549164
1.3730812154808594 103.90914257961515 202.34892175491674
1.3730729030771875 103.90913960051826 201.862923900987
1.3730647605825521 103.90913670430226 201.36080429492858
1.3730574733670702 103.90913411230174 200.91138218611877
1.3730527184330574 103.9091324210122 200.61813746367812
1.3730471921089094 103.90913045534575 200.2773483596655
1.373039350950827 103.90912766631257 199.79390938626926
1.373032415721075 103.90912519951038 199.72272146032276
1.3730262720066286 103.90912301424346 199.72272146032276
1.373019888720378 103.90912074376287 199.72272146032242
1.3730124131841397 103.90911808477826 199.72272146032276
1.3730078622593584 103.90911646605305 199.72272146032276
1.3729994002917056 103.90911345620317 199.72272146032242
1.3729947999170806 103.90911181988906 199.72272146032276
1.3729897609840434 103.90911002758347 199.72272146032276
1.3729819791703897 103.90910725965858 199.72272146032276
1.3729772626750834 103.90910558204133 199.72272146032242
1.372970385966844 103.90910313605472 199.72272146032276
1.3729640404842725 103.90910087902058 199.72272146032276
1.3729575943990415 103.9090985862029 199.72272146032276
1.3729499625980692 103.90909587163623 199.72272146032276
1.3729418107337623 103.90909297208745 199.72272146032276
1.3729375441009999 103.90909145448246 199.72272146032276
1.372929756075864 103.90908868434819 199.72272146032276
1.372923401508662 103.90908642408269 199.72272146032276
1.3729174941148332 103.90908432287296 199.72272146032276
1.3729097552242264 103.9090815702154 199.72272146032276
1.3729017093170044 103.90907870835463 199.72272146032276
1.3728965837641098 103.90907688523906 199.72272146032276
1.3728918246875264 103.909075192476 199.72272146032276
1.3728852910486202 103.90907286851619 199.72272146032276
1.3728770656482259 103.90906994281123 199.72272146032242
1.372870345648256 103.90906755256438 199.72272146032276
1.372863273422878 103.90906503703394 199.72272146032242
1.3728565292151724 103.90906263817662 199.72272146032276
1.3728498855694027 103.90906027508831 199.72272146032276
1.3728433693022026 103.90905795730747 199.72272146032276
1.3728353590753415 103.90905510813788 199.72272146032242
1.3728281156371074 103.90905253170848 199.72272146032242
1.3728228851472288 103.90905067126769 199.72272146032276
1.3728147468719345 103.90904777655236 199.72272146032265
1.3728092598461046 103.90904582486391 199.72272146032253
1.3728035382208903 103.90904378973045 199.72272146032265
1.3727972428244084 103.90904155051143 199.72272146032242
1.3727922401967263 103.9090397711193 199.72272146032296
1.372787143038445 103.9090379581034 199.72272146032304
1.372781116832505 103.90903581463316 199.72272146032296
1.3727759934031318 103.9090339922729 199.72272146032253
1.3727714129790882 103.90903236305498 199.72272146032276
1.3727667688792986 103.90903071118817 199.72272146032265
1.372760736675589 103.90902856558455 199.72272146032276
1.3727557060544324 103.90902677623535 199.72272146032276
1.3727491138080252 103.90902443142933 199.72272146032276
1.3727446546934894 103.90902284536016 199.72272146032276
1.3727368309209003 103.90902006251072 199.72272146032276
1.37273080475608 103.9090179190551 199.72272146032276
1.3727252277047164 103.90901593534531 199.72272146032265
1.3727183717524223 103.90901349674134 199.72272146032296
1.3727111229637188 103.90901091840877 199.72272146032276
1.3727052616891644 103.90900883360321 199.72272146032265
1.3726968827927797 103.90900585330093 199.72272146032276
1.3726912007208731 103.90900383223622 199.72272146032276
1.3726853159617693 103.90900173907737 199.72272146032276
1.3726804104152115 103.90899999421613 199.72272146032276
1.3726746282211968 103.90899793753884 199.72272146032276
1.3726689999622042 103.90899593561491 199.72272146032242
1.3726610914399924 103.90899312262071 199.72272146032276
1.372656018145383 103.9089913180929 199.72272146032276
1.372648139244698 103.90898851563485 199.72272146032265
1.3726408410145425 103.90898591971634 199.72272146032242
1.3726340311328291 103.90898349749924 199.72272146032276
1.3726261093611305 103.9089806797923 199.72272146032276
1.3726203091998923 103.9089786167242 199.72272146032276
1.372611928666802 103.90897563583972 199.72272146032276
1.3726063573945222 103.90897365418547 199.72272146032242
1.372600609170203 103.90897160959088 199.72272146032265
1.3725958760950543 103.90896992607622 199.72272146032276
1.3725878883625993 103.90896708490759 199.72272146032276
1.372582578673364 103.90896519629621 199.72272146032276
1.3725764716022553 103.90896302406284 199.72272146032276
1.3725697857919963 103.90896064597688 199.72272146032253
1.372561702158 103.90895777069687 199.72272146032276
1.3725535606653114 103.90895487483701 199.72272146032276
1.3725455664169217 103.9089520313507 199.72272146032276
1.3725392121082436 103.90894977117702 199.72272146032276
1.3725313427098085 103.90894697209878 199.72272146032276
1.372524873083759 103.90894467090769 199.72272146032253
1.3725195433285504 103.90894277515896 199.72272146032276
1.3725145431996015 103.90894099665555 199.72272146032276
1.3725066772297543 103.90893819879679 199.72272146032276
1.3724991422824735 103.90893551867997 199.72272146032276
1.3724906505285706 103.90893249823515 199.72272146032253
1.372485311503783 103.90893059918932 199.72272146032276
1.372480117553641 103.9089287517453 199.72272146032276
1.3724743115984055 103.90892668661627 199.72272146032276
1.3724666446047264 103.90892395953165 199.72272146032253
1.3724603624712197 103.90892172503004 199.72272146032276
1.3724548234774052 103.90891975485691 199.72272146032276
1.3724497585248505 103.90891795329622 199.72272146032276
1.3724440991942326 103.90891594032033 199.72272146032253
1.3724358622391304 103.90891301050524 199.72272146032253
1.372429174747334 103.90891063182112 199.72272146032265
1.3724234393609682 103.90890859179282 199.72272146032276
1.3724160235564122 103.90890595405402 199.72272146032276
1.3724104575676492 103.908903974279 199.72272146032276
1.372403338414778 103.90890144205669 199.72272146032276
1.3723969993990608 103.90889918732255 199.72272146032276
1.37238885950575 103.9088962920315 199.72272146032276
1.3723813838112107 103.90889363299031 199.72272146032242
1.3723753150001383 103.90889147436566 199.72272146032276
1.372367819008373 103.90888880810493 199.72272146032276
1.3723600926637667 103.90888605990965 199.72272146032276
1.3723550641591928 103.90888427131318 199.72272146032276
1.3723475351865084 103.90888159332141 199.72272146032276
1.3723430189191093 103.90887998692337 199.72272146032276
1.372335633251372 103.90887735990394 199.72272146032276
1.372329439347264 103.90887515678475 199.72272146032265
1.3723211378153135 103.90887220400018 199.72272146032276
1.3723144455968368 103.90886982363476 199.72272146032276
1.3723076456426684 103.90886740494868 199.72272146032276
1.372300274293093 103.9088647830221 199.72272146032276
1.372293624045285 103.90886241758528 199.72272146032276
1.3722868290474084 103.90886000066212 199.72272146032276
1.372281225236044 103.90885800743388 199.72272146032253
1.3722736038691936 103.90885529657825 199.72272146032276
1.3722684236068174 103.9088534540028 199.72272146032276
1.372259935091096 103.90885043470966 199.72272146032276
1.3722535576583106 103.90884816631083 199.72272146032276
1.372245686192029 103.90884536649693 199.72272146032276
1.3722396481640964 103.90884321882154 199.72272146032242
1.3722332968500408 103.9088409597129 199.72272146032276
1.372226372017619 103.90883849660867 199.72272146032276
1.372219516426863 103.90883605813308 199.72272146032276
1.3722113681600243 103.90883315986358 199.72272146032276
1.3722050899783416 103.90883092676751 199.72272146032276
1.3721966174611473 103.90882791316488 199.72272146032276
1.3721883634925616 103.90882497729812 199.72272146032253
1.3721817517887447 103.90882262557105 199.72272146032276
1.3721747081697668 103.90882012021541 199.72272146032253
1.3721695587948115 103.90881828862634 199.72272146032276
1.3721625866007043 103.9088158086759 199.72272146032276
1.3721542922978165 103.90881285846258 199.72272146032265
1.3721461532809622 103.90880996348318 199.72272146032276
1.3721418039303017 103.90880841645595 199.72272146032253
1.3721354996334612 103.90880617407093 199.72272146032276
1.3721303398825853 103.9088043387912 199.72272146032276
1.3721242438850076 103.90880217049646 199.72272146032276
1.3721174783757268 103.90879976406205 199.72272146032253
1.3721109349348137 103.90879743661549 199.72272146032276
1.3721061035535416 103.90879571813404 199.72272146032253
1.3720984360812918 103.90879241529328 200.41384317412562
1.37209293954347 103.9087899068004 201.0788466013503
1.3720873680686834 103.908787364108 201.75322657250817
1.3720817295348384 103.9087847908114 202.43585145827018
1.372074434178493 103.90878146137928 203.31893484359426
1.372069201064875 103.90877907310711 203.95208907852458
1.3720620145809008 103.90877579336183 204.69635746270583
1.3720577481416996 103.90877384625753 204.69635746270552
1.3720528969829597 103.90877163230074 204.69635746270583
1.372047603227113 103.90876921635287 204.69635746270552
1.3720422616484966 103.90876677857979 204.69635746270612
1.372035268876378 103.90876358724012 204.69635746270552
1.3720302808841878 103.9087613108357 204.6963574627058
1.3720240729564126 103.90875847768089 204.69635746270612
1.3720177764454309 103.90875560409874 204.69635746270583
1.3720125267704124 103.90875320826834 204.69635746270612
1.3720082265223283 103.90875124573445 204.69635746270552
1.372003264325589 103.90874898110249 204.69635746270552
1.3719984099108515 103.90874676565974 204.69635746270583
