-157561016 5268524380 1483517642 26.89
-391040069 555795620 4604903924 52.61
-473853541 3941996105 cluster_236618527_236619255_4604903925_6248638853 351.22
-512918116#1 4604903924 cluster_236618527_236619255_4604903925_6248638853 6.3
-537395705#2 cluster_236618527_236619255_4604903925_6248638853 3941996065 32.31
-631508553 cluster_236618527_236619255_4604903925_6248638853 4604903923 0.2
-633817359 4604903923 236573460 89.13
-634499806 555795618 555795620 42.03
-655161423 3941996065 5268524380 41.45
-655161424 1483517642 5681333360 59.76
-75404819 236573460 555795627 138.64
157561016 1483517642 5268524380 26.89
21957431#0 3941996065 cluster_236618527_236619255_4604903925_6248638853 32.72
391040069 4604903924 555795620 52.61
391040075 3941996094 3941996076 821.87
391040077 3941996103 3941996095 827.98
465531749 4604903923 1483517643 3.43
465531751#0 4740049498 4604903924 20.35
473853541 cluster_236618527_236619255_4604903925_6248638853 3941996105 348.73
488898648#0 4740049498 cluster_236618527_236619255_4604903925_6248638853 12.08
512918116#0 cluster_236618527_236619255_4604903925_6248638853 4604903924 6.52
537395705#0 3941996065 cluster_236618527_236619255_4604903925_6248638853 32.24
537395706 236618644 4740049498 21.18
537395707#0 cluster_236618527_236619255_4604903925_6248638853 1483517643 2.88
631508553 4604903923 cluster_236618527_236619255_4604903925_6248638853 0.2
632139413 1483517643 367516409 33.7
633817359 236573460 4604903923 90.62
634499806 555795620 555795618 42.03
655161423 5268524380 3941996065 40.71
655161424 5681333360 1483517642 59.87
75404819 555795627 236573460 139.89
