632139413
1.3635477163603555 103.7681493799152 81.55496996033582
1.3635487522460945 103.76815628791948 81.55496996033582
1.363549692100471 103.76816255552015 81.55496996033582
1.363550891742188 103.7681705555631 81.55496996033577
1.3635521828500963 103.76817916556621 81.55496996033577
1.363553046996435 103.76818492829354 81.55496996033577
1.3635542508641265 103.76819295651863 81.55496996033582
1.3635551321289916 103.76819883340437 81.55496996033582
1.3635559657146423 103.76820439233208 81.55496996033582
1.3635572337267283 103.76821284831695 81.55496996033582
1.363558053535784 103.76821831537298 81.55496996033582
1.3635593704948932 103.7682270977709 81.55496996033582
1.3635600646378774 103.76823172679843 81.55496996033642
1.3635607612671368 103.76823637240626 81.55496996033577
1.3635615807944348 103.76824183758364 81.55496996033582
1.3635626184125922 103.76824875714249 81.55496996033577
1.3635636091698757 103.7682553642006 81.55496996033577
1.3635644669827818 103.7682610846933 81.55496996033577
1.3635656373727159 103.76826888966701 81.55496996033582
1.3635665861815742 103.76827521698416 81.55496996033577
1.363567425343667 103.76828081310055 81.55496996033577
1.3635681503350077 103.76828564784702 81.55496996033642
1.3635694274449037 103.76829416450417 81.55496996033582
1.3635702367727327 103.76829956166519 81.55496996033577
1.3635709572922445 103.76830436659064 81.55496996033577
1.3635719652008034 103.7683110880263 81.55496996033582
1.363573045031247 103.76831828908728 81.55496996033577
1.3635739305674661 103.76832419445924 81.55496996033577
1.363575259500435 103.76833305670954 81.55496996033582
1.3635761796483359 103.76833919289649 81.55496996033577
1.3635770247663521 103.76834482873204 81.55496996033577
1.3635778599519306 103.76835039833124 81.55496996033577
1.3635789714550988 103.76835781060873 81.55496996033577
1.3635801374447332 103.76836558624008 81.55496996033582
1.3635814107253459 103.76837407736261 81.55496996033582
1.3635825505634938 103.76838167859793 81.55496996033577
1.363583694081617 103.76838930437404 81.55496996033577
1.363584759023294 103.76839640614777 81.55496996033582
1.3635856868073624 103.76840259325901 81.55496996033582
