133662117 1.3798298682652614 103.92070320189663
135078451 1.3845903737720846 103.91530418239739
135080726 1.37951439932323 103.9207978950203
1779785719 1.3789247752642855 103.92212349159578
244985231 1.3769023550856792 103.91106196805815
244985237 1.3776783440164173 103.91216719250745
244985539 1.3827841417991358 103.91786336080041
244985683 1.3777887073094974 103.91198496177218
248015454 1.3808815186972079 103.91814041483555
248015461 1.38024034806095 103.91593484767591
248017101 1.378581370478665 103.91473232362173
3168625114 1.384952543599155 103.91526680851467
3168629161 1.3837774531694258 103.91808185209679
3168629168 1.3819215717344633 103.91810866706419
33176817#1-AddedOnRampNode 1.3872991013969633 103.91298339352372
369787678 1.376954816400976 103.91085810336952
369941950 1.3812570669409643 103.91906975625655
369941951 1.383122939880709 103.92249198528202
383446321 1.380009462935234 103.91545204210243
4076188214 1.3842966759470694 103.91690727862736
445716781-AddedOnRampNode 1.3794068040139837 103.92149763849582
4459074743 1.3776055551985125 103.91973676518407
4491733717 1.3783574852738296 103.91294584859776
4600849657 1.3770092113692427 103.91981459775937
4600849683 1.382083462870329 103.9184470718722
4732600063 1.3770774489191178 103.91988781695687
478293979-AddedOffRampNode 1.3791487873878623 103.9216198979577
5145467887 1.3785917666157017 103.91965974538282
5217031734 1.3779657774916052 103.91979097863235
5217031741 1.3773806455434419 103.91985847034923
5726683755 1.3835316320641677 103.91816761663456
5864610047 1.3873309430644094 103.91318137886948
5950442157 1.391178129435574 103.90965768173578
5991894321 1.3862007502779827 103.92176177782862
5991894323 1.3793242727196673 103.91391095961578
5992186379 1.3876257145498148 103.91293084590694
5992186786 1.3852016641595069 103.91999820321915
5992186788 1.384561057004137 103.9164641529903
6071833813 1.386006370961228 103.92178730111777
6089860518 1.3849154775858428 103.9200366206087
6094013072 1.3830733597668847 103.91516987592843
6094013073 1.382163065587875 103.91450924206494
6094013084 1.3789238561477335 103.9135895609259
6094013604 1.3838581840629662 103.91817726531703
6094013658 1.3852046102338729 103.92070230239098
6095827184 1.377667112133049 103.92719979150246
6115171095 1.381592636373347 103.91842509420063
6138518790 1.3740954426356242 103.91271337959256
6138535588 1.376110535399473 103.91330349858166
6347432204 1.3806775229845303 103.91849938709271
6347432206 1.3808972807326987 103.9174000885294
635098150#1-AddedOnRampNode 1.385925517442773 103.92142432211733
6578324592 1.3866089173938834 103.91356440611997
6959303561 1.3808800016373355 103.91621236844324
718972473-AddedOffRampNode 1.3772723155848094 103.91124721628638
719085939-AddedOffRampNode 1.380246769282235 103.91928960313938
9566124478 1.3854643790624224 103.92065401046888
