0
26
21
12
5
5
13
14
14
13
14
13
15
14
8
8
14
13
14
13
14
13
14
13
14
12
13
13
14
13
12
13
13
13
14
13
3
7
12
14
13
11
1
11
13
14
12
13
13
13
13
14
13
13
13
15
13
13
14
11
12
14
14
12
14
13
13
15
13
12
14
13
14
14
6
9.026865786679526e-05
13
9.046019672892326e-05
1
0
1
5
10
10
10
10
10
3
10
13
14
12
13
13
14
13
13
14
13
13
13
13
13
13
13
14
14
13
13
14
13
13
13
14
13
12
14
12
13
14
13
13
13
14
12
14
12
13
15
13
13
13
14
14
13
14
13
15
14
12
13
13
13
13
14
15
12
1
9
12
14
13
13
13
14
2
13
14
13
11
12
14
13
14
11
1
10
14
14
14
