0
26
21
12
5
5
13
14
14
13
14
13
15
14
8
8
14
13
14
13
14
13
14
13
14
12
13
13
14
13
12
13
13
13
14
13
3
7
12
14
13
11
1
11
13
14
12
13
13
13
13
14
13
13
13
15
13
13
14
11
12
14
14
12
14
13
13
15
13
12
14
13
14
14
6
9.037904790712884e-05
9.037904909507628e-05
0
1
0
1
5
10
10
10
10
10
10
10
10
10
10
10
10
10
10
10
10
10
10
10
10
10
10
10
10
10
10
10
10
10
10
10
10
10
10
10
10
10
10
10
10
10
10
8.963935516070563e-05
9.015763861937751e-05
10
9
6
13
13
13
13
14
13
14
12
8
2
12
14
14
12
13
13
14
13
12
13
13
14
14
13
13
12
13
13
14
12
13
14
13
14
13
12
14
12
13
14
13
13
15
14
16
13
13
13
13
13
13
12
13
13
14
14
14
12
14
13
14
13
13
14
13
