646117453#1
1.3850476561131553 103.92044416367895 244.3477935933816
1.3850451879297352 103.92043906305419 244.34779359338273
1.3850427055190997 103.92043393302816 244.3477935933816
1.3850400858687066 103.92042851938933 244.3477935933816
1.3850374049168963 103.92042297906808 244.34779359338273
1.385034408817193 103.92041678747793 244.3477935933816
1.3850313907894143 103.92041055057237 244.34779359337927
1.3850287456389025 103.92040508423639 244.3477935933816
1.385026737386914 103.92040093408308 244.3477935933816
1.3850231876448935 103.92039359836352 244.3477935933816
1.385019511435968 103.9203860012938 244.34779359338273
1.3850174691167774 103.920381780739 244.3477935933816
1.3850148961362887 103.92037528298523 244.99722510671563
1.3850122241764236 103.9203683476741 245.77540350950335
1.38500997646143 103.92036251352856 246.43030525029636
1.3850081527043496 103.92035777980377 246.9617434781012
1.3850049616367586 103.9203494971022 247.89145483808917
1.3850030839757632 103.92034462346503 248.43824931164005
1.3850013005245525 103.92033999435783 248.9573196094637
1.3849990344551102 103.92033411257185 249.07909655812634
1.3849973897129417 103.92032984349642 249.07909655812728
1.384995308365058 103.92032444117181 249.07909655812875
1.3849927710225272 103.92031785527239 249.07909655812728
1.384990583640269 103.92031217772616 249.07909655812728
1.3849875953349478 103.92030442131258 249.07909655812728
1.3849859286138364 103.92030009518898 249.07909655812728
1.3849831183350527 103.92029280085927 249.0790965581297
1.3849814733661887 103.92028853119561 249.07909655812634
1.3849794288544803 103.92028322448284 249.07909655812728
1.3849775653035556 103.92027838746996 249.07909655812728
1.3849744108241697 103.92027019973703 249.07909655812728
1.3849718847772183 103.92026364315666 249.07909655812634
1.3849692820873936 103.92025688764289 249.07909655812728
1.3849672752492999 103.92025167871553 249.07909655812728
1.3849640509614474 103.92024330978873 249.07909655812728
1.3849617906147575 103.92023744285726 249.07909655812634
1.384959436085658 103.92023133146698 249.07909655812728
1.3849563299358685 103.92022326917822 249.07909655812728
1.3849532626936927 103.9202153078777 249.07909655812634
1.3849508953179523 103.92020916314299 249.07909655812728
1.3849491486181722 103.92020462942804 249.07909655812875
1.3849468249981263 103.92019859826519 249.0790965581297
1.3849439002636554 103.9201910068563 249.07909655812634
1.384940868530464 103.92018313772282 249.07909655812875
1.3849378647268435 103.92017534108305 249.07909655812634
1.3849358066623711 103.9201699991935 249.07909655812634
1.3849335581190287 103.92016416289913 249.07909655812728
1.3849315673053866 103.92015899556516 249.07909655812728
1.384928532195849 103.92015111766831 249.0790965581297
1.3849253418368164 103.92014283680766 249.07909655812728
1.384922941162536 103.92013660564406 249.07909655812634
1.384920097842811 103.9201292255549 249.0790965581297
1.3849183253030175 103.9201246247703 249.07909655812634
1.3849160546005352 103.9201187309602 249.07909655812728
1.384913475551927 103.92011203681032 249.0790965581297
1.3849108386321631 103.9201051924508 249.07909655812634
1.3849091233899662 103.92010074038733 249.07909655812728
1.3849062338824338 103.92009324041388 249.07909655812728
1.3849032561281156 103.92008551138814 249.07909655812728
1.3849005355348163 103.92007844984671 249.07909655812875
1.384897705297292 103.92007110371402 249.07909655812875
1.3848960592834567 103.92006683133906 249.07909655812728
1.3848938520896674 103.92006110237175 249.07909655812728
1.3848919033158649 103.92005604415645 249.07909655812728
1.384889778893845 103.92005053003066 249.07909655812634
1.384886810858473 103.92004282623166 249.07909655812634
1.3848839438414051 103.92003538463467 249.0790965581297
1.3848816700448905 103.92002948279428 249.07909655812728
1.3848791336472335 103.92002289934938 249.07909655812634
1.3848771400715618 103.92001772484707 249.07909655812634
