32839192
1.380954955527629 103.9162490700468 36.23076045000995
1.380961457473531 103.91625379909021 36.23076045000995
1.3809683558312056 103.91625881645481 36.23076045000918
1.3809731913187757 103.91626233343744 36.23076045000995
1.3809782120540515 103.91626598515582 36.23076045000995
1.3809829364639956 103.91626942134867 36.23076045000995
1.38098928859897 103.91627404143055 36.230760450011005
1.380993442030133 103.91627706233488 36.23076045000995
1.3809996462805627 103.91628157485631 36.23076045000918
1.3810038085155534 103.91628460216394 36.23076045000995
1.3810102754994085 103.91628858855864 35.49070728524807
1.381017805035863 103.91629293456201 34.32282959124303
1.3810231961839923 103.91629604630046 33.486001523092625
1.381027914295073 103.91629876956593 32.75353340396506
1.3810322964576696 103.91630129892397 32.0733469861116
1.3810398533550776 103.91630566071994 30.901244887922495
1.381045066195636 103.91630866954033 30.178981011296525
1.3810527464478484 103.91631310253598 30.17898101129539
1.3810580636262686 103.91631617157957 30.178981011295864
1.381062681868043 103.9163188372011 30.178981011296525
1.3810685626195718 103.91632223153573 30.178981011296525
1.38107248029545 103.91632449279483 30.178981011294745
1.381080245778836 103.91632897498543 30.178981011296525
1.3810856298894307 103.9163320826619 30.178981011296525
1.3810920909763924 103.91633581196268 30.17898101129539
1.381097320219334 103.91633883025047 30.178981011294745
1.3811021418496972 103.91634161326671 30.178981011296525
1.3811089773948289 103.91634555870253 30.178981011296525
1.3811133918434921 103.91634810669593 30.178981011295864
1.3811178801998176 103.9163506973484 30.178981011296525
1.3811245768264837 103.91635456260133 30.17898101129539
1.381129879053712 103.91635762301522 30.178981011296525
1.3811338350720441 103.91635990640539 30.178981011295864
1.3811413152930674 103.91636422394433 30.178981011296525
1.3811470552796221 103.9163675370303 30.178981011296525
1.3811527520616054 103.91637082517886 30.17898101129539
1.3811573372226722 103.91637347170646 30.178981011296525
1.3811632552852133 103.91637688757686 30.178981011296525
1.3811687335393645 103.91638004959249 30.17898101129539
1.3811751007702382 103.91638372472018 30.178981011296525
1.3811804073520708 103.91638678764755 30.178981011294745
1.3811862440311784 103.91639015654394 30.178981011296525
1.3811914389819022 103.9163931550385 30.178981011295864
1.3811981980643315 103.9163970563406 30.17898101129539
1.3812045047739898 103.91640069653583 30.178981011296525
1.3812103709499524 103.91640408245762 30.178981011294745
1.3812172228154989 103.9164080373136 30.178981011295864
1.381221158926732 103.91641030921353 30.178981011295864
1.3812252368997482 103.91641266299527 30.178981011295864
1.3812295220471957 103.91641513635685 30.178981011295864
1.3812363702362318 103.91641908909078 30.178981011296525
1.3812430549634704 103.91642294747551 30.178981011295864
1.3812503558121962 103.91642716148193 30.178981011296525
1.3812576228680578 103.9164313559833 30.17898101129539
1.381262715387345 103.91643429535513 30.17898101129539
1.3812681809585945 103.91643745005034 30.17898101129539
1.3812750171076869 103.9164413958349 30.178981011296525
1.381281164514774 103.91644494408169 30.178981011294745
1.381286048693116 103.91644776320037 30.178981011296525
1.3812908435460756 103.91645053076098 30.178981011296525
1.381298250985798 103.91645480629113 30.178981011294745
1.3813057653974021 103.91645914356481 30.178981011295864
1.3813117665246657 103.91646260737977 30.178981011296525
1.3813184324544427 103.91646645491481 30.17898101129539
1.3813239896744207 103.91646966250913 30.178981011296525
1.3813306207516964 103.91647348992753 30.178981011296525
1.3813360260255962 103.91647660981951 30.178981011296525
1.3813429633688472 103.91648061401278 30.178981011294745
1.3813497435904298 103.9164845275164 30.178981011296525
1.381357204834372 103.91648883410208 30.17898101129539
1.3813615323279709 103.91649133190568 30.178981011296525
1.3813687751876067 103.91649551244124 30.178981011296525
1.381374708638028 103.91649893719361 30.178981011296525
1.3813810102883126 103.91650257446872 30.17898101129539
1.3813880181397797 103.916506619359 30.178981011296525
1.3813925114489154 103.91650921287035 30.178981011294745
1.3813987386928142 103.91651280719857 30.178981011296525
1.3814055016272573 103.9165167107242 30.178981011296525
1.3814098154438557 103.91651920063354 30.178981011296525
1.3814168084751546 103.91652323696972 30.178981011296525
1.3814244529715036 103.91652764932766 30.178981011296525
1.381430285154814 103.91653101562927 30.17898101129539
1.3814374935553557 103.91653580812174 30.877760746474287
1.3814432965987553 103.91654036845127 32.219529714300094
1.3814481944938977 103.91654421746881 33.353827726480205
1.3814537692663518 103.91654859841134 34.645710396520755
1.3814580767699824 103.91655198346895 35.643728337028016
1.3814619636068597 103.91655503794502 36.543584281091405
1.3814655364704633 103.91655784568474 37.36977432200023
1.381471085891146 103.91656220670458 38.367109761040474
1.3814748390054774 103.91656515609462 38.367109761041284
1.3814787477230228 103.91656822776567 38.367109761040474
1.3814837627879695 103.91657216886132 38.367109761040474
1.381487469762643 103.91657508199245 38.367109761040474
1.3814916833630055 103.91657839325609 38.367109761041505
1.3814972186833765 103.9165827431952 38.367109761040474
1.3815015394745374 103.91658613869491 38.367109761040474
1.381506838085205 103.9165903026154 38.367109761040474
1.3815125618152608 103.91659480061656 38.367109761040474
1.3815168169484275 103.91659814451886 38.367109761040474
1.381523861695607 103.91660368064318 38.367109761040474
1.3815278633699966 103.91660682536455 38.367109761040474
1.3815323806854296 103.91661037530315 38.367109761040474
1.381538488752841 103.9166151753364 38.367109761041284
1.381542276189006 103.9166181516984 38.367109761041505
1.381548716253155 103.91662321263179 38.367109761040474
1.3815528085295878 103.91662642855292 38.367109761041284
1.3815569643534709 103.91662969441292 38.367109761040474
1.3815627958061094 103.91663427706813 38.367109761040474
1.3815679949749218 103.91663836284222 38.367109761040474
1.3815723134380675 103.91664175651255 38.367109761040474
1.3815766572448138 103.91664517009914 38.367109761040474
1.381581462910088 103.91664894663795 38.367109761040474
1.3815881965652974 103.91665423829038 38.367109761041505
1.3815936537711448 103.91665852684326 38.367109761040474
1.3816005360255421 103.9166639352726 38.367109761041505
1.381604548077471 103.91666708814927 38.367109761040474
1.3816107048515498 103.91667192645889 38.367109761040474
1.3816163829065649 103.91667638856646 38.367109761040474
1.3816214372983748 103.91668036056744 38.367109761041505
1.3816275381055219 103.91668515489539 38.367109761041284
1.3816314845165385 103.9166882561881 38.367109761040474
1.3816365807923672 103.91669226110372 38.367109761040474
1.3816426235071868 103.91669700977977 38.367109761041284
1.381646694646845 103.91670020909066 38.367109761040474
1.3816536132422155 103.91670564607873 38.367109761040474
1.3816606324758625 103.91671116215352 38.367109761040474
1.3816660855450813 103.91671544745579 38.367109761040474
1.3816697665399307 103.91671834017087 38.367109761040474
1.3816757327191695 103.9167230287014 38.367109761041505
1.3816794223092717 103.91672592817108 38.367109761041505
1.3816842715518656 103.91672973895535 38.367109761040474
1.3816883372675817 103.91673293400389 38.367109761040474
1.3816941888652603 103.91673753249037 38.367109761040474
1.381697812465157 103.91674038010157 38.367109761040474
1.381701625408117 103.91674337650832 38.367109761040474
1.3817084629487961 103.91674874979955 38.367109761040474
1.3817131537680627 103.91675243608668 38.367109761040474
1.3817169353318275 103.91675540783405 38.367109761041284
1.381723663069338 103.91676069483633 38.367109761040474
1.3817276584164015 103.91676383458562 38.367109761041284
1.3817333669616132 103.9167683206542 38.367109761040474
1.381737443592144 103.91677152428024 38.367109761040474
1.3817438270532059 103.91677654073241 38.367109761041284
1.3817492688270117 103.91678081715831 38.367109761040474
1.3817554613770269 103.9167856835828 38.367109761041284
1.381762266778766 103.91679103161772 38.367109761040474
1.3817663798204571 103.91679426385757 38.367109761040474
1.3817725437429595 103.91679910778512 38.367109761040474
1.3817761479200088 103.91680194013296 38.367109761040474
1.381779786124978 103.91680479922168 38.367109761040474
1.38178484028052 103.91680877103725 38.367109761040474
1.3817902412145704 103.91681338787043 38.74059048910733
1.381796156389994 103.91681902202085 39.72976463959879
1.3818022616897354 103.91682483726295 40.75157811237343
1.381806853962687 103.9168292113609 41.52034179324268
1.3818129890780777 103.9168350550022 42.547093915498486
1.3818183757159992 103.91684018572553 43.447835292988934
1.381824344532405 103.91684587096859 43.81603488750583
1.381829876137194 103.91685113977158 43.816034887507676
1.3818344333547565 103.91685548047967 43.81603488750583
1.381838917928729 103.91685975199542 43.816034887507676
1.3818438505770068 103.91686445029787 43.81603488750583
1.3818474061417403 103.91686783694081 43.81603488750673
1.381852767235874 103.91687294333403 43.81603488750673
1.381857775477117 103.9168777136381 43.81603488750583
1.3818627326805752 103.91688243532919 43.81603488750583
1.3818685283383823 103.91688795564039 43.81603488750673
1.3818728517969594 103.91689207369527 43.81603488750583
1.381876571534799 103.91689561671167 43.81603488750673
1.3818819570546537 103.91690074637026 43.81603488750673
1.3818875792163199 103.91690610142803 43.81603488750583
1.3818919284935982 103.91691024407501 43.81603488750673
1.3818981569552105 103.916916176628 43.81603488750673
1.381903311284505 103.91692108607977 43.81603488750677
1.3819087121841156 103.91692623038752 43.81603488750673
1.3819136788004964 103.91693096104444 43.81603488750673
1.3819184422130426 103.91693549815159 43.81603488750673
1.381922574968438 103.91693943456353 43.81603488750583
1.3819269237691965 103.91694357675672 43.81603488750673
1.3819319979321016 103.9169484098508 43.81603488750677
1.3819368143977002 103.91695299749055 43.81603488750673
1.3819423749004327 103.91695829381892 43.81603488750673
1.3819470259149111 103.91696272386798 43.81603488750673
1.3819506839877373 103.91696620814916 43.816034887507676
1.3819550190833017 103.91697033728835 43.81603488750673
1.3819610072602773 103.91697604097263 43.81603488750583
1.381967082728121 103.91698182780067 43.816034887507676
1.381970553668902 103.9169851338403 43.81603488750583
1.3819752747970484 103.91698963067208 43.81603488750583
1.3819793051234373 103.91699346952144 43.81603488750673
1.3819829863383242 103.91699697584528 43.81603488750673
1.3819866278071062 103.91700044431133 43.816034887507676
1.3819903796068198 103.91700401786659 43.81603488750677
1.3819937565515352 103.91700723437587 43.81603488750673
1.3819970851536625 103.91701040483929 43.81603488750673
1.3820025466076296 103.91701560682478 43.81603488750673
1.382007718750915 103.91702053324448 43.81603488750677
1.382011056066067 103.91702371200698 43.81603488750673
1.3820156385738218 103.9170280768042 43.81603488750583
1.3820211897979076 103.91703336429497 43.81603488750583
1.3820272480172908 103.9170391346942 43.81603488750583
1.3820308412809172 103.91704255724535 43.81603488750673
1.3820352504083697 103.91704675689945 43.81603488750673
1.3820400839914981 103.91705136084376 43.816034887507676
1.3820440471383169 103.91705513570534 43.81603488750583
1.3820505198577469 103.9170613009122 43.816034887507676
1.3820538444935555 103.91706446759784 43.816034887507676
1.3820571052502404 103.91706757343918 43.81603488750677
1.3820605949981863 103.91707089739263 43.816034887507676
1.3820666323591133 103.9170766479245 43.81603488750583
1.3820702262731566 103.91708007109527 43.81603488750673
1.3820750540822853 103.91708466953997 43.81603488750673
1.3820799554198584 103.91708933801988 43.81603488750673
1.3820856967692459 103.91709480660349 43.81603488750583
1.382091511709255 103.91710034528153 43.81603488750583
1.382097973549875 103.91710650012658 43.81603488750673
1.3821030188776646 103.91711130575594 43.81603488750673
1.3821068832005203 103.91711498648871 43.81603488750673
1.3821114456853634 103.91711933221453 43.816034887507676
1.3821148039847113 103.91712253096448 43.81603488750673
1.382118234126111 103.91712579814335 43.816034887507676
1.3821227696741027 103.91713011821209 43.81603488750673
1.3821273377196295 103.91713446923441 43.81603488750673
1.382132719962983 103.91713959577291 43.81603488750673
1.3821370689740844 103.91714373816697 43.816034887507676
1.3821426210280652 103.91714902644857 43.81603488750583
1.3821470164927574 103.91715321308926 43.81603488750677
1.3821522297165474 103.91715817863819 43.816034887507676
1.382156119052045 103.91716188319539 43.81603488750673
1.3821610259600223 103.91716655698127 43.81603488750673
1.3821664949735026 103.91717176616763 43.81603488750677
1.382170054756922 103.91717515682944 43.81603488750583
1.382176489353572 103.91718128572516 43.81603488750583
1.3821806060028627 103.91718520679676 43.81603488750673
1.3821867100938694 103.91719102088885 43.81603488750677
1.3821908191289538 103.917194934708 43.816034887507676
1.3821942745269176 103.91719822594366 43.81603488750677
1.3821996322832761 103.9172033291587 43.81603488750673
1.3822039729735518 103.91720746362739 43.81603488750673
1.3822099066791682 103.91721311542898 43.816034887507676
1.3822154543294125 103.91721840003005 43.81650884498463
1.382219379835049 103.91722213943426 43.816873361983305
1.3822240727070456 103.9172266098253 43.81730913555626
1.3822291202323553 103.91723141805619 43.81777784174267
1.3822351074184493 103.9172371214002 43.818333803522805
1.38224141531486 103.91724313025021 43.81891954601657
1.3822452541755288 103.91724678711718 43.81905947842177
1.3822516212819205 103.91725285237018 43.81905947842268
1.3822550992123483 103.917256165418 43.81905947842177
1.3822615485403675 103.91726230899465 43.81905947842177
1.382266462451984 103.91726698994636 43.81905947842268
1.3822719756683275 103.9172722417908 43.81905947842268
1.3822757065192242 103.91727579576862 43.81905947842173
1.3822820332455819 103.91728182255602 43.81905947842268
1.382285972543933 103.9172855750992 43.81905947842173
1.3822916412702118 103.91729097508119 43.81905947842268
1.3822951967373038 103.91729436198987 43.81905947842177
1.382300069781649 103.91729900401182 43.81905947842177
1.3823063321229396 103.91730496946661 43.81905947842268
1.38231222630789 103.91731058421875 43.81905947842177
1.382316506017773 103.91731466103519 43.81905947842268
1.3823201101462446 103.91731809429838 43.81905947842177
1.3823262607323554 103.91732395329619 43.81905947842177
1.3823315172031396 103.91732896056709 43.81905947842268
1.382335642727475 103.91733289050771 43.81905947842177
1.3823407849309925 103.91733778892858 43.81905947842177
1.3823469844403866 103.91734369453037 43.81905947842177
1.3823518350268043 103.91734831515923 43.81905947842268
1.3823557579092058 103.91735205206483 43.81905947842268
1.3823617582031975 103.91735776789572 43.81905947842177
1.3823666615694086 103.91736243880221 43.81905947842268
1.3823700096621432 103.91736562816794 43.81905947842268
1.3823761688834766 103.91737149539175 43.81905947842268
1.3823796214635122 103.91737478429123 43.81905947842268
1.382385297585185 103.9173801913183 43.81905947842177
1.3823889296538208 103.91738365119718 43.81905947842268
1.3823934012996868 103.91738791085047 43.81905947842177
1.3823993061880548 103.91739353579887 43.81905947842177
1.3824051253936995 103.9173990791266 43.81905947842268
1.3824096488710538 103.91740338815417 43.81905947842173
1.3824141306111837 103.91740765742324 43.81905947842268
1.3824190327205188 103.91741232713257 43.81905947842268
1.382423084437041 103.91741618676465 43.81905947842268
1.3824273748552418 103.91742027378203 43.81905947842268
1.3824316728825916 103.91742433555308 43.7890837381733
1.3824354556762788 103.9174278699364 43.72536293304405
1.3824390663487818 103.91743124350147 43.66454106829954
1.3824446945891604 103.91743650214379 43.56973272550418
1.3824495126269065 103.91744100378826 43.488572197763126
1.3824533928954563 103.91744462924544 43.423208665999596
1.3824585891394687 103.91744948425998 43.335677904462024
1.382463052607406 103.91745365461873 43.265325484593674
1.3824666676682484 103.91745703228402 43.265325484593674
1.3824717234567236 103.91746175606657 43.265325484592765
1.382477914184365 103.91746754025856 43.265325484592765
1.3824844526131284 103.91747364931868 43.265325484593674
1.3824889082194318 103.91747781233212 43.265325484593674
1.3824922034664646 103.91748089118535 43.265325484593674
1.3824958494770454 103.917484297768 43.265325484593674
1.3825018627202323 103.91748991613073 43.265325484592765
1.3825078149608625 103.91749547749689 43.265325484593674
1.3825128661439154 103.91750019697655 43.265325484593674
1.3825179988348983 103.91750499261163 43.265325484592765
1.3825221792777447 103.91750889853127 43.265325484593674
1.38252835303631 103.91751466686867 43.265325484593674
1.3825324479628285 103.91751849288772 43.26532548459461
1.3825364299773661 103.91752221340955 43.265325484592765
1.3825417088007566 103.91752714558085 43.265325484593674
1.382545792355905 103.91753096097528 43.265325484593674
1.3825511947564229 103.91753600860858 43.265325484593674
1.3825563040725026 103.91754078240389 43.265325484593674
1.382560418139465 103.91754462630651 43.26532548459372
1.3825659832818022 103.9175498259947 43.265325484592765
1.3825709342374002 103.9175544518288 43.265325484592765
1.3825772708850403 103.91756037235879 43.265325484593674
1.3825837395121927 103.91756641620142 43.265325484593674
1.3825875067259765 103.91756980932301 43.147350333438276
1.3825935429168545 103.91757418340816 41.967395793834946
1.3825976477130548 103.91757715792116 41.16382728401106
1.3826034451497002 103.91758135899468 40.02799243378279
1.3826099610625278 103.91758608070715 38.75112763445298
1.3826136107212896 103.91758872540785 38.036266211973455
1.3826199597153963 103.91759332616381 36.79404584395665
1.3826259729775254 103.91759768363387 36.12983227606545
1.3826321889523852 103.91760218799834 36.12983227606622
1.3826382981249317 103.91760661496924 36.129832276065166
1.3826435080766768 103.91761039032583 36.12983227606622
1.3826501938024556 103.9176152350922 36.12983227606622
1.3826551693763398 103.91761884060847 36.12983227606622
1.3826605381645025 103.91762273106482 36.12983227606622
1.3826647584178688 103.91762578924315 36.12983227606545
1.382670828746797 103.91763018806635 36.12983227606622
1.3826776009827575 103.91763509552179 36.12983227606622
1.382684140470452 103.91763983431775 36.129832276065166
1.3826893299021057 103.91764359480466 36.12983227606622
1.382694825236337 103.91764757696184 36.12983227606545
1.3827004885084204 103.91765168081406 36.12983227606622
1.3827042570698782 103.9176544116769 36.12983227606622
1.382708190887571 103.91765726229158 36.12983227606545
1.3827122041766704 103.9176601704947 36.12983227606622
1.382718746370645 103.91766491125182 36.12983227606622
1.3827248349102086 103.91766932327131 36.12983227606545
1.382731223929449 103.91767395303141 36.12983227606622
1.3827356865726377 103.91767718685598 36.12983227606622
1.3827398697135773 103.91768021814113 36.12983227606545
1.382744242567916 103.9176833869008 36.12983227606545
1.3827499714084857 103.91768753826689 36.1298322760644
1.3827557285600918 103.91769171014836 36.12983227606622
1.382762434027359 103.91769644630224 36.00290801073502
1.382768527778815 103.91770026508492 35.38620756321724
1.3827724587457417 103.91770272851134 34.98823031978874
1.3827778383858638 103.91770609978055 34.44347116631595
1.3827853631175893 103.91771081531833 33.681440842469954
1.3827920364856472 103.91771499733045 33.00577255749404
1.38279744897615 103.91771838918606 32.45800096044946
1.3828034253589367 103.91772213441713 32.26612595275565
1.3828100868647326 103.91772630899553 32.26612595275635
1.3828165454577785 103.91773035641421 32.26612595275565
1.3828205337325536 103.91773285575388 32.266125952755246
1.3828265109011724 103.91773660147743 32.26612595275565
1.382833380155338 103.91774090624592 32.26612595275635
1.382838154686683 103.9177438983105 32.26612595275635
1.3828440233569161 103.9177475760412 32.26612595275635
1.3828507119086124 103.91775176756852 32.26612595275675
1.3828568422307648 103.91775560926911 32.26612595275565
1.3828637283253535 103.91775992459107 32.26612595275635
1.3828709623451891 103.917764457948 32.26612595275565
1.3828779660359636 103.91776884696417 32.26612595275565
1.3828842781278226 103.91777280257476 32.26612595275565
1.382889309241308 103.91777595543222 32.26612595275565
1.3828941184646573 103.91777896923735 32.26612595275635
1.3829012081920051 103.91778341217027 32.26612595275635
1.3829082534358335 103.9177878272266 32.26612595275565
1.3829139356460314 103.9177913881081 32.26612595275565
1.3829208236523272 103.91779570462812 32.26612595275635
1.3829261579103016 103.9177989994483 32.21423126293974
1.382931989798705 103.91780238081608 31.918773359187654
1.382939185761323 103.91780655308322 31.554162852585673
1.3829450200217637 103.91780993582636 31.258530368562454
1.3829522265068486 103.9178141141945 30.89336798460003
1.382958213427459 103.91781758545102 30.590025126495348
1.382965264199898 103.91782167353593 30.291477065519718
1.3829725425429769 103.91782589356782 30.291477065519718
1.3829789631321783 103.91782961626832 30.291477065519718
1.3829832176163486 103.91783208304665 30.291477065519718
1.3829900460807385 103.91783604223589 30.291477065519057
1.3829975215927068 103.91784037658766 30.291477065519057
1.383003634912084 103.91784392113108 30.291477065519718
1.383008573239965 103.91784678440656 30.291477065519718
1.3830157749650913 103.91785096001492 30.2914770655186
1.3830202568370553 103.91785355863422 30.291477065519718
1.3830280070685763 103.91785805227025 30.2914770655186
1.3830328149440512 103.91786083990858 30.291477065519718
1.3830371777120425 103.91786336947061 30.291477065519718
1.3830435297979335 103.9178670524525 30.2914770655186
1.3830478432556412 103.91786955342411 30.291477065519718
1.3830529855016533 103.91787253493273 30.291477065519718
1.383058528503641 103.91787574880235 30.291477065519718
1.3830643858844753 103.91787914495093 30.2914770655186
1.383069932681868 103.91788236102114 30.291477065519718
1.3830751680553597 103.91788539652572 30.291477065519718
1.3830793822770955 103.91788783995966 30.291477065519718
1.3830865930407554 103.9178920208087 30.29147706551925
1.3830926202465808 103.91789551542294 30.291477065519718
1.3830996388408534 103.91789958485089 30.2914770655186
1.3831042929294224 103.91790187421935 29.839806861573877
1.3831105428406854 103.91790492230828 29.203933103574197
1.3831148258233716 103.91790701112387 28.768029120253676
1.3831228938773414 103.91791094592308 27.94676789417526
1.38312795980537 103.91791341658201 27.431136513437806
1.3831329910583867 103.91791587032989 26.919162472112884
1.3831410557957717 103.91791980351162 26.16991413457072
1.383145398781147 103.91792192159058 26.16991413457072
1.3831498012586674 103.91792406868393 26.169914134570153
1.3831559041667214 103.91792704507924 26.169914134570153
1.383161330759237 103.91792969163467 26.169914134570153
1.3831657407966949 103.91793184241502 26.16991413457072
1.3831724120996354 103.91793509601715 26.169914134570153
1.383179122669292 103.91793836876971 26.16991413457072
1.3831841764982102 103.91794083352791 26.169914134570153
1.3831911784340747 103.91794424838012 26.16991413457072
1.3831990660002407 103.91794809515525 26.169914134570153
1.3832041164205424 103.91795055825108 26.169914134570153
1.3832099493739103 103.91795340298916 26.169914134570153
1.3832147630791785 103.91795575063878 26.169914134570153
1.383221375179685 103.91795897536784 26.169914134570153
1.3832266973011855 103.91796157097266 26.16991413457072
1.3832332658608126 103.91796445825763 25.80698669461765
1.3832378272355756 103.9179658684704 24.870855211156773
1.383245282697576 103.91796817343075 23.337388281416153
1.3832534035671096 103.9179706841111 21.66452439857533
1.3832614149586526 103.9179731609448 20.014325886179712
1.3832671426582042 103.91797493174319 18.83611941300113
1.3832723337086332 103.91797653662901 17.77039545502299
1.3832790287501522 103.91797860649467 17.30994971270981
1.3832844209198027 103.9179802735593 17.309949712711052
1.3832888819476246 103.91798165274841 17.3099497127102
1.3832961302529507 103.9179838936633 17.309949712711052
1.3833033668997692 103.91798613097383 17.309949712711052
1.3833115273455467 103.9179886538897 17.3099497127102
1.383319882776142 103.91799123708783 17.3099497127102
1.383328256087889 103.91799382581418 17.3099497127102
1.3833352014268856 103.9179959730628 17.30994971270981
1.3833403046434023 103.9179975507935 17.30994971270981
1.3833455965049524 103.91799918684643 17.3099497127102
1.3833508617042933 103.91800081465637 17.309949712711447
1.3833591794463749 103.91800338620256 17.30994971270981
1.383365447924243 103.91800532419008 17.3099497127102
1.383371424825398 103.91800717203257 17.30994971270981
1.3833767063853477 103.91800880490062 17.30994971270981
1.3833841181656847 103.91801109635607 17.309949712711447
1.383389772047653 103.91801284433267 17.3099497127102
1.383394190475185 103.91801421035126 17.309949712711052
1.3834026682288199 103.91801683136721 17.3099497127102
1.3834100696351708 103.91801911961537 17.309949712709425
1.3834187851702564 103.91802102937565 16.351510950052617
1.3834232218587696 103.91802186059685 15.69067114751934
1.3834317708030042 103.91802346225622 14.416204429824113
1.3834364567414654 103.91802434017482 13.717377720114229
1.3834418532262238 103.9180253512155 12.912705128605111
1.3834489300404476 103.91802667706877 11.85818153417993
1.383457285507076 103.91802824247974 10.704365973843952
1.3834652890900534 103.91802974196469 10.704365973843952
1.3834702896026447 103.91803067881926 10.704365973843952
1.3834762203707724 103.9180317899588 10.704365973845238
1.3834845911556484 103.91803335823963 10.704365973843952
1.3834933166442902 103.9180349929748 10.704365973843952
1.3835019421574393 103.91803660897938 10.704365973843952
1.3835068685647438 103.91803753195016 10.704365973843469
1.3835154268100518 103.91803913535198 10.704365973844755
1.3835215211089276 103.91804027712924 10.704365973844755
1.3835281307477292 103.91804151545628 10.704365973843469
1.3835363573663362 103.91804305672724 10.704365973843469
1.383542642000533 103.91804423416413 10.704365973845238
1.3835481407530936 103.91804526436471 10.704365973843952
1.3835567241130862 103.91804687247176 10.704365973843952
1.3835654983823222 103.91804851634593 10.704365973843952
1.3835717268971823 103.91804968326872 10.704365973843952
1.383576728003875 103.91805062023451 10.704365973843952
1.3835832201289027 103.91805173145764 10.572380099819723
1.3835912546065854 103.91805238016329 9.495544955305101
1.3835980770077447 103.91805293100559 8.580126601097637
1.3836033226943034 103.91805335454357 7.875934814321025
1.3836122772204476 103.9180540775341 6.67384547437952
1.383620689326209 103.91805475672946 5.5453660453370475
1.3836265710637494 103.9180552316223 4.7572688180885185
1.3836340346357408 103.9180558342328 4.671796480266739
1.3836413886213401 103.91805642799527 4.671796480266739
1.3836482701973896 103.91805698361529 4.671796480266522
1.3836548353310256 103.91805751368561 4.671796480266522
1.383660636091884 103.91805798204034 4.671796480266739
1.3836662626050593 103.91805843632625 4.671796480266739
1.383674930992183 103.9180591362137 4.671796480266739
1.3836821119424016 103.91805971600516 4.671796480266522
1.3836871965149855 103.91806012653466 4.671796480266739
1.3836939837937374 103.91806067454097 4.671796480266522
1.3836994648426637 103.91806111708203 4.671796480266739
1.38370411929249 103.91806149288328 4.671796480266739
1.3837107873141739 103.91806203126075 4.671796480266739
1.383715559806304 103.91806241659273 4.671796480266522
1.383720457036826 103.91806281199614 4.671796480266739
1.3837280010365154 103.9180634211002 4.671796480266739
1.3837339170547824 103.91806389876072 4.671796480268036
1.383738996194241 103.91806430885146 4.671796480266739
1.3837451882649199 103.91806480880047 4.671796480266739
1.3837538679507004 103.9180655096 4.671796480266739
1.3837600115202848 103.91806600563302 4.671796480266739
1.3837646878779624 103.91806638320305 4.671796480266522
1.383769966134188 103.91806680937046 4.671796480267832
