635098148
1.3778692219133328 103.91200364882872 57.60877287434759
1.3778718304407438 103.9120077301515 57.60877287434759
1.3778756410617239 103.91201369227947 57.60877287434759
1.377878700061063 103.91201847841428 57.60877287434759
1.3778827031450098 103.9120247416714 57.60877287434759
1.3778871409821092 103.91203168514683 57.60877287434759
1.3778903300219218 103.91203667474406 57.60877287434759
1.3778929480773112 103.9120407709745 57.60877287434759
1.3778976245866699 103.91204808787853 57.60877287434759
1.3779023446159686 103.91205547287426 57.60877287434759
1.3779065599320406 103.91206206819164 57.60877287434759
1.3779107692696828 103.91206865415516 57.60877287434759
1.3779144771413125 103.91207445552098 57.60877287434759
1.3779176625423024 103.91207943942501 57.60877287434759
1.3779216495001687 103.91208567745144 57.60877287434759
1.3779247521349354 103.91209053185884 57.60877287434759
1.3779274685495675 103.9120947819831 57.60877287434759
1.3779310782612544 103.91210042976715 57.608772874348155
1.3779338311556275 103.91210473696793 57.60877287434759
1.3779381600132816 103.91211150993365 57.60877287434759
1.3779426350137989 103.91211851155572 57.60877287434759
1.377945597051729 103.91212314598427 57.60877287434759
1.377948095732441 103.91212705544037 57.60877287434759
1.3779509800798002 103.91213156831365 57.60877287434759
1.3779555039952736 103.91213864646853 57.60877287434759
1.3779582404616455 103.91214292796607 57.60877287434759
1.3779616697354402 103.91214829343575 57.60877287434759
1.3779661699910282 103.91215533457225 57.60877287434759
1.3779698004037875 103.91216101474566 57.60877287434759
1.3779727317572248 103.91216560116516 57.60877287434759
1.3779767325413663 103.91217186082464 57.60877287434759
1.3779809599368655 103.9121784750422 57.608772874348155
1.3779849483010518 103.91218471526939 57.60877287434725
1.3779883660564634 103.91219006271747 57.60877287434759
1.3779915062303791 103.9121949758593 57.608772874348155
1.3779957849366753 103.91220167035821 57.60877287434759
1.378000087433508 103.91220840208005 57.60877287434759
1.3780043289123556 103.91221503833266 57.60877287434759
1.3780080818957259 103.9122209102813 57.60877287434759
1.3780114972229744 103.91222625393038 57.60877287434759
1.3780139556667186 103.9122301004317 57.60877287434759
1.3780167833091188 103.91223452458428 57.60877287434759
1.3780195473588004 103.91223884923919 57.60877287434759
1.3780220343798912 103.9122427404529 57.60877287434759
1.3780252417249177 103.91224775869136 57.60877287434759
1.3780283069987707 103.91225255464413 57.60877287434725
1.3780324037729499 103.91225896449085 57.60877287434759
1.378036665176192 103.9122656319176 57.60877287434759
1.3780411349372232 103.91227262534271 57.60877287434759
1.3780439743723287 103.91227706794638 57.60877287434759
1.3780475280792048 103.9122826281056 57.60877287434759
1.3780501288204092 103.91228669724687 57.60877287434759
1.3780539971232988 103.91229274962566 57.60877287434759
1.378057095176596 103.91229759686559 57.60877287434759
1.3780610666626285 103.91230381068564 57.60877287434759
1.37806517860644 103.91231024426713 57.60877287434759
1.3780682600468699 103.91231506551448 57.60877287434759
1.378072941837251 103.91232239068272 57.60877287434759
1.378076539173836 103.91232801910553 57.60877287434759
1.378080826227548 103.91233472666556 57.60877287434759
1.3780838324281524 103.91233943019212 57.60877287434759
1.3780870970471868 103.91234453804236 57.60877287434725
1.3780915630487123 103.9123515255857 57.60877287434759
1.37809638913433 103.91235907651968 57.60877287434725
1.37809922031105 103.91236350620248 57.60877287434759
1.3781026710375879 103.91236890523818 57.60877287434759
1.3781050990266794 103.91237270409027 57.60877287434759
1.378108010020452 103.91237725865558 57.60877287434759
1.3781125992100312 103.91238443894017 57.60877287434759
1.3781166454805203 103.91239076976899 57.60877287434759
1.3781211252313008 103.91239777882478 57.60877287434759
1.3781259548967095 103.91240533535998 57.60877287434759
1.3781288173504855 103.91240981397931 57.60877287434759
1.3781317297457822 103.91241437073757 57.60877287434759
1.3781346908991348 103.9124190037831 57.60877287434759
1.3781371564476368 103.91242286140113 57.60877287434759
1.378139651546736 103.91242676525427 57.60877287434759
1.3781437924796198 103.91243324419288 57.60877287434759
1.3781479723856123 103.9124397841092 57.60877287434759
1.3781517393576677 103.91244490892569 57.082595594350295
1.3781564125071353 103.91245117595794 56.3674524228476
1.378159964230536 103.91245593907654 55.82374143575407
1.378163629994205 103.91246085513141 55.26252216338637
1.3781679385197576 103.91246663317662 54.602976240868706
1.3781711821877884 103.91247098317068 54.10659400984634
1.378175352587614 103.9124765759793 53.491516030282575
1.3781780700928157 103.91248022035087 53.49151603028205
1.378182997624568 103.91248682852837 53.491516030282575
1.3781877014520754 103.91249313670227 53.491516030282575
1.3781930028860707 103.91250024630983 53.49151603028166
1.3781981561854224 103.91250715725815 53.491516030282575
1.3782017657549794 103.91251199795283 53.49151603028205
1.378204521340068 103.91251569339236 53.491516030282575
1.3782078018027886 103.91252009273094 53.491516030282575
1.378211937366042 103.91252563882136 53.49151603028205
1.3782152501608227 103.9125300815196 53.491516030282575
1.3782204487093073 103.9125370531504 53.491516030282575
1.3782256626003493 103.91254404535674 53.49151603028205
1.378229182637496 103.91254876598208 53.49151603028205
1.3782325006749336 103.91255321571114 53.491516030282575
1.3782364218739578 103.91255847432372 53.491516030282575
1.378240954215901 103.91256455252335 53.491516030282575
1.3782438459335213 103.91256843052662 53.491516030282575
1.378248762353333 103.91257502380259 53.491516030282575
1.3782536900969902 103.91258163226468 53.491516030282575
1.3782575377837645 103.91258679229207 53.491516030282575
1.3782627023917455 103.91259402160522 53.72184535772012
1.3782659502295092 103.91259895110184 54.157945348927306
1.3782704937519499 103.91260584716014 54.76820441660881
1.3782740402936149 103.91261123002303 55.24462274624438
1.3782777483030768 103.91261685795817 55.7427170465176
1.3782808145673466 103.91262151186663 56.15454220272573
1.3782842828426713 103.91262677593863 56.62023397500795
1.378286924645583 103.912630785609 56.815828869374634
1.3782895605553398 103.91263478633486 56.815828869374286
1.3782925139975062 103.91263926900447 56.815828869374634
1.3782966717814136 103.9126455795975 56.815828869374634
1.3783007358964983 103.9126517480221 56.815828869374634
1.3783034938569323 103.91265593399388 56.815828869374634
1.3783069507262267 103.91266118075418 56.815828869374286
1.3783094277080863 103.91266494026289 56.815828869374634
1.3783138176521468 103.91267160322363 56.815828869374634
1.3783164902075382 103.91267565956956 56.815828869374826
1.3783197715388482 103.91268063990223 56.815828869374634
1.3783243070284943 103.91268752376895 56.815828869374634
1.3783272074380228 103.91269192594694 56.815828869374634
1.3783302036136365 103.91269647347661 56.815828869374286
1.3783348209907589 103.91270348163043 56.815828869374634
1.3783392788027964 103.9127102475999 56.815828869374286
1.3783431874429561 103.91271618004835 56.815828869374634
1.3783475803979623 103.91272284757927 56.815828869374634
1.3783506728337676 103.91272754121066 56.815828869374634
1.3783535159378957 103.91273185641191 56.815828869374634
1.3783581979125048 103.91273896261056 56.815828869374634
1.378362107812869 103.91274489697182 56.815828869374286
1.3783648198473355 103.91274901323845 56.815828869374286
1.3783693958104377 103.91275595853523 56.815828869374634
1.3783737988518399 103.9127626413753 56.815828869374634
1.3783786784166439 103.91277004747216 56.815828869374286
1.3783831813172853 103.91277688187645 56.815828869374286
1.378388120950616 103.91278437914411 56.815828869374286
1.3783919965930194 103.91279026268705 56.816651737358804
1.3783967493513156 103.9127974793631 56.81877846685224
1.3784005419491197 103.91280323811377 56.820475550761884
1.3784054373308678 103.91281067135198 56.82266610036131
1.3784087658250321 103.91281572539913 56.82415551056972
1.378413601535219 103.91282306803099 56.82631935876559
1.3784164570756001 103.9128274039364 56.82690207240551
1.3784212372041404 103.91283466217214 56.82690207240606
1.3784241366643337 103.91283906476623 56.82690207240606
1.3784276673959202 103.91284442589453 56.82690207240551
1.3784311964060554 103.91284978440898 56.826902072405154
1.3784355073477335 103.9128563302228 56.82690207240551
1.3784384554248978 103.91286080663785 56.82690207240551
1.3784421051115296 103.9128663483898 56.82690207240551
1.3784451607261936 103.91287098809184 56.82690207240551
1.3784498864772234 103.91287816375998 56.82690207240551
1.3784544218563923 103.91288505036398 56.82690207240551
1.3784586943524157 103.9128915378014 56.82690207240606
1.37846164583249 103.91289601938362 56.82690207240551
1.3784645964408777 103.91290049964226 56.82690207240551
1.3784675150845909 103.91290493136519 56.826902072405154
1.3784715868705597 103.9129111140408 56.82690207240551
1.3784756832255607 103.9129173340225 56.826902072405154
1.3784805505390771 103.912924724642 56.82690207240551
1.378483334492108 103.91292895184814 56.82690207240551
1.3784876250776936 103.91293546675327 56.82690207240551
1.3784912294866614 103.91294093975505 56.82690207240551
1.3784953765618668 103.91294723675139 56.82690207240551
1.378499476123594 103.91295346160241 56.82690207240551
1.3785044075691206 103.91296094960134 56.82690207240551
1.3785079242310763 103.91296628936652 56.82690207240551
1.3785116097584194 103.91297188554009 56.8269020724057
1.3785158769422703 103.91297836491177 56.82690207240551
1.3785205535653509 103.91298546598368 56.82690207240551
1.3785236237291283 103.91299012777777 56.826902072405154
1.3785263749534558 103.91299430528825 56.82690207240551
1.3785294301244002 103.91299894431697 56.826902072405154
1.3785325538718605 103.91300368747356 56.82690207240551
1.3785355834157955 103.91300828758979 56.82690207240551
1.378540312376024 103.91301546813155 56.82690207240551
1.3785440009193621 103.91302106888485 56.82690207240606
1.378546486295919 103.91302484272718 56.82690207240551
1.3785500377002593 103.9130302352461 56.82690207240551
1.3785528001155618 103.91303442974929 56.826902072405154
1.3785567141363915 103.9130403728719 56.82690207240551
1.3785616123533684 103.91304781041646 56.8269020724057
1.3785655781335662 103.91305383213155 56.82690207240551
1.3785690151648815 103.91305905098442 56.82690207240551
1.3785737677647 103.91306626742123 56.82690207240551
1.3785773049942998 103.91307163841712 56.82690207240551
1.3785806139680146 103.913076662825 56.82690207240551
1.3785849583077932 103.91308325935219 56.82690207240551
1.3785879467686173 103.91308779708731 56.82690207240551
1.3785905204501545 103.91309170501377 56.82690207240551
1.3785939784950858 103.91309695577426 56.82690207240551
1.3785979889764706 103.91310304536468 56.82690207240606
1.378602929757354 103.9131105475394 56.826902072405154
1.3786073103471879 103.91311719910952 56.82690207240551
1.378611670491096 103.9131238196342 56.82690207240551
1.3786161227194937 103.91313057998174 56.8269020724057
1.378620982455669 103.9131379590968 56.82690207240551
1.378625565843535 103.9131449185994 56.82690207240551
1.378628349881536 103.91314914593525 56.826902072405154
1.3786322598183811 103.91315508285717 56.82690207240606
1.3786367176703322 103.91316185174377 56.82690207240551
1.378641502717681 103.91316911745007 56.82690207240551
1.378645290139842 103.91317486834346 56.82690207240551
1.3786486058813274 103.91317990302801 56.82690207240551
1.3786512644275626 103.91318393981491 56.82690207240551
1.3786561778684456 103.91319140047649 56.82690207240551
1.37866039844338 103.91319780907736 56.82690207240551
1.378663492998324 103.91320250790815 56.82690207240551
1.3786683532191235 103.91320988775946 56.826902072405154
1.3786729259085784 103.91321683101778 56.8269020724057
1.3786773748094192 103.91322358631314 56.82690207240551
1.3786821287791915 103.91323080483097 56.82690207240551
1.3786849740335132 103.91323512511912 56.82690207240551
1.3786893815734023 103.9132418176113 56.82690207240551
1.3786921271801118 103.91324598659263 56.82690207240551
1.3786962226731843 103.91325220526709 56.826902072405154
1.3786999144313021 103.91325781090272 56.82690207240551
1.378702825593873 103.91326223126727 56.82690207240551
1.3787073549311626 103.91326910869908 56.82690207240551
1.3787121918519833 103.91327645317162 56.8269020724057
1.3787154555507077 103.91328140883383 56.826902072405154
1.3787187232808902 103.9132863706175 56.82690207240551
1.3787221057579022 103.91329150663496 56.826902072405154
1.3787248695486367 103.9132957032274 56.82690207240551
1.3787288066198007 103.91330168135121 56.82690207240606
1.3787318365813344 103.91330628210252 56.82690207240496
1.37873515251159 103.9133113170742 56.82690207240551
1.3787399045601139 103.91331853267523 56.82690207240606
1.3787432879250214 103.91332367004101 56.826902072405154
1.37874600854414 103.91332780108097 56.826902072405154
1.3787507010943372 103.91333492633869 56.82690207240606
1.3787545488899804 103.91334076890502 56.826902072406604
1.3787587048187226 103.91334707934655 56.82690207240551
1.3787631113127607 103.91335377025126 56.82690207240551
1.3787669087358911 103.91335953633109 56.82690207240551
1.378770358848244 103.91336477504761 56.82690207240551
1.3787742957860625 103.91337075296924 56.826902072406604
1.378777557795447 103.91337570606667 56.826902072405154
1.3787822821711349 103.91338287964908 56.82690207240551
1.3787850551044756 103.91338709012413 56.826902072405154
1.37878997521205 103.91339456090962 56.82690207240551
1.3787929235048502 103.91339903765387 56.82690207240551
1.3787956658138338 103.91340307289109 56.736954588201
1.3788007648943734 103.91340956368863 55.86184942061196
1.3788054299869856 103.9134155020478 55.060633390978076
1.3788082419240544 103.91341908146063 54.577553989526926
1.3788129056836984 103.91342501812306 53.776328939300484
1.3788175072460942 103.91343087561248 52.986042014824555
1.37882297374656 103.91343783411179 52.05211201830541
1.3788281917103442 103.91344447624012 52.05211201830541
1.3788320106021854 103.91344933744091 52.05211201830541
1.3788348416758371 103.91345294121346 52.05211201830541
1.3788392546674062 103.91345855866459 52.05211201830437
1.3788433821228587 103.91346381264684 52.05211201830437
1.3788469312787113 103.91346833049133 52.05211201830437
1.3788501078402435 103.9134723740475 52.05211201830581
1.3788538079356123 103.9134770840282 52.05211201830541
1.3788592317612751 103.91348398820548 52.05211201830541
1.3788644227073195 103.91349059594218 52.05211201830437
1.3788695602431753 103.91349713569122 52.05211201830437
1.378872415220343 103.91350076989148 52.05211201830541
1.3788776773031957 103.91350746818078 52.05211201830437
1.3788811904828664 103.91351194023007 52.05211201830541
1.3788854340785188 103.91351734205142 52.05211201830437
1.3788891281902849 103.91352204441556 52.05211201830541
1.3788925902086357 103.91352645133985 52.05211201830541
1.3788975883940757 103.91353281370502 52.05211201830437
1.3789004016189943 103.91353639475747 52.05211201830437
1.3789056173631864 103.91354303406084 52.05211201830541
1.3789087598822765 103.9135470342834 52.05211201830541
1.3789126810689547 103.91355202569919 52.05211201830541
