626073789
1.3778309171343437 103.91202780954346 59.57120776267836
1.3778354976488032 103.91203554982964 59.57120776267836
1.3778393704364564 103.91204209417856 59.57120776267869
1.377842338858913 103.91204711030495 59.57120776267869
1.3778454182259199 103.91205231390869 59.57120776267836
1.3778484393469839 103.91205741908678 59.57120776267836
1.3778508543006167 103.91206149994554 59.57120776267869
1.3778547540345734 103.91206808982925 59.57120776267869
1.3778575571113825 103.91207282654987 59.5712077626778
1.377861968075277 103.91208028032482 59.5712077626778
1.3778650041118727 103.9120854107077 59.57120776267836
1.3778685576956688 103.91209141565692 59.57120776267836
1.3778713680475059 103.91209616467118 59.5712077626778
1.3778752940450008 103.91210279893595 59.57120776267836
1.3778779940854269 103.91210736154281 59.5712077626778
1.3778815142436578 103.91211331000864 59.57120776267836
1.3778845347466249 103.91211841414247 59.5712077626778
1.377888327077848 103.91212482253421 59.57120776267836
1.3778917018072765 103.91213052525028 59.5712077626778
1.37789441740439 103.91213511414539 59.5712077626778
1.3778978052009423 103.91214083894272 59.57120776267869
1.3779021815747199 103.91214823426665 59.57120776267836
1.3779051665950366 103.91215327844102 59.57120776267836
1.3779092447964612 103.91216016990472 59.5712077626778
1.3779116434180831 103.9121642231655 59.5712077626778
1.3779158034070578 103.91217125283623 59.5712077626778
1.37792006429051 103.91217845300146 59.5712077626778
1.3779241399464306 103.9121853401638 59.57120776267836
1.3779283628132397 103.91219247608745 59.57120776267836
1.3779321511849454 103.91219887778863 59.5712077626778
1.377935441089014 103.91220443716465 59.57120776267836
1.3779397492455387 103.91221171721348 59.57120776267836
1.3779424828216726 103.91221633649035 59.5712077626778
1.3779461930276162 103.91222260610485 59.57120776267836
1.3779488631130863 103.91222711809338 59.57120776267836
1.377951239661927 103.91223113405513 59.57120776267836
1.3779546664191686 103.9122369246898 59.57120776267836
1.3779590682138079 103.9122443629712 59.57120776267836
1.3779632164249451 103.91225137273983 59.57120776267836
1.377966117707265 103.91225627541168 59.57120776267836
1.3779687585039144 103.91226073790722 59.5712077626778
1.3779718515976616 103.91226596470764 59.57120776267836
1.3779742514092626 103.91227001997962 59.57120776267836
1.3779772214398711 103.91227503882439 59.5712077626778
1.377980379981526 103.91228037622069 59.5712077626778
1.377984618448191 103.91228753850595 59.57120776267836
1.3779878199937265 103.9122929485715 59.57120776267836
1.3779912522238942 103.91229874845476 59.57120776267836
1.3779941289380668 103.91230360961079 59.57120776267836
1.3779983713283332 103.9123107785264 59.5712077626778
1.3780017949367913 103.91231656384049 59.5712077626778
1.378004954250791 103.91232190254208 59.5712077626778
1.3780087933779817 103.91232839001202 59.57120776267836
1.3780121335312523 103.91233403430117 59.57120776267836
1.3780154534003326 103.91233964431353 59.5712077626778
1.3780180247653422 103.91234398948171 59.5712077626778
1.378021073392382 103.91234914114133 59.57120776267869
1.3780245792785455 103.91235506549089 59.5712077626778
1.3780271403559936 103.91235939327493 59.57120776267836
1.3780306628462293 103.91236534568257 59.57120776267836
1.378035083814669 103.91237281636518 59.57120776267836
1.3780390343422433 103.91237949208299 59.57120776267836
1.3780424928449595 103.91238533636275 59.5712077626778
1.378046725577206 103.91239248895839 59.57120776267836
1.3780494374018002 103.9123970714795 59.5712077626778
1.378052822366495 103.91240279149261 59.57120776267836
1.3780569601718458 103.91240978367809 59.5712077626778
1.3780598332703589 103.91241463872471 59.57120776267869
1.378063264731282 103.91242043730858 59.57120776267836
1.3780659664448391 103.91242500274387 59.57120776267836
1.378070459983462 103.91243259605805 59.5712077626778
1.3780740438506043 103.91243865218256 59.57120776267836
1.3780767298493952 103.91244319106262 59.57120776267836
1.3780792490891278 103.91244744814834 59.5712077626778
1.3780819422466593 103.91245199912548 59.5712077626778
1.3780846413677974 103.91245656018013 59.5712077626778
1.3780876640202844 103.91246166794762 59.57120776267836
1.3780916009255577 103.91246832064652 59.57120776267836
1.3780947030885038 103.9124735627732 59.57120776267836
1.37809901818476 103.91248085455047 59.571207762678135
1.3781025056812677 103.91248674782524 59.57120776267836
1.378105833975125 103.9124923720747 59.57120776267836
1.3781092607574332 103.91249816275287 59.57120776267836
1.3781128732213925 103.91250426720141 59.57120776267836
1.3781161533584367 103.91250981007414 59.57120776267836
1.3781198458959674 103.91251604983343 59.57120776267836
1.3781229581466687 103.91252130900688 59.57120776267836
1.3781254494095618 103.91252551881672 59.57120776267836
1.3781291504100721 103.91253177287712 59.5712077626778
1.378132931842043 103.91253816285297 59.57120776267836
1.3781352871350883 103.91254214289701 59.571207762678135
1.3781379724574065 103.91254668063432 59.57120776267836
1.3781413178416924 103.91255233376394 59.57120776267836
1.378145360078318 103.91255916445533 59.57120776267836
1.3781487925856077 103.91256496480806 59.5712077626778
1.3781518305353702 103.91257009842575 59.57120776267836
1.3781542439313847 103.91257417665402 59.57120776267836
1.37815716888122 103.91257911932114 59.57120776267836
1.3781609165046755 103.91258545216661 59.57120776267836
1.3781652056577927 103.91259270010502 59.57120776267836
1.3781693738573544 103.91259974365255 59.57120776267836
1.3781729379478427 103.91260576635864 59.571207762678135
1.3781767798932263 103.91261225859222 59.5712077626778
1.3781811440349094 103.9126196332487 59.57120776267836
1.3781836936921457 103.91262394173538 59.5712077626778
1.3781869162052192 103.9126293872339 59.571207762678135
1.3781899705548517 103.91263454856485 59.57120776267836
1.3781939617411711 103.91264129299036 59.57120776267836
1.3781968043376447 103.91264609649456 59.57120776267836
1.3782013484193036 103.91265377521916 59.5712077626778
1.3782058193519515 103.91266133033442 59.57120776267836
1.3782096561725397 103.91266781390826 59.57120776267836
1.3782131614872768 103.91267373729364 59.5712077626778
1.3782163392375422 103.91267910715084 59.5712077626778
1.378220511523131 103.91268615760355 59.57120776267836
1.37822418475918 103.91269236474747 59.57120776267836
1.3782279984132335 103.91269880917392 59.57120776267836
1.378232078000884 103.91270570298298 59.57120776267836
1.3782359229026484 103.91271220021285 59.57120776267836
1.3782397310037953 103.91271863525598 59.57120776267836
1.3782439379265607 103.91272574423981 59.57120776267836
1.378248370591617 103.91273323468975 59.57120776267836
1.3782528624968307 103.91274082524555 59.57120776267836
1.378256897291918 103.91274764336302 59.57120776267836
1.378261130798416 103.91275479726899 59.57120776267869
1.378264012523857 103.91275966689491 59.57120776267836
1.3782682253554257 103.91276678586385 59.57120776267836
1.3782715949363133 103.91277247988256 59.57120776267836
1.378273969420619 103.9127764923573 59.57120776267836
1.378277130079278 103.912781833333 59.57120776267836
1.3782800198127858 103.9127867164913 59.57120776267836
1.3782842500987955 103.9127938649554 59.57120776267836
1.3782871613210868 103.91279878442614 59.57120776267836
1.3782898519298792 103.91280333109758 59.57120776267836
1.3782937203276664 103.91280986803221 59.57120776267836
1.3782971536296733 103.91281566972897 59.5712077626778
1.3783003654214887 103.91282109711119 59.57120776267836
1.378304720364755 103.91282845622509 59.57120776267836
1.3783085156141857 103.91283486955155 59.57120776267836
1.3783122894991122 103.91284124677567 59.5712077626778
1.3783165433406226 103.91284843504489 59.5712077626778
1.378320136197043 103.91285450636167 59.57120776267836
1.3783229175093963 103.91285920630688 59.571207762678135
1.3783269337356616 103.91286599304682 59.57120776267836
1.3783297584892886 103.91287076640046 59.57120776267836
1.3783337444479178 103.9128775019933 59.5712077626778
1.3783372307052453 103.91288339317585 59.57120776267836
1.3783412126044639 103.91289012190902 59.5712077626778
1.3783454436223685 103.91289727161048 59.57120776267836
1.3783498090428632 103.91290464842952 59.57120776267836
1.3783542876141288 103.9129122164542 59.57120776267836
1.3783578473779825 103.91291823185045 59.571207762678135
1.3783611880043858 103.91292387694166 59.5712077626778
1.3783654879575966 103.91293114313227 59.57120776267836
1.3783682181796286 103.91293575674383 59.57120776267836
