620749714
1.3873335859680538 103.91325487956553 139.4027913074764
1.3873277629831426 103.91325984265112 139.4027913074764
1.3873216855804693 103.91326502258374 139.4027913074781
1.3873153579613926 103.91327041578239 139.4027913074781
1.387310906974793 103.91327420947707 139.4027913074764
1.387306376305038 103.91327807108777 139.4027913074781
1.3873017862271413 103.91328198333362 139.4027913074764
1.3872965198933318 103.91328647197035 139.4027913074764
1.3872916407419782 103.91329063060113 139.4027913074764
1.3872878869367709 103.91329383006935 139.4027913074764
1.3872843313589056 103.9132968605831 139.4027913074786
1.3872782193537994 103.91330207000787 139.4027913074786
1.38727321264086 103.91330633736263 139.4027913074769
1.3872674188409944 103.9133112755725 139.4027913074781
1.3872614856133445 103.91331633262033 139.4027913074764
1.3872546548741282 103.91332215464108 139.4027913074764
1.3872490652340532 103.91332691883997 139.4027913074781
1.3872435425470053 103.91333162597294 139.4027913074764
1.387239556716317 103.9133350232024 139.4027913074769
1.3872351003638377 103.91333882147 139.4027913074764
1.3872308626453442 103.91334243339004 139.4027913074764
1.3872263630179569 103.91334626854197 139.4027913074764
1.3872213086752956 103.9133505764924 139.4027913074764
1.3872149005456786 103.91335603831135 139.4027913074764
1.3872087379221991 103.91336129087884 139.4027913074764
1.3872050720445386 103.91336441540359 139.4027913074764
1.3871992505523447 103.91336937721574 139.4027913074781
1.387194689490344 103.91337326472981 139.4027913074764
1.3871882269530842 103.91337877292156 139.4027913074781
1.3871829946735657 103.91338323253201 139.4027913074781
1.3871764728014455 103.9133887912963 139.4027913074764
1.3871729477878074 103.91339179575876 139.4027913074764
1.3871681961377125 103.9133958457159 139.4027913074764
1.3871627332187049 103.9134005019063 139.4027913074781
1.387157943366462 103.91340458442406 139.4027913074764
1.387154146819298 103.91340782032161 139.4027913074764
1.3871485927728864 103.91341255418219 139.4027913074764
1.3871423948453332 103.91341783683963 139.4027913074781
1.3871378686134692 103.91342169466664 139.4027913074769
1.3871326874200571 103.91342611073462 139.4027913074764
1.3871282075653075 103.91342992903311 139.4027913074764
1.387121977111466 103.91343523941336 139.4027913074764
1.3871179401952602 103.91343868018359 139.4027913074764
1.387112933071078 103.91344294788762 139.4027913074764
1.3871072911266786 103.91344775666562 139.4027913074764
1.3871004426008537 103.91345359384472 139.4027913074781
1.387093760740194 103.91345928897066 139.4027913074764
1.3870872573320936 103.91346483199666 139.4027913074764
1.387083147180452 103.91346833518716 139.4027913074764
1.3870767338274508 103.91347380145675 139.4027913074781
1.3870730652649734 103.91347692826909 139.4027913074764
1.3870691878908221 103.91348023305711 139.4027913074764
1.387064168820866 103.91348451094247 139.4027913074764
1.3870586649385377 103.9134892020461 139.4027913074764
1.3870531093577099 103.91349393721367 139.4027913074786
1.387049509648924 103.91349700534008 139.4027913074781
1.3870451443051275 103.9135007260373 139.4027913074781
1.3870414425775361 103.91350388111697 139.4027913074764
1.3870363473812912 103.91350822388654 139.4027913074764
1.3870310562433013 103.91351273366236 139.4027913074764
1.3870249105667833 103.91351797178373 139.4027913074781
1.3870206346023632 103.9135216163004 139.4027913074781
1.3870163377424767 103.91352527862678 139.4027913074764
1.387010691624475 103.91353009096122 139.4027913074764
1.3870063622774196 103.91353378097719 139.4027913074764
1.38700037265277 103.91353888609123 139.4027913074764
1.3869939429616949 103.9135443662854 139.4027913074764
1.3869892335002614 103.91354838028268 139.4027913074769
1.3869852159443259 103.91355180455079 139.4027913074764
1.386979558835098 103.91355662625305 139.4027913074764
1.3869731600780353 103.91356208008112 139.4027913074781
1.3869673532211888 103.91356702941708 139.4027913074764
1.3869634473839556 103.91357035846428 139.4027913074764
1.3869566479119575 103.913576153832 139.4027913074781
1.386950959320941 103.91358100236677 139.4027913074776
1.3869465970443895 103.91358472044902 139.4027913074781
1.3869409975712397 103.9135894930262 139.4027913074764
1.3869374519938713 103.91359251501434 139.4027913074781
1.3869317826135503 103.91359734717516 139.4027913074764
1.3869262787281862 103.91360203828026 139.4027913074781
1.3869215371240302 103.91360607967316 139.4027913074764
1.3869165448347525 103.91361033473146 139.4027913074764
1.3869112119964235 103.9136148800486 139.4027913074764
1.3869067071062655 103.91361871968387 139.4027913074764
1.3869008393216766 103.91362372094953 139.4027913074764
1.38689565601757 103.91362813881462 139.4027913074764
1.3868920526152222 103.91363121008825 139.4027913074786
1.386885258606007 103.91363700079914 139.4027913074764
1.3868803955943585 103.9136411456705 139.4027913074781
1.3868755237159418 103.9136452980992 139.4027913074764
1.3868688299496899 103.91365100337022 139.4027913074786
1.3868636647580341 103.91365540579731 139.4027913074764
1.3868588266533233 103.91365952943967 139.4027913074764
1.3868538204828034 103.91366379632886 139.4027913074764
1.3868488366228 103.91366804420215 139.4027913074781
1.386844431714254 103.91367179862009 139.4027913074786
1.3868390094856258 103.91367642012628 139.4027913074781
1.3868327666052978 103.91368174109515 139.4027913074781
1.3868278467977795 103.9136859343747 139.4027913074764
1.3868226477550536 103.91369036565362 139.4027913074781
1.3868188422679113 103.91369360916896 139.4027913074764
1.3868130090247996 103.91369858099323 139.4027913074764
1.3868090759826774 103.91370193322692 139.4027913074781
1.3868046022496086 103.91370574630548 139.4027913074764
1.3868000281368018 103.91370964494027 139.4027913074769
1.3867946445399337 103.91371423351924 139.4027913074781
1.3867898380681778 103.9137183301995 139.4027913074764
1.3867860935693603 103.91372152173271 139.4027913074764
1.3867800662044072 103.91372665901173 139.4027913074764
1.3867761672339785 103.91372998220504 139.4027913074769
1.3867707005748757 103.91373464157991 139.4027913074764
1.3867656087374716 103.9137389814845 139.4027913074781
1.3867620924000585 103.91374197854971 139.4027913074764
1.386757309288991 103.9137460553188 139.4027913074764
1.3867519515082847 103.91375062189363 139.4027913074764
1.386745887726662 103.91375579021123 139.4027913074764
1.386739200133478 103.91376149021941 139.4027913074781
1.3867332596520014 103.91376655344499 139.4027913074769
1.3867279323618018 103.91377109403179 139.4027913074764
1.3867230312373693 103.91377527138646 139.4027913074781
1.3867181887304494 103.91377939877987 139.4027913074764
1.3867124402030473 103.91378429839786 139.4027913074769
1.3867062565850372 103.9137895688547 139.4027913074764
1.3867009642981991 103.91379407960699 139.4027913074781
1.386697315123491 103.91379718989248 139.4027913074764
1.3866906732310702 103.91380285094826 139.4027913074781
1.3866854068092984 103.91380733965497 139.4027913074769
1.3866815487852346 103.91381062794805 139.4027913074781
1.3866751322098227 103.91381609696018 139.4027913074764
1.3866686765163478 103.91382159931358 139.4027913074764
1.3866624448011562 103.91382691076446 139.4027913074764
1.3866587326454478 103.91383007473009 139.4027913074764
1.3866547067285442 103.9138335061224 139.4027913074769
1.3866510117353217 103.91383665545993 139.4027913074764
1.3866452549302466 103.91384156213257 139.4027913074769
1.3866394089184781 103.91384654483832 139.4027913074786
1.3866325882416515 103.91385235827603 139.4027913074769
1.3866264287668466 103.91385760815423 139.4027913074769
1.3866218314955983 103.91386152652628 139.4027913074781
1.3866168579812272 103.91386576557994 139.4027913074769
1.3866130409507187 103.91386901893276 139.4027913074776
1.3866063368408945 103.91387473301714 139.4027913074781
1.3866000154251925 103.91388012092146 139.4027913074759
1.3865945431785314 103.91388478505725 139.4027913074764
1.3865894085502108 103.91388916143224 139.4027913074781
1.3865830614257808 103.91389457124858 139.4027913074764
1.3865781561021118 103.91389875218127 139.4027913074764
1.3865719710363706 103.91390402387077 139.4027913074781
1.3865653148129007 103.91390969713996 139.4027913074781
1.3865614812894524 103.91391296454984 139.4027913074764
1.3865546539571807 103.91391878365931 139.4027913074781
1.386547835266286 103.91392459540346 139.4027913074764
1.3865420612147454 103.91392951677479 139.4027913074764
1.3865353213050577 103.91393526137156 139.4027913074769
1.3865294903211187 103.9139404581237 139.1831973880783
1.3865252211730903 103.91394435812998 138.9302319685919
1.3865195831654722 103.91394950863419 138.59612664600397
1.3865157073296688 103.91395304933683 138.36643822962176
1.3865120054812472 103.9139564310963 138.14706199410728
1.3865054480892043 103.91396242148807 137.75848607520913
1.3865002452724888 103.913967174431 137.45022048054955
1.3864955284902474 103.91397148336551 137.430336817308
1.3864920009684496 103.9139747058718 137.430336817308
1.3864880796580443 103.91397828811678 137.430336817308
1.3864844385563042 103.913981614382 137.43033681730577
1.3864801257811687 103.91398555424271 137.43033681730623
1.3864738197972688 103.9139913149646 137.430336817308
1.386467842129131 103.91399677575926 137.430336817308
1.3864626221112095 103.91400154441574 137.43033681730753
1.386457248495756 103.91400645338848 137.43033681730577
1.386451168702289 103.91401200747781 137.43033681730753
1.3864476464193358 103.91401522519796 137.430336817308
1.3864439266077764 103.91401862336689 137.43033681730577
1.3864391829222709 103.91402295687796 137.43033681730577
1.386433486082007 103.9140281611269 137.430336817308
1.3864278622435666 103.91403329868619 137.43033681730753
1.386421760234991 103.91403887306944 137.43033681730623
1.386417469004876 103.91404279324763 137.43033681730753
1.3864125844752715 103.91404725542415 137.43033681730753
1.3864080161842551 103.91405142870643 137.43033681730753
1.386402373862284 103.91405658315081 137.43033681730623
1.3863974701689097 103.91406106283392 137.43033681730753
1.3863941125962256 103.91406413008558 137.43033681730623
1.3863874782367376 103.9140701907883 137.43033681730753
1.3863833186652164 103.91407399069186 137.43033681730623
1.3863798008594297 103.91407720432156 137.43033681730577
1.386374855782076 103.9140817218101 137.43033681730753
1.3863683993766756 103.91408761994576 137.43033681730753
1.3863634714676782 103.91409212175037 137.43033681730577
1.386357271323617 103.91409778578287 137.430336817308
1.386353447830421 103.91410127866777 137.43033681730623
1.3863475933038976 103.91410662696737 137.430336817308
1.386343886269531 103.9141100134633 137.43033681730577
1.3863376719712186 103.91411569042596 137.430336817308
1.3863333402039073 103.91411964763557 137.43033681730753
1.3863276897013943 103.91412480955245 137.43033681730753
1.3863225675009356 103.91412948884823 137.43033681730753
1.3863168805116737 103.91413468409681 137.43033681730753
1.3863128050181557 103.91413840719188 137.43033681730623
1.386308981046436 103.91414190051364 137.430336817308
1.3863026286053015 103.91414770367388 137.43033681730577
1.3862987098955248 103.91415128354184 137.43033681730577
1.3862921357554747 103.91415728923107 137.430336817308
1.3862858612218123 103.91416302122013 137.43033681730753
1.3862818966477992 103.91416664298644 137.43033681730577
1.3862752806011192 103.91417268695852 137.43033681730623
1.3862697409860345 103.9141777475756 137.43033681730753
1.386263642760483 103.91418331850127 137.43033681730623
1.3862577299246628 103.91418872006739 137.43033681730753
1.3862522785071885 103.91419370011292 137.43033681730623
1.3862456962346557 103.91419971323093 137.43033681730577
1.3862400209589816 103.914204897778 137.43033681730753
1.386235576338631 103.91420895808179 137.430336817308
1.3862302856438857 103.91421379130173 137.43033681730753
1.38622600571606 103.91421770115353 137.43033681730753
1.386219975718515 103.91422320975026 137.430336817308
1.3862160843585967 103.9142267646327 137.43033681730753
1.3862116139315481 103.91423084851155 137.430336817308
1.3862059892175027 103.91423598686865 137.43033681730753
1.386200753325328 103.9142407700244 137.430336817308
1.386196269993891 103.91424486569171 137.43033681730753
1.386191848926139 103.91424890447911 137.430336817308
1.3861860009474067 103.91425424679547 137.43033681730753
1.3861806190349613 103.91425916334526 137.43033681730623
1.3861748223352957 103.91426445881643 137.430336817308
1.3861710121767674 103.91426793951851 137.43033681730753
1.386167407755173 103.91427123227325 137.43033681730753
1.3861611655827326 103.91427693469795 137.43033681730623
1.3861546326619032 103.91428290273058 137.4303368173053
1.3861501297894476 103.91428701624886 137.43033681730753
1.3861467276083237 103.91429012425034 137.43033681730577
1.3861427357597502 103.9142937709319 137.43033681730753
1.386136499523261 103.91429946793367 137.43033681730753
1.3861318776670426 103.9143036901473 137.4303368173085
1.3861276026770502 103.9143075954875 137.43033681730753
1.386124210756077 103.91431069411587 137.43033681730753
1.3861192653831798 103.91431521187226 137.43033681730577
1.3861156369364225 103.91431852657443 137.43033681730753
1.3861117330419852 103.91432209290687 137.43033681730753
1.3861063840098171 103.91432697941879 137.43033681730753
1.386102439529158 103.91433058282796 137.43033681730753
1.3860974612092563 103.9143351306823 137.43033681730577
1.3860930077532434 103.91433919905667 137.43033681730753
1.3860873613786195 103.91434435720026 137.43033681730577
1.3860807747491368 103.91435037429662 137.43033681730753
1.3860755650553431 103.91435513351821 137.43033681730674
1.3860694158733742 103.91436075099217 137.43033681730753
1.3860649751185774 103.91436480776336 137.43033681730577
1.3860585790134565 103.91437065080939 137.43033681730753
1.3860524429870444 103.91437625626517 137.43033681730753
1.386048444448223 103.91437990905783 137.43033681730753
1.386043056233572 103.91438483136362 137.43033681730753
1.3860386869609238 103.91438882283339 137.43033681730753
1.386032994639097 103.91439402295069 137.43033681730753
1.3860287130225655 103.91439793434371 137.43033681730577
1.3860234687904234 103.91440272511672 137.43033681730577
1.3860196298937595 103.91440623207102 137.43033681730753
1.3860152273470847 103.91441025393748 137.43033681730753
1.3860102899274596 103.91441476442738 137.4303368173085
1.3860036925179642 103.91442079137074 137.43033681730753
1.3859970453352086 103.91442686378352 137.43033681730577
1.3859936913772781 103.91442992773068 137.43033681730577
1.3859899748882456 103.91443332286151 137.43033681730577
1.3859840922897682 103.91443869680211 137.43033681730753
1.3859779836148454 103.91444427727065 137.43033681730577
1.3859741976185818 103.91444773589842 137.43033681730753
1.3859685511236637 103.91445289415074 137.43033681730577
1.3859638059056494 103.91445722905797 137.43033681730753
1.3859583972025555 103.91446217007983 137.43033681730753
1.3859524305763222 103.91446762078212 137.43033681730753
1.385948938876208 103.91447081056089 137.43033681730753
1.385943596927205 103.91447569060063 137.43033681730753
1.3859375550820212 103.91448121001766 137.43033681730577
1.3859326264168477 103.91448571250943 137.43033681730674
1.3859275449913688 103.91449035455254 137.43033681730577
1.3859215559201035 103.91449582575876 137.43033681730753
1.3859164772192563 103.91450046531273 137.43033681730674
1.385910880327424 103.91450557825053 137.43033681730753
1.385907098581745 103.91450903299484 137.43033681730753
1.3859015599321152 103.91451409272644 137.4303368173085
1.3858959588960809 103.91451920944994 137.43033681730753
1.3858912168749582 103.91452354143613 137.43033681730753
1.385885375163212 103.91452875546904 137.5453918493927
1.3858804331069174 103.9145330448662 137.75694152275412
1.3858760843623614 103.9145368193057 137.94310315553312
1.385872239476566 103.91454015642714 138.10769946255226
1.3858656561322586 103.91454587035996 138.38952733697494
1.3858621541747542 103.91454890984095 138.5394397530186
1.3858559512047754 103.91455429363246 138.80496351617197
1.3858520250904998 103.91455770125505 138.88812740763888
1.3858466557357034 103.91456236152042 138.88812740763987
1.3858412170910726 103.91456708192501 138.88812740763817
1.3858372735185562 103.91457050470015 138.88812740763987
1.3858321541528948 103.91457494799043 138.88812740763987
1.3858286731113005 103.91457796931752 138.88812740763987
1.3858231766164537 103.91458273993233 138.88812740763888
1.3858190614627406 103.91458631162914 138.88812740763888
1.3858136599809583 103.91459099977845 138.88812740763888
1.385810098454854 103.91459409096099 138.88812740763888
1.3858053325196806 103.91459822749542 138.88812740763888
1.3858014122711797 103.91460163002655 138.88812740763987
1.3857950623283866 103.91460714138069 138.88812740763888
1.3857888945154229 103.91461249465745 138.88812740763987
1.3857850328575125 103.9146158463355 138.88812740763817
1.3857805366800906 103.91461974873687 138.88812740763817
1.3857760088913995 103.91462367857478 138.88812740763717
1.3857707268784818 103.91462826303224 138.88812740763987
1.3857651589488003 103.91463309564752 138.88812740763987
1.3857592772041378 103.91463820063457 138.88812740763888
1.3857542049810496 103.9146426030074 138.88812740763888
1.3857482468745386 103.91464777427164 138.88812740763888
1.3857438560378277 103.91465158524359 138.88812740763987
1.3857377456499502 103.91465688867845 138.88812740763717
1.385731033417625 103.91466271447662 138.88812740763888
1.3857246892431423 103.91466822082353 138.88812740763717
1.3857187607733896 103.91467336636464 138.88812740763987
1.3857126646407225 103.91467865742663 138.88812740763888
1.3857089984005075 103.91468183949387 138.88812740763888
1.3857033203757076 103.9146867676643 138.88812740763817
1.3856966104575026 103.91469259145359 138.88812740763987
1.38569018293321 103.91469817014254 138.88812740763888
1.3856845685818797 103.91470304304822 138.88812740763888
1.3856801942299963 103.91470683971191 138.88812740763987
1.3856737456751964 103.91471243665389 138.88812740763987
1.3856673464024534 103.91471799082204 138.88812740763717
1.3856624730392018 103.91472222059623 138.88812740763987
1.3856573934273757 103.91472662938125 138.88812740763888
1.3856533398840534 103.914730147603 138.88812740763987
1.3856477729097765 103.91473497938802 138.88812740763987
1.3856441107103838 103.91473815794771 138.88812740763888
1.3856378279458679 103.91474361099374 138.88812740763987
1.385632496476705 103.91474823837493 138.88812740763888
1.3856259233698287 103.9147539434198 138.88812740763987
1.3856194091642688 103.91475959734196 138.88812740763987
1.385614744363809 103.91476364609635 138.88812740763817
1.385610383782507 103.91476743080757 138.88812740763888
1.3856036074779587 103.91477331221505 138.88812740763817
1.3855970173833254 103.9147790320039 138.88812740763888
1.3855928337103294 103.91478266316969 138.88812740763888
1.3855876728214536 103.91478714249752 138.88812740763817
1.385580924363977 103.91479299973524 138.88812740763817
1.38557598246345 103.91479728899483 138.88812740763717
1.385571501129482 103.9148011785115 138.88812740763888
1.3855660477926683 103.9148059116656 138.88812740763888
1.3855618104971832 103.91480958937213 138.88812740763888
1.385557606809209 103.9148132379094 138.88812740763987
1.3855533783232075 103.91481690796977 138.88812740763987
1.3855495104763924 103.91482026501797 138.88812740763987
1.385543169509379 103.91482576857915 138.88812740763888
1.385536405256684 103.91483163952566 138.88812740763888
1.3855298738747244 103.91483730835492 138.88812740763888
1.3855258261970416 103.91484082148486 138.88812740763888
1.3855194190760933 103.91484638246325 138.88812740763888
1.385513365705622 103.91485163640841 138.88812740763888
1.3855070377328838 103.91485712869101 138.88812740763817
1.3855033489160218 103.91486033035218 138.88812740763987
1.3854974500217423 103.91486545022155 138.88812740763888
1.3854932010998389 103.91486913801862 138.88812740763987
1.385489280991346 103.91487254042626 138.88812740763888
1.3854846296174554 103.91487657752627 138.88812740763817
1.3854782182960974 103.91488214214996 138.88812740763717
1.3854722729487339 103.91488730233746 138.88812740763987
1.385466988530467 103.91489188888004 138.88812740763987
1.3854608950989078 103.9148971775952 138.88812740763817
1.3854549202411273 103.91490236339571 138.88812740763987
1.385450915006536 103.91490583968724 138.88812740763888
1.3854456795740404 103.91491038371305 138.88812740763888
1.3854393407085317 103.91491588544922 138.88812740763817
1.3854337258152987 103.91492075882296 138.88812740763987
1.38542728443452 103.9149263495358 138.88812740763987
1.385422597885174 103.91493041716545 138.88812740763987
1.3854187406300693 103.91493376501988 138.88812740763987
1.385414996866263 103.914937014371 138.88812740763817
1.3854103856476034 103.91494101661824 138.88812740763888
1.3854062213186358 103.91494463099339 138.88812740763888
1.3854010808201789 103.91494909262208 138.88812740763888
1.3853968548993425 103.91495276420488 138.88452589812613
1.3853910311381117 103.91495788764534 138.81846438689084
1.3853870613280013 103.91496138007656 138.77343287002668
1.3853832191265547 103.91496476024432 138.7298487898853
1.3853787454604036 103.91496869594167 138.67910163316517
1.3853734528053478 103.91497335214254 138.61906429398428
1.385367912248749 103.91497822643416 138.55621506244017
1.3853645082345039 103.91498122110765 138.51760182870734
1.3853599243926102 103.9149852537317 138.50409666684507
1.3853565353350699 103.91498823524701 138.50409666684408
1.3853503571938364 103.91499367045205 138.50409666684507
1.3853461235877809 103.91499739495686 138.50409666684507
1.38534227460348 103.91500078109158 138.50409666684507
1.3853359230550415 103.91500636885104 138.50409666684507
1.385330882376974 103.9150108033754 138.50409666684507
1.3853257346053098 103.91501533211505 138.50409666684408
1.385319601358227 103.91502072782424 138.50409666684408
1.385314607052129 103.91502512155284 138.50409666684408
1.3853101872141118 103.91502900989452 138.50409666684507
1.385305472601913 103.91503315756302 138.50409666684408
1.3853012932780393 103.91503683431291 138.5040966668458
1.3852971139632153 103.9150405110548 138.5040966668458
1.385291719512284 103.91504525680963 138.50409666684507
1.3852868950528965 103.91504950111579 138.50409666684408
1.3852808863566262 103.91505478725134 138.50409666684507
1.3852749409885874 103.91506001767398 138.50409666684408
1.3852700002058225 103.9150643643152 138.50409666684507
1.3852636044741355 103.915069990944 138.50409666684408
1.3852584800162155 103.9150744991729 138.50409666684408
1.3852517204138752 103.91508044591588 138.50409666684507
1.3852454729852313 103.9150859420753 138.50409666684507
1.3852407783876637 103.91509007213548 138.50409666684507
1.3852353645656663 103.91509483493148 138.50409666684408
1.3852315490001843 103.91509819166536 138.5040966668468
1.3852279888442127 103.9151013237034 138.50409666684507
1.385223006099343 103.91510570726028 138.50409666684408
1.3852183548702317 103.91510979916701 138.50409666684408
1.3852144744428843 103.91511321296286 138.50409666684507
1.3852093884950767 103.91511768731218 138.50409666684408
1.3852041493209863 103.91512229646186 138.50409666684408
1.3852007357697773 103.91512529952456 138.5040966668458
1.3851950597089175 103.91513029302415 138.50409666684507
1.3851910145637525 103.9151338517299 138.50409666684408
1.3851859805576565 103.91513828038343 138.50409666684507
1.385181938585355 103.91514183629783 138.50409666684408
1.3851751956795055 103.91514776835129 138.50409666684408
1.3851703030681417 103.91515207261305 138.50409666684408
1.3851655349873213 103.91515626731935 138.5040966668458
1.3851606372225889 103.9151605761147 138.50409666684507
1.3851570773613011 103.91516370789307 138.50409666684408
1.3851512246410365 103.91516885680788 138.5040966668458
1.3851454531659806 103.9151739342474 138.50409666684507
1.3851412916243735 103.91517759535229 138.50409666684408
1.3851379057816724 103.91518057403817 138.50409666684408
1.3851312974035537 103.91518638774073 138.50409666684408
1.3851277503722808 103.91518950823176 138.50409666684408
1.385124147282788 103.91519267803982 138.50409666684507
1.385120449593579 103.91519593107171 138.50409666684507
1.3851153414002157 103.91520042499073 138.50409666684507
1.3851117010563285 103.91520362757315 138.5040966668468
1.3851068880829827 103.9152078617731 138.50409666684507
1.3851007788932317 103.91521323631575 138.50409666684408
1.385094237712755 103.91521899090098 138.50409666684507
1.3850881473010375 103.9152243489236 138.5040966668468
1.3850817987363864 103.91522993405546 138.50409666684408
1.3850781172604054 103.91523317282356 138.50409666684408
1.3850731998004886 103.915237498945 138.50409666684408
1.3850694558072552 103.91524079271241 138.50409666684408
1.3850644646231707 103.9152451836924 138.50409666684408
1.3850578215233234 103.91525102794051 138.5040966668458
1.3850511655914344 103.91525688347751 138.50409666684507
1.385046295912714 103.91526116756337 138.50409666684408
1.3850412514994974 103.91526560537136 138.50409666684507
1.3850355464539492 103.91527062436867 138.50409666684408
1.385029163848715 103.9152762394471 138.50409666684507
1.3850248677888513 103.91528001889326 138.50409666684507
1.3850209688321315 103.91528344898906 138.50409666684507
1.3850155399601827 103.91528822502328 138.50409666684507
1.3850095409074505 103.9152935026723 138.50409666684408
1.3850056785626799 103.91529690055876 138.50409666684507
