1.37696287593311 103.91091142546935 49.277679420902096 23.5532 1.0
1.3770747342288427 103.91104041896465 49.27767942090231 19.0532 2.0
1.3771552942246341 103.91114291567602 52.164366552669044 14.5532 3.0
1.3772107903170072 103.9112138445469 52.164366552669556 10.0532 4.0
1.3772636667752518 103.91128463468478 54.00423226371596 10.0 5.0
1.3773161422060574 103.91135735818344 54.43844216003584 10.0 6.0
1.3773686989408214 103.91143033158998 54.43844216003584 10.0 7.0
1.3774449313236425 103.91148679636561 54.4372090036234 10.0 8.0
1.3774975452573095 103.91155984587468 54.4372090036234 10.0 9.0
1.3775501591912642 103.91163289538783 54.4372090036234 10.0 10.0
1.3776014357497575 103.9117068646406 56.23713461224737 10.0 11.0
1.3776517144916243 103.91178152011274 56.237134612246834 10.0 12.0
1.377701993233621 103.91185617558904 56.23713461224737 10.0 13.0
1.377752271975745 103.91193083106948 56.23713461224737 10.0 14.0
1.3778119253558676 103.91199571668592 38.811537974208996 10.0 15.0
1.3778577947850386 103.91207322817772 59.57120776267836 10.0 16.0
1.3779036642140239 103.91215073967378 59.57120776267836 10.0 17.0
1.3779495336428245 103.91222825117414 59.5712077626778 10.0 18.0
1.3779954030714405 103.91230576267876 59.57120776267836 10.0 19.0
1.3780412724998703 103.91238327418766 59.57120776267836 10.0 20.0
1.3780871419281144 103.91246078570084 59.57120776267836 10.0 21.0
1.3781330113561727 103.9125382972183 59.5712077626778 10.0 22.0
1.3781788807840454 103.91261580874004 59.57120776267836 10.0 23.0
1.3782247502117306 103.91269332026606 59.57120776267836 10.0 24.0
1.3782706196392296 103.91277083179635 59.5712077626778 10.0 25.0
1.3783164890665414 103.91284834333091 59.57120776267836 10.0 26.0
1.3783623584936664 103.91292585486975 59.57120776267836 10.0 27.0
1.3784087940551493 103.91300270795757 58.96454818915488 10.0 28.0
1.3784554296718319 103.91307963821251 58.96454818915432 10.0 29.0
1.3785020652883861 103.9131565684717 58.96454818915432 10.0 30.0
1.37854870090481 103.91323349873515 58.96454818915488 10.0 31.0
1.378595336521105 103.91331042900285 58.96454818915432 10.0 32.0
1.3786419721372698 103.91338735927481 58.96454818915432 10.0 33.0
1.3786886077533045 103.913464289551 58.96454818915488 10.0 34.0
1.3787352433692088 103.91354121983144 58.96454818915432 10.0 35.0
1.3787818789849824 103.91361815011615 58.96454818915488 10.0 36.0
1.378828514600625 103.91369508040509 58.96454818915488 10.0 37.0
1.3788751502161367 103.91377201069828 58.96454818915376 10.0 38.0
1.3789217858315168 103.91384894099575 58.96454818915488 10.0 39.0
1.378968421446765 103.91392587129747 58.96454818915488 10.0 40.0
1.3790150570618815 103.91400280160342 58.96454818915376 10.0 41.0
1.379061692676866 103.91407973191362 58.96454818915488 10.0 42.0
1.379108288182116 103.91415668593818 59.02371753521103 10.0 43.0
1.379154079464175 103.91423411536967 59.58733336344943 10.0 44.0
1.3791998707460424 103.91431154480543 59.58733336344865 10.0 45.0
1.379245662027716 103.91438897424544 59.58733336344911 10.0 46.0
1.3792914533091962 103.91446640368974 59.58733336344911 10.0 47.0
1.3793372445904832 103.9145438331383 59.58733336344799 10.0 48.0
1.3793830358715753 103.91462126259111 59.58733336344911 10.0 49.0
1.3794333865237154 103.9146958339633 55.96936828948043 10.0 50.0
1.3794840040931426 103.91477023802008 55.96936828948116 10.0 51.0
1.379534621662712 103.91484464208101 55.96936828948116 10.0 52.0
1.3795852392324233 103.91491904614611 55.96936828948223 10.0 53.0
1.379635856802277 103.91499345021533 55.96936828948116 10.0 54.0
1.3796943806651605 103.91506188680347 49.63935366493753 10.0 55.0
1.3797529459183082 103.91513029215548 49.63935366493753 10.0 56.0
1.3798115111721116 103.91519869751127 49.63935366493753 10.0 57.0
1.379870076426571 103.91526710287083 49.63935366493668 10.0 58.0
1.3799286416816867 103.91533550823418 49.63935366493668 10.0 59.0
1.379987206937457 103.9154039136013 49.63935366493668 10.0 60.0
1.380035770401404 103.91547844003185 58.56122292089051 10.0 61.0
1.3800995225656267 103.91554219868084 45.213037289975496 10.0 62.0
1.380163274730798 103.91560595733324 45.213037289975496 10.0 63.0
1.3802270268969168 103.91566971598904 45.213037289975496 10.0 64.0
1.3802907790639836 103.91573347464829 45.213037289975496 10.0 65.0
1.3803545312319982 103.91579723331094 45.2130372899755 10.0 66.0
1.3804182834009595 103.915860991977 45.213037289975496 10.0 67.0
1.380482035570868 103.91592475064648 45.213037289975496 10.0 68.0
1.3805551178668396 103.915977694145 36.04327795042892 10.0 69.0
1.3806282813795618 103.9160305435037 36.043277950428156 10.0 70.0
1.3807014448936261 103.91608339286479 36.043277950428156 10.0 71.0
1.380774608409033 103.91613624222829 36.043277950428156 10.0 72.0
1.3808477719257828 103.91618909159419 36.043277950428156 10.0 73.0
1.3809278632124888 103.9162293650637 28.79299115513019 10.0 74.0
1.3810006841868356 103.91628232975401 36.23076045000918 10.0 75.0
1.3810783745349882 103.91632789491466 30.178981011296525 10.0 76.0
1.3811564095794042 103.9163729362763 30.178981011295864 10.0 77.0
1.3812344446252445 103.91641797763958 30.17898101129539 10.0 78.0
1.3813124796725105 103.91646301900448 30.178981011295864 10.0 79.0
1.3813905147212011 103.91650806037097 30.17898101129539 10.0 80.0
1.3814653823075114 103.91655772453558 37.33414976288301 10.0 81.0
1.381536165554137 103.91661334964748 38.367109761040474 10.0 82.0
1.3816069488020253 103.91666897476208 38.367109761041284 10.0 83.0
1.381677732051176 103.91672459987932 38.367109761040474 10.0 84.0
1.3817485153015887 103.91678022499926 38.367109761041284 10.0 85.0
1.3818168069419123 103.91683869148257 43.1856089035375 10.0 86.0
1.3818819542384673 103.91690074368786 43.81603488750677 10.0 87.0
1.381947101536039 103.91696279589644 43.81603488750583 10.0 88.0
1.3820122488346283 103.91702484810826 43.816034887507676 10.0 89.0
1.3820773961342339 103.91708690032337 43.81603488750673 10.0 90.0
1.3821425434348564 103.91714895254174 43.81603488750673 10.0 91.0
1.3822076907364955 103.91721100476339 43.81603488750583 10.0 92.0
1.3822728348768651 103.91727306026576 43.81905947842177 10.0 93.0
1.382337978883662 103.91733511591092 43.81905947842268 10.0 94.0
1.3824031228914746 103.91739717155936 43.81905947842173 10.0 95.0
1.3824686206572994 103.91745885702325 43.265325484592765 10.0 96.0
1.3825343652150184 103.91752028423693 43.265325484593674 10.0 97.0
1.3826015501884399 103.91757998582374 40.39932561396562 10.0 98.0
1.3826744649805347 103.91763282303877 36.12983227606622 10.0 99.0
1.3827473797739582 103.91768566025623 36.129832276065166 10.0 100.0
1.382823065332188 103.91773444223621 32.26612595275635 10.0 101.0
1.3828993976882644 103.91778227757844 32.26612595275635 10.0 102.0
1.3829767995913556 103.9178283618329 30.2914770655186 10.0 103.0
1.3830547455175426 103.9178735554017 30.291477065519718 10.0 104.0
1.383133983858213 103.9179163545195 26.818158555136808 10.0 105.0
1.3832149973188896 103.91795586487775 26.169914134570153 10.0 106.0
1.3833001183473084 103.91798512663843 17.30994971270981 10.0 107.0
1.383386289725034 103.91801176772398 17.3099497127102 10.0 108.0
1.3834742138567473 103.91803141403497 10.704365973843952 10.0 109.0
1.3835628975650451 103.91804802907842 10.704365973843952 10.0 110.0
1.3836525714536363 103.91805733089966 4.671796480266522 10.0 111.0
1.3837425214468848 103.91806459348105 4.671796480266739 10.0 112.0
1.3838257024032592 103.91805465558463 345.55416873243405 10.0 113.0
1.3839121019333749 103.9180324989764 345.55416873243337 10.0 114.0
1.3839970116336282 103.918006662038 340.4243485102203 10.0 115.0
1.3840747891316507 103.91796320640606 330.676373535864 10.0 116.0
1.3841449732930617 103.91791038174108 315.0245352724349 10.0 117.0
1.3842042879917025 103.9178441457993 311.68801475769766 10.0 118.0
1.3842523125804354 103.9177708020663 294.4290598236951 10.0 119.0
1.3842872581188297 103.91768922430026 293.08216213120323 10.0 120.0
1.384304942552633 103.91760312259507 276.52360387910835 10.0 121.0
1.3843150398218562 103.91751503238252 276.52360387910835 10.0 122.0
1.38431093076032 103.91742748599601 259.11602072694717 10.0 123.0
1.3842940576643394 103.9173404258565 259.13634577604165 10.0 124.0
1.3842595667942894 103.91725961535545 241.6680922796726 10.0 125.0
1.3842171839234871 103.91718159516218 241.6680922796732 10.0 126.0
1.3841597603408295 103.91711611251081 218.39475307297613 10.0 127.0
1.3840898003805395 103.91706107985469 218.3947530729755 10.0 128.0
1.3840134743909476 103.91701737939594 201.52827357229978 10.0 129.0
1.3839296085045882 103.91698710073867 199.99540137645417 10.0 130.0
1.3838457426194675 103.9169568220815 199.9954013764554 10.0 131.0
1.38375850323181 103.91694718310555 178.50566640873274 10.0 132.0
1.383669303861706 103.91694953564021 178.50566640873274 10.0 133.0
1.3835826059266738 103.9169642638997 162.0744917959162 10.0 134.0
1.3834994087991785 103.91699631223625 158.83527903907097 10.0 135.0
1.38341621166942 103.91702836056865 158.83527903907 10.0 136.0
1.3833393962616172 103.91707320129785 148.48407050156587 10.0 137.0
1.383263348761448 103.91711958132855 148.48407050156587 10.0 138.0
1.3831873012579774 103.9171659613551 148.4840705015652 10.0 139.0
1.383124143775678 103.91717072880333 148.48891590541052 10.0 140.0
1.3830514955356066 103.9172261087597 141.13408147523037 10.0 141.0
1.3829801364286813 103.9172833034983 141.13408147523037 10.0 142.0
1.3829087773176174 103.91734049823289 141.13408147523037 10.0 143.0
1.382837437672208 103.91739771693656 141.1143689289896 10.0 144.0
1.3827666244720695 103.91745557547928 140.40457203115164 10.0 145.0
1.382696004027047 103.91751366829442 140.40457203115344 10.0 146.0
1.3826253934725894 103.91757177297758 140.38999951015123 10.0 147.0
1.3825547878918856 103.91762988362944 140.38999951015123 10.0 148.0
1.382484182306987 103.91768799427739 140.38999951015023 10.0 149.0
1.3824135767178927 103.91774610492136 140.38999951015123 10.0 150.0
1.382343790455453 103.91780515383918 138.8272014095835 10.0 151.0
1.3822759322410916 103.91786641071188 137.7698804144704 10.0 152.0
1.382208074022344 103.91792766758083 137.7698804144704 10.0 153.0
1.3821402157992098 103.91798892444605 137.76988041446955 10.0 154.0
1.3820723575716902 103.9180501813075 137.76988041446955 10.0 155.0
1.3820044993397838 103.91811143816527 137.76988041446955 10.0 156.0
1.3819382606532815 103.91817262030403 136.50689468986215 10.0 157.0
1.3818732687751962 103.91823514627352 135.95006195074816 10.0 158.0
1.381808276892724 103.91829767223952 135.95006195074816 10.0 159.0
1.3817432850058649 103.91836019820201 135.95006195074816 10.0 160.0
1.3816782931146203 103.91842272416103 135.95006195074816 10.0 161.0
1.3816058644898912 103.9184743868087 150.47457061241766 10.0 162.0
1.3815411616622122 103.9185365673615 135.25872833628097 10.0 163.0
1.3814771876692327 103.91859961768391 135.25872833628193 10.0 164.0
1.3814132136718602 103.91866266800292 135.25872833628006 10.0 165.0
1.3813492396700962 103.91872571831856 135.25872833628097 10.0 166.0
1.3812852656639412 103.91878876863078 135.25872833628006 10.0 167.0
1.381221291653394 103.9188518189396 135.25872833628006 10.0 168.0
1.3811611641244552 103.91891836315015 129.65984037144304 10.0 169.0
1.3811036863538804 103.91898731423521 129.65984037144304 10.0 170.0
1.3810462085786384 103.91905626531744 129.65984037144304 10.0 171.0
1.3809887307987287 103.91912521639685 129.6598403714447 10.0 172.0
1.380931253014152 103.91919416747345 129.65984037144202 10.0 173.0
1.3808737752249087 103.91926311854724 129.65984037144304 10.0 174.0
1.3808162974309992 103.91933206961818 129.65984037144202 10.0 175.0
1.3807588196324234 103.91940102068634 129.65984037144304 10.0 176.0
1.3807013418291816 103.91946997175164 129.65984037144202 10.0 177.0
1.3806438640212741 103.91953892281414 129.65984037144304 10.0 178.0
1.3805863862087016 103.91960787387383 129.65984037144304 10.0 179.0
1.3805336112212692 103.91968042378159 125.59792770899925 10.0 180.0
1.3804811933536885 103.91975324697742 125.59792770899818 10.0 181.0
1.3804287754813123 103.91982607017093 125.59792770899818 10.0 182.0
1.3803763576041401 103.9198988933621 125.59792770899818 10.0 183.0
1.3803239397221732 103.91997171655095 125.59792770899818 10.0 184.0
1.3802715218354105 103.92004453973743 125.59792770899818 10.0 185.0
1.3802191039438532 103.92011736292162 125.59792770899818 10.0 186.0
1.380171359037307 103.92019327894614 121.79084287660393 10.0 187.0
1.3801239232258198 103.92026939954823 121.79084287660393 10.0 188.0
1.3800817879793459 103.9203484085428 115.74477762262214 10.0 189.0
1.3800426853120122 103.92042907005636 115.74477762262214 10.0 190.0
1.3799979157140845 103.92050670970511 120.75050837459516 10.0 191.0
1.379951878673558 103.92058367349654 120.75050837459496 10.0 192.0
1.3799058416281635 103.92066063728626 120.75050837459382 10.0 193.0
1.3798613505184267 103.9207362342755 119.91785214119727 10.0 194.0
1.3798190544235973 103.92081567716511 117.9048369942612 10.0 195.0
1.3797767583238587 103.92089512005339 117.9048369942612 10.0 196.0
1.3797344622192127 103.92097456294039 117.9048369942612 10.0 197.0
1.3796921661096586 103.92105400582606 117.9048369942612 10.0 198.0
1.3796498699951967 103.92113344871046 117.9048369942612 10.0 199.0
1.379607573875828 103.92121289159353 117.9048369942612 10.0 200.0
1.3795652777515512 103.9212923344753 117.9048369942612 10.0 201.0
1.3795229816223686 103.92137177735579 117.9048369942612 10.0 202.0
1.3794806854882786 103.92145122023494 117.9048369942612 10.0 203.0
1.3794383505158192 103.92153066609023 117.94193448520828 10.0 204.0
1.3793961244470527 103.92161002633605 117.87402559370109 10.0 205.0
1.3793563006392424 103.92169047593985 114.55688782241997 10.0 206.0
1.3793208572530482 103.92177299957021 113.13602917780645 10.0 207.0
1.3792854138620292 103.92185552319994 113.13602917780645 10.0 208.0
1.3792499704661865 103.92193804682907 113.13602917780544 10.0 209.0
1.3792145270655192 103.92202057045762 113.13602917780544 10.0 210.0
1.3791790836600288 103.92210309408556 113.13602917780544 10.0 211.0
1.3791452286867054 103.92218626024854 111.21978673187546 10.0 212.0
1.3791125823410197 103.9222699153128 111.21978673187667 10.0 213.0
1.3790799359905614 103.92235357037674 111.21978673187667 10.0 214.0
1.37904728963533 103.92243722544035 111.21978673187667 10.0 215.0
1.3790146432753263 103.92252088050367 111.21978673187667 10.0 216.0
1.3789819969105506 103.92260453556665 111.21978673187546 10.0 217.0
1.3789493505410026 103.92268819062932 111.21978673187546 10.0 218.0
1.3789167041666832 103.92277184569168 111.21978673187667 10.0 219.0
1.3788840577875914 103.92285550075373 111.21978673187667 10.0 220.0
1.3788514114037285 103.92293915581544 111.21978673187667 10.0 221.0
1.3788187650150945 103.92302281087684 111.21978673187667 10.0 222.0
1.378789661464874 103.9231077301101 108.34086716772006 10.0 223.0
1.3787612849613573 103.92319290877298 108.34086716772006 10.0 224.0
1.3787329084531703 103.92327808743595 108.34086716771884 10.0 225.0
1.3787045319403137 103.92336326609905 108.34086716772006 10.0 226.0
1.3786761554227875 103.92344844476223 108.34086716772087 10.0 227.0
1.378647926755615 103.92353366877663 108.14453242974504 10.0 228.0
1.3786230417816554 103.92361991839259 106.02219249573542 10.0 229.0
1.3785981568031294 103.92370616800898 106.02219249573606 10.0 230.0
1.3785732718200365 103.92379241762583 106.02219249573606 10.0 231.0
1.3785483868323785 103.92387866724319 106.02219249573542 10.0 232.0
1.378523501840154 103.92396491686094 106.02219249573534 10.0 233.0
1.3784997992930683 103.92405147416343 104.47090599752694 10.0 234.0
1.3784789418132295 103.92413877178026 103.38035487721808 10.0 235.0
1.378458084328965 103.92422606939796 103.38035487721685 10.0 236.0
1.3784372268402738 103.92431336701651 103.38035487721685 10.0 237.0
1.3784163693471576 103.92440066463588 103.38035487721748 10.0 238.0
1.3783955118496147 103.92448796225614 103.38035487721748 10.0 239.0
1.3783746543476472 103.92457525987724 103.38035487721748 10.0 240.0
1.3783537968412543 103.92466255749918 103.38035487721685 10.0 241.0
1.3783329393304355 103.92474985512199 103.38035487721685 10.0 242.0
1.3783120818151922 103.92483715274564 103.38035487721808 10.0 243.0
1.3782912242955236 103.92492445037014 103.38035487721748 10.0 244.0
1.378270366771431 103.92501174799547 103.38035487721685 10.0 245.0
1.3782495092429135 103.92509904562168 103.38035487721744 10.0 246.0
1.378228651709971 103.92518634324873 103.38035487721808 10.0 247.0
1.3782077941726047 103.92527364087661 103.38035487721808 10.0 248.0
1.3781869366308135 103.92536093850536 103.38035487721808 10.0 249.0
1.378166079084599 103.92544823613497 103.38035487721744 10.0 250.0
1.3781452215339602 103.92553553376543 103.38035487721744 10.0 251.0
1.3781226149971328 103.92562240042771 104.52794459676709 10.0 252.0
1.378100001967375 103.92570926549183 104.52794459676645 10.0 253.0
1.3780773889331306 103.92579613055663 104.52794459676709 10.0 254.0
1.3780547758943995 103.92588299562213 104.52794459676707 10.0 255.0
1.3780321628511818 103.92596986068828 104.52794459676772 10.0 256.0
1.3780095498034781 103.92605672575515 104.52794459676772 10.0 257.0
1.377986936751288 103.92614359082266 104.52794459676645 10.0 258.0
1.3779643236946126 103.92623045589086 104.52794459676709 10.0 259.0
1.3779417106334504 103.92631732095975 104.52794459676709 10.0 260.0
1.3779190975678033 103.92640418602932 104.52794459676707 10.0 261.0
1.3778964844976707 103.92649105109955 104.52794459676772 10.0 262.0
1.377873871423052 103.92657791617046 104.52794459676772 10.0 263.0
1.3778512583439495 103.92666478124205 104.52794459676709 10.0 264.0
1.3778286452603612 103.92675164631432 104.52794459676772 10.0 265.0
1.377806032172288 103.92683851138727 104.52794459676772 10.0 266.0
1.3777834190797305 103.9269253764609 104.52794459676772 10.0 267.0
1.3777608059826882 103.92701224153521 104.52794459676709 10.0 268.0
1.3777381928811614 103.92709910661019 104.52794459676709 10.0 269.0
1.3777155797751506 103.92718597168584 104.52794459676709 10.0 270.0
