738993582
1.2953531625612318 103.87992118370572 267.0505792668763
1.2953529139884872 103.87991643110506 267.0505792668763
1.2953526741808994 103.87991184609047 267.0505792668763
1.2953524145132262 103.87990688136006 267.0505792668776
1.29535195500948 103.87989809585324 267.0505792668763
1.2953515169561638 103.87988972046959 267.0505792668763
1.2953512124516722 103.8798838984801 267.0505792668763
1.2953509417875242 103.87987872350303 267.0505792668764
1.2953505708923037 103.87987163215313 267.0505792668763
1.295350242007219 103.87986534401846 267.0505792668763
1.295349954041496 103.87985983824379 267.0505792668763
1.2953496787866137 103.87985457549486 267.0505792668764
1.295349321182227 103.87984773826093 267.05057926687766
1.2953489725463243 103.8798410725007 267.0505792668763
1.2953485712262476 103.87983339944334 267.0505792668776
1.2953483219876816 103.87982863411554 267.0505792668764
1.2953478618267416 103.87981983604847 267.0505792668763
1.2953474357511063 103.87981168967738 267.0505792668763
1.2953470808887186 103.87980490487136 267.0505792668763
1.295346800574731 103.87979954539678 267.0505792668763
1.2953464773402663 103.87979336530265 267.0505792668763
1.2953460566086112 103.87978532110758 267.0505792668763
1.295345597617379 103.87977654540757 267.0505792668763
1.29534522119704 103.87976934842527 267.0505792668763
1.2953447635535362 103.87976059849422 267.0505792668764
1.2953443018583772 103.87975177109799 267.0505792668776
1.2953439866140426 103.87974574377357 267.0505792668776
1.2953437033643433 103.87974032817185 267.0505792668763
1.2953433530500056 103.87973363032596 267.0505792668763
1.2953430664533871 103.8797281507332 267.0505792668776
1.2953426434350601 103.87972006282186 267.0505792668763
1.2953422286371603 103.87971213208165 267.0505792668763
1.295341834675858 103.87970459972782 267.0505792668776
1.2953415112490272 103.87969841596002 267.0505792668763
1.2953411532115653 103.87969157045369 267.0505792668764
1.2953408737480534 103.8796862272442 267.05057926687766
1.2953404808227043 103.87967871469874 267.0505792668764
1.2953402158582126 103.87967364870411 267.0505792668763
1.2953399354930581 103.87966828825637 267.0505792668763
1.2953395072833023 103.87966010109092 267.0505792668776
1.2953391272237702 103.87965283453511 267.0505792668763
1.295338741584941 103.87964546130618 267.0505792668763
1.295338502596627 103.87964089196478 267.0505792668763
1.2953381655681573 103.87963444814311 267.0505792668763
1.2953377573825475 103.87962664383166 267.0505792668763
1.2953373044660021 103.87961798428688 267.05057926687766
1.2953369152828331 103.8796105432938 267.0505792668776
1.2953365887834767 103.87960430078505 267.0505792668764
1.2953361310370006 103.87959554889575 267.0505792668763
1.295335886044135 103.87959086475193 267.0505792668776
1.2953354511137392 103.87958254909576 267.0505792668764
1.2953350500714218 103.8795748813635 267.0505792668763
1.2953346946119015 103.87956808515231 267.0505792668764
1.2953342836932127 103.87956022858951 267.0505792668763
1.2953338757273976 103.87955242848466 267.0505792668776
1.295333428298246 103.8795438738608 267.0505792668764
1.2953330407879577 103.87953646485639 267.0505792668763
1.2953327555655991 103.87953101154667 267.0505792668763
1.2953325151455377 103.87952641483477 267.0505792668763
1.2953321205770942 103.87951887088292 267.0505792668763
1.2953317773723152 103.879512308979 267.0505792668776
1.2953313400978883 103.87950394851092 267.0505792668763
1.2953309541243254 103.87949656889006 267.0505792668763
1.2953306545341967 103.87949084087742 267.0505792668776
1.295330347399007 103.87948496860724 267.0505792668776
1.2953298958638144 103.87947633548217 267.0505792668763
1.2953294345628845 103.87946751564168 267.0505792668763
1.2953291797909254 103.87946264453093 267.0505792668764
1.2953287340011688 103.87945412125706 267.0505792668776
1.295328395576048 103.8794476507409 267.0505792668763
1.2953280790280495 103.87944159850446 267.05057926687766
1.2953278212419914 103.87943666976659 267.0505792668763
1.2953274777968027 103.87943010327012 267.05057926687766
1.295327206771958 103.87942492141383 267.0505792668776
1.2953269484111727 103.87941998168807 267.05057926687766
1.2953265212397003 103.8794118143889 267.0505792668763
1.2953260658706907 103.87940310796782 267.0505792668763
1.2953257729895653 103.87939750823175 267.0505792668763
1.2953253398990698 103.87938922776524 267.0505792668763
1.2953250234788336 103.87938317797413 267.0505792668764
1.2953246850563402 103.87937670751157 267.0505792668764
1.2953242288177607 103.879367984467 267.0505792668763
1.2953237717601709 103.87935924576394 267.0505792668776
1.295323369991069 103.87935156414842 267.0505792668763
1.295322936129126 103.87934326893503 267.05057926687766
1.2953226632780381 103.87933805216521 267.0505792668776
1.2953222663405353 103.87933046292854 267.0505792668763
1.29532183823511 103.87932227777799 267.0505792668763
1.2953214323077398 103.87931451666067 267.0505792668764
1.2953210748049295 103.87930768139574 267.0505792668764
1.295320733351955 103.87930115299554 267.05057926687766
1.2953203526132975 103.87929387347423 267.05057926687766
1.295320036148056 103.87928782282683 267.0505792668763
1.2953197697848329 103.87928273010364 267.0505792668763
1.295319477702853 103.87927714565173 267.0505792668776
1.29531920979256 103.8792720233498 267.0505792668763
1.295318774377208 103.87926369844085 267.0505792668776
1.2953183960214074 103.87925646448048 267.0505792668764
1.2953180149159331 103.8792491779482 267.0505792668776
1.2953175557173902 103.87924039831884 267.0505792668763
1.295317124755038 103.87923215855078 267.0505792668776
1.2953167796491778 103.87922556031296 267.0505792668776
1.2953165284439685 103.87922075740511 267.0505792668763
1.2953162639373303 103.87921570018132 267.0505792668763
1.2953158477783582 103.87920774344732 267.0505792668763
1.2953153855862676 103.87919890658563 267.0505792668763
1.2953149242267612 103.87919008564305 267.0505792668763
1.2953146444197643 103.87918473588586 267.0505792668763
1.2953142303659635 103.8791768194034 267.0505792668763
1.295313962813164 103.8791717039403 267.0505792668776
1.2953135989098412 103.87916474630822 267.05057926687766
1.2953132132849234 103.87915737337153 267.0505792668776
1.2953129147679632 103.87915166589143 267.05057926687766
1.2953125984799778 103.87914561863937 267.05057926687766
1.2953122981749983 103.87913987697382 267.0505792668776
1.2953120440346353 103.87913501795046 267.0505792668776
1.2953116811252554 103.87912807932386 267.0505792668776
1.2953114412037137 103.87912349215692 267.0505792668763
1.295311131053042 103.87911756224813 267.0505792668763
1.295310667481934 103.87910869902618 267.0505792668776
1.295310266297764 103.87910102860826 267.0505792668763
1.2953099987382626 103.87909591301985 267.0505792668763
1.2953095628806224 103.8790875796653 267.0505792668763
1.2953091395220124 103.8790794852857 267.0505792668763
1.2953086946005314 103.87907097863662 267.0505792668763
1.29530834646983 103.8790643225733 267.0505792668776
1.2953079662037883 103.87905705210069 267.0505792668776
1.2953076300708766 103.87905062542902 267.0505792668763
1.2953072994293802 103.87904430375039 267.0505792668776
1.29530690518978 103.87903676611234 267.0505792668776
1.2953065890593232 103.87903072187719 267.0505792668776
1.295306219534377 103.87902365677003 267.0505792668776
1.2953059811559937 103.87901909911086 267.0505792668764
1.2953055208558375 103.87901029843401 267.0505792668763
1.2953052090893626 103.87900433763687 267.0505792668776
1.2953049428684862 103.87899924764581 267.0505792668764
1.295304524540685 103.87899124945763 267.0505792668763
1.2953041617916519 103.87898431390406 267.05057926687766
1.2953037145128807 103.87897576219082 267.0505792668763
1.2953032981204733 103.87896780100762 267.0505792668764
1.2953029693366975 103.87896151485135 267.0505792668763
1.2953027127467305 103.8789566089993 267.0505792668776
1.295302452812369 103.87895163920453 267.0505792668763
1.2953020315868828 103.87894358561707 267.0505792668763
1.295301576881475 103.87893489191342 267.0505792668763
1.2953012749716895 103.87892911957371 267.0505792668776
1.295300896742595 103.87892188805353 267.0505792668763
1.2953004663619414 103.87891365942635 267.0505792668763
1.295300127867337 103.8789071876072 267.0505792668776
1.2952997510982545 103.87889998400271 267.0505792668763
1.2952993560111243 103.87889243016834 267.0505792668763
1.2952991176736792 103.87888787329625 267.0505792668763
1.2952988429275885 103.87888262031244 267.0505792668764
1.2952984652019375 103.87887539842022 267.0505792668764
1.2952980030579229 103.87886656249913 267.0505792668776
1.2952976325698666 103.87885947898631 267.0505792668763
1.2952971765862795 103.87885076084996 267.0505792668763
1.2952967937296844 103.87884344085883 267.0505792668763
1.2952962649784283 103.87883510551558 266.9331841957247
1.295295514732107 103.87882842749256 266.42574707954674
1.295294826956071 103.87882230552441 265.9604126179502
1.2952942522990947 103.87881719044118 265.57154808587586
1.2952936802428776 103.87881209850771 265.1844234514048
1.295293053464203 103.87880651948387 264.760285783885
1.295292361452753 103.87880035981627 264.29208283025696
1.2952915908670832 103.87879350075133 263.7708874719346
1.2952907153069384 103.87878570729758 263.6562203804401
1.2952899310898558 103.87877872689833 263.6562203804388
1.2952889452272975 103.87876995163157 263.65622038043864
1.295288160514297 103.87876296681844 263.6562203804388
1.2952873404147034 103.87875566702569 263.6562203804388
1.2952868091107856 103.87875093783371 263.6562203804388
1.2952862814850676 103.87874624138186 263.6562203804388
1.295285498843818 103.87873927501016 263.6562203804388
1.2952846139780392 103.8787313987274 263.6562203804388
1.2952836504205418 103.87872282200166 263.65622038043864
1.295282952248155 103.87871660749663 263.6562203804388
1.2952820997902528 103.87870901968031 263.6562203804388
1.295281495696594 103.87870364258004 263.65622038043864
1.2952805561050658 103.87869527917866 263.6562203804401
1.2952800018025379 103.87869034527463 263.6562203804388
1.2952790011535698 103.87868143839505 263.65622038043995
1.2952781923109329 103.87867423880355 263.6562203804388
1.2952772664288768 103.87866599743242 263.6562203804388
1.295276747838113 103.87866138140292 263.6562203804401
1.2952759257360702 103.87865406378859 263.6562203804388
1.2952750495880065 103.8786462651053 263.6562203804388
1.2952741598588347 103.87863834553538 263.6562203804388
1.2952736057418346 103.87863341328367 263.6562203804388
1.2952728031103211 103.87862626897919 263.6562203804388
1.295271882211841 103.87861807196862 263.65622038043864
1.2952710407303698 103.87861058185709 263.6562203804388
1.295270398772285 103.87860486772348 263.6562203804388
1.2952694514543326 103.87859643555112 263.6562203804388
1.2952685137247983 103.87858808872647 263.6562203804388
1.2952679056714653 103.87858267638288 263.6562203804401
1.2952671200724044 103.87857568368712 263.6562203804388
1.295266563596726 103.8785707304416 263.6562203804388
1.2952657484097072 103.87856347438075 263.6562203804388
1.2952649080770697 103.87855599449644 263.6562203804401
1.2952643619254545 103.87855113314674 263.6562203804401
1.2952636601985907 103.87854488700646 263.6562203804388
1.2952630589709582 103.87853953541985 263.65622038043864
1.2952622598636938 103.87853242248724 263.6562203804401
1.295261554234864 103.87852614161554 263.6562203804388
1.2952607837404255 103.8785192833688 263.6562203804388
1.2952601879268733 103.87851397997392 263.6562203804388
1.295259489906322 103.87850776682463 263.65622038043864
1.2952585011406907 103.87849896572511 263.6562203804388
1.2952576920791554 103.87849176418952 263.6562203804388
1.2952568875003432 103.87848460255523 263.6562203804401
1.2952563019122667 103.87847939017891 263.6562203804401
1.2952557441882682 103.87847442582351 263.65622038043995
1.2952549161949574 103.87846705577493 263.6562203804401
1.2952541817914507 103.8784605187784 263.6562203804401
1.2952536675285735 103.87845594127495 263.6562203804388
1.2952529063177847 103.87844916566446 263.6562203804401
1.2952522271736933 103.87844312053765 263.6562203804401
1.29525135800296 103.87843538396565 263.6562203804388
1.2952506188347341 103.87842880455857 263.6562203804401
1.2952500442249704 103.8784236899022 263.6562203804401
1.2952492381073237 103.87841651457221 263.6562203804388
1.29524824249383 103.87840765252184 263.6562203804388
1.2952474303922652 103.87840042392882 263.6562203804388
1.2952466271260286 103.87839327398004 263.6562203804388
1.2952457821946157 103.87838575316577 263.6562203804401
1.2952447910776108 103.87837693113997 263.6562203804388
1.2952439049305957 103.87836904346217 263.6562203804401
1.295243369073159 103.8783642737449 263.6562203804388
1.2952428319664042 103.87835949290739 263.6562203804388
1.2952421476883904 103.87835340208487 263.6562203804401
1.2952412845156784 103.87834571890406 263.6562203804401
1.2952406388651383 103.87833997190852 263.6562203804388
1.295240092123432 103.8783351053098 263.6562203804388
1.2952394293078202 103.8783292055266 263.6562203804388
1.2952386743442192 103.87832248552571 263.65622038043864
1.2952378725839444 103.87831534898346 263.6562203804388
1.2952371163802956 103.87830861794511 263.6562203804388
1.2952364272740882 103.8783024841474 263.6562203804388
1.2952355855394955 103.87829499179055 263.6562203804401
1.295234861118637 103.87828854365415 263.6562203804388
1.2952338817115328 103.87827982586207 263.65622038043864
1.2952329838269385 103.87827183370952 263.6562203804388
1.2952322182772573 103.87826501948223 263.6562203804388
1.295231387076477 103.87825762088872 263.6562203804401
1.2952305355026184 103.87825004095278 263.65622038043864
1.2952299069278645 103.87824444595218 263.6562203804388
1.2952290741271482 103.87823703311798 263.6562203804401
1.2952283507874425 103.87823059460626 263.6562203804401
1.2952274100014485 103.8782222205858 263.6562203804388
1.2952264709548635 103.8782138620482 263.6562203804388
1.2952258466698983 103.87820830523202 263.6562203804388
1.2952250488896002 103.87820120411857 263.6562203804389
1.2952241079267215 103.87819282852445 263.6562203804401
1.2952234483462703 103.87818695754042 263.6562203804401
1.2952227520290143 103.87818075955897 263.6562203804388
1.295222237242686 103.87817617740042 263.6562203804388
1.295221381423529 103.87816855967874 263.6562203804388
1.2952208469118016 103.87816380194286 263.6562203804388
1.2952202908929806 103.87815885277055 263.6562203804388
1.2952193392245985 103.87815038188698 263.6562203804388
1.2952187532215191 103.87814516582237 263.6562203804388
1.295218115723513 103.87813949139704 263.65622038043995
1.295217381654511 103.87813295738496 263.6562203804388
1.2952167084847601 103.87812696544256 263.6562203804388
1.295215840667231 103.87811924092355 263.6562203804401
1.295215325946205 103.8781146593472 263.6562203804401
1.2952146060706695 103.87810825167293 263.6562203804401
1.2952137178515288 103.8781003455579 263.6562203804388
1.295213205575122 103.87809578574159 263.6562203804401
1.295212303610632 103.87808775727834 263.65622038043864
1.2952117780509165 103.87808307922637 263.6562203804401
1.2952110631569684 103.8780767158943 263.6562203804401
1.2952102480394687 103.878069460464 263.6562203804388
1.2952095847282314 103.87806355627431 263.6562203804388
1.2952086501215625 103.87805523726112 263.6562203804388
1.2952079211772416 103.87804874886609 263.6562203804388
1.2952073008362148 103.87804322715826 263.6562203804388
1.2952067882067884 103.87803866420055 263.6562203804401
1.2952060761289579 103.87803232593592 263.65622038043995
1.2952054571665976 103.87802681650001 263.6562203804388
1.2952047808973588 103.87802079697087 263.6562203804401
1.2952037812710695 103.87801189921377 263.6562203804401
1.2952028490821463 103.87800360172257 263.6562203804388
1.2952020641445867 103.87799661492816 263.6562203804388
1.2952012843958267 103.87798967431985 263.6562203804401
1.2952005323419626 103.87798298022624 263.6562203804388
1.2951997501270345 103.87797601766668 263.6562203804388
1.295199147708438 103.8779706554892 263.6562203804388
1.295198227591848 103.87796246545591 263.6562203804401
1.2951975594639251 103.87795651839457 263.6562203804388
1.2951968883525733 103.8779505447776 263.6562203804388
1.2951960033454601 103.87794266725717 263.65622038043864
1.2951952369909825 103.87793584587368 263.65622038043995
1.295194537175906 103.87792961676294 263.6562203804401
1.2951937229752821 103.87792236949733 263.65622038043864
1.295193214744995 103.87791784569853 263.6562203804401
1.2951922983875255 103.8779096891269 263.6562203804401
1.2951914787512153 103.87790239347827 263.6562203804388
1.2951906595053784 103.87789510130547 263.6562203804401
1.2951897570943272 103.87788706887264 263.65622038043864
1.2951889462834891 103.87787985178079 263.6562203804388
1.2951883606084533 103.87787463864076 263.6562203804401
1.2951874643353938 103.87786666084318 263.6562203804401
1.2951869208731057 103.8778618234424 263.65622038043864
1.2951863469341045 103.87785671476604 263.65622038043864
1.2951854556065634 103.87784878098938 263.6562203804389
1.295184754908407 103.87784254402007 263.65622038043864
1.2951841038323952 103.87783674874147 263.6562203804388
1.2951831320391722 103.87782809873404 263.6562203804388
1.2951824691468603 103.8778221982779 263.6562203804388
1.2951815926318198 103.8778143963494 263.6562203804388
1.2951808424947453 103.87780771932111 263.6562203804401
1.2951802735063247 103.87780265471116 263.6562203804388
1.2951793448202122 103.87779438840441 263.6562203804388
1.2951787375807269 103.87778898331902 263.6562203804388
1.2951778968223915 103.87778149966452 263.6562203804401
1.295177105718136 103.87777445798497 263.6562203804388
1.2951763350276708 103.87776759801028 263.6562203804401
1.295175500359417 103.87776016856459 263.6562203804388
1.2951745405722233 103.87775162542592 263.6562203804388
1.2951739462728264 103.87774633552198 263.6562203804401
1.2951730148605682 103.8777380449511 263.65622038043864
