738993583
1.2940742597441097 103.87427164344547 328.6645284718487
1.294151678546658 103.87422476304563 328.66452847184996
1.294195020170699 103.87419851783379 328.6645284718493
1.294204284618764 103.87419290781297 328.6645284718493
1.2942118573243553 103.87418832221474 328.6645284718494
1.2942194300299137 103.87418373661649 328.66452847184996
1.29422700273544 103.87417915101818 328.66452847184996
1.2942348416488272 103.8741750501253 329.3822127092128
1.2942428205629954 103.87417120414277 330.47848143544275
1.294250799477136 103.87416735816018 331.57542894414513
1.2942587783912491 103.87416351217757 332.67225154881794
1.2942667573053341 103.87415966619491 333.7681461116133
1.2942747362193923 103.87415582021221 334.14548886869954
1.2942827151334226 103.87415197422948 334.14548886869954
1.2942906940474255 103.87414812824669 334.145488868699
1.294298672961401 103.87414428226387 334.145488868699
1.294306651875348 103.87414043628101 334.14548886869954
1.2943146307892686 103.87413659029811 334.1454888687001
1.2943226097031613 103.87413274431518 334.145488868699
1.2943305886170264 103.87412889833217 334.1454888687001
1.2943385675308636 103.87412505234916 334.14548886869954
1.2943465464446737 103.8741212063661 334.14548886869954
1.294354525358456 103.87411736038298 334.14548886869954
1.2943625042722113 103.87411351439984 334.14548886869954
1.2943704831859386 103.87410966841665 334.145488868699
1.2943784620996386 103.87410582243342 334.14548886869954
1.2943864410133108 103.87410197645016 334.14548886869954
1.2943944199269553 103.87409813046685 334.145488868699
1.2944023988405726 103.87409428448349 334.1454888687001
1.2944103777541622 103.8740904385001 334.14548886869954
1.2944183566677239 103.87408659251669 334.14548886869954
1.2944263355812589 103.87408274653322 334.14548886869954
1.2944343144947656 103.8740789005497 334.14548886869954
1.2944422934082451 103.87407505456615 334.145488868699
1.294450272321697 103.87407120858256 334.145488868699
1.294458251235121 103.87406736259892 334.14548886869954
1.294466230148518 103.87406351661524 334.145488868699
1.294474209061887 103.87405967063154 334.14548886869954
1.2944821879752286 103.8740558246478 334.14548886869954
1.294490166888543 103.87405197866397 334.1454888687001
1.2944981458018292 103.87404813268014 334.145488868699
1.2945061247150886 103.87404428669628 334.14548886869954
1.29451410362832 103.87404044071235 334.14548886869954
1.2945220825415238 103.8740365947284 334.145488868699
1.2945300614547002 103.8740327487444 334.14548886869954
1.294538040367849 103.87402890276036 334.14548886869954
1.2945460192809701 103.87402505677628 334.14548886869954
1.294553998194064 103.87402121079215 334.14548886869954
1.29456197710713 103.87401736480798 334.1454888687001
1.2945699560201687 103.87401351882379 334.145488868699
1.29457793493318 103.87400967283956 334.1454888687001
1.2945859138461633 103.87400582685525 334.14548886869954
1.2945938927591192 103.87400198087093 334.145488868699
1.2946018716720478 103.87399813488658 334.14548886869954
1.294609711535968 103.87399402435688 333.75745089862914
1.2946174475885217 103.87398971632263 333.0794446546828
1.294625183641045 103.87398540828835 332.4012622134325
1.294632919693537 103.87398110025403 331.7230935579762
1.2946406557459982 103.87397679221965 331.04512864824244
1.2946483917984293 103.87397248418524 330.755439598931
1.2946561278508286 103.87396817615081 330.755439598931
1.2946638639031975 103.87396386811632 330.75543959893156
1.2946715999555356 103.87395956008179 330.755439598931
1.2946793360078426 103.87395525204724 330.755439598931
1.294687072060119 103.87395094401263 330.755439598931
1.2946948081123641 103.87394663597797 330.75543959893156
1.2947025441645785 103.87394232794328 330.755439598931
1.2947102802167632 103.87393801990858 330.7554395989303
1.2947179009485672 103.8739335307131 330.47699237612096
1.2947251338845331 103.87392843231581 329.2608341293487
1.294732366820463 103.87392333391847 328.0432798610238
1.2947395997563567 103.87391823552112 326.8254277049813
1.2947468326922145 103.8739131371237 325.6083774071979
1.2947540656280359 103.87390803872626 324.6715278508107
1.294761298563821 103.87390294032878 324.6715278508105
1.2947685314995698 103.87389784193127 324.6715278508105
1.2947757644352829 103.87389274353372 324.6715278508105
1.2947829973709595 103.87388764513614 324.6715278508105
1.2947902303065997 103.87388254673851 324.6715278508097
1.2947974632422043 103.87387744834083 324.6715278508105
1.2948046961777724 103.87387234994313 324.6715278508099
1.2948113161972323 103.87386654443752 323.46101948152346
1.2948174636035328 103.87386019368849 321.308599335716
1.2948236110097906 103.87385384293941 319.15046680520777
1.2948297584160051 103.87384749219031 316.9927299123147
1.2948359058221763 103.87384114144119 314.8414899765137
1.2948420532283043 103.87383479069202 313.9084485097567
1.2948482006343887 103.87382843994283 313.90844850975617
1.29485434804043 103.87382208919361 313.90844850975714
1.2948604954464278 103.87381573844438 313.90844850975617
1.294866642852383 103.87380938769508 313.90844850975714
1.2948727902582944 103.87380303694579 313.90844850975617
1.2948789376641625 103.87379668619646 313.90844850975714
1.2948844459635531 103.87378979124404 312.8215804857937
1.294889821494416 103.87378278323841 311.5068843300379
1.294895197025234 103.87377577523276 310.1912566374914
1.2949005725560063 103.87376876722709 308.87608377242606
1.2949059480867326 103.87376175922141 307.562749227591
1.294911323617413 103.8737547512157 307.3371311581615
1.2949166991480479 103.87374774320998 307.3371311581619
1.2949220746786372 103.87374073520421 307.3371311581615
1.2949274502091803 103.87373372719843 307.33713115816045
1.2949328257396777 103.87372671919262 307.33713115816084
1.2949382012701298 103.8737197111868 307.33713115816045
1.2949435768005357 103.87371270318097 307.33713115816045
1.294948069711112 103.87370512227034 305.97633991818986
1.2949523693688363 103.87369741592012 304.3134743558708
1.294956669026514 103.87368970956989 302.6487009564195
1.2949609686841452 103.87368200321967 300.9848274588512
1.2949652683417294 103.8736742968694 299.32465251666974
1.2949695679992674 103.87366659051915 299.0270501050914
1.2949738676567595 103.87365888416886 299.0270501050902
1.2949781673142036 103.87365117781859 299.0270501050902
1.294982466971602 103.87364347146828 299.0270501050914
1.2949867666289532 103.87363576511798 299.0270501050902
1.294990898707497 103.87362797089048 298.78223642845956
1.2949948761830175 103.87362009559023 298.31147731755357
1.2949988536584918 103.87361222028996 297.84065591060016
1.2950028311339203 103.87360434498967 297.36983578407103
1.2950068086093018 103.87359646968939 296.8990805134042
1.2950107860846374 103.87358859438909 296.6732243264239
1.2950147635599258 103.8735807190888 296.6732243264239
1.2950187410351683 103.8735728437885 296.6732243264239
1.2950227185103647 103.87356496848818 296.67322432642356
1.2950266959855141 103.87355709318784 296.6732243264239
1.295030673460617 103.8735492178875 296.67322432642356
1.2950346509356743 103.87354134258717 296.67322432642356
1.2950386284106847 103.87353346728682 296.6732243264239
1.2950426058856486 103.87352559198645 296.6732243264239
1.295046553883683 103.8735177046757 296.63217386463555
1.2950492867396186 103.87350932225468 294.8953555601878
1.2950520195955109 103.87350093983362 293.15379616595953
1.2950547524513594 103.87349255741259 291.41070158772214
1.2950574853071637 103.87348417499156 289.66929471088844
1.2950602181629243 103.87347579257056 287.97382574485056
1.295062951018641 103.87346741014953 287.97382574485056
1.2950656838743144 103.87345902772852 287.9738257448507
1.2950684167299438 103.87345064530749 287.97382574485056
1.2950711495855292 103.87344226288647 287.97382574485056
1.2950738824410712 103.87343388046547 287.97382574485033
1.2950766152965691 103.87342549804447 287.97382574485033
1.2950793481520233 103.87341711562348 287.97382574485033
1.2950818781645184 103.8734086809251 287.7034532859222
1.2950835908154517 103.87340003557344 286.3417299730465
1.2950853034663443 103.8733913902218 284.9779986620531
1.295087016117198 103.87338274487016 283.61380172881366
1.295088728768011 103.87337409951853 282.2506847095367
1.2950904414187845 103.8733654541669 281.16040646124884
1.295092154069518 103.87335680881532 281.16040646124884
1.2950938667202117 103.87334816346373 281.1604064612487
1.2950955793708647 103.87333951811216 281.16040646124884
1.2950972920214785 103.87333087276059 281.1604064612487
1.295099004672052 103.87332222740906 281.16040646124884
1.295100717322586 103.87331358205753 281.16040646124884
1.2951024299730796 103.87330493670599 281.16040646124884
1.2951041426235332 103.87329629135449 281.1604064612487
1.2951058552739474 103.873287646003 281.16040646124884
1.2951075679243211 103.87327900065154 281.1604064612487
1.2951092805746554 103.87327035530006 281.16040646124884
1.2951107369137784 103.87326167125084 280.82564890273403
1.295111686367911 103.87325291067228 279.8280846774886
1.2951126358220078 103.87324415009374 278.82981533834896
1.2951135852760676 103.87323538951526 277.83144648940106
1.2951145347300919 103.87322662893676 276.83358409688356
1.2951154841840793 103.87321786835828 276.1714195192407
1.295116433638031 103.87320910777984 276.1714195192406
1.2951173830919462 103.8732003472014 276.1714195192406
1.2951183325458255 103.87319158662298 276.1714195192407
1.2951192819996675 103.8731828260446 276.1714195192407
1.2951202314534742 103.87317406546623 276.1714195192406
1.2951211809072447 103.87316530488789 276.17141951923935
1.2951221303609788 103.87315654430955 276.1714195192406
1.2951230798146764 103.87314778373124 276.1714195192393
1.2951240292683381 103.87313902315296 276.1714195192406
1.2951249787219632 103.87313026257468 276.1714195192393
1.2951259281755523 103.87312150199642 276.1714195192406
1.2951268776291056 103.8731127414182 276.1714195192393
1.2951278270826216 103.87310398083997 276.1714195192406
1.2951287765361024 103.87309522026179 276.1714195192393
1.2951297259895467 103.8730864596836 276.1714195192406
1.295130675442954 103.87307769910545 276.1714195192393
1.295131624896326 103.87306893852733 276.1714195192407
1.295132574349661 103.87306017794921 276.1714195192393
1.2951335238029607 103.87305141737112 276.1714195192406
1.2951344648092775 103.87304265593076 276.16044748880824
1.2951353281082638 103.87303388655793 276.0485377725091
1.2951361914072133 103.8730251171851 275.93662685910266
1.2951370547061272 103.8730163478123 275.8247156024687
1.2951379180050056 103.87300757843953 275.71280485650084
1.2951387813038482 103.87299880906676 275.6118674849811
1.295139644602655 103.87299003969402 275.6118674849811
1.2951405079014258 103.87298127032132 275.6118674849798
1.295141371200161 103.87297250094863 275.6118674849811
1.2951422344988603 103.87296373157594 275.6118674849811
1.295143097797524 103.8729549622033 275.6118674849811
1.2951439610961517 103.87294619283065 275.6118674849811
1.2951448243947439 103.87293742345804 275.61186748498113
1.2951456876933003 103.87292865408544 275.6118674849811
1.2951465509918203 103.87291988471289 275.6118674849798
1.295147414290305 103.87291111534032 275.6118674849811
1.295148277588754 103.8729023459678 275.6118674849811
1.2951491408871674 103.87289357659529 275.6118674849811
1.2951500041855446 103.87288480722279 275.6118674849811
1.295150867483886 103.87287603785032 275.6118674849811
1.2951516794675215 103.87286726556685 275.54550469061184
1.2951518263902368 103.87285845555532 274.61849934236216
1.2951519733129209 103.8728496455438 273.6907996224766
1.2951521202355731 103.87284083553232 272.7628914571777
1.2951522671581936 103.87283202552085 271.83526142799775
1.2951524140807822 103.87282321550941 270.97475181284165
1.2951525610033396 103.87281440549802 270.97475181284165
1.2951527079258647 103.87280559548662 270.97475181284165
1.2951528548483584 103.87279678547527 270.97475181284165
1.2951530017708204 103.87278797546395 270.97475181284165
1.2951531486932504 103.87277916545263 270.97475181284295
1.2951532956156488 103.87277035544136 270.97475181284165
1.2951534425380158 103.8727615454301 270.97475181284165
1.2951535894603508 103.87275273541886 270.97475181284165
1.2951537363826544 103.87274392540768 270.97475181284165
1.2951538833049259 103.87273511539648 270.97475181284165
1.2951540302271656 103.87272630538534 270.97475181284165
1.2951541771493735 103.8727174953742 270.97475181284165
1.29515432407155 103.87270868536312 270.97475181284165
1.295155308448359 103.87269997124918 272.0606778129056
1.295157182486921 103.87269135901064 274.3097089750741
1.2951590565254425 103.87268274677211 276.56582003635026
1.2951609305639233 103.8726741345336 278.8220368463388
1.2951628046023638 103.8726655222951 281.0713832970941
1.295164678640763 103.8726569100566 282.2251226757362
1.2951665526791216 103.87264829781813 282.2251226757362
1.29516842671744 103.87263968557967 282.2251226757362
1.2951703007557174 103.87263107334121 282.2251226757349
1.2951721747939544 103.87262246110276 282.2251226757362
1.2951740488321506 103.87261384886433 282.2251226757362
1.295174573974043 103.87260544740562 280.5614264444049
1.29517012971764 103.87259782246943 272.34002650237335
1.2951656854612374 103.87259019753328 263.62461549789526
1.2951612412048352 103.87258257259717 254.79105909058265
1.295156796948433 103.8725749476611 246.2460115748932
1.2951523526920312 103.8725673227251 239.95008637901137
