-1090439032
1.2970995295435093 103.87256074848843 270.39719141555383
1.2970995598154653 103.87255611189175 270.39719141555383
1.2970996147325373 103.87254899472235 270.4078952416326
1.2970996588830783 103.87254347792354 270.41819644622933
1.2970997103470772 103.87253704727499 270.4302040321598
1.2970997803862394 103.8725282955763 270.4465455846803
1.2970998290310696 103.87252221719051 270.4578954105406
1.2970998780479497 103.87251609231349 270.46933204536083
1.2970999298684334 103.87250961711172 270.48109829197114
1.2970999977179136 103.87250113901183 270.48109829196983
1.2971000518449283 103.87249437559355 270.48109829197114
1.297100109594609 103.87248715950408 270.48109829197114
1.297100164188575 103.87248033773331 270.48109829197114
1.2971002032198276 103.87247546059477 270.48109829196983
1.297100240215308 103.87247083783443 270.48109829197114
1.297100304232099 103.872462838631 270.48109829196983
1.2971003652428155 103.8724552150479 270.48109829196983
1.297100423532496 103.87244793146863 270.48109829197114
1.297100463411261 103.87244294842134 270.48109829197114
1.2971005175836774 103.87243544640887 270.47366833535057
1.2971005435492522 103.87242928054397 270.44405258047766
1.297100571468081 103.87242265084933 270.41220892628724
1.2971006004396897 103.87241651762623 270.3867320032173
1.297100645098214 103.87241028747488 270.3801440949969
1.2971006960595557 103.8724031780373 270.3726264114129
1.297100745101881 103.8723963363123 270.3653918160089
1.297100806747849 103.87238773629308 270.3770488667256
1.2971008498087788 103.87238172900679 270.3995512157368
1.2971009005004983 103.872374657172 270.4260411757325
1.2971009546079537 103.87236710881609 270.4335814061371
1.2971010171294401 103.87235838664189 270.4335814061371
1.297101077484401 103.87234996670894 270.4335814061371
1.2971011147821265 103.87234476341712 270.4335814061371
1.2971011790544325 103.87233579698042 270.4335814061371
1.2971013618102218 103.8723269419134 270.58468654423916
1.2971015268323411 103.87231978548417 270.7287552346238
1.2971017103601692 103.87231182652634 270.88898217390505
1.2971018153535547 103.87230727333117 270.9806456358074
1.2971020097577033 103.8722988427036 271.1503666874542
1.2971021827568352 103.87229134033565 271.3013966827624
1.2971023261446886 103.87228512210464 271.3379964891614
1.2971025254086668 103.87227648071986 271.3379964891614
1.2971026665994045 103.87227035776847 271.3379964891614
1.2971028034982213 103.87226442094216 271.3379964891601
1.2971030059223747 103.87225564250839 271.3379964891614
1.2971031609926518 103.87224891764716 271.3379964891614
1.297103363112215 103.87224015242 271.3379964891614
1.2971035231913548 103.87223321033983 271.3379964891614
1.2971036484712197 103.87222777738359 271.3379964891614
1.2971037814172646 103.87222201197092 271.3379964891601
1.2971039449902875 103.87221491837082 271.3379964891614
1.2971040906306148 103.87220860244936 271.3379964891614
1.2971042247250884 103.87220278723136 271.3379964891614
1.2971043731894414 103.87219634884018 271.3379964891614
1.297104579470514 103.87218740313449 271.3379964891614
1.2971047023246143 103.87218207537096 271.3379964891601
1.2971048374710843 103.87217621452874 271.3379964891614
1.2971050062334981 103.87216889587664 271.3379964891614
1.297105116749918 103.87216410315479 271.3379964891601
1.2971053216619846 103.87215521681311 271.3379964891614
1.2971054495033003 103.87214967276793 271.3379964891614
1.2971055816173234 103.87214394342935 271.3379964891601
1.2971057882680104 103.87213498168644 271.3379964891614
1.297105914999308 103.87212948577702 271.3379964891614
1.2971060446709874 103.87212386235262 271.3379964891614
1.2971062381326102 103.87211547257199 271.3379964891601
1.2971064022363463 103.8721083559433 271.3379964891614
1.2971065266178716 103.87210296193311 271.3379964891614
1.2971066828667857 103.87209618594024 271.3379964891614
1.297106832136496 103.87208971261133 271.3379964891614
1.2971069560200224 103.87208434019588 271.3379964891601
1.2971071106487444 103.87207763446314 271.3379964891614
1.2971072682575766 103.87207079949209 271.3379964891601
1.297107354230727 103.87206208206885 271.19229098067206
1.2971072235881898 103.87205343375479 270.7741934796833
1.2971070955219686 103.87204495599036 270.36428680923035
1.2971069822892716 103.87203746018142 270.0018475287903
1.2971068872419147 103.8720311682117 269.69763083648724
1.2971068065078237 103.87202582375606 269.4392503079089
1.297106722788087 103.8720202816567 269.1713496296
1.2971066185356048 103.87201338032683 269.1656544244536
1.297106502245865 103.87200568215327 269.1656544244536
1.2971063936863685 103.8719984957094 269.1656544244536
1.297106269174845 103.87199025327159 269.16565442445227
1.2971061533772306 103.87198258768045 269.1656544244536
1.2971060499489484 103.87197574091782 269.16565442445227
1.2971059481075897 103.87196899920788 269.1656544244536
1.2971058341626602 103.87196145626524 269.1656544244536
1.2971057369771575 103.87195502276668 269.1656544244536
1.2971056571937345 103.87194974125413 269.1656544244536
1.2971055659655353 103.8719437021197 269.1656544244536
1.2971054327459977 103.87193488323979 269.1656544244536
1.2971053231989889 103.87192763143771 269.1656544244536
1.2971052479096064 103.8719226474257 269.1656544244536
1.297105172076842 103.87191762744351 269.16565442445227
1.2971051039410433 103.87191311698604 269.1656544244536
1.2971050026507167 103.87190641176429 269.1656544244536
1.297104926552689 103.87190137422427 269.1656544244536
1.297104841194764 103.87189572369803 269.1656544244536
1.297104710307652 103.87188705923104 269.1656544244536
1.2971045912124706 103.87187917536811 269.1656544244536
1.2971045194937767 103.87187442773475 269.1656544244536
1.2971043971982767 103.87186633201986 269.1656544244536
1.2971042881551564 103.87185911358709 269.1656544244536
1.297104193901542 103.87185287419068 269.1656544244536
1.297104061025941 103.87184407809946 269.1656544244536
1.297103973910674 103.87183831124923 269.1656544244536
1.2971038704245803 103.87183146068534 269.1656544244536
1.2971037697800298 103.87182479822681 269.1656544244536
1.2971036780611653 103.87181872663103 269.1656544244536
1.2971035600836327 103.87181091676813 269.1656544244536
1.297103489477345 103.87180624278211 269.1656544244536
1.2971034151130083 103.87180132002185 269.1656544244536
1.2971033308506144 103.87179574203208 269.16565442445227
1.2971032613149711 103.87179113892226 269.1656544244536
1.297103189645614 103.87178639456572 269.1656544244536
1.2971030692494885 103.8717784246038 269.16565442445227
1.2971029792270128 103.87177246531257 269.1656544244536
