1.2970572364344766 103.87705246637877 197.18254922853137 14.723400000000002 1.0
1.2969688746333603 103.87702536185532 197.18254922853137 10.223400000000002 2.0
1.2968824437005646 103.87699884961478 197.18254922853137 10.0 3.0
1.2967960127690092 103.87697233737376 197.18254922853103 10.0 4.0
1.2967095818386933 103.87694582513225 197.18254922853137 10.0 5.0
1.2966231509096182 103.87691931289022 197.18254922853137 10.0 6.0
1.2965367199817825 103.87689280064771 197.18254922853137 10.0 7.0
1.2964502890551877 103.8768662884047 197.18254922853103 10.0 8.0
1.2963638581298333 103.87683977616119 197.18254922853137 10.0 9.0
1.2962774272057191 103.87681326391719 197.18254922853137 10.0 10.0
1.2961909962828457 103.87678675167267 197.18254922853137 10.0 11.0
1.2961045653612124 103.87676023942765 197.18254922853137 10.0 12.0
1.2960181344408195 103.87673372718216 197.18254922853137 10.0 13.0
1.295931703521668 103.87670721493615 197.18254922853137 10.0 14.0
1.2958452726037568 103.87668070268964 197.18254922853103 10.0 15.0
1.2957588416870862 103.87665419044264 197.18254922853137 10.0 16.0
1.2956724107716568 103.87662767819513 197.18254922853137 10.0 17.0
1.295585979857468 103.87660116594712 197.18254922853137 10.0 18.0
1.2954995489445207 103.87657465369864 197.18254922853137 10.0 19.0
1.2954131180328134 103.87654814144963 197.18254922853018 10.0 20.0
1.2953266871223479 103.87652162920013 197.18254922853137 10.0 21.0
1.2952402562131238 103.87649511695011 197.18254922852975 10.0 22.0
1.295152661358271 103.87647546223465 188.2821491636252 10.0 23.0
1.2950689494480279 103.8764438846668 205.47210052933247 10.0 24.0
1.294987270390324 103.87640526916246 205.47210052933247 10.0 25.0
1.294905591334149 103.87636665365885 205.47210052933247 10.0 26.0
1.294823912279503 103.87632803815593 205.47210052933247 10.0 27.0
1.2947422332263856 103.87628942265374 205.4721005293319 10.0 28.0
1.2946622255900098 103.87624780219411 209.85345888176457 10.0 29.0
1.2945857891348609 103.87619974752361 212.26671358189677 10.0 30.0
1.2945085210258953 103.87615302209663 211.35159896180514 10.0 31.0
1.29443578042774 103.8760996260039 216.68669062790843 10.0 32.0
1.2943664124426584 103.87604201251027 220.8653286262633 10.0 33.0
1.2942995253527985 103.8759815847441 223.7455804103515 10.0 34.0
1.294235372085746 103.8759182271862 224.85286170118027 10.0 35.0
1.2941786241820177 103.87584825253646 231.2650374627112 10.0 36.0
1.2941219938707307 103.87577817281587 231.2650374627112 10.0 37.0
1.294065363560206 103.87570809309898 231.2650374627112 10.0 38.0
1.2940110402857585 103.87563648383079 234.77958990452655 10.0 39.0
1.2939676443892045 103.8755576297597 241.3560463666711 10.0 40.0
1.2939242484925275 103.87547877569278 241.3560463666705 10.0 41.0
1.293880852595727 103.87539992163006 241.3560463666705 10.0 42.0
1.2938401571447529 103.87531971767766 245.1864828030495 10.0 43.0
1.2938052319905893 103.87523700329972 249.25882715902625 10.0 44.0
1.2937807496690332 103.87515053488644 254.9710303677327 10.0 45.0
1.293770721654288 103.87506220333053 267.6668569434845 10.0 46.0
1.2937711943883294 103.87497429345518 265.18644910629416 10.0 47.0
1.2937698269862365 103.87488612505057 270.87971250839104 10.0 48.0
1.293776950433552 103.87479824757152 276.79666086141066 10.0 49.0
1.2937953580799684 103.87471252230611 287.3698841738041 10.0 50.0
1.2938282887855155 103.87463057366604 292.8033403178909 10.0 51.0
1.2938660010605683 103.87455074718903 296.17128628772696 10.0 52.0
1.2939138017295622 103.87447638672796 303.4438034023024 10.0 53.0
1.293967580819239 103.8744063849313 308.83394492798135 10.0 54.0
1.2940297418835855 103.87434393836823 311.4038580128876 10.0 55.0
1.2940995091181164 103.87428998364196 328.6661920465489 10.0 56.0
1.2941767518517058 103.87424321291476 328.6661920465489 10.0 57.0
1.2942545588353171 103.87419746949827 330.15820430202626 10.0 58.0
1.2943359402520236 103.87415823391811 334.1407588840446 10.0 59.0
1.294417321665863 103.87411899833371 334.1407588840446 10.0 60.0
1.2944746335400774 103.8740594660252 334.14548886869954 10.0 61.0
1.2945544226722396 103.8740210061858 334.14548886869954 10.0 62.0
1.2946333312515286 103.87398087106659 331.6870190149116 10.0 63.0
1.2947106917747382 103.87393779072111 330.755439598931 10.0 64.0
1.2947833821631367 103.87388737390138 324.6715278508105 10.0 65.0
1.294848527676391 103.87382810208298 313.90844850975617 10.0 66.0
1.2949062340649657 103.87376138639549 307.49295771147104 10.0 67.0
1.2949568977683013 103.87368929959206 302.5601353887103 10.0 68.0
1.2949990652601862 103.87361180132397 297.81560768541914 10.0 69.0
1.295069084015275 103.87353731495041 296.68860935171426 10.0 70.0
1.2950982814614471 103.87345235499018 287.96121046920524 10.0 71.0
1.295119979249124 103.87336526110866 281.1767176954334 10.0 72.0
1.295137473496801 103.87327708373465 281.1767176954334 10.0 73.0
1.2951478611625595 103.87318783328232 276.15718748291454 10.0 74.0
1.295157523219378 103.87309847326699 276.15718748291454 10.0 75.0
1.2951668201401378 103.87300907606055 275.6922054334673 10.0 76.0
1.2951756087391204 103.87291962707782 275.60103559873005 10.0 77.0
1.2951811919535676 103.87282999629085 271.53230236154445 10.0 78.0
1.2951827059067196 103.87274013470169 270.9844758131406 10.0 79.0
1.2951954439625224 103.87265156165499 282.24850807055464 10.0 80.0
1.2951862733203288 103.87256814637479 244.7782855484484 10.0 81.0
1.295170926849237 103.87248694622092 267.35202453300974 10.0 82.0
1.2951667075837556 103.8723971692448 267.35202453301105 10.0 83.0
1.295162488315335 103.87230739227174 267.35202453301105 10.0 84.0
1.295158269043975 103.87221761530178 267.35202453301105 10.0 85.0
1.2951540497696747 103.87212783833488 267.35202453301105 10.0 86.0
1.2951498304924347 103.87203806137107 267.35202453300974 10.0 87.0
1.2951456112122555 103.87194828441032 267.35202453300974 10.0 88.0
1.2951413919291357 103.87185850745266 267.35202453300974 10.0 89.0
1.2951371726430778 103.87176873049808 267.35202453300974 10.0 90.0
1.2951329604498565 103.87167895474572 267.36093270978904 10.0 91.0
1.2951288294547865 103.87158937756209 267.38384778918083 10.0 92.0
1.2951246422487488 103.87150030266656 267.35144691255516 10.0 93.0
1.2951204550398174 103.87141122777408 267.35144691255516 10.0 94.0
1.2951162678279924 103.87132215288463 267.35144691255516 10.0 95.0
1.295112080613274 103.87123307799823 267.35144691255516 10.0 96.0
1.295107893395662 103.87114400311482 267.35144691255516 10.0 97.0
1.2951037061751565 103.87105492823447 267.35144691255516 10.0 98.0
1.295090541652188 103.87096686055392 259.8144273441052 10.0 99.0
1.2950746312438166 103.87087910094785 259.8144273441052 10.0 100.0
1.2950587208333506 103.87079134134544 259.8144273441065 10.0 101.0
1.2950428104207905 103.87070358174672 259.8144273441052 10.0 102.0
