632500071
1.3110481588046254 103.7573564077607 65.71853990448949
1.3110506920915843 103.75736197972243 65.71853990448862
1.3110536743562453 103.75736853921012 65.71853990448922
1.3110556928719814 103.75737297893318 65.71853990448949
1.3110589493005034 103.75738014144403 65.71853990448949
1.311060994823665 103.75738464056992 65.71853990448949
1.3110633158784089 103.75739110509643 66.44085236814631
1.3110658388323215 103.75739922743139 67.8103961498601
1.3110679519941824 103.75740603049209 68.95886606165405
1.3110695141927944 103.75741105979547 69.80812291344024
1.3110721383625639 103.75741950798243 71.23400379088538
1.3110741348598602 103.75742593545628 72.31731926732779
1.3110761444524444 103.75743240508884 72.87707156782776
1.3110780223933838 103.75743845088539 72.87707156782754
1.3110805762533648 103.75744667271903 72.87707156782754
1.3110827696507763 103.75745373408843 72.87707156782754
1.3110842613276292 103.75745853635607 72.87707156782754
1.3110863051901438 103.75746511631661 72.87707156782754
1.3110880534778995 103.75747074471113 72.87707156782818
1.3110898083916243 103.75747639443713 72.87707156782776
1.3110920894051836 103.75748373787607 72.87707156782776
1.3110945446886935 103.75749164235546 72.87707156782776
1.3110969569126003 103.75749940820988 72.87707156782776
1.3110991087182462 103.7575063356802 72.87707156782776
1.311100842692828 103.7575119179955 72.87707156782754
1.3111027159046964 103.75751794856794 72.87707156782754
1.3111050316346125 103.75752540377219 72.87707156782776
1.3111065762248306 103.75753037638819 72.87707156782754
1.3111084502573043 103.7575364096026 72.87707156782754
1.3111106197540918 103.75754339402764 72.87707156782754
1.3111124393297482 103.75754925192517 72.87707156782754
1.311115020376326 103.7575575612837 72.87707156782754
1.311116409829689 103.75756203445607 72.87707156782776
1.3111179031498592 103.7575672935829 73.04885073064912
1.3111191264162392 103.75757311303703 73.76495846806898
