23101749
1.3099537170231619 103.75643149300429 284.559044034741
1.3099552304916475 103.75642569128091 284.55904403474096
1.3099566737695922 103.75641816349554 283.9276491871652
1.3099576195932123 103.75641317991142 283.4977381424858
1.3099585433404564 103.75640831264855 283.0777672360872
1.3099602195871514 103.75639948043448 282.31559048326244
1.3099618646721232 103.75639081241262 281.5676903229679
1.3099628024664527 103.7563858711348 281.1414897233043
1.3099638809751846 103.75638018842677 280.7071507724203
1.30996531306204 103.75637264270055 280.7071507724203
1.309966452319041 103.75636663990714 280.7071507724203
1.3099674067429186 103.7563616110072 280.7071507724203
1.309968481939246 103.7563536899433 280.1798555795766
1.309969258435711 103.7563450784408 279.12222040894324
1.3099700249786301 103.75633657732479 278.0773402752246
1.3099707715166364 103.75632829806698 277.0596273385155
1.3099715262212697 103.75631992823925 276.03133998228145
1.3099715101875349 103.75631397152588 274.6110119956859
1.3099712256350466 103.75630755445619 273.37747682946554
1.3099709018426935 103.7563002524713 272.14720626647755
1.3099706980853878 103.75629565745021 271.3725569270889
1.309970443715696 103.7562899210471 270.40549770243575
1.309970093225702 103.75628201699308 269.0739825281403
1.3099698699496585 103.75627698179713 268.22693155470233
1.3099695962278954 103.75627080897793 267.5057379648766
1.309968421313625 103.75626416380503 266.4027360773124
1.309967445443572 103.75625875420006 265.47891121241787
1.309966312571655 103.7562524742764 264.40531952594387
1.3099651104350807 103.75624581039347 263.2655520883834
1.3099635394712354 103.75623710196612 261.77673344435686
1.3099623057648708 103.75623026308048 260.6092420308882
1.309960971851963 103.75622403595152 259.6072028040269
1.309959748237516 103.75621868469173 259.28862354235395
1.309958510113118 103.75621326997529 258.9662199300879
1.3099573556499449 103.75620822113636 258.6655771462021
1.3099556986119265 103.75620108163237 258.210128358909
1.30995361805805 103.75619407426784 257.20149461303043
1.309952096962922 103.75618895117631 256.4638608340533
1.309949609098718 103.75618057197917 255.48754149175866
1.3099473634016063 103.75617300840773 254.85626682229065
1.309944534458533 103.75616482812076 253.68280532445198
1.3099417258853476 103.75615715426866 252.47400494863803
1.3099397890384181 103.75615186223038 252.03430949182209
1.3099377151837064 103.75614619584636 251.56348427291323
1.3099359947818991 103.75614149520017 251.17292654712318
1.309933115245862 103.75613324634128 250.65561675781728
1.3099310624861822 103.7561273632112 250.32768235508408
1.3099281120864805 103.75611890747953 250.4976312605631
1.3099254567375653 103.75611129735208 250.65058442148162
1.3099233166036697 103.75610516381103 250.77385851286277
1.3099216716157063 103.7561004493391 250.86860983740806
1.3099189454382336 103.75609263621989 250.90808106542053
1.3099162926292818 103.75608503337206 250.90808106542084
1.3099144746518947 103.75607982311924 250.90808106542053
1.309912351885691 103.75607373935352 250.90808106542076
1.309910002996307 103.75606700752755 250.90808106542053
1.3099079448147333 103.75606110885893 250.90808106542084
1.3099058034681486 103.75605497184266 250.90808106542084
1.3099029770606774 103.75604687146853 250.90808106542084
1.3099002148310221 103.75603895502557 250.90808106542053
1.3098972900040062 103.75603057258495 250.90808106542076
1.3098936372126506 103.75602314524019 249.65002760378724
1.3098908460483516 103.75601787745718 248.51757042229065
1.309887648709706 103.75601184309863 247.2185116930442
1.3098838710146476 103.7560047134296 245.68292368888146
1.3098809642337024 103.75599922744259 244.50211915532896
1.309877498451543 103.75599268644889 243.09662890192814
1.30987496630694 103.75598790751557 242.2639717370683
1.309872423885166 103.75598310918612 242.2639717370683
1.3098701209583734 103.75597876285714 242.2639717370683
1.309867415852116 103.7559736574922 242.2639717370683
1.3098643517162618 103.75596787452835 242.2639717370683
1.3098620089998427 103.75596345310419 242.2639717370683
1.3098583245998747 103.75595649951183 242.26397173706812
1.3098544225423703 103.75594913513301 242.2639717370683
1.3098505353586027 103.75594179882552 242.2639717370683
1.309846538195356 103.75593425495308 242.2639717370683
1.3098430624432318 103.75592769514331 242.2639717370683
1.3098394953170873 103.75592096288277 242.263971737068
1.3098362091677043 103.75591507329554 242.08043912529996
1.3098319946629848 103.755909311376 240.7904386650788
1.3098279248788753 103.7559037473133 239.5421664333182
1.309823163564773 103.75589723781565 238.08018713745253
1.3098196977522891 103.7558924994813 237.01593894664816
1.309816018263266 103.75588746901606 235.8869436576406
1.3098106581657547 103.75588014088332 234.24564622883125
1.3098076158319951 103.75587598151391 234.02115150654515
1.3098039157659243 103.75587092291651 234.0211515065453
1.30980008240333 103.75586568208092 234.0211515065449
1.3097954176128181 103.755859304547 234.0211515065449
1.3097909845372453 103.75585324380542 234.02115150654515
1.3097862929892556 103.75584682968967 234.02115150654515
1.3097824611928166 103.75584159099536 234.02115150654515
1.309778259756977 103.75583584694336 234.02115150654515
1.30977440013271 103.75583057020384 234.02115150654515
1.3097701250053086 103.75582472540344 234.02115150654515
1.309764836757364 103.75581749550108 234.02115150654515
1.3097609710237492 103.75581221040915 234.0211515065449
1.3097580377006908 103.7558082000754 234.02115150654515
1.3097551762901056 103.7558042880578 234.02115150654515
1.309750926067484 103.7557984773064 234.02115150654515
1.3097465856476336 103.75579254324059 234.02115150654515
1.309742157982776 103.75578648989658 234.02115150654515
1.3097373843680946 103.75577996358244 234.02115150654515
1.3097340929222545 103.75577546363617 234.0211515065449
1.3097293855872771 103.7557690279373 234.02115150654515
1.3097247623501915 103.75576270721406 234.0211515065451
1.3097206381997948 103.7557570688242 234.02115150654515
1.3097173629759316 103.7557525910561 234.02115150654515
1.3097135101396897 103.75574732359719 234.02115150654515
1.3097108166549658 103.75574364116193 234.0211515065449
1.3097061898583422 103.75573731557229 234.0211515065449
1.3097028746317478 103.75573278311396 234.0211515065453
1.3096984372293512 103.75572671645733 234.0211515065449
1.3096945975089398 103.75572146692998 234.0211515065449
1.3096913378264918 103.75571701040964 234.0211515065453
1.30968611711988 103.75570987284779 234.0211515065449
1.3096823084887024 103.75570466582458 234.02115150654515
1.3096776361779656 103.75569827800982 234.0211515065453
1.3096725278948944 103.75569129414946 234.0211515065449
1.3096691615920708 103.75568669186165 234.02115150654515
1.3096644770254304 103.75568028729116 234.0211515065451
1.3096598791824532 103.75567400128611 234.0211515065449
1.3096551528617435 103.75566753963099 234.0211515065453
1.309651637265896 103.75566273323524 234.02115150654515
1.3096474170711063 103.75565696353723 234.02115150654515
1.3096439377812799 103.75565220677777 234.02115150654515
1.3096407301843653 103.75564782146708 234.02115150654515
1.3096360402239142 103.75564140952247 234.02115150654515
1.3096322912279006 103.75563628403049 234.02115150654515
1.3096294687322452 103.75563242521636 234.02115150654515
1.3096241712326437 103.75562518266624 234.0211515065451
1.3096199426021728 103.75561940143541 234.0211515065451
1.3096164783560202 103.75561466524321 234.02115150654515
1.3096121268709937 103.7556087160501 234.0211515065449
1.3096072126851517 103.75560199755279 234.021151506545
1.30960439537022 103.75559814582164 234.0211515065453
1.3095992282135096 103.75559108147174 234.0211515065453
1.3095944107267272 103.75558449517793 234.02115150654515
1.3095899766308206 103.75557843304232 234.021151506545
1.3095872453574864 103.75557469894416 234.021151506545
1.3095829343823373 103.75556880513484 234.021151506545
1.3095786070383324 103.7555628889466 234.02115150654515
1.3095755484364362 103.7555587073367 234.02115150654515
1.309571212392807 103.75555277925473 234.021151506545
1.3095660563679234 103.75554573012403 234.021151506545
1.3095620110991684 103.75554019957893 234.021151506545
1.3095586113638196 103.75553555158379 234.02115150654515
1.3095536604688225 103.75552878289932 234.0211515065453
1.3095491157456067 103.75552256951823 234.021151506545
1.3095454776267268 103.7555175956138 234.0211515065453
1.3095404137668527 103.75551067248792 234.021151506545
1.3095365541862318 103.75550539580902 234.021151506545
1.3095329495330807 103.75550046765777 234.0211515065449
1.309528622549831 103.75549455196298 234.021151506545
1.3095237807626716 103.75548793244695 234.021151506545
1.3095202376843655 103.75548308847864 234.0211515065449
1.3095172789714782 103.75547904343358 234.02115150654515
1.3095142772641002 103.755474939608 234.021151506545
1.3095106092561193 103.7554699248404 234.02115150654515
1.3095072351143322 103.755465311836 234.0211515065453
1.3095023761033981 103.75545866877236 234.0211515065451
1.3094996002090402 103.75545487367022 234.02115150654515
1.3094967057788964 103.75545091651026 234.02115150654515
1.3094937091276984 103.75544681959737 234.021151506545
1.3094903471626196 103.7554422232406 234.0211515065452
1.3094856446371996 103.75543579411837 234.021151506545
1.309480899828316 103.75542930718774 234.021151506545
1.309475988432262 103.75542259250518 234.021151506545
1.3094731354048978 103.75541869194966 234.0211515065451
1.3094689635110108 103.75541298828769 234.02115150654515
1.3094641190541758 103.75540636512207 234.0211515065452
1.3094602311235235 103.75540104968435 234.0211515065451
1.3094572173167007 103.75539692931704 234.02115150654515
1.3094538146883552 103.75539227736705 234.0211515065449
1.3094488172595247 103.75538544506377 234.021151506545
1.309445212679207 103.75538051701241 234.021151506545
1.3094412845651993 103.75537514663755 234.0211515065447
1.3094382115632197 103.75537094534083 234.02115150654515
1.3094351017787016 103.75536669375634 234.0211515065453
1.3094307701377328 103.75536077169413 234.021151506545
1.3094274102889694 103.75535617823094 234.021151506545
1.3094223122378317 103.75534920836061 234.0211515065453
1.3094185635908537 103.75534408334666 234.0211515065453
1.3094149706947305 103.75533917126961 234.0211515065453
1.30940979115607 103.75533208999256 234.02115150654515
1.3094050612914805 103.75532562349359 234.0211515065451
1.3093999265313232 103.75531860343615 234.0211515065451
1.3093970514780582 103.75531467276784 234.02115150654527
1.3093918502398842 103.75530756182411 234.0211515065449
1.3093880231490178 103.75530232956463 234.02115150654507
1.309382698692338 103.7552950501611 234.021151506545
1.3093789005553744 103.75528985748637 234.02115150654515
1.309373753356157 103.75528282042282 234.021151506545
1.3093707624816455 103.755278731408 234.021151506545
1.3093674361926941 103.75527418382677 234.02115150654515
1.3093624029764952 103.7552673025967 234.02115150654515
1.3093589753866905 103.75526261652068 234.021151506545
1.309355068814446 103.75525727559729 234.021151506545
1.309352090579379 103.75525320386271 234.02115150654515
1.3093470912674958 103.75524636898548 234.021151506545
1.3093425019439364 103.75524009462941 234.021151506545
1.3093381122125447 103.7552340931485 234.0211515065451
1.3093347514899618 103.75522949849096 234.021151506545
1.3093311219481627 103.7552245363136 234.02115150654527
1.3093271736360799 103.75521913832513 234.02115150654515
1.3093243674675887 103.7552153018338 234.021151506545
