70585437
1.3119119576380973 103.75742159714429 49.9988683383121
1.3119168844286178 103.75742742479426 49.99886833831261
1.3119213903960307 103.75743275467399 49.99886833831219
1.3119271842087077 103.75743960788039 49.9988683383121
1.3119320540560555 103.75744536817523 49.9988683383121
1.3119363888714908 103.75745049560803 49.99886833831261
1.3119415373726286 103.7574565855083 49.9988683383121
1.3119449542701183 103.75746062718264 49.99886833831261
1.3119488953965672 103.75746528894078 49.9988683383121
1.3119535652490422 103.75747081267193 49.99886833831219
1.311959359711188 103.75747766664671 49.998868338311695
1.3119624120450952 103.75748127709736 49.99886833831261
1.3119662305708053 103.75748579383736 49.9988683383121
1.3119697560331018 103.75748996392757 49.998868338311695
1.3119728907334083 103.75749367180528 49.9988683383121
1.311977152232149 103.7574987125156 49.9988683383121
1.311982305741395 103.75750480833985 49.99886833831261
1.3119857348121802 103.75750886441348 49.998868338311695
1.3119913077566412 103.75751545636636 49.99886833831261
1.3119956635783336 103.75752060864659 49.99886833831261
1.3119983377384188 103.75752498073722 50.99432425048552
1.3119999590581035 103.75753195971161 55.239444410330655
1.3120017952023522 103.75753986339895 60.157246925939475
1.3120029454378381 103.75754481459042 63.26805246060647
1.312004601103105 103.75755194140568 67.74363193934666
1.312006270161553 103.75755912587198 72.20364705586339
1.3120079724086655 103.75756645319906 76.64547816013757
1.3120093262503634 103.7575722808142 77.03101952192547
1.3120108633627183 103.75757889731844 77.03101952192547
1.312012552437254 103.75758616794434 77.03101952192561
1.312013643188571 103.75759086308636 77.03101952192499
1.3120155276326901 103.75759897468134 77.03101952192483
1.3120173770527315 103.75760693551516 77.03101952192499
1.3120193054747546 103.75761523641336 77.03101952192483
1.312020629493051 103.75762093565399 77.03101952192561
1.3120219986872268 103.75762682935441 77.03101952192547
1.3120235319439784 103.7576334292627 77.03101952192483
1.3120254557087094 103.7576417101139 77.03101952192561
1.3120274880121188 103.75765045817027 77.03101952192499
1.3120285911872118 103.75765520679096 77.03101952192547
1.3120298580212244 103.75766065988202 77.03101952192547
1.312031291168356 103.75766682886848 77.03101952192483
1.3120332266283774 103.7576751600625 77.03101952192547
1.3120344239378627 103.75768031388516 77.03101952192547
1.3120361370339326 103.75768768791298 77.03101952192499
1.3120374233377685 103.75769322481223 77.03101952192499
1.3120385042442253 103.75769787757778 77.03101952192547
1.3120403707722788 103.7577059120543 77.03101952192483
1.3120421667818443 103.75771364298383 77.03101952192547
1.3120436917664944 103.75772020728574 77.03101952192547
1.3120456986880118 103.75772884608669 77.03101952192483
1.3120469398734844 103.75773418877412 77.03101952192499
1.3120483862681378 103.7577404147853 77.03101952192547
1.312049882488532 103.7577468552716 77.03101952192499
1.3120516993381324 103.75775467590763 77.03101952192547
1.3120537200775793 103.75776337418837 77.03101952192483
1.3120553508106132 103.75777039368509 77.03101952192499
1.3120571075783887 103.75777795569896 77.03101952192547
1.3120582715001832 103.75778296580496 77.03101952192483
1.312059634016344 103.75778883076127 77.03101952192483
1.3120615772093114 103.75779719524334 77.03101952192547
1.3120628624298722 103.75780272748054 77.03101952192547
1.3120646477325062 103.75781041232318 77.03101952192483
1.3120656931105197 103.75781491215723 77.03101952192547
1.3120667118325515 103.75781929725055 77.03101952192547
1.3120678528779142 103.75782420888518 77.03101952192483
1.3120691554632933 103.75782981586956 77.03101952192547
1.3120708715822167 103.75783720291092 77.03101952192499
1.3120719060341368 103.75784165571375 77.03101952192547
1.3120735850428764 103.75784888301429 77.03101952192483
1.312075298936086 103.75785626047526 77.03101952192561
1.3120772664910871 103.75786472982466 77.03101952192483
1.3120789162414896 103.75787183118284 77.03101952192483
1.3120806812616883 103.75787942872044 77.03101952192561
1.3120822999227344 103.75788639625448 77.03101952192547
1.3120842716931151 103.75789488374937 77.03101952192483
1.3120861127025416 103.75790280838324 77.03101952192499
1.312087494811462 103.75790875767774 77.03101952192547
1.312089036013711 103.75791539179032 77.03101952192561
1.3120906951270712 103.75792253345192 77.03101952192547
1.3120917275972204 103.75792697772478 77.03101952192547
1.3120931169217884 103.75793295807928 77.03101952192547
1.3120949496815901 103.75794084720306 77.03101952192483
1.3120968325974736 103.75794895222403 77.03101952192483
1.3120980431276243 103.75795416295728 77.03101952192561
1.3120991860996476 103.75795908288623 77.03101952192499
1.3121004515977381 103.75796453022932 77.03101952192483
1.3121017867982618 103.75797027760693 77.03101952192547
1.3121029333368466 103.75797521288831 77.03101952192547
1.3121040534712363 103.7579800345127 77.03101952192547
1.3121058150970117 103.75798761744025 77.03101952192547
1.3121076019995692 103.75799530917192 77.03101952192547
1.3121086407691689 103.75799978056128 77.03101952192483
1.3121106372285336 103.75800837433152 77.03101952192499
1.3121118694213032 103.7580136783121 77.03101952192483
1.3121129076707654 103.75801814746265 77.03101952192561
1.3121141881855565 103.75802365944571 77.03101952192547
1.3121161547268843 103.75803212443388 77.03101952192561
1.3121180698124892 103.75804036793075 77.03101952192483
1.3121194735155386 103.75804641017854 77.03101952192547
1.3121207738195364 103.75805200734459 77.03101952192547
1.3121224704121264 103.75805931033723 77.03101952192561
1.3121237838312638 103.75806496395755 77.03101952192547
1.3121196006581433 103.7580647495236 83.03242663998559
1.3121132066610868 103.7580628558807 96.15720066091123
1.3121050590969574 103.75806044290226 124.78301739078432
1.3120968605483676 103.75805801482429 160.41156636273865
1.3120902588505097 103.7580560596688 180.65568506976837
1.3120816425991768 103.75805350788418 195.5007893248954
1.3120746288280989 103.75805143068928 196.6265111621504
1.3120681036714168 103.75804949820217 196.62651116215056
1.3120628425832215 103.75804794008094 196.62651116215056
1.312055895396744 103.75804588260567 196.62651116215056
1.3120514545385253 103.75804456740333 196.62651116215056
1.3120436099215735 103.75804224414551 196.62651116215056
1.3120364480844862 103.75804012309942 196.6265111621499
1.3120316370976814 103.75803869827996 196.62651116215056
1.3120237256140446 103.7580363552189 196.62651116215056
1.3120159384888106 103.75803404898777 196.6265111621504
1.3120081050329178 103.75803172903534 196.62651116215056
1.312003333814818 103.75803031599375 196.62651116215056
1.3119959131611882 103.75802811829661 196.62651116215056
1.3119890924549453 103.75802609827961 196.6265111621499
1.3119825347215894 103.75802415614453 196.62651116215056
1.3119742258895646 103.7580216954049 196.62651116215056
1.3119658936455525 103.75801922773158 196.62651116215056
1.3119589993251273 103.75801718591299 196.62651116215056
1.3119535241146418 103.75801556437732 196.62651116215056
1.3119486080199714 103.75801410842911 196.62651116215056
1.3119434090209052 103.75801256869607 196.6265111621499
1.3119389068224028 103.75801123532713 196.6265111621499
1.3119334845132826 103.75800962945867 196.62651116215056
1.3119269560173379 103.75800769598246 196.62651116215056
1.3119205185904466 103.75800578947721 196.6265111621499
1.311913448638676 103.75800369564368 196.62651116215056
1.3119073373228403 103.75800188571932 196.62651116215056
1.3119014960464266 103.75800015576968 196.62651116215056
1.31189586581769 103.75799848832382 196.62651116215056
1.3118911683016246 103.7579970971097 196.62651116215056
1.3118853903970151 103.75799538592821 196.62651116215056
1.311879228216575 103.75799356093978 196.6265111621499
1.311870885109417 103.7579910900491 196.62651116215056
1.3118644660937893 103.75798918899645 196.62651116215056
1.3118591613199868 103.75798761793713 196.62651116215056
1.3118536670426155 103.75798599075455 196.62651116215056
1.3118487863972241 103.7579845453049 196.62651116215056
1.3118405212597095 103.75798209750563 196.6265111621499
1.311832694535113 103.75797977954653 196.62651116215056
1.3118262465865052 103.75797786992507 196.62651116215056
1.311821576106273 103.75797648671781 196.62651116215056
1.3118132552883637 103.75797402242824 196.6265111621499
1.311805150008174 103.7579716219722 196.6265111621499
1.3117987828471613 103.75796973627673 196.62651116215056
1.3117923851701896 103.75796784154369 196.62651116215056
1.31178676543084 103.75796617720424 196.62651116215056
1.3117806508015473 103.75796436629842 196.62651116215056
1.3117754804521657 103.75796283505012 196.62651116215056
1.3117674680941735 103.75796046211384 196.62651116215056
1.3117600031118892 103.75795825128809 196.62651116215056
1.3117545469174172 103.75795663538399 196.62651116215056
1.3117483211795697 103.7579547915723 196.62651116215056
1.3117409319016318 103.75795260316708 196.62651116215056
1.3117326428358143 103.75795014828108 196.6265111621504
1.3117254944394257 103.75794803121522 196.62651116215056
1.3117210761680334 103.75794672270194 196.6265111621499
1.311716093634643 103.75794524707709 196.6265111621504
1.3117086779800322 103.75794305086013 196.62651116215014
1.311703619368038 103.75794155270384 196.62651116215056
1.311697157145544 103.75793963885492 196.62651116215014
1.3116907008872551 103.75793772677233 196.6265111621504
1.31168381605522 103.7579356877635 196.62651116215056
1.3116753552772882 103.75793318202327 196.62651116215056
1.3116685908862646 103.75793117868419 196.62651116215056
1.3116638668903706 103.75792977962764 196.6265111621499
1.311656761994778 103.75792767544489 196.62651116215056
1.3116520337496986 103.75792627512988 196.62651116215056
1.311645235165708 103.75792426166421 196.6265111621499
1.311637508575855 103.75792197336072 196.62651116215056
1.3116310425219402 103.757920058377 196.62651116215014
1.3116229849813752 103.75791767205928 196.62651116215073
1.3116180286085044 103.75791620418204 196.6265111621499
1.3116128490509948 103.7579146702065 196.62651116215056
1.3116080604211766 103.75791325200795 196.62651116215056
1.3116020876643342 103.75791148311886 196.62651116215056
1.3115976451317517 103.75791016742032 196.62651116215056
1.3115932001267168 103.75790885098952 196.6265111621504
1.3115860354240088 103.75790672909423 196.62651116215056
1.3115811478381476 103.75790528158886 196.62651116215056
1.311574086943061 103.75790319043719 196.6265111621499
1.311565887040391 103.75790076195749 196.62651116215056
1.3115609299006241 103.75789929385307 196.62651116215056
1.3115545541968134 103.75789740562732 196.62651116215056
1.3115499759350626 103.75789604973124 196.62651116215056
1.3115433063126913 103.75789407445868 196.62651116215056
1.311535538446922 103.75789177393082 196.62651116215056
1.3115286060966216 103.75788972084882 196.62651116215056
1.311520486716732 103.75788731621668 196.62651116215056
1.3115119380510778 103.7578847844474 196.62651116215073
1.3115038536044457 103.75788239016103 196.62651116215056
1.3114974659583036 103.75788049839838 196.6265111621499
1.3114896257729256 103.75787817645231 196.6265111621499
1.3114824035245385 103.75787603751418 196.6265111621504
1.3114763479026823 103.7578742440837 196.6265111621499
1.3114684117197344 103.75787189370698 196.62651116215056
1.3114626050581313 103.75787017400846 196.6265111621499
1.3114546163526544 103.75786780807668 196.62651116215056
1.31144865503262 103.75786604257455 196.62651116215056
1.3114436857957747 103.75786457088738 196.62651116215073
1.3114366220393225 103.7578624788881 196.62651116215056
1.31142881658287 103.75786016722726 196.62651116215056
1.3114208222771297 103.75785779963685 196.6265111621504
1.3114152642030459 103.75785615355986 196.6265111621504
1.3114102095094404 103.75785465656382 196.62651116215056
1.311402127373034 103.7578522629615 196.62651116215056
1.3113976210508052 103.75785092837091 196.62651116215014
1.3113928141203095 103.75784950475226 196.62651116215056
1.3113857589694904 103.75784741530158 196.62651116215056
1.311380131453611 103.7578457486587 196.62651116215056
1.311371600656793 103.75784322218125 196.6265111621504
1.3113665217072819 103.75784171800154 196.62651116215056
1.3113596839347441 103.75783969292951 196.62651116215056
1.3113524258260614 103.75783754337087 196.6265111621499
1.3113476117865979 103.75783611764682 196.62651116215056
1.3113389766870456 103.75783356027907 196.62651116215056
1.3113328772799355 103.757831753881 196.62651116215056
1.3113281899797036 103.75783036569197 196.62651116215056
1.311321809650488 103.75782847609614 196.62651116215056
1.3113166241142122 103.7578269403497 196.6265111621499
1.311308138966228 103.7578244273915 196.62651116215056
1.3113005195944367 103.75782217084125 196.62651116215056
1.3112936197443898 103.75782012738429 196.6265111621499
1.3112861198265613 103.75781790621144 196.62651116215056
1.3112817254778153 103.75781660478279 196.62651116215056
1.3112757505125185 103.75781483523933 196.62651116215056
1.3112682967172973 103.75781262772612 196.62651116215056
1.3112598133137665 103.7578101152845 196.62651116215056
1.3112541661405919 103.75780844281981 196.62651116215056
1.3112497501914426 103.75780713499397 196.6265111621504
1.3112435949993622 103.75780531123034 196.6275426680225
1.3112382591091394 103.7578037298353 196.62891089418645
1.3112331961337884 103.75780222932387 196.63020913966633
1.311225046893074 103.75779981413757 196.6322987636966
1.3112169345810527 103.75779740989579 196.63437891849279
1.3112121906309124 103.75779600393369 196.63559535970083
1.3112070670677052 103.75779448546585 196.63690914108878
