632852575
1.3095856651347584 103.75716885573941 145.53395293272354
1.3095807501375385 103.75717221130257 145.5339529327233
1.3095735182109196 103.75717714867801 145.53395293272405
1.3095677144117603 103.75718111104332 145.53395293272342
1.3095639797325473 103.75718366078061 145.53395293272342
1.3095594028039823 103.75718678553771 145.53395293272342
1.3095555807341153 103.75718939493824 145.53395293272342
1.309551036633829 103.75719249728279 145.53395293272342
1.3095467450722347 103.7571954272143 145.53395293272342
1.3095428957708641 103.75719805520626 145.53395293272342
1.3095357771165927 103.75720291524814 145.53395293272354
1.3095292225350341 103.75720739018672 145.53395293272342
1.3095250480822498 103.75721024016568 145.53395293272342
1.3095188632201882 103.75721446268957 145.53395293272354
1.3095120759440206 103.75721909649307 145.53395293272342
1.3095049396627672 103.75722396856897 145.53395293272342
1.309500856137837 103.75722675646963 145.53395293272405
1.3094953734880281 103.75723049957959 145.53395293272396
1.3094912048832867 103.75723334556582 145.53395293272396
1.309487116524981 103.75723613676625 145.53395293272342
1.30948118472077 103.75724018652242 145.53395293272342
1.3094738195126088 103.75724521489082 145.53395293272342
1.3094687509227114 103.757248675314 145.53395293272342
1.3094637917355174 103.75725206104583 145.53395293272342
1.3094589076815841 103.7572553954827 145.53395293272354
1.3094530255489127 103.75725941132698 145.53395293272342
1.3094464507241939 103.75726390008526 145.53395293272342
1.309441890890834 103.75726701317048 145.53395293272396
1.309436290602854 103.75727083659386 145.53395293272354
1.3094297491154927 103.75727530259198 145.53395293272342
1.3094242410781038 103.75727906303406 145.53395293272354
1.309417656160903 103.75728355868245 145.53395293272396
1.3094134387886402 103.75728643796279 145.53395293272342
1.3094069731136377 103.75729085220217 145.53395293272354
1.3094001501922887 103.75729551034038 145.53395293272342
1.3093941571714152 103.7572996018897 145.53395293272342
1.309387371866454 103.75730423434639 145.53395293272342
1.309381119892783 103.75730850268761 145.53395293272354
1.3093773666727486 103.7573110650822 145.53395293272354
1.3093730911396666 103.75731398406982 145.53395293272342
1.3093673088447593 103.75731793175234 145.53395293272342
1.3093604416822184 103.75732262009453 145.53395293272354
1.3093555894882538 103.75732593277938 145.53395293272354
1.3093515858467342 103.75732866614138 145.53395293272342
1.3093464719398928 103.75733215750252 145.53395293272342
1.3093416530300226 103.75733544746362 145.5339529327233
1.3093358226700376 103.75733942796084 145.53395293272342
1.3093304205227498 103.7573431161091 145.5339529327233
1.3093231726430818 103.75734806437376 145.53395293272342
1.3093185812825432 103.75735119898248 145.53395293272342
1.309312724971954 103.75735519719649 145.53395293272342
1.3093082174527615 103.75735827456509 145.53395293272342
1.3093012788600986 103.75736301167346 145.53395293272342
1.309296073846804 103.7573665652344 145.53395293272342
1.3092896376124776 103.75737095937313 145.53395293272342
1.3092829743651935 103.75737550849786 145.53395293272354
1.3092756432319557 103.75738051360089 145.53395293272342
1.3092718952139892 103.75738307244346 145.53395293272354
1.3092674192515608 103.75738612826743 145.53395293272354
1.3092601973450595 103.75739105879914 145.53395293272354
1.3092554897763355 103.75739427274503 145.53395293272342
1.3092517123692522 103.75739685165203 145.53395293272342
1.3092476382148 103.75739963315401 145.53395293272354
1.3092406972998645 103.75740437184734 145.53395293272354
1.3092338875030058 103.7574090210238 145.53395293272405
1.3092281849642076 103.75741291425432 145.53395293272342
1.3092244331171905 103.75741547571086 145.53395293272396
1.3092171496482594 103.75742044827203 145.53395293272354
1.30921308450626 103.75742322362086 145.53395293272396
1.3092093565032523 103.75742576879856 145.5339529327233
1.3092051025748537 103.75742867303539 145.53395293272388
1.3091983419929207 103.75743328861162 145.5339529327233
1.3091928298896922 103.75743705182796 145.5339529327233
1.3091870500998346 103.75744099779894 145.53395293272342
1.3091831846208375 103.75744363683395 145.53395293272342
1.3091771295246268 103.75744777076167 145.53395293272388
1.3091724791744004 103.75745094564293 145.53395293272354
1.3091679858495946 103.75745401331997 145.5339529327233
1.3091629332611017 103.75745746281677 145.5339529327233
1.3091588809072592 103.75746022943466 145.53395293272405
1.3091551022125667 103.75746280922027 145.53395293272342
1.3091485479693574 103.75746728392475 145.53395293272342
1.3091433019175542 103.75747086550247 145.53395293272354
1.3091389127832258 103.75747386204658 145.53395293272342
1.3091351497064512 103.75747643116944 145.53395293272342
1.3091288148594515 103.75748075608789 145.53395293272354
1.3091232889151672 103.75748452875331 145.5339529327233
1.3091165627319363 103.7574891208442 145.53395293272342
1.309109668412254 103.75749382772497 145.53395293272354
1.309103701720771 103.75749790129659 145.53395293272354
1.3090967884405773 103.75750262112193 145.53395293272354
1.3090902101934245 103.7575071122139 145.53395293272354
1.3090858124657565 103.75751011462454 145.53395293272354
1.309079356054528 103.75751452253678 145.5339529327233
1.3090730220562312 103.75751884687536 145.53395293272354
1.3090673319586823 103.75752273161088 145.53395293272354
1.30905993976306 103.7575277784004 145.53395293272405
1.3090527757213941 103.75753266942486 145.53395293272342
1.3090466252064041 103.7575368684958 145.53395293272342
1.30903990937722 103.75754145351719 145.53395293272354
1.3090348401712055 103.75754491435829 145.53395293272342
1.3090294739813666 103.75754857795573 145.53395293272342
1.3090224910374586 103.75755334534115 145.5339529327233
1.309018304467132 103.7575562035904 145.53395293272342
1.3090118704048186 103.75756059624408 145.53395293272342
1.309006382636784 103.75756434284506 145.53395293272354
1.309001562155871 103.75756763387673 145.5339529327233
1.3089957100765326 103.75757162919972 145.53395293272342
1.3089897184199257 103.75757571981464 145.5339529327233
1.3089849197433217 103.75757899596 145.53395293272342
1.3089778311296605 103.75758383548774 145.53395293272396
1.3089735015717343 103.75758679135703 145.53395293272354
1.308968179906662 103.75759042455618 145.53395293272396
1.3089641350876398 103.75759318602891 145.5339529327233
1.308958771186995 103.75759684806302 145.53395293272342
1.3089545564101948 103.75759972556901 145.53395293272342
