645257582
1.3012631758520012 103.91102322496224 302.1801494961934
1.3012677401047512 103.91101601124777 302.18014949619413
1.3012705594953062 103.91101155525469 302.18014949619413
1.3012743593746068 103.91100554961777 302.1801494961934
1.3012779839362554 103.91099982106701 302.1801494961934
1.301281761703749 103.91099385037727 302.1801494961934
1.301284905126258 103.91098888225768 302.1801494961934
1.3012890834958655 103.91098227842379 302.1801494961934
1.3012916925596099 103.91097815484801 302.1801494961934
1.3012958818458216 103.9109715337605 302.1801494961934
1.301298832505101 103.91096687029938 302.18014949619413
1.3013034653647055 103.9109595481524 302.1801494961934
1.301307332940722 103.91095343552162 302.1801494961934
1.3013120286885276 103.91094601398086 302.18014949619413
1.3013150449969695 103.91094124676229 302.18014949619413
1.3013191432636473 103.91093476952906 302.18014949619413
1.3013226395784776 103.91092924366932 302.18014949619413
1.3013257586709719 103.91092431400234 302.18014949619413
1.3013285764851719 103.91091986050002 302.1801494961934
1.3013317748307525 103.91091480557496 302.18014949619413
1.3013347674792133 103.9109100757503 302.1801494961934
1.3013395270239076 103.91090255337924 302.1801494961934
