175992331
1.301352890617531 103.91078953338125 255.74959681222884
1.3013512678058945 103.91078319631916 255.74959681222853
1.3013492603352659 103.91077535716788 255.74959681222853
1.3013481231866106 103.91077091661462 255.74959681222884
1.3013469299205693 103.9107662569236 255.74959681222884
1.3013447947468748 103.91075791909341 255.74959681222884
1.3013426152102194 103.91074940802645 255.74959681222853
1.3013408174925685 103.91074238795863 255.74959681222853
1.3013394466851225 103.91073703497057 255.74959681222853
1.3013382161581182 103.91073222977612 255.74959681222853
1.301336333596737 103.9107248783946 255.74959681222853
1.301334223769021 103.9107166395407 255.74959681222884
1.3013328561082056 103.91071129884035 255.74959681222913
1.301331192706202 103.91070480327402 255.74959681222913
1.3013294146899541 103.9106978601404 255.74959681222884
1.3013274411848994 103.91069015362524 255.74959681222913
1.3013259672982085 103.91068439811428 255.74959681222853
1.301324748741612 103.91067963966448 255.74959681222884
1.301323519066047 103.91067483779527 255.74959681222913
1.3013220762577604 103.91066920364524 255.74959681222913
1.3013199788627907 103.91066101334168 255.74959681222853
1.3013185370872948 103.91065538322478 255.74959681222853
1.3013164281257696 103.91064714775413 255.74959681222884
1.3013145238995785 103.91063971177269 255.74959681222884
1.3013126281414944 103.9106323088592 255.74959681222913
1.3013112723656055 103.91062701457 255.74959681222884
1.3013097888972633 103.91062122164331 255.74959681222884
1.3013076613344208 103.9106129135351 255.74959681222853
1.301305603242277 103.91060487670929 255.74959681222853
1.3013035081435251 103.91059669537319 255.74959681222884
1.301302175515761 103.9105914914774 255.74959681222853
1.3013004482288717 103.91058474644242 255.74959681222853
1.3012992419845593 103.91058003607264 255.74959681222884
1.301298028402335 103.91057529704841 255.74959681222884
1.3012964266228781 103.91056904211862 255.74959681222913
1.301294867375404 103.9105629532758 255.74959681222884
1.3012933184847406 103.91055690487623 255.74959681222884
1.301291126439167 103.91054834496448 255.74959681222884
1.3012893376623802 103.91054135981263 255.74959681222853
1.301287896141188 103.91053573068974 255.74959681222884
1.301285959138076 103.91052816671599 255.74959681222884
1.3012841030772495 103.91052091882095 255.74959681222884
1.3012819211818905 103.91051239854612 255.74959681222853
1.301280389126444 103.91050641588829 255.74959681222884
1.301278270054035 103.9104981409365 255.74959681222913
1.301277029781503 103.91049329768748 255.74959681222853
1.3012757449429333 103.91048828040869 255.74959681222884
1.3012739484442852 103.91048126510364 255.74959681222884
1.3012718413203614 103.9104730368108 255.74959681222853
1.3012703056757426 103.91046704013766 255.749596812229
1.301268116145348 103.91045849004874 255.749596812229
1.30126607621808 103.91045052415828 255.749596812229
1.3012648332602148 103.9104456704234 255.7495968122287
1.3012634230192435 103.91044016345015 255.7495968122287
1.3012618505972768 103.91043402316217 255.7495968122287
1.3012596251793025 103.91042533293312 255.7495968122287
1.301258338900737 103.91042031003163 255.7495968122287
1.3012566371409244 103.9104136646812 255.7495968122287
1.3012547002885408 103.91040610129734 255.7495968122287
1.301253529568616 103.910401529651 255.749596812229
1.3012521309294272 103.91039606798289 255.7495968122287
1.3012502451397099 103.91038870399827 255.7495968122287
1.3012483184530967 103.91038118031189 255.7495968122287
1.3012464990157853 103.91037407543271 255.7495968122287
1.3012445288898153 103.91036638211634 255.74959681222853
1.3012427125250028 103.91035928923539 255.7495968122287
1.301240526775489 103.91035075391206 255.74959681222853
1.3012384715701082 103.91034272836198 255.7495968122287
1.3012365507028196 103.91033522740045 255.749596812229
1.3012353407958146 103.91033050272954 255.7495968122287
1.3012337164737944 103.91032415977351 255.749596812229
1.3012315212161283 103.91031558732139 255.7495968122287
1.3012302016314992 103.91031043436097 255.7495968122287
1.3012286407882583 103.91030433928887 255.74959681222853
1.3012268013055814 103.9102971561336 255.749596812229
1.301224858543072 103.91028956967199 255.749596812229
1.3012234252316301 103.91028397261006 255.7495968122287
1.301221782539539 103.91027755791957 255.7495968122287
1.3012198709812555 103.91027009331027 255.749596812229
1.301217671112127 103.91026150285111 255.74959681222853
1.3012155894117368 103.91025337383938 255.749596812229
1.3012140629059208 103.91024741285499 255.7495968122287
1.301212024574202 103.91023945319746 255.749596812229
1.301210878673044 103.91023497846913 255.74959681222853
1.3012090433052392 103.91022781138307 255.74959681222884
1.3012075468228441 103.91022196763993 255.74959681222884
1.3012062144028544 103.91021676455826 255.7495968122287
1.3012046372967463 103.91021081093076 255.68515987319708
1.3012030399296073 103.91020534046736 255.44392077124462
1.301200575226771 103.91019689966109 255.07165217016413
1.3011980941901837 103.91018840291713 254.6968932508365
1.3011962260628624 103.91018200518826 254.41471783115617
1.3011944848651875 103.91017604215223 254.15173123940042
1.3011924552878138 103.9101690915095 253.8462721887589
1.301190747312845 103.91016324225052 253.84627218875875
1.3011887593577194 103.91015643415058 253.8462721887589
1.3011866311855287 103.91014914585286 253.84627218875875
1.3011843170412787 103.91014122066136 253.8462721887589
1.301182848669915 103.910136191967 253.84627218875858
1.3011807618900622 103.91012904542474 253.84627218875858
1.301179431245575 103.91012448840021 253.84627218875875
1.3011773050347046 103.91011720681965 253.84627218875858
1.301175825459982 103.91011213975757 253.84627218875858
1.3011745240639132 103.91010768289945 253.8462721887589
1.3011727689383359 103.91010167216544 253.84627218875906
1.301170354012199 103.91009340182924 253.84627218875875
1.3011684766384022 103.91008697243495 253.84627218875906
1.3011663648498695 103.91007974024654 253.84627218875906
1.3011642014353815 103.9100723312561 253.8462721887589
1.301162150323774 103.91006530686654 253.8462721887589
1.3011603140763779 103.910059018317 253.84627218875858
1.3011578171910498 103.91005046729771 253.8462721887589
1.3011562216030892 103.9100450029285 253.84627218875906
1.3011543153156133 103.91003847451466 253.8462721887589
1.3011521898894927 103.9100311956224 253.84627218875858
1.3011506874291356 103.91002605018502 253.84627218875906
1.3011482416558817 103.91001767420828 253.84627218875858
1.301145908743534 103.91000968474344 253.84627218875858
1.3011445745668597 103.91000511562301 253.84627218875858
1.3011426928365637 103.90999867130981 253.84627218875858
1.3011405762520427 103.9099914226975 253.8462721887589
1.3011388786811375 103.90998560907033 253.84627218875875
1.301136554180628 103.90997764841364 253.84627218875875
1.301135073128083 103.90997257629138 253.84627218875875
1.3011336027601157 103.90996754076036 253.84627218875875
1.3011314575817674 103.90996019422379 253.84627218875906
1.301129034967588 103.90995189755999 253.8462721887589
1.301126796113368 103.90994423021425 253.84627218875858
1.301125333408441 103.9099392209268 253.84627218875858
1.3011235216673869 103.90993301630448 253.84627218875875
1.3011221387600602 103.90992828029788 253.84627218875875
1.3011201729489135 103.90992154803583 253.84627218875906
1.3011177560976834 103.90991327110866 253.84627218875875
1.3011156915041113 103.90990620054914 253.84627218875858
1.3011143155075728 103.9099014882099 253.8462721887589
1.3011117974039004 103.90989286452634 253.84627218875858
1.301107831268035 103.90988585845008 251.49986669694923
1.3011043376933913 103.90987974950808 249.39811889753776
1.3011016234298074 103.90987500328669 247.76069584552042
1.3010973123196177 103.90986746478399 245.15892020347226
1.3010947774916526 103.90986303232772 243.6322462678269
1.3010911483445935 103.90985668632091 241.4556506896264
1.3010870929486198 103.90984959496583 240.419564401752
1.3010833209635362 103.90984299918937 240.419564401752
1.3010795033920048 103.90983632369942 240.4195644017523
1.3010759620713241 103.90983013126787 240.4195644017523
1.3010726690923236 103.90982437309209 240.419564401752
1.3010700211733723 103.90981974288256 240.419564401752
1.3010660837441732 103.909812857807 240.419564401752
1.3010628327286062 103.90980717300947 240.4195644017523
1.3010603737530606 103.9098028731906 240.4195644017523
1.3010568625425494 103.9097967334105 240.4195644017523
1.301053152539814 103.90979024601796 240.419564401752
1.3010494409897617 103.90978375591979 240.4195644017523
1.3010454033090408 103.90977669554235 240.419564401752
1.3010429991798755 103.90977249162918 240.4195644017523
1.3010402526519371 103.90976768898997 240.4195644017523
1.3010362310818466 103.90976065678404 240.4195644017523
1.3010331137091866 103.90975520567764 240.419564401752
1.3010303280283224 103.90975033457485 240.419564401752
1.3010268995297791 103.90974433942694 240.419564401752
1.3010240077758064 103.90973928284241 240.4195644017523
1.301020506935432 103.90973316119604 240.4195644017523
1.3010174048473253 103.90972773681665 240.4195644017523
1.30101433888762 103.9097223756122 240.4195644017523
1.3010102651781779 103.90971525223449 240.4195644017523
1.3010069437484597 103.90970944430963 240.419564401752
1.301003454021363 103.90970334209631 240.419564401752
1.301000792001818 103.90969868723057 240.4195644017523
1.300998108916523 103.90969399552883 240.4195644017523
1.3009956537696576 103.90968986428268 240.31757632826552
1.3009920693916164 103.90968612654557 238.71828449696153
1.3009869706454933 103.90968080964753 236.42955456484393
1.3009837311590045 103.90967743155832 234.96992667817918
1.3009805960753706 103.90967416233887 233.55539544832646
1.300977166139305 103.90967058565163 232.00769370238473
1.3009712199923393 103.90966438509643 229.3307493187753
1.3009666499900296 103.90965961956478 227.28479821180898
1.3009620607399146 103.90965483396181 226.40937374102108
1.300957150562208 103.90964971370025 226.40937374102091
1.3009509872107003 103.9096432866474 226.40937374102091
1.3009456128925447 103.909637682387 226.40937374102091
1.300941362845277 103.90963325049985 226.40937374102091
1.3009357710579148 103.90962741946578 226.40937374102077
1.3009307242925563 103.90962215677268 226.40937374102108
1.3009252926496622 103.90961649273495 226.40937374102066
1.3009199606704482 103.90961093262509 226.40937374102091
1.3009140497605112 103.90960476881472 226.40937374102066
1.30091003043497 103.9096005775209 226.40937374102066
1.300906857868529 103.90959726921507 226.40937374102066
1.3009019502974624 103.90959215167184 226.40937374102077
1.3008968331520787 103.9095868155876 226.40937374102091
1.300892524424096 103.90958232250918 226.40937374102066
1.3008891891156045 103.90957884449838 226.40937374102091
1.3008843623842707 103.90957397216708 226.26778451996557
1.3008769374620484 103.90957021712757 222.72553875126252
1.3008707522602898 103.90956708905746 219.7378939090884
1.3008666747340079 103.90956502691165 217.75823717495678
1.3008612123474823 103.90956226439417 215.10312206896057
1.3008567665379076 103.90956001599477 212.94668372133245
1.3008490532642785 103.90955611512601 209.23395465447888
1.300842436506281 103.90955276880304 207.0013050269782
1.3008369674940592 103.90955000293474 207.0013050269782
1.3008302352366392 103.90954659819974 207.00130502697866
1.300822609561262 103.90954274163241 207.0013050269788
1.300817817041729 103.90954031788982 207.00130502697803
1.3008122294738182 103.90953749206382 207.0013050269782
1.3008081349953755 103.9095354213447 207.0013050269788
1.3008031041495114 103.90953287707227 207.00130502697886
1.3007982767082993 103.90953043566859 207.0013050269782
1.3007913873587231 103.90952695148665 207.0013050269788
1.3007858089924018 103.90952413031422 207.0013050269782
1.3007808193181156 103.90952160686366 207.0013050269782
1.3007738415019696 103.90951807794116 207.0013050269782
1.3007657842421287 103.9095140031067 207.00130502697866
1.300758673936969 103.90951040717992 207.0013050269788
1.3007519392468172 103.9095070012146 207.0013050269788
1.3007465292137972 103.90950426517414 207.0013050269788
1.3007410868089353 103.9095015127621 207.0013050269788
1.3007349419241019 103.90949840508172 207.0013050269782
1.3007291387167546 103.90949547019945 207.0013050269782
1.3007237163487757 103.90949458389329 204.87909363223756
1.30071503553329 103.90949362643562 200.89789392442609
1.300709532257885 103.90949301944734 198.3502103809575
1.3007048068259017 103.90949249825194 196.15695961619306
1.3006997073367577 103.90949193579956 193.79200311656925
1.3006929850848579 103.90949119436324 190.69072430775716
1.3006859590532391 103.90949041942127 187.48676112478188
1.3006814345038096 103.90948992038234 186.35923574557867
1.30067567566464 103.90948928520639 186.35923574557867
1.3006694076823366 103.90948859387409 186.35923574557867
1.3006637169989919 103.90948796621542 186.35923574557867
1.3006564111517143 103.9094871604109 186.35923574557867
1.3006476231857749 103.90948619113485 186.35923574557867
1.3006387371520165 103.90948521104228 186.35923574557802
1.3006331616102977 103.90948459608323 186.35923574557802
1.3006268747390093 103.90948390266747 186.35923574557867
1.300618106334627 103.90948293554891 186.35923574557802
1.3006129932419317 103.90948237159603 186.35923574557802
1.3006060331067493 103.90948160392202 186.35923574557867
1.30060037907993 103.90948098030634 186.35923574557867
1.300591793658021 103.90948003336993 186.35923574557867
1.30058632515272 103.90947943021648 186.35923574557867
1.3005776092783337 103.90947892489243 185.7804647047328
1.3005689572306793 103.90948069117326 182.29538775208343
1.3005626173124798 103.90948198544211 179.71684745922744
1.300553821492545 103.90948378107342 176.1260155485321
1.3005470612512544 103.90948516114949 173.37143189581812
1.3005401750364076 103.90948656694253 170.58456802243825
1.3005318441448925 103.90948826766048 168.41388838375408
1.3005260094095719 103.90948945879816 168.41388838375408
1.3005213689685426 103.90949040612549 168.41388838375414
1.3005142435388135 103.90949186075318 168.41388838375414
1.3005075430786437 103.90949322862504 168.41388838375408
1.3004993789837915 103.90949489529199 168.41388838375403
1.3004908911164432 103.90949662805573 168.41388838375408
1.3004821354454459 103.90949841549048 168.41388838375414
1.3004735488221746 103.90950016841477 168.41388838375403
1.3004659808554382 103.90950171338442 168.41388838375408
1.3004597819374022 103.90950297886833 168.41388838375403
1.3004544214046656 103.90950407319927 168.4138883837547
1.3004487994494403 103.9095068048303 166.42483572418593
1.3004439938980956 103.90950964925925 164.06140073106988
1.300436714264196 103.90951395810953 160.4495505624385
1.3004293723492577 103.9095183038242 156.79379135187526
1.3004240971226153 103.90952142625613 154.17556654403998
1.300417185007371 103.9095255175702 150.77577931254046
1.3004100958564253 103.90952971367253 149.24087038189268
1.3004041470033514 103.90953323482705 149.24087038189217
1.3003992155369273 103.90953615378552 149.24087038189217
1.3003940563507723 103.90953920753236 149.2408703818921
1.3003892181658359 103.90954207127704 149.24087038189202
1.3003832330377685 103.90954561390278 149.24087038189217
1.3003776659799284 103.90954890907071 149.24087038189217
1.3003731854469396 103.90955156111943 149.2408703818927
1.300365879706286 103.9095558854219 149.2408703818921
1.30035835447204 103.9095603396436 149.2408703818927
1.3003525875686048 103.90956375310097 149.24087038189217
1.3003459318062365 103.90956769267808 149.24087038189217
1.3003407033511616 103.90957078742527 149.24087038189217
1.3003350359515857 103.90957414198571 149.24087038189205
1.300327522382329 103.90957858930264 149.24087038189256
1.3003236332942039 103.90958366722518 146.1595518536175
1.3003192168062772 103.9095914464836 140.25075944562724
1.3003149811871066 103.90959890715737 134.46174582857947
1.3003123761860724 103.90960349563946 130.89264763875755
1.3003090136558786 103.90960941844304 126.32880489546578
1.3003054389143154 103.90961571503838 121.5877189573023
1.3003031030271686 103.9096198294997 119.4509067004591
1.3003006993433162 103.90962406337903 119.45090670045903
1.3002978616020768 103.90962906181248 119.45090670045903
1.3002953349321622 103.90963351232091 119.45090670045924
1.3002914237093837 103.90964040159827 119.4509067004591
1.300288950897201 103.90964475724094 119.45090670045903
1.3002849965280021 103.90965172251683 119.45090670045892
1.3002810698158591 103.90965863907715 119.45090670045903
1.3002774332499252 103.90966504457022 119.4509067004591
1.3002735217206676 103.90967193438706 119.45090670045872
1.300269135027786 103.90967966116301 119.45090670045924
1.3002667141867794 103.90968392526273 119.45090670045872
1.300262270152174 103.90969175304096 119.45090670045903
1.3002580461455218 103.9096991932591 119.45090670045924
1.3002539279838854 103.90970644704043 119.4509067004591
1.3002497060412765 103.90971388362277 119.45090670045903
1.3002467000933622 103.90971917833684 119.4509067004591
1.3002434257121096 103.9097249458727 119.4509067004591
1.3002409020714885 103.90973026677234 118.9014496031847
1.300240070838234 103.9097348760431 116.91484930230195
1.30023908081961 103.90974036579439 114.52658262938651
1.3002379756130686 103.90974649427402 111.84132483322321
1.300236504274374 103.90975465299248 108.25468990579795
1.300235352755085 103.90976103828059 105.45476691788797
1.3002343164203671 103.90976678485882 102.9522504369059
1.3002331873065693 103.90977304590606 100.25562047120832
1.3002318650616325 103.90978037788439 100.18314214021608
1.3002310644880066 103.90978481714389 100.18314214021605
1.3002301337017135 103.90978997844535 100.18314214021605
1.300228540334452 103.90979881382323 100.18314214021608
1.3002270658526194 103.90980698996954 100.18314214021608
1.3002256038977626 103.90981509665238 100.18314214021608
1.3002245162340325 103.90982112785413 100.18314214021616
1.3002229975023247 103.90982954936983 100.18314214021616
1.3002215894846003 103.90983735696551 100.18314214021605
1.3002200713185927 103.90984577534397 100.18314214021616
1.3002188087143103 103.90985277660762 100.18314214021616
1.3002176471197493 103.90985921776243 100.18314214021608
1.3002172658031965 103.90986510888554 99.33179762870147
1.3002183503277525 103.90987204609111 96.38525249456792
1.3002192312937713 103.90987768122626 93.96857904836783
1.3002205733266814 103.90988626559479 90.26746009883155
1.3002213202805653 103.90989104351601 88.2070240060586
1.3002222626548952 103.90989707145222 85.61731512980046
1.3002232831351896 103.90990359899652 82.8365101383248
1.300224118190647 103.90990894046331 81.19562916133653
1.3002249182716823 103.9099140582148 81.19562916133653
1.300225700252084 103.9099190601849 81.19562916133653
1.3002266192272953 103.90992493844806 81.19562916133661
1.3002279761891131 103.90993361831092 81.19562916133661
1.3002291043790104 103.90994083482478 81.19562916133643
1.3002304543604357 103.90994947003759 81.19562916133634
1.3002317094274545 103.90995749812657 81.19562916133653
1.3002327597172714 103.90996421634966 81.19562916133654
1.300233679152604 103.90997009755664 81.19562916133653
1.3002349971241933 103.90997852801776 81.19562916133653
1.3002361907903945 103.90998616335433 81.19562916133653
1.300237103018542 103.90999199846053 81.19562916133653
1.3002383110027957 103.90999972538339 81.19562916133643
1.3002393691803493 103.9100064940614 81.19562916133653
1.3002408979266917 103.91001166489032 80.29195974646595
1.3002439104756267 103.91001819818806 77.77721942739552
1.3002467254586112 103.91002430302566 75.41149766705108
1.300249838932908 103.91003105519977 72.78685869166787
1.3002524256052628 103.91003666490148 70.60748400383547
1.3002561495546483 103.91004474100951 67.4851498946068
1.3002598578886075 103.9100527832525 65.41034271950245
1.300263623009363 103.91006094864878 65.41034271950248
1.300266351560505 103.91006686604236 65.41034271950241
1.3002696548945372 103.91007402996442 65.41034271950241
1.3002722001088556 103.91007954975652 65.41034271950275
1.3002752537501847 103.9100861721715 65.41034271950248
1.3002783833160907 103.9100929592437 65.41034271950248
1.3002819234795024 103.91010063677649 65.41034271950241
1.300284509883175 103.91010624589585 65.41034271950248
1.3002869611082424 103.91011156185412 65.41034271950245
1.30029016377869 103.9101185074679 65.41034271950245
1.3002922816310079 103.91012310044256 65.41034271950248
1.3002958670868974 103.9101308762011 65.41034271950245
1.3002994454962107 103.9101386366778 65.41034271950248
1.3003014194336633 103.91014291754519 65.41034271950248
1.3003036452845083 103.91014774473577 65.41034271950248
1.3003059385609597 103.91015271815192 65.41034271950248
1.3003089537086194 103.91015925708626 65.41034271950248
1.3003126502507851 103.910166847097 65.18366151836439
1.3003167046874797 103.91017217692833 63.337414795861875
1.3003207910048113 103.91017754866893 61.46786402253575
1.3003256888636239 103.91018398723571 59.22092197665569
1.3003311370795052 103.91019114928413 56.72164108730799
1.3003342229006827 103.9101952058049 55.309597458534014
1.3003384909731985 103.91020081647504 53.364643681028355
1.300341822550506 103.91020519605888 52.94233921433214
1.3003445901639108 103.91020883427402 52.94233921433214
1.3003478627308747 103.9102131362848 52.94233921433214
1.300351947753496 103.91021850632352 52.9423392143322
1.3003554774802033 103.91022314638819 52.942339214332264
1.3003594888593517 103.91022841961764 52.9423392143322
1.3003636382625317 103.91023387428903 52.9423392143322
1.3003669795732749 103.91023826666822 52.94233921433253
1.300370148129078 103.91024243194936 52.942339214332264
1.3003755712263778 103.91024956097796 52.9423392143322
1.30037851292021 103.9102534280337 52.9423392143322
1.3003813138247553 103.9102571100124 52.9423392143322
1.3003849540102026 103.91026189528269 52.94233921433214
1.300387925233418 103.91026580115683 52.942339214332065
1.3003913905901647 103.91027035660296 52.942339214332065
1.300394552715318 103.91027451343065 52.9423392143326
1.300398777329793 103.91028006697255 52.9423392143322
1.3004036225311921 103.91028571984378 52.390980497561365
1.300409271510824 103.91029061219226 50.43391854638069
1.3004137868464356 103.91029452273834 48.86362981422662
1.3004177401437202 103.91029794652623 47.48644418745345
1.3004219349009316 103.91030157943257 46.02459160136266
1.3004256133924323 103.9103047652225 44.74365905497328
1.3004318332884734 103.91031015201817 42.58359007920787
1.300435771111512 103.91031356240448 41.22216703642561
1.3004411529424904 103.91031822338655 41.10235495147118
1.3004461254469195 103.91032252986778 41.10235495147118
1.3004509895844534 103.91032674249692 41.10235495147134
1.3004549514165846 103.91033017367653 41.10235495147107
1.3004611870588108 103.9103355741094 41.10235495147107
1.3004649754950581 103.91033885511797 41.10235495147118
1.3004685706938675 103.91034196877158 41.10235495147118
1.3004737393466668 103.9103464451289 41.10235495147134
1.3004779628101528 103.91035010289666 41.10235495147118
1.3004817010239746 103.9103533404097 41.10235495147118
1.3004874209672634 103.91035829421702 41.10235495147118
1.300491835779866 103.91036211770441 41.10235495147118
1.3004958981051131 103.91036563591702 41.10235495147118
1.300499532051179 103.91036878312808 41.10235495147167
1.300505267288642 103.9103737501811 41.10235495147118
1.3005112384212978 103.91037892153322 41.10235495147118
1.3005181935070962 103.91038386065988 40.05917954449393
1.3005231276525409 103.91038727408947 39.23101454706963
1.3005281045020307 103.91039071706163 38.39515637400925
1.3005332869259456 103.91039430224967 37.52459306036271
1.3005394576506468 103.91039857114174 36.4883234071187
1.3005459524739085 103.91040306424442 35.39869841174584
1.3005509258910954 103.91040650484213 34.87338228864506
1.3005552137475416 103.91040947117062 34.873382288645146
1.3005617783486905 103.91041401254549 34.873382288645146
1.300569160989267 103.91041911983801 34.87338228864453
1.3005739234202511 103.91042241447602 34.87338228864506
1.3005787776590692 103.91042577262644 34.87338228864453
1.300584732166227 103.91042989193983 34.873382288645146
1.3005894254632246 103.91043313875112 34.87338228864506
1.30059626030683 103.91043786707908 34.87338228864506
1.3006025374810157 103.91044220961274 34.87338228864478
1.3006077815869976 103.91044583747235 34.873382288645146
1.300612231127347 103.91044891565342 34.87338228864461
1.300617048324588 103.91045224817863 34.87338228864506
1.3006225968959153 103.9104556550635 34.42147597437123
1.3006296849592816 103.91045899420233 32.779443198398496
1.300636018557398 103.91046197791768 31.308420817083846
1.3006420123377147 103.91046480154714 29.914862888297204
1.3006463461384299 103.91046684317143 28.907317198771448
1.300653348638488 103.91047014200198 27.28120743811006
1.300658789007769 103.91047270492324 26.020884684139634
1.3006647835827876 103.9104755289271 25.39243898012217
1.3006696247337763 103.91047780956066 25.39243898012217
1.300675053520147 103.91048036702531 25.39243898012217
1.300680472873376 103.91048292004606 25.392438980121508
1.3006858063718607 103.91048543262121 25.392438980122105
1.3006909887233862 103.91048787399207 25.392438980122105
1.3006965486325446 103.91049049322777 25.392438980121586
1.3007033574031073 103.91049370079365 25.39243898012217
1.30070885801384 103.91049629209427 25.39243898012217
1.3007170288099763 103.91050014130121 25.392438980121586
1.3007215272558605 103.91050226048874 25.392438980122105
1.3007265380162025 103.91050462102415 25.39243898012092
1.3007337475268756 103.91050730226623 24.566981829006163
1.3007391195522422 103.91050820872643 22.681654164777974
1.3007459009368538 103.91050935299785 20.286145939206904
1.3007512369769718 103.910510253386 18.393974446374276
1.3007597624217355 103.91051169194512 15.36861971197178
1.300768564754354 103.91051317722551 12.25777403212022
1.3007758816881487 103.91051441186394 9.694598951147684
1.300783257322503 103.91051565640733 9.66331219104582
1.3007906308219142 103.91051690059047 9.66331219104582
