1833874342 1.272900578431395 103.81248671587771
1864054683 1.2716162554528705 103.81136096210398
247183790 1.2733328375466124 103.81264630713336
247183807 1.274709650542644 103.81465229841345
4712115331 1.272173841628295 103.81162771083123
4712115337 1.2725481835384387 103.81153380504988
4712120092 1.272650508244482 103.81158174881645
4712120098 1.2727082184323117 103.81197427482948
5277933633 1.2716275926886191 103.81298949187274
597109200 1.2717913183380565 103.81143888918496
6132083115 1.2719330886182447 103.81150415982688
6132093088 1.2715939230350055 103.81157666035324
6596090575 1.2728502193718845 103.81058688586418
6596090577 1.27275371144561 103.8100142783469
6817673902 1.2728193877293363 103.81412742186221
cluster_597109172_597109173_597109184_597109185 1.272408037403398 103.81185012190181
:cluster_597109172_597109173_597109184_597109185_11_0 1.272525219668727 103.8119482063839
:cluster_597109172_597109173_597109184_597109185_12_0 1.2722715081763216 103.81177361509107
:cluster_597109172_597109173_597109184_597109185_13_0 1.2724942689623808 103.811719141772
