682587580
1.2727889310107612 103.81409012657525 213.45307149057749
1.2727847449515926 103.81408738138559 213.45307149057749
1.2727798850586187 103.81408419430021 213.45307149057732
1.272772507418345 103.81407935609298 213.45307149057749
1.2727668131449068 103.81407562182648 213.45307149057732
1.27276149071118 103.81407213140997 213.45307149057732
1.2727541060214516 103.81406728857978 213.45307149057749
1.2727493622520596 103.81406417764748 213.45307149057749
1.272742747171712 103.81405983952197 213.45307149057743
1.2727372560880903 103.81405623850603 213.45307149057797
1.272732519347412 103.81405313218313 213.45307149057749
1.2727249928185136 103.81404819633575 213.45307149057743
1.2727199838665462 103.81404491149853 213.45307149057749
1.2727141941687543 103.8140411146534 213.45307149057749
1.2727083514247133 103.81403728302092 213.45307149057749
1.272702939610397 103.81403373398926 213.45307149057743
1.2726963887558482 103.81402943798263 213.45307149057743
1.2726890668967723 103.81402463635641 213.45307149057749
1.272684822614178 103.81402185298424 213.45307149057808
1.2726784886080231 103.81401769918536 213.45307149057749
1.2726735196780548 103.81401444059432 213.45307149057743
1.2726661447479504 103.81400960416447 213.45307149057743
1.2726605317096484 103.8140059231715 213.45307149057743
1.2726541414601387 103.81400173248859 213.45307149057749
1.2726489833065848 103.81399834980601 213.45307149057749
1.2726449785457579 103.81399572351064 213.45307149057749
1.2726405407133752 103.81399281320985 213.45307149057749
1.2726363418825766 103.81399005964471 213.45307149057808
1.2726302895179107 103.81398609054447 213.45307149057743
1.2726247948037683 103.8139824871477 213.45307149057743
1.2726181390216482 103.81397812233033 213.45307149057749
1.2726107120773242 103.81397325178997 213.45307149057749
1.2726043018159665 103.81396904798346 213.45307149057749
1.27259963823827 103.81396598964044 213.45307149057808
1.2725926895015511 103.81396143270541 213.45307149057749
1.2725887509904696 103.81395884985623 213.45307149057749
1.2725813142526197 103.81395397289333 213.45307149057749
1.272576350849186 103.81395071792662 213.45307149057743
1.2725700521119905 103.81394658725694 213.45307149057749
1.2725629911513354 103.81394195672624 213.45307149057743
1.2725559151167543 103.81393731631016 213.45307149057749
1.2725499184937064 103.81393338376495 213.45307149057749
1.2725460100004995 103.81393082060129 213.45307149057749
1.2725394574741604 103.81392652349841 213.45307149057743
1.2725327504085524 103.81392212504976 213.45307149057749
1.2725258350601671 103.81391759001063 213.45307149057749
1.2725204433765187 103.81391405418061 213.45307149057749
1.2725138052273377 103.81390970092689 213.45307149057743
1.2725093198064725 103.81390675941796 213.45307149057797
1.2725021065265305 103.81390202899733 213.45307149057749
1.2724970791616614 103.81389873208518 213.45307149057743
1.2724922308433795 103.81389555259055 213.45307149057749
1.272486932084003 103.81389207769969 213.45307149057749
1.2724819933591518 103.81388883891704 213.45307149057743
1.2724779735518488 103.81388620275439 213.45307149057749
1.2724740476866836 103.81388362819834 213.45307149057749
1.2724676601636726 103.81387943930359 213.45307149057749
1.2724619701434268 103.81387570782648 213.45307149057749
1.2724566103920363 103.8138721929375 213.45307149057749
1.2724496967319032 103.81386765900555 213.45307149057749
1.2724457518598462 103.81386507198495 213.45307149057749
1.2724388946621847 103.81386057508072 213.45307149057749
1.2724337673209465 103.81385721260477 213.45307149057749
1.2724267911265472 103.8138526376633 213.45307149057749
1.2724193468968201 103.81384775578744 213.45307149057749
1.2724128501194483 103.81384349524446 213.45307149057797
1.2724073646752478 103.81383989792697 213.45307149057749
1.272403318649596 103.81383724457052 213.45307149057749
1.2723960221428767 103.81383245957042 213.45307149057749
1.2723891484141567 103.81382795182529 213.45307149057749
1.2723853445800601 103.81382545729645 213.45307149057743
1.272378979988568 103.8138212834401 213.45307149057743
1.272372710339174 103.81381717184615 213.45307149057749
1.272365485718844 103.81381243398869 213.45307149057749
1.272360077194302 103.81380888711462 213.45307149057749
1.2723533098819013 103.81380444915663 213.45307149057749
1.2723464425129694 103.81379994558223 213.45307149057749
1.2723390700253037 103.8137951107544 213.45307149057749
1.2723318226873337 103.81379035799888 213.45307149057743
1.2723269982106729 103.81378719413951 213.45307149057749
1.2723207769990506 103.81378311431075 213.45307149057749
1.2723143224815447 103.81377888148158 213.45307149057743
1.2723075747836863 103.8137744563867 213.45307149057743
1.2723025872488265 103.81377118559489 213.45307149057749
1.2722966354503127 103.81376728244547 213.45307149057749
1.2722914079894725 103.8137638543118 213.45307149057749
1.2722855401028048 103.81375967752861 213.80335206761362
1.272282357805686 103.81375379001317 217.92484762390274
1.272279844653457 103.81374914047167 221.25504823605215
1.272276816840496 103.81374353876485 225.32323197720666
1.2722734298767764 103.81373727259918 229.89960800711776
1.2722699316423003 103.81373080057338 234.59539561503414
1.272267742225248 103.81372674996906 237.49109971444105
1.2722635136065108 103.81371892667141 241.78912630154062
1.2722598817692055 103.81371220746928 241.78912630154062
1.2722558262041532 103.81370470433549 241.78912630154062
1.2722534200569016 103.81370025276229 241.78912630154034
1.2722504782920803 103.8136948102519 241.78912630154062
1.2722481777816494 103.81369055411567 241.78912630154062
1.2722450956713618 103.81368453883582 241.97812178790537
1.2722439754572143 103.81367754994052 244.97023554718865
1.2722430584205675 103.81367182864783 247.44682230074108
1.272241960024379 103.8136649758726 250.43188545884294
1.272241158987315 103.81365997828891 252.61301489469548
1.2722401444354101 103.81365364860929 255.36961517574858
1.2722394128599965 103.81364908438945 257.3466797194147
1.2722382010432087 103.81364152399573 260.5883383010002
1.2722370708543127 103.81363447286972 260.977879148834
1.272235892149535 103.8136271190585 260.9778791488341
1.272234967099414 103.81362134777123 260.977879148834
1.2722336167265036 103.8136129229414 260.9778791488342
1.272232525833331 103.81360611697757 260.9778791488341
1.2722315739927073 103.81360017854752 260.9778791488341
1.2722323398101665 103.81359478746981 263.0286315348476
1.272233736695383 103.81358718961197 266.3578194504097
1.2722347832927399 103.81358149701964 268.8727078954672
1.272236307699862 103.81357320555166 272.5455574519197
1.272237353436839 103.81356751763886 275.0580904181227
1.2722388641429947 103.8135593006921 278.65577237259896
1.2722397727573083 103.81355435860888 280.3782823814223
1.2722410961693629 103.81354716038128 280.3782823814222
1.2722423314743474 103.81354044138052 280.3782823814223
1.2722439222823685 103.81353178874764 280.3782823814223
1.2722452302115916 103.81352467473296 280.3782823814223
1.2722463067859464 103.81351881909048 280.3782823814223
1.2722471372046236 103.81351430232402 280.3782823814222
1.2722487746144076 103.81350939146111 281.2949099972559
1.2722517189742824 103.8135016271172 283.1941653933643
1.2722534659935174 103.81349702018775 284.3237738041248
1.272256105790708 103.81349005898244 286.0321337682674
1.2722582373111142 103.81348443811453 287.4110437855337
1.2722607394903092 103.81347783981086 289.02683693573766
1.2722629893471153 103.81347190688703 290.4750196864748
1.2722657364180305 103.81346466279814 290.6713045370026
1.272268320564452 103.8134578483448 290.6713045370027
1.2722704241053904 103.81345230125906 290.6713045370026
1.2722726682299463 103.81344638345105 290.6713045370026
1.2722749432085187 103.81344038428021 290.6713045370026
1.27227796839257 103.81343240680019 290.6713045370026
1.2722797917396143 103.81342759859196 290.6713045370026
1.2722819586268206 103.81342188446038 290.6713045370026
1.272283838520324 103.81341692713775 290.6713045370026
1.272285521185048 103.81341248991195 290.6713045370026
1.2722878345925253 103.81340638940284 290.6713045370026
1.2722910005025807 103.81339804082461 290.6713045370026
1.2722926254864104 103.81339375570451 290.6713045370026
1.2722943999611438 103.8133890763734 290.6713045370026
1.2722968194861368 103.81338269602968 290.6713045370026
1.2722985681992336 103.81337808463252 290.6713045370026
1.2723014903263667 103.81337037891512 290.6713045370026
1.2723041280882457 103.81336342307543 290.6713045370026
1.2723060448868553 103.81335836843269 290.6713045370026
1.272308484193058 103.81335193592511 290.6713045370026
1.2723111330795644 103.81334495074931 290.6713045370026
1.2723143209473893 103.81333654426703 290.6713045370026
1.27231645992145 103.81333090374214 290.6713045370026
1.272318184293197 103.81332635653328 290.6713045370026
1.2723213549214416 103.8133179955119 290.6713045370026
1.2723237685154147 103.81331163080763 290.6713045370026
1.272325508003385 103.81330704373677 290.6713045370026
1.2723280404774482 103.8133003655428 290.6713045370026
1.2723310473767337 103.81329243627816 290.6713045370026
1.272332879119112 103.8132876059301 290.6713045370026
1.2723347618030891 103.81328264124778 290.6713045370026
1.272337323600682 103.81327588572665 290.6713045370026
1.2723389234029798 103.81327166700996 290.6713045370026
1.272341335348605 103.81326530665191 290.6713045370026
1.2723430317452804 103.81326083321345 290.6713045370026
1.2723449707419046 103.8132557200331 290.6713045370026
1.2723474218465811 103.81324925641154 290.6713045370026
1.2723492657433133 103.81324439401178 290.6713045370026
1.2723519242406165 103.81323738349076 290.6713045370026
1.2723547825796846 103.81322984598212 290.6713045370026
1.272357727283518 103.81322208072744 290.6713045370026
1.2723602044709919 103.81321554832454 290.6713045370027
1.2723628779613487 103.81320849826614 290.6713045370027
1.2723649140583921 103.81320312902916 290.6713045370027
1.272367394324537 103.81319658850751 290.67130453700264
1.2723699991136885 103.81318971961561 290.6713045370026
1.2723719098676574 103.81318468091119 290.6713045370024
1.2723748477627141 103.8131769336108 290.6713045370028
1.2723771128123644 103.81317096061997 290.6713045370026
1.2723800955455173 103.81316309508026 290.6713045370026
1.2723820257925413 103.81315800497194 290.6713045370027
1.2723850321774979 103.81315007706166 290.6713045370026
1.2723880656090998 103.81314207782862 290.6713045370026
1.2723908944915965 103.81313461799643 290.6713045370026
1.2723937205537352 103.8131271656015 290.6713045370026
1.272396598290731 103.8131195769386 290.6713045370027
1.2723983211827643 103.8131150336301 290.67130453700247
1.2724009988016003 103.81310797268357 290.6713045370026
1.272403788575969 103.81310061598003 290.6713045370026
1.2724056211583783 103.81309578341516 290.6713045370026
1.272408067574368 103.81308933215598 290.6713045370026
1.2724109529936511 103.8130817232342 290.6713045370028
1.2724137620387372 103.81307431571301 290.6713045370024
1.27241545120571 103.81306986133795 290.6713045370027
1.2724182886285902 103.81306237898363 290.6713045370026
1.2724200139748085 103.81305782920293 290.67130453700247
1.2724222965200607 103.81305181007451 290.67130453700236
1.2724242212073271 103.81304673462645 290.6713045370026
1.272426767296455 103.81304002052617 290.67130453700247
1.2724298216483585 103.81303196612424 290.6713045370026
1.2724321026150387 103.8130259511583 290.6713045370026
1.272435236622769 103.81301768670176 290.6713045370026
1.272437230579489 103.8130124285881 290.6713045370026
1.2724392380783647 103.8130071347634 290.6713045370026
1.2724413651263717 103.81300152568458 290.6713045370026
1.2724443639127758 103.8129936178097 290.6713045370024
1.2724468264663837 103.81298712399408 290.67130453700236
1.2724500040018478 103.81297874475324 290.6713045370026
1.2724522548655297 103.8129728091691 290.6713045370026
1.272455308449161 103.81296475679217 290.6713045370028
1.272457811553007 103.81295815604422 290.6713045370026
1.2724597365022383 103.81295307990452 290.6713045370026
1.272461747259858 103.81294777748586 290.6713045370027
1.272463972478277 103.8129419095286 290.6713045370026
1.27246685778511 103.81293430090143 290.67130453700236
1.2724684806364959 103.8129300214012 290.6713045370026
1.2724710408876994 103.8129232699538 290.6713045370024
1.272474055239707 103.81291532103096 290.6713045370024
1.2724764019966734 103.81290913257314 290.6713045370026
1.2724795726450011 103.81290077149272 290.6713045370026
1.2724818383094962 103.81289479687766 290.6713045370028
1.2724846602247877 103.81288735541497 290.6713045370027
1.2724869792781814 103.81288124001186 290.6713045370028
1.2724886662677155 103.81287679137729 290.67130453700247
1.2724904125988297 103.81287218625742 290.6713045370026
1.2724932479447273 103.81286470937758 290.6713045370027
1.2724949770970786 103.81286014955845 290.6713045370026
1.2724977979855754 103.812852710803 290.6713045370026
1.2725006874387628 103.81284509124059 290.6713045370027
1.272503323778177 103.81283813914563 290.6713045370026
1.2725060915643045 103.8128308404222 290.6713045370026
1.2725085680687742 103.81282430981595 290.6713045370024
1.2725112751554548 103.81281717115836 290.67130453700236
1.2725132508648207 103.81281196116161 290.6713045370027
1.2725151193986062 103.8128070337896 290.6713045370026
1.2725178144917646 103.81279992675903 290.6713045370027
1.272519508786458 103.81279545885994 290.6713045370026
1.2725221151302444 103.81278858586361 290.67130453700236
1.2725252831562381 103.81278023169662 290.6713045370027
1.2725281347946478 103.8127727118518 290.6713045370026
1.2725304063117049 103.81276672180205 290.6713045370027
1.272533517448869 103.81275851765207 290.6713045370026
1.2725366563892582 103.81275024018413 290.6713045370026
1.2725368700276354 103.81274142208784 286.92237397656965
1.2725369062215992 103.81273656139945 284.73092381372106
1.272536966383736 103.81272848188915 281.06422571539355
1.2725370218290648 103.81272103582252 277.68065387328596
1.2725370792207114 103.81271332837066 274.1996162338111
1.2725371448165745 103.81270451912395 270.4502522600376
1.2725371851354832 103.81269910446308 270.4502522600376
1.2725372338304992 103.8126925649241 270.4502522600376
1.2725372812236908 103.8126862002125 270.4502522600376
1.2725373311810968 103.81267949113509 270.4502522600374
1.2725373821649602 103.8126726442062 270.4502522600376
1.272537425522113 103.81266682151211 270.4502522600376
1.2725374657909232 103.81266141356856 270.4502522600374
1.2725363109016632 103.8126547647899 268.91825069722444
1.2725340469567035 103.81264786474681 265.94362216195526
1.2725317219442556 103.8126407785825 262.8620837627717
1.2725301628639796 103.81263602682347 260.78923373172336
1.2725277706763651 103.81262873592303 257.6127542429204
1.2725251824116899 103.81262084741975 254.2012382015463
1.272522681612136 103.8126132254924 251.97087412302804
1.2725203253358164 103.81260604404244 251.9708741230278
1.2725184372620304 103.81260028957841 251.9708741230282
1.272515972243059 103.81259277670314 251.97087412302804
1.2725145628713797 103.81258848122563 251.97087412302804
1.2725130119526065 103.81258375434143 251.9708741230278
1.2725111272612235 103.81257801018643 251.97087412302804
1.2725066600235582 103.81257064416234 249.48120065787413
1.2725034563918753 103.81256696176891 247.02524620398484
1.2724997278485979 103.8125626760193 244.13727301673737
1.2724938454259167 103.81255591450713 239.54978535702907
1.2724889861652908 103.81255032906189 235.76757859581372
1.2724857888301668 103.81254665390601 233.29962110238142
1.2724821637998 103.81254248713867 230.53446020192484
1.2724784378504894 103.81253820437072 229.18695128227756
1.2724748832586232 103.81253411856846 229.18695128227756
1.2724690467566315 103.81252740983963 229.1869512822771
1.2724648364911915 103.81252257037772 229.18695128227742
1.2724603068369227 103.81251736379645 229.18695128227725
1.2724555648901994 103.81251191319701 229.18695128227756
1.2724493793917702 103.81250672272027 227.57922736337784
1.272443598378206 103.81250345538335 224.71995113284078
1.2724390508256902 103.81250088517899 222.45128168947738
1.2724337435603328 103.81249788559703 219.79205068342648
1.2724295207355698 103.81249549892361 217.6744910494935
1.2724226041306577 103.81249158976853 214.21903866519867
1.2724182651107716 103.81248913742348 212.0689469985641
1.2724123930563895 103.81248581863176 209.65979914760638
1.272406129887858 103.8124822787885 209.65979914760638
1.272399458889494 103.81247850844633 209.65979914760598
1.2723951387603094 103.81247606677802 209.65979914760638
1.2723910272054382 103.81247374299261 209.65979914760652
1.272385890217747 103.81247083964888 209.65979914760644
1.2723802701794205 103.8124676632926 209.65979914760652
1.2723736842947064 103.8124639700876 209.62762190781217
1.2723693804763345 103.81246225178552 208.83539997868152
1.2723647957752995 103.81246042134087 207.9901977450131
1.2723597178306298 103.81245839396838 207.05296030754232
1.2723538605423166 103.81245605544248 205.97107049622855
1.272345536191839 103.81245273194051 204.43345708234952
1.2723389380594352 103.81245009763215 203.21597543846235
1.2723345637457002 103.81244835118474 202.41004269860105
1.2723299084520734 103.81244649255592 201.91865353196644
1.2723228646265223 103.81244368030431 201.91865353196644
1.272314800470642 103.81244046068517 201.91865353196584
1.2723099842887633 103.8124385378216 201.91865353196656
1.2723030553464958 103.8124357714372 201.91865353196593
1.27229469500939 103.8124324335675 201.91865353196584
1.2722904514267175 103.81243073931454 201.91865353196593
1.2722856476165352 103.81242882139038 201.91865353196593
1.2722778584112029 103.8124257115454 201.91865353196584
1.2722697037388768 103.81242245578748 201.91865353196593
1.2722615753041644 103.81241921050496 201.9186535319659
1.2722542288161358 103.8124162774151 201.91865353196584
1.272245552576502 103.8124152839031 198.9705536716299
1.2722389518555968 103.81241517922226 195.90859299328517
1.2722329948604287 103.81241508475026 193.12258356965393
1.2722271369619889 103.81241499184985 190.3750237747735
1.2722221280191373 103.81241491241298 188.02901066938406
1.272214080509942 103.81241478478748 184.28684319796614
1.2722084800947224 103.81241469597045 181.7163691522209
1.2722035044013122 103.81241461706085 180.94084318433727
1.2721971553942026 103.81241451637186 180.94084318433792
1.2721892927783616 103.81241439167853 180.94084318433787
1.2721833190251628 103.81241429694064 180.94084318433727
1.2721759959883479 103.81241418080447 180.94084318433727
1.2721706408651505 103.81241409587743 180.94084318433787
1.272162272387187 103.81241396316155 180.94084318433727
1.272154468314841 103.81241383939653 180.94084318433727
1.2721477418862657 103.8124137327219 180.94084318433727
1.2721392062149035 103.81241359735439 180.94084318433727
1.2721305406096932 103.81241345992626 180.94084318433727
1.2721218678683293 103.81241332238491 180.94084318433787
1.272113740285622 103.81241319348923 180.94084318433792
1.2721084811889218 103.81241311008498 180.94084318433792
1.2721013490181432 103.81241299697555 180.94084318433727
1.2720965266075204 103.81241356374325 180.11793300050277
1.272092384566391 103.81241563641112 177.3444948580688
1.2720845492533261 103.81241955718374 171.97365893657218
1.272080030901293 103.81242181815668 168.830920798505
1.2720740952248166 103.81242478835544 164.6896813450104
1.2720664994504516 103.81242858926333 159.4326652167684
1.272060523308481 103.81243157971089 155.3817273308506
1.2720538942366602 103.81243489688298 153.29451827198488
1.2720492659964835 103.81243721284355 153.2945182719843
1.2720422710756707 103.81244071308556 153.29451827198483
1.2720359282964124 103.81244388699741 153.29451827198457
1.272028807277641 103.81244745033845 153.29451827198463
1.2720216484102926 103.8124510326188 153.29451827198457
1.2720173478593806 103.81245318460431 153.29451827198463
1.2720131906227357 103.81245526487567 153.29451827198488
1.2720075490725655 103.812458087894 153.2945182719843
1.2720029284567513 103.81246040003917 153.29451827198488
1.271998849986754 103.81246244089586 153.2945182719843
1.2719933382375812 103.812465198962 153.29451827198488
1.2719873491384668 103.81246819589288 153.29451827198457
1.2719817587442976 103.81247099331274 153.29451827198483
1.2719737008179428 103.81247502547974 153.29451827198483
1.2719678044074592 103.81247797602936 153.29451827198457
1.2719632449093545 103.8124802575912 153.2945182719843
1.2719581253462817 103.8124828194082 153.29451827198463
1.2719513759875867 103.81248619677095 153.29451827198457
1.271947826248756 103.81248989051252 151.09351773694715
1.2719426219746495 103.81249642055302 146.49730879949928
1.271938607551844 103.81250145763264 142.8982740102418
1.271933032420265 103.81250845300478 137.87923975913606
1.2719277520365366 103.81251507854327 133.16590069888173
1.271924274275664 103.81251944224853 130.11382099175148
1.2719209387134576 103.81252362753062 128.39983837760383
1.2719154354184368 103.8125305327659 128.39983837760383
1.2719102124148332 103.81253708630666 128.39983837760383
1.2719047443633757 103.81254394732008 128.39983837760383
1.2719018559093174 103.81254757159502 128.39983837760383
1.2718989096251532 103.812551268432 128.39983837760383
1.2718951031179027 103.81255604463006 128.39983837760352
1.2718913800527165 103.81256071612951 128.39983837760383
1.271887872489383 103.81256511722896 128.3998383776039
1.2718837414339508 103.81257030065224 128.39983837760354
1.2718787136510505 103.8125766092403 128.39983837760383
1.2718753110792198 103.81258087860199 128.39983837760383
1.2718719781924386 103.81258506052666 128.3998383776039
1.2718675539280861 103.81259061185234 128.3998383776039
1.2718631385888535 103.81259615197926 128.3998383776039
1.2718589804578866 103.8126013693752 128.3998383776038
1.2718548340924085 103.81260657200842 128.39983837760383
1.2718507469510012 103.81261170033044 128.3998383776038
1.271845553143658 103.81261821723643 128.39983837760383
1.2718411321560346 103.81262376445035 128.39983837760397
1.2718370764797706 103.81262885329151 128.39983837760383
1.2718342464764756 103.81263240422508 128.39983837760383
1.2718288627912708 103.81263915937923 128.39983837760383
1.2718239749149705 103.81264529241936 128.39983837760383
1.2718186956908388 103.8126519165013 128.39983837760383
1.2718156840795154 103.81265569530657 128.39983837760383
1.2718126929189 103.8126594484514 128.3998383776039
1.2718074372839339 103.8126660429348 128.3998383776038
1.271803542378896 103.81267093004863 128.39983837760383
1.2717984160666962 103.81267736226474 128.3998383776038
1.2717938067027714 103.81268473565359 127.13982711827192
1.271789855880925 103.81269131394406 125.85258309320307
1.2717870996102223 103.8126959032548 124.95373206713074
1.2717827173774343 103.81270319986314 123.52448309058687
1.2717800781846633 103.81270759423394 122.6642672536768
1.2717761020428842 103.81271421468294 121.37007868814953
1.2717719080369063 103.81272119788525 120.85144626610443
1.271767844013063 103.81272796466158 120.85144626610412
1.2717654235608837 103.81273199481963 120.85144626610418
1.2717627979026613 103.8127363666546 120.85144626610412
1.2717603259720833 103.81274048252635 120.85144626610412
1.2717565918728042 103.81274669996375 120.85144626610412
1.2717536129456033 103.81275166000681 120.85144626610445
1.2717497512839164 103.81275808984103 120.85144626610443
1.2717472584162095 103.81276224057387 120.85144626610412
1.2717446460920743 103.8127665902068 120.85144626610412
1.271741558952324 103.8127717304283 120.85144626610418
1.2717378952548481 103.81277783064333 120.85144626610443
1.2717353974044259 103.81278198967246 120.85144626610412
1.2717320644832844 103.81278753913047 120.85144626610418
1.2717296645919947 103.81279153505336 120.85144626610447
1.2717252201072935 103.8127989353127 120.8514462661041
1.271721035465139 103.81280590292289 120.85144626610412
1.2717170733431955 103.81281250002722 120.85144626610443
1.2717142465073712 103.81281720683104 120.85144626610443
1.2717105918429439 103.81282329200522 120.85144626610413
1.2717082381809646 103.81282721095405 120.85144626610412
1.2717041430112692 103.81283402958842 120.85144626610412
1.2716998838481968 103.81284112127875 120.85144626610412
1.2716962780313423 103.81284712511938 120.85144626610443
1.2716930059739089 103.8128525732361 120.85144626610412
1.2716890856794183 103.81285910069542 120.85144626610443
1.271685581022194 103.81286493610072 120.85144626610443
1.2716814827641307 103.81287175987693 120.85144626610447
1.2716787201023103 103.81287635982783 120.85144626610413
1.271675461604852 103.81288178536636 120.85144626610447
1.2716720348395945 103.81288749107797 120.85144626610443
1.2716683238764128 103.8128936699913 120.85144626610412
1.2716656933514487 103.81289804992848 120.85144626610413
1.271663071400602 103.81290241558936 120.85144626610443
1.2716592215516331 103.81290882575334 120.85144626610412
1.271656286163472 103.81291371330073 120.85144626610443
1.2716528313220206 103.81291946576012 120.8514462661041
1.2716486563529183 103.8129264172629 120.85144626610412
1.271644075894911 103.81293404392201 120.8514462661045
1.2716413704663068 103.8129385485767 120.85144626610412
1.271637919674727 103.81294429429265 120.85144626610412
1.2716346638472853 103.81294971538489 120.8514462661045
1.2716310807843079 103.81295568133828 120.85144626610412
1.2716283983087855 103.81296014777493 120.85144626610443
1.2716243951999036 103.81296681312264 120.85144626610412
1.2716201952401314 103.8129738062354 120.85144626610412
1.2716168600292812 103.81297935950418 120.85144626610412
