1.2746848304122145 103.81461103480169 221.74529273377624 17.6702 1.0
1.2745959879300541 103.81453233691524 221.74529273377627 13.170200000000001 2.0
1.2745285307313232 103.81447258240719 221.74529273377672 10.0 3.0
1.2744617308616668 103.81441214167741 222.95427387233445 10.0 4.0
1.274398326661322 103.81434815600493 225.47312659929926 10.0 5.0
1.2743349224622955 103.81428417033563 225.4731265992988 10.0 6.0
1.2742715182645876 103.81422018466948 225.4731265992988 10.0 7.0
1.2742111426571214 103.8141534375771 229.49426413491642 10.0 8.0
1.2741524106170221 103.81408519190508 229.4942641349159 10.0 9.0
1.2740936785779913 103.81401694623658 229.49426413491642 10.0 10.0
1.2740349465400287 103.81394870057166 229.4942641349159 10.0 11.0
1.2739762145031346 103.81388045491028 229.49426413491642 10.0 12.0
1.273917482467309 103.81381220925242 229.49426413491642 10.0 13.0
1.2738587504325525 103.81374396359813 229.49426413491577 10.0 14.0
1.2738005886033448 103.81367527249742 230.41374041630078 10.0 15.0
1.2737476947907864 103.8136024659691 234.20404095446835 10.0 16.0
1.2736948009789364 103.81352965944465 234.20404095446835 10.0 17.0
1.2736419071677965 103.81345685292412 234.20404095446835 10.0 18.0
1.2735890133573664 103.81338404640749 234.20404095446835 10.0 19.0
1.2735361195476456 103.81331123989474 234.20404095446835 10.0 20.0
1.2734832257386348 103.81323843338589 234.20404095446796 10.0 21.0
1.2734303319303348 103.81316562688092 234.20404095446835 10.0 22.0
1.2733774381227456 103.81309282037985 234.20404095446835 10.0 23.0
1.2733245443158672 103.81302001388268 234.20404095446824 10.0 24.0
1.2732716505096997 103.8129472073894 234.20404095446835 10.0 25.0
1.2732186905880274 103.81287444900977 234.11783893690122 10.0 26.0
1.2731641821154962 103.81280282782731 232.93124402272625 10.0 27.0
1.2731096736437806 103.81273120664866 232.9312440227265 10.0 28.0
1.2730552660208654 103.81265951025868 233.09113480322702 10.0 29.0
1.2730009373960767 103.81258776257431 232.80880922248164 10.0 30.0
1.2729443139326704 103.81251777994383 231.2308618282507 10.0 31.0
1.2728965677854345 103.81244023901392 240.22290712617527 10.0 32.0
1.2728345043374643 103.81237424638509 226.9687297221407 10.0 33.0
1.2727724408907466 103.81230825375962 226.9687297221402 10.0 34.0
1.272710377445282 103.81224226113753 226.96872972214058 10.0 35.0
1.272648314001071 103.81217626851875 226.96872972214058 10.0 36.0
1.2725862505581136 103.81211027590336 226.96872972214047 10.0 37.0
1.27252418711641 103.81204428329131 226.96872972214035 10.0 38.0
1.2724621378795211 103.81197827750567 226.99322619449808 10.0 39.0
1.2724227609530996 103.81193634866854 227.0089764964863 6.3494000000000055 40.0
1.2724112915721941 103.81192413598863 227.0089764964863 1.8494000000000077 41.0
1.2724112915721941 103.81192413598863 227.0089764964863 4.7748263676261615e-15 42.0
1.2724112915721941 103.81192413598863 227.0089764964863 4.7748263676261615e-15 43.0
1.2724112915721941 103.81192413598863 227.0089764964863 4.7748263676261615e-15 44.0
1.272398235363602 103.81190487415218 231.69467959796944 2.600000000000005 45.0
1.2723894514538798 103.81186021070678 259.66577594611937 5.200000000000005 46.0
1.2724105401017793 103.8117939760109 290.69081934238466 7.800000000000004 47.0
1.2724548082742702 103.81171566106856 301.1146536799344 10.0 48.0
1.272495826242881 103.81164807053916 301.1138184282664 8.779999999999994 49.0
1.2725425307655558 103.81157107126477 301.09471808574904 10.0 50.0
1.2725890459501406 103.81149362071892 300.72748661559956 10.0 51.0
1.272635364700653 103.81141589637313 300.58440549504905 10.0 52.0
1.2726672106962145 103.81133128192661 290.5916263413927 10.0 53.0
1.272699149536388 103.8112467018937 290.5916263413926 10.0 54.0
1.272729700414167 103.81116174675341 288.7819596280701 10.0 55.0
1.2727452839754536 103.81107274655407 279.8953254588069 10.0 56.0
1.2727609348887954 103.81098375802455 279.9383114706852 10.0 57.0
1.2727765857980289 103.81089476949674 279.9383114706852 10.0 58.0
1.2727846007462578 103.81080518973175 270.2656797895979 10.0 59.0
1.2727830143704193 103.81071486655586 269.0267031178782 10.0 60.0
1.2727814279915006 103.81062454338304 269.0267031178782 10.0 61.0
1.2727798387376468 103.81053422026407 269.0230831050715 10.0 62.0
1.272778190118449 103.81044389819759 268.98747963569156 10.0 63.0
1.2727765414961756 103.8103535761342 268.98747963569156 10.0 64.0
1.2727744848090217 103.81026326288224 268.57617841097334 10.0 65.0
1.2727721836397774 103.81017295491067 268.57617841097334 10.0 66.0
1.2727699110875779 103.81008264622726 268.5961405591765 10.0 67.0
