465991197
1.2894317584859993 103.86201775484791 273.0214455073688
1.2894321209337383 103.86201087389489 273.0214455073681
1.2894323817732585 103.86200592194078 273.02144550736875
1.2894328238002328 103.86199753020087 273.02144550736875
1.2894331882819516 103.86199061063228 273.0214455073681
1.2894336083164502 103.8619826364115 273.0214455073681
1.2894339155094146 103.86197680445088 273.02144550736875
1.2894343331633464 103.86196888821586 273.0222979110901
1.2894346856142687 103.86196228217817 273.02797057902507
1.2894349780335634 103.86195680132154 273.03267704338043
1.2894353780235133 103.86194930425236 273.03911484904177
1.289435802314814 103.86194135169902 273.0459437834292
1.289436249452338 103.86193297093506 273.05314042625173
1.2894365046135714 103.86192818841052 273.0572472260353
1.289436931106471 103.86192019459094 273.0599809283729
1.2894372368417975 103.86191446414813 273.05998092837353
1.289437507064358 103.86190939932618 273.0599809283729
1.2894378825546897 103.8619023614543 273.05998092837353
1.289438265191124 103.86189518964153 273.05998092837353
1.289438675416602 103.86188750072269 273.0599809283729
1.2894390641045563 103.86188021548452 273.05998092837353
1.28943944668067 103.86187304480111 273.05998092837353
1.2894398140009338 103.8618661600601 273.05998092837353
1.2894402229007245 103.86185849598706 273.0599809283729
1.289440602746021 103.8618513764866 273.05998092837353
1.2894409237511315 103.8618453598367 273.0599809283729
1.2894413543340006 103.86183728935303 273.05998092837353
1.2894417423992977 103.86183001578256 273.05998092837353
1.2894421426758809 103.86182251333356 273.05998092837353
1.2894426053399834 103.86181384154462 273.0599809283729
1.2894429238498537 103.86180787166167 273.05998092837285
1.2894433477605591 103.86179992623309 273.0599809283729
1.2894437658165756 103.86179209053944 273.05998092837353
1.2894440406230074 103.86178693979637 273.05998092837285
1.2894443443367543 103.8617812411915 273.05957281865886
1.2894446754296016 103.86177502848685 273.05910205184205
1.2894450877342962 103.86176729190342 273.05851581332513
1.2894455592050975 103.86175844511251 273.05784544899103
1.289446009938013 103.86174998745169 273.05720457093173
1.2894464567128414 103.8617416040608 273.056580448149
1.2894467282952569 103.86173650802243 273.0565804481497
1.2894471257924642 103.86172904928799 273.056580448149
1.2894475843224078 103.86172044531986 273.05658044814965
1.289447879376597 103.8617149088505 273.0565804481497
1.2894482118365218 103.86170867049046 273.0565804481497
1.2894485590034521 103.86170215616418 273.0565804481497
1.2894488488130738 103.86169671810441 273.0565804481497
1.28944917514435 103.86169059474297 273.056580448149
1.2894495162932518 103.86168419333958 273.05658044814965
1.2894499812744975 103.86167546826141 273.05657686274924
1.289450454441566 103.86166658325129 273.0561465091041
1.2894508873322656 103.86165845453998 273.0557527874866
1.289451159685597 103.86165334035822 273.0555050773829
1.2894514386351565 103.86164810231395 273.05525136788447
1.2894518797061651 103.86163981999368 273.05485020607273
1.289452302932262 103.86163187276016 273.05446527449595
1.2894526597038214 103.86162517339288 273.0544068285764
1.289452971653164 103.86161931568574 273.05440682857704
1.2894534185452324 103.86161092405717 273.0544068285764
1.2894538025144697 103.86160371397752 273.05440682857704
1.2894541498208014 103.8615971923445 273.05440682857704
1.2894544332317444 103.86159187052316 273.05440682857704
1.2894547677141373 103.86158558969434 273.05440682857704
1.2894551930084703 103.86157760362063 273.0544068285764
1.289455441228649 103.86157294260215 273.05440682857704
1.2894557218978184 103.86156767226416 273.05440682857704
1.2894560996513669 103.86156057889878 273.0544068285771
1.289456350368205 103.861555870998 273.0544068285771
1.2894568162459785 103.86154712285622 273.0544068285764
1.2894570585795282 103.86154257237436 273.0544068285764
1.2894574730605908 103.86153478934699 273.05440682857704
1.2894577472561264 103.8615296405678 273.0544068285764
1.2894582077310701 103.8615209938773 273.05440682857704
1.2894585936560208 103.86151374706864 273.05440682857704
1.2894589097798856 103.86150781096819 273.05440682857704
1.2894593468497348 103.86149960377168 273.0544068285764
1.2894598050045347 103.86149100064627 273.05440682857704
1.2894601760914348 103.86148403246143 273.0544068285764
1.2894604587438876 103.86147872487814 273.05440682857704
1.2894607516258891 103.86147322520647 273.05440682857704
1.289461215805937 103.86146450893855 273.05440682857704
1.2894614858264968 103.8614594385533 273.0544068285764
1.2894619536567289 103.8614506537421 273.0544068285764
1.289462266806145 103.86144477349225 273.0544068285764
1.2894626603284907 103.86143738401707 273.05440682857704
1.2894629784800535 103.86143140983738 273.0544068285764
1.2894633233525603 103.86142493389742 273.05440682857704
1.289463600106466 103.86141973707329 273.0544068285764
1.2894638544666304 103.86141496075376 273.05440682857704
1.2894643196857916 103.86140622496961 273.0544068285764
1.28946474141663 103.86139830579923 273.0544068285764
1.2894649822397863 103.8613937836739 273.05440682857704
1.2894652416288663 103.8613889129215 273.0544068285771
1.2894656337492085 103.86138154976963 273.05440682857704
1.289465907488616 103.86137640954935 273.05440682857704
1.2894662767024672 103.86136947652999 273.0544068285764
1.289466710823604 103.86136132469488 273.0544068285764
1.2894670466869358 103.86135501792378 273.0544068285764
1.2894672991379237 103.86135027745193 273.0544068285764
1.2894677534357921 103.86134174674116 273.0544068285764
1.2894682110656692 103.86133315346203 273.0544068285764
1.289468603859975 103.86132577765139 273.0544068285764
1.2894688608226512 103.86132095245891 273.0544068285764
1.2894692312961618 103.8613139957829 273.05440682857704
1.2894695605849553 103.86130781246479 273.05440682857704
1.2894700284632499 103.86129902674067 273.0544068285764
1.2894703865034132 103.86129230353438 273.05440682857704
1.2894707693320677 103.8612851148544 273.05440682857704
1.2894711009076132 103.86127888859473 273.0544068285764
1.2894713559391962 103.86127409966217 273.05440682857704
1.289471613485103 103.86126926351594 273.0544068285764
1.289471893990854 103.86126399623407 273.0544068285764
1.289472138440722 103.86125940600233 273.0544068285771
1.2894724743509431 103.86125309834571 273.0544068285771
1.2894728088698835 103.86124681681397 273.05440682857704
1.289473164686187 103.86124013536416 273.05440682857704
1.2894736218659253 103.86123155053083 273.0544068285764
1.28947406963025 103.86122314249776 273.0544068285764
1.289474516939448 103.86121474301044 273.05440682857704
1.2894749123130906 103.86120731875866 273.0544068285764
1.289475372003394 103.8611986867802 273.0544068285764
1.2894757208247676 103.86119213667736 273.05440682857704
1.2894761643540078 103.86118380816735 273.05440682857704
1.289476449626981 103.86117845136394 273.05440682857704
1.289476870960469 103.86117053964084 273.05440682857704
1.2894773243718958 103.86116202556347 273.0544068285764
1.2894776057605908 103.86115674169747 273.0544068285764
1.28947801258022 103.86114910251163 273.0544068285771
1.2894784595215272 103.86114070992762 273.0544068285764
