581942152
1.2894754857024815 103.860651860822 273.0456257621226
1.2894757910581547 103.86064611018331 273.0456257621219
1.2894761373765928 103.86063958810928 273.0456257621219
1.2894764771389189 103.8606331895035 273.0456257621219
1.2894767466967176 103.86062811303081 273.0456257621219
1.2894772017503953 103.86061954318905 273.0456257621219
1.2894775503570377 103.86061297802082 273.0456257621219
1.289478025674404 103.86060402656011 273.0456257621226
1.2894784860455395 103.86059535657517 273.0456257621219
1.2894787840307942 103.86058974473806 273.0456257621219
1.289479180912115 103.86058227043054 273.0456257621219
1.2894795358133004 103.86057558671777 273.0456257621219
1.2894798714078648 103.86056926659859 273.0456257621219
1.2894803144117826 103.86056092368122 273.0456257621219
1.289480590322699 103.86055572755991 273.0456257621219
1.28948087368692 103.86055039107323 273.0456257621219
1.2894813166645311 103.86054204865006 273.0456257621219
1.2894815631288583 103.86053740708405 273.0456257621226
1.2894819388402639 103.86053033145821 273.0456257621219
1.289482408196329 103.86052149225857 273.0456257621219
1.2894828405870344 103.86051334921258 273.0456257621219
1.2894833024846377 103.86050465047408 273.0456257621219
1.2894836229829814 103.86049861465268 273.0456257621219
1.289484093364176 103.86048975614499 273.0456257621219
1.2894843577930624 103.86048477625742 273.0456257621219
1.2894848104723642 103.86047625112174 273.0456257621219
1.2894852737160092 103.86046752703123 273.0456257621219
1.289485599781599 103.86046138636223 273.0456257621226
1.2894860020530703 103.86045381053653 273.0456257621219
1.2894863925992754 103.86044645552786 273.0456257621219
1.2894866667823845 103.86044129194103 273.0456257621219
1.2894870450898548 103.86043416741913 273.0456257621219
1.2894874273039085 103.86042696932562 273.0456257621219
1.2894877235366125 103.86042139048622 273.0456257621219
1.2894880172595378 103.86041585891235 273.0456257621219
1.289488284712688 103.86041082206707 273.0456257621219
1.2894887476831227 103.86040210311735 273.0456257621226
1.2894890113680801 103.86039713723653 273.0456257621219
1.2894893329392663 103.86039108120559 273.0456257621219
1.2894897405545462 103.86038340473772 273.0456257621219
1.2894902106596164 103.86037455142217 273.0456257621219
1.289490467419863 103.8603697159508 273.0456257621226
1.2894908293024272 103.86036290074914 273.0456257621219
1.2894912792880588 103.86035442633421 273.0456257621219
1.289491531679029 103.86034967314707 273.0456257621219
1.2894918288459587 103.86034407671038 273.0456257621219
1.2894922660259294 103.86033584345856 273.0456257621219
1.2894926489032577 103.86032863286829 273.0456257621219
1.289492947835739 103.86032300318067 273.0456257621219
1.2894933653046334 103.86031514113914 273.0456257621219
1.289493624107297 103.86031026609542 273.04555146831694
1.289493967240036 103.86030379090904 273.04467213592045
1.2894943399072873 103.86029675838269 273.04371711657126
1.2894947713111462 103.86028861744953 273.0426115752173
1.2894952400897428 103.86027977122478 273.0414102550377
1.2894957153425597 103.86027080282575 273.040192343545
1.2894960158415831 103.86026513216963 273.0395318254627
1.2894963365539862 103.86025908007059 273.03953182546206
1.2894966418795415 103.86025331833342 273.03953182546206
1.289496948150856 103.86024753874874 273.0395318254627
1.2894973655228337 103.86023966260525 273.0395318254627
1.2894977460062833 103.86023248257742 273.0395318254627
1.2894980452477223 103.86022683565122 273.03953182546206
1.289498327792394 103.86022150380614 273.0395318254627
1.2894985983369605 103.86021639841252 273.039531825462
1.2894989265636685 103.8602102045102 273.0395318254627
1.2894993214275123 103.86020275311105 273.039531825462
1.2894996328655894 103.86019687602311 273.0395318254627
1.2894999975674013 103.86018999380512 273.0395318254627
1.2895002777844244 103.86018470588316 273.039531825462
1.2895007122107462 103.86017650790649 273.0395318254627
1.2895011366808076 103.860168497812 273.0395318254627
1.2895015015556677 103.86016161232693 273.03953182546206
1.2895017549463743 103.86015683063819 273.0395318254627
1.2895020598677527 103.86015107652352 273.0395318254627
1.2895023687803406 103.86014524709122 273.0395318254627
1.2895026398622915 103.86014013155365 273.039531825462
1.2895030197603004 103.86013296256796 273.0395318254627
1.2895034515908326 103.86012481357264 273.039531825462
1.2895038750946617 103.8601168217085 273.039531825462
1.289504131081864 103.86011199102006 273.03953182546206
1.289504588313365 103.86010336268626 273.039531825462
1.289505011045286 103.86009538538732 273.0395318254627
1.2895054401517976 103.8600872877941 273.0395318254627
1.2895058700963822 103.86007917438523 273.0395318254627
1.2895063272535021 103.86007054745282 273.0395318254627
1.2895067734484076 103.86006212738589 273.039531825462
1.289507163654614 103.86005476387156 273.0395318254627
1.2895075726869736 103.86004704509168 273.039531825462
1.2895078527834758 103.86004175943809 273.03953182546206
1.2895082556097126 103.86003415777212 273.039531825462
1.2895085068386725 103.86002941687256 273.03953182546206
1.2895089244837574 103.86002153556181 273.039531825462
1.2895093106176563 103.86001424889298 273.0395318254627
1.2895096105294326 103.86000858930726 273.03953182546206
1.2895100236924621 103.86000079257536 273.0395318254627
1.28951044871002 103.85999277213813 273.0395318254627
1.2895106943744636 103.85998813624411 273.0395318254627
1.2895110578694835 103.85998127678802 273.03953182546206
1.2895114959115042 103.85997301056696 273.0395318254627
1.2895118084313384 103.85996711355442 273.03956532322655
1.289512082912335 103.85996195726624 273.0411339920439
1.28951246576338 103.85995476518212 273.04332199972873
1.2895127208911892 103.8599499724546 273.04478006453576
1.2895130275085702 103.85994421246461 273.0465323942214
1.2895133647659758 103.85993787688324 273.0484598328715
1.289513690665766 103.85993175466113 273.05032236241925
1.289514014981831 103.85992566218995 273.05217584100063
1.289514456561126 103.85991736685843 273.0531834933306
1.2895148404221917 103.85991015579798 273.0531834933306
1.289515118616445 103.85990492975175 273.0531834933313
1.2895154127617212 103.85989940405572 273.0531834933313
1.2895158397465936 103.85989138288754 273.0531834933313
1.289516141979399 103.85988570526183 273.0531834933313
1.2895164970320099 103.85987903538384 273.0531834933313
1.289516826533869 103.85987284549186 273.0531834933313
1.2895171411443933 103.85986693534235 273.0531834933313
1.289517529606735 103.8598596378413 273.0531834933306
1.2895178635225242 103.85985336503002 273.0531834933313
1.2895182706639716 103.85984571662978 273.0531834933313
1.289518510737887 103.85984120669474 273.0531834933306
1.289518961155426 103.85983274532592 273.0531834933313
1.2895194276116857 103.85982398265932 273.0531834933306
1.289519810312712 103.85981679338566 273.0531834933313
1.2895201728869519 103.85980998220565 273.0531834933313
1.2895205091918627 103.85980366451082 273.0531834933313
1.2895209623562338 103.85979515153858 273.0531834933306
1.2895212229462938 103.85979025619329 273.0531834933313
1.2895215143146455 103.85978478265858 273.0531834933313
1.2895218330507665 103.8597787950031 273.0531834933313
1.2895221011078672 103.8597737593842 273.0531834933313
1.2895225358231597 103.85976559298737 273.0531834933313
1.2895228558934102 103.85975958026856 273.0531834933313
1.2895232326129416 103.85975250335738 273.0531834933313
1.2895235268601182 103.85974697574049 273.0531834933313
