160588639
1.2855801341406317 103.86072672655176 2.1911204272220077
1.2855847141830359 103.86072689862644 2.1911204272220077
1.285591255139985 103.86072714437371 2.1911204272220077
1.2855982902222542 103.86072740868555 2.1911204272220077
1.2856041260555988 103.86072762794092 2.1911204272220077
1.2856120855249942 103.86072792698243 2.191120427221842
1.2856196306709762 103.86072821045757 2.1911204272220077
1.285628263299734 103.86072853479 2.1911204272220077
1.2856342607822133 103.86072876011856 2.1911204272220077
1.285641859954868 103.86072904562347 2.1911204272220077
1.2856498180448779 103.86072934461305 2.1911204272220077
1.2856584819349144 103.8607296701199 2.1911204272220077
1.2856674301518878 103.86073000630901 2.1911204272220077
1.2856734381983135 103.8607302320344 2.1911204272220077
1.2856796343595216 103.86073046482736 2.1911204272220077
1.2856847347193123 103.86073065645047 2.1911204272220077
1.285690721762233 103.86073088138671 2.1911204272220077
1.2856965126801598 103.86073109895442 2.1911204272220077
1.2857019267252385 103.86073130236284 2.1911204272220077
1.285709714227623 103.86073159494322 2.1911204272220077
1.2857155485906275 103.86073181414315 2.1911204272220077
1.2857228192183214 103.86073208730426 2.1911204272220077
1.2857313367984284 103.86073240731396 2.1911204272220077
1.2857378356107148 103.86073265147753 2.1911204272220077
1.2857429690246773 103.86073284434242 2.1911204272220077
1.2857514509482444 103.86073316301245 2.1911204272220077
1.2857560087757078 103.86073333425225 2.1911204272220077
1.285762969654962 103.86073359577586 2.1911204272220077
1.2857683313704347 103.86073379721809 2.1911204272220077
1.2857753794198452 103.8607340620167 2.1911204272220077
1.2857832500577835 103.86073435772035 2.191120427221842
1.285792052932475 103.86073468844856 2.1911204272220077
1.2857967006224744 103.86073486306445 2.1911204272220077
1.2858034585293943 103.8607351169622 2.1911204272220077
1.2858121570996914 103.8607354437716 2.1911204272220077
1.2858170246567864 103.860735626648 2.1911204272220077
1.285821934399178 103.8607358111093 2.1911204272220077
1.2858268440277596 103.86073599556633 2.1911204272220077
1.285835496557739 103.8607363206459 2.1911204272220077
1.2858431357206805 103.86073660765274 2.1911204272220077
1.2858513733495478 103.86073691714425 2.1911204272220077
1.2858586754057038 103.8607371914858 2.1911204272220077
1.2858676476622442 103.86073752857756 2.1911204272220077
1.2858735087703044 103.86073774878201 2.1911204272220077
1.2858783124105895 103.86073792925694 2.1911204272220077
1.285883217181125 103.86073811353137 2.191120427221995
1.2858912657829444 103.8607384159209 2.1911204272220077
1.2858976315191315 103.86073865508443 2.1911204272220077
1.2859033223275005 103.8607388688906 2.1911204272220077
1.285912083406606 103.8607391980482 2.191120427221995
1.285918871708938 103.86073945308769 2.191120427221995
1.2859246422809851 103.86073966989059 2.1911204272220077
1.2859295714098142 103.86073985508008 2.1911204272220077
1.285935925352979 103.86074009380047 2.191120427221842
1.2859411229582904 103.86074028907672 2.191120427221842
1.285946544894484 103.86074049278119 2.1911204272220077
1.285955016379861 103.86074081105849 2.1911204272220077
1.2859633568866764 103.86074112441486 2.1911204272220077
1.285969073653385 103.86074133919617 2.1911204272220077
1.2859766188860322 103.86074162267373 2.191120427221842
1.285983758322902 103.86074189090535 2.1911204272220077
1.285990837010502 103.86074215685454 2.191120427221842
1.2859955864397496 103.86074233529256 2.1911204272220077
1.2860024720395822 103.86074259398738 2.1911204272220077
1.2860074036135378 103.86074277926862 2.1911204272220077
1.2860136923704208 103.86074301553978 2.1911204272220077
1.2860188570514455 103.86074320957893 2.1911204272220077
1.2860236610643812 103.86074339006763 2.1911204272220077
1.2860284221840843 103.8607435689448 2.191120427221842
1.2860341162014253 103.86074378287131 2.191120427221842
1.2860388999144918 103.8607439625973 2.191120427221842
1.2860456185064095 103.86074421501748 2.1911204272220077
1.2860525348926068 103.86074447486884 2.1911204272220077
1.2860607932092343 103.86074478513702 2.1911204272220077
1.2860654494007042 103.86074496007194 2.1911204272220077
1.2860738408115941 103.8607452753405 2.1911204272220077
1.2860824672610844 103.86074559943953 2.1911204272220077
1.2860873925821357 103.86074578448572 2.1911204272220077
1.2860940683992608 103.86074603529872 2.1911204272220077
1.2861010746653363 103.86074629852679 2.1911204272220077
1.286107333483018 103.86074653367292 2.191120427221842
1.2861134032317152 103.86074676171565 2.1911204272220077
1.2861182439586925 103.86074694358356 2.1911204272220077
1.286123276050835 103.86074713264115 2.1911204272220077
1.2861278909813976 103.86074730602579 2.1911204272220077
1.2861368613355741 103.8607476430453 2.1911204272220077
1.286144343537172 103.86074792415434 2.1911204272220077
1.286150174961353 103.86074814324306 2.191120427221995
1.2861563790842114 103.86074837633419 2.1911204272220077
1.2861609040107587 103.8607485463373 2.1911204272220077
1.2861682752289387 103.86074882327662 2.19112042722202
1.2861751798366436 103.86074908268517 2.19112042722202
1.2861825658007067 103.86074936017846 2.1911204272220077
1.2861886432888523 103.86074958851181 2.1911204272220077
1.2861955861652752 103.86074984935811 2.19112042722202
1.286201707607025 103.8607500793428 2.1911204272220077
1.2862086602114018 103.86075034055455 2.1911204272220077
1.2862165387839473 103.8607506365552 2.1911204272220077
1.2862214171271829 103.86075081983621 2.1911204272220077
1.286226693292786 103.86075101806355 2.1911204272220077
1.2862326226226102 103.86075124083047 2.191120427221995
1.2862408921367934 103.8607515515189 2.1911204272220077
1.2862490435453497 103.86075185777001 2.191120427221842
1.2862562100401511 103.86075212701759 2.191120427221995
1.286264061483946 103.8607524219989 2.191120427221995
1.2862723431627463 103.86075273314425 2.1911204272220077
1.2862771642966215 103.8607529142758 2.1911204272220077
1.2862835991011479 103.86075315603348 2.1911204272220077
1.2862902294884946 103.86075340513925 2.1911204272220077
1.286295855584702 103.86075361651346 2.1911204272220077
1.2863007610448176 103.86075380081316 2.1911204272220077
1.2863075833766993 103.8607540571303 2.1911204272220077
1.286314419670757 103.860754313972 2.1911204272220077
1.2863219556948007 103.86075459710274 2.1911204272220077
1.2863283939420018 103.86075483898966 2.191120427221842
1.28633718374916 103.8607551692254 2.1911204272220077
1.2863445431619551 103.86075544572076 2.1911204272220077
1.2863506119385002 103.86075567372652 2.191120427221842
1.2863567503785238 103.86075590434953 2.1911204272220077
1.2863633442592481 103.86075615208358 2.1911204272220077
1.2863716200625208 103.86075646300793 2.1911204272220077
1.2863775854406037 103.86075668712893 2.1911204272220077
1.286382264706751 103.8607568629303 2.1911204272220077
1.2863873888927482 103.86075705544745 2.1911204272220077
1.2863949387630365 103.86075733909824 2.1911204272220077
1.28640392446614 103.86075767669365 2.1911204272220077
1.2864112936894678 103.86075795355744 2.1911204272220077
1.28641591629966 103.8607581272302 2.19112042722202
1.2864223781626962 103.86075837000419 2.191120427221842
1.2864273228351133 103.8607585557769 2.19112042722202
1.2864339930849749 103.86075880637999 2.1911204272220077
1.286442888274215 103.86075914057467 2.19112042722202
1.2864508190159902 103.86075943853477 2.1911204272220077
1.286455889235989 103.86075962902429 2.1911204272220077
1.2864648358706419 103.86075996515171 2.191120427221842
1.2864738514099068 103.86076030386786 2.191120427221995
1.286482779860047 103.86076063931206 2.1911204272220077
1.2864910343325922 103.8607609494347 2.191120427221842
1.2864994219170869 103.86076126455838 2.1911204272220077
1.2865082313030083 103.8607615955292 2.1911204272220077
1.2865164277369465 103.86076190347127 2.1911204272220077
1.2865247810149765 103.86076221730598 2.19112042722202
1.286530419740396 103.86076242915424 2.1911204272220077
1.2865379988018855 103.86076271390142 2.1911204272220077
1.2865462609929896 103.8607630243139 2.1911204272220077
1.2865515820340667 103.86076322422667 2.19112042722202
1.2865602462941514 103.86076354974496 2.1911204272220077
1.2865685036230052 103.8607638599747 2.1911204272220077
1.28657395749397 103.86076406487788 2.191120427221842
1.2865819110820047 103.86076436369599 2.1911204272220077
1.2865869563840244 103.86076455324913 2.1911204272220077
1.2865957737668008 103.86076488452015 2.1911204272220077
1.2866047825227516 103.86076522298112 2.1911204272220077
1.2866123131456384 103.86076550590823 2.191120427222173
1.2866210260964468 103.86076583325567 2.191120427221842
1.2866292567560662 103.8607661424833 2.1911204272220077
1.286635189771174 103.86076636538793 2.1911204272220077
1.2866437590946875 103.86076668733918 2.1911204272220077
1.2866501804503514 103.86076692859083 2.19112042722216
1.2866586520963255 103.86076724687229 2.191120427221842
1.286666277002781 103.86076753334156 2.19112042722216
1.2866717222779345 103.86076773792162 2.19112042722216
1.286678601813502 103.86076799638712 2.19112042722216
1.2866872464508172 103.86076832116782 2.19112042722216
1.2866946798594443 103.86076860044241 2.19112042722216
1.2867015358890483 103.86076885802474 2.191120427221842
1.2867070024437082 103.86076906340422 2.191120427221842
1.2867120000012386 103.86076925116339 2.191120427221842
1.2867207649663146 103.86076958046472 2.19112042722216
1.2867254548487803 103.86076975666447 2.19112042722216
1.2867327857786732 103.86077003208881 2.191120427221855
1.2867374670015124 103.86077020796318 2.191120427221842
1.2867448757446487 103.86077048631097 2.191120427221842
1.2867535719576557 103.86077081302919 2.191120427221855
1.2867619866037754 103.86077112916887 2.19112042722216
1.2867688310621506 103.86077138631633 2.191120427221855
1.2867734627493066 103.86077156032958 2.191120427221842
1.2867780878510084 103.86077173409541 2.191120427221842
1.286783081152659 103.86077192169456 2.19112042722216
1.2867905066828786 103.86077220067293 2.191120427221855
1.28679746905368 103.86077246225032 2.191120427221842
1.2868051595339942 103.86077275118286 2.191120427221842
1.2868139968912957 103.86077308320374 2.19112042722216
1.2868224616691193 103.86077340122672 2.19112042722216
1.2868282304046714 103.86077361795897 2.191120427222173
1.2868365528443577 103.86077393063425 2.19112042722216
1.2868440456342078 103.86077421213945 2.19112042722216
1.2868522831767228 103.86077452162509 2.191120427221842
1.2868589158320383 103.86077477081486 2.191120427221842
1.2868656084430556 103.86077502225719 2.191120427221842
1.286874570541815 103.86077535896443 2.19112042722216
1.286880500600356 103.86077558175752 2.191120427221842
1.2868853956213646 103.8607757656641 2.19112042722216
1.286894006052833 103.86077608915912 2.191120427221842
1.286901198779732 103.86077635939077 2.19112042722216
1.2869073457528681 103.86077659033332 2.191120427221842
1.2869149705279295 103.86077687679706 2.191120427221842
1.286922238276069 103.86077714984722 2.191120427222173
1.2869272599381472 103.86077733851165 2.19112042722216
1.2869329141599706 103.86077755094142 2.191120427221842
1.2869378545417611 103.86077773655212 2.19112042722216
1.2869439857237994 103.86077796690134 2.191120427221842
1.286950946833074 103.86077822843097 2.191120427221842
1.2869591727626775 103.86077853748003 2.191120427221855
1.2869667174981416 103.86077882093655 2.191120427221842
1.2869717277726442 103.86077900917307 2.191120427221842
1.286977092567206 103.86077921072895 2.191120427221842
1.2869826986840283 103.86077942135132 2.191120427221842
1.2869900027145054 103.86077969576445 2.191120427221842
1.2869988808250319 103.86078002931592 2.19112042722216
1.287004358768493 103.86078023512276 2.191120427221842
1.2870114775232953 103.86078050257504 2.191120427221842
1.2870176197602448 103.86078073333944 2.191120427221855
1.2870225673836808 103.86078091922207 2.191120427221842
1.2870312082195479 103.86078124385901 2.191120427221842
1.2870363833998206 103.86078143829097 2.19112042722216
1.2870451226922632 103.8607817666269 2.191120427221842
1.2870500325007126 103.86078195108878 2.191120427221842
1.287056479377973 103.86078219329846 2.191120427221842
1.2870632437560716 103.86078244743665 2.19112042722216
1.2870711838989057 103.8607827457484 2.191120427222173
1.2870760365367244 103.86078292806235 2.19112042722216
1.2870812752635847 103.86078312488166 2.19112042722216
1.2870888117240082 103.86078340802698 2.19112042722216
1.2870962381358402 103.86078368703775 2.191120427221842
1.287101474262942 103.86078388375938 2.191120427221842
1.2871092006020801 103.8607841740384 2.191120427221855
1.2871139031489882 103.86078435071337 2.19112042722216
1.287120095046488 103.86078458334332 2.191120427221842
1.2871282915347886 103.86078489128582 2.191120427221842
1.287136203117395 103.8607851885244 2.1911204272218296
1.2871431339958803 103.86078544891784 2.19112042722216
1.2871510407461875 103.86078574597484 2.19112042722216
1.287155809418627 103.86078592513407 2.191120427221842
1.2871634258873308 103.86078621128513 2.191120427221842
1.2871707106476222 103.86078648497387 2.191120427221842
1.2871775323738615 103.8607867412664 2.191120427221842
1.2871829281680216 103.86078694398658 2.191120427221855
1.2871899402791347 103.86078720743183 2.191120427221842
1.2871988230232345 103.86078754115682 2.191120427221842
1.2872038907011014 103.86078773154962 2.19112042722216
1.2872084406637243 103.86078790249186 2.191120427221855
1.287215857887245 103.86078818115715 2.191120427221855
1.287221259407001 103.86078838409237 2.191120427221842
1.287229497362553 103.86078869359254 2.191120427221842
1.2872382544910232 103.86078902259803 2.191120427221842
1.2872437948688409 103.86078923075011 2.191120427221842
1.2872509222974575 103.86078949852774 2.1911204272218296
1.2872583499850998 103.86078977758606 2.191120427221842
1.2872647527675598 103.86079001813867 2.191120427221842
1.2872710531672942 103.86079025484473 2.191120427221842
1.28727948662978 103.86079057168999 2.191120427221855
1.2872861528120385 103.86079082213848 2.1911204272221347
1.2872922798168775 103.86079105233007 2.19112042722216
1.2873005061733946 103.86079136139429 2.1911204272221476
1.2873080164274362 103.86079164355452 2.19112042722216
1.2873127058294151 103.86079181973533 2.191120427221842
1.2873188285206854 103.86079204976481 2.191120427221842
1.2873250389936712 103.86079228309221 2.191120427221842
1.2873319236982987 103.86079254175051 2.191120427221842
1.287337074950501 103.860792735283 2.19112042722216
1.2873449818860998 103.86079303234646 2.191120427221842
1.2873509011031898 103.86079325473135 2.191120427221842
1.2873589059951027 103.860793555475 2.191120427221855
1.2873668292975555 103.8607938531533 2.19112042722216
1.2873749075322303 103.86079415665239 2.191120427221842
1.2873818561922648 103.86079441771336 2.191120427221842
1.2873891975645788 103.86079469352852 2.191120427221842
1.2873958165340502 103.860794942203 2.191120427221842
1.2874023158939114 103.86079518638373 2.191120427221842
1.2874069765238076 103.86079536148345 2.191120427221842
1.2874151691183837 103.86079566927893 2.191120427221842
1.2874230564714597 103.86079596560648 2.191120427221842
1.2874283158268998 103.86079616320025 2.19112042722216
1.2874364724005951 103.86079646964238 2.19112042722216
1.2874441826009966 103.86079675931425 2.191120427221842
1.287449142234673 103.86079694564745 2.19112042722216
1.287454754006975 103.86079715648147 2.19112042722216
1.287460633459615 103.86079737737221 2.191120427221855
1.2874696438425717 103.86079771589182 2.191120427222173
1.2874765559241623 103.86079797557834 2.191120427221855
1.2874849543701516 103.86079829110747 2.191120427221842
1.2874933500327552 103.86079860653201 2.191120427221842
1.2874997143231783 103.860798845638 2.191120427221842
1.2875078833772677 103.86079915254884 2.19112042722216
1.287514740229371 103.8607994101603 2.19112042722216
1.287521509466868 103.86079966448007 2.19112042722216
1.2875285472063465 103.86079992888743 2.19112042722216
1.2875360633731292 103.86080021126926 2.191120427221842
1.2875444457764609 103.86080052619552 2.19112042722216
1.2875524341372269 103.8608008263176 2.191120427221842
1.2875614512757088 103.86080116509075 2.191120427221842
1.2875697273296742 103.8608014760214 2.19112042722216
1.2875777089751317 103.86080177589112 2.19112042722216
1.2875832700780294 103.86080198482125 2.191120427221842
1.287588477390519 103.8608021804595 2.191120427221842
1.287596170955882 103.86080246950605 2.191120427221842
1.287603293546785 103.86080273710111 2.191120427221842
1.287609525803744 103.8608029712464 2.19112042722216
1.2876185319145865 103.86080330960507 2.191120427221842
1.2876239970014027 103.86080351492784 2.19112042722216
1.2876314333549221 103.86080379431085 2.191120427222173
1.2876382469823535 103.8608040502981 2.191120427221842
1.2876461284758949 103.86080434640495 2.19112042722216
1.2876527218256746 103.86080459411639 2.191120427221855
1.287658384867094 103.8608048068762 2.19112042722216
1.2876667616568667 103.86080512159123 2.191120427221842
1.2876714096101154 103.8608052962143 2.19112042722216
1.2876802920919086 103.86080562992807 2.191120427222186
1.2876864361589972 103.86080586075991 2.19112042722216
1.287692507699945 103.86080608886695 2.1911204272221476
1.287697045852389 103.8608062593648 2.191120427221842
1.2877057911987433 103.86080658792632 2.191120427221842
1.2877137233846307 103.8608068859375 2.19112042722216
1.287720554585116 103.8608071425848 2.19112042722216
1.2877270130635141 103.86080738522897 2.191120427221842
1.2877359875986774 103.86080772240103 2.19112042722216
1.2877412289538221 103.86080791931802 2.191120427221842
1.2877498430083612 103.86080824294683 2.19112042722216
1.2877565605801344 103.86080849532502 2.191120427221842
1.2877642689752704 103.8608087849283 2.191120427221842
1.287771089235943 103.86080904116449 2.191120427222186
1.2877782601718435 103.86080931057545 2.19112042722216
1.287783292830532 103.86080949965168 2.191120427221842
1.2877913906244984 103.86080980388455 2.191120427221842
1.287796151376068 103.86080998274524 2.191120427222186
1.2878048547631737 103.8608103097301 2.19112042722216
1.287810060665886 103.86081050531504 2.19112042722216
1.287815034356302 103.86081069217579 2.19112042722216
1.287821518185808 103.8608109357722 2.191120427221842
1.2878298501416463 103.86081124880239 2.191120427221855
1.287836448590151 103.86081149670498 2.1911204272221476
1.2878445441353261 103.86081180085321 2.19112042722216
1.2878525147235098 103.86081210030683 2.191120427222173
1.2878586215463517 103.86081232973909 2.191120427221842
1.2878644729344009 103.86081254957469 2.191120427221842
1.2878729400578803 103.86081286768301 2.191120427221842
1.2878806137605292 103.8608131559826 2.191120427221842
1.2878887990744021 103.86081346350332 2.191120427221868
1.2878943593086027 103.86081367240028 2.19112042722216
1.2879000935887863 103.86081388783609 2.19112042722216
1.2879064510349265 103.86081412668413 2.191120427221842
1.2879133611136417 103.86081438629444 2.191120427221842
1.2879182565134175 103.86081457021366 2.191120427221868
1.2879255785472843 103.86081484530104 2.191120427221842
1.287931836247671 103.8608150804016 2.19112042722216
1.2879367738594518 103.86081526590667 2.19112042722216
1.2879434636669365 103.86081551724138 2.191120427221842
1.2879522884103745 103.86081584878518 2.191120427222186
1.2879583959967131 103.86081607824593 2.191120427221842
1.287963694705409 103.86081627731731 2.19112042722216
1.2879702654767549 103.8608165241798 2.19112042722216
1.2879759199025838 103.86081673661536 2.191120427222186
1.2879823013475926 103.86081697636487 2.19112042722216
1.2879870026277895 103.86081715299096 2.19112042722216
1.2879949651430176 103.8608174521409 2.191120427221868
1.2880012867891677 103.86081768964375 2.1911204272221347
1.2880074776024717 103.86081792223122 2.191120427221868
1.2880148390348607 103.86081819879857 2.1911204272221347
1.2880200337653378 103.86081839396344 2.1911204272221347
1.2880267132881171 103.86081864491156 2.191120427221842
1.2880349830279547 103.86081895560379 2.191120427221868
1.288040136616791 103.8608191492229 2.19112042722216
1.2880486275635656 103.86081946822578 2.19112042722216
1.288055122846288 103.86081971225201 2.191120427221842
1.2880601599159598 103.8608199014935 2.191120427221868
1.288066114619056 103.86082012521024 2.191120427221842
1.288071102181649 103.86082031259176 2.191120427221868
1.288079198736396 103.86082061677733 2.191120427222186
1.288084320295383 103.86082080919303 2.19112042722216
1.2880930725319117 103.86082113801237 2.191120427221842
1.2881019118842194 103.86082147010461 2.191120427221842
1.2881066917067743 103.86082164968133 2.19112042722216
1.2881115992343057 103.86082183405587 2.191120427221842
1.288116299069321 103.86082201062746 2.191120427222186
1.2881222227592535 103.86082223317898 2.191120427221842
1.2881272355338549 103.86082242150759 2.1911204272218168
1.28813623480072 103.86082275960769 2.1911204272221347
1.2881436214814688 103.8608230371233 2.191120427221868
1.288149722285668 103.8608232663289 2.1911204272221347
1.2881584768850325 103.86082359523682 2.191120427221842
1.2881672642019513 103.86082392537391 2.191120427221868
1.2881735397626546 103.86082416114499 2.1911204272218168
1.2881815659632294 103.86082446268713 2.191120427221842
1.2881874226619285 103.86082468272166 2.19112042722216
1.2881943059180536 103.86082494132364 2.191120427221842
1.2881993727557124 103.8608251316833 2.191120427222186
1.2882065941948573 103.8608254029907 2.19112042722216
1.288213158481135 103.86082564960904 2.1911204272221347
1.2882216661239307 103.86082596923872 2.1911204272218168
1.288229645027179 103.86082626900377 2.191120427221842
1.2882380496479269 103.86082658476289 2.191120427221868
1.2882441172941514 103.86082681272255 2.191120427222186
1.2882495531945002 103.8608270169477 2.191120427222186
1.2882561334984048 103.86082726416774 2.1911204272218168
1.2882612322349498 103.86082745572571 2.191120427221868
1.2882688386341017 103.86082774149581 2.191120427221842
1.2882764218466547 103.86082802639477 2.19112042722216
1.2882821211436395 103.86082824051559 2.191120427222186
1.288289624214358 103.86082852240361 2.1911204272218168
1.2882970654658419 103.86082880196908 2.1911204272218168
1.2883022355258213 103.8608289962066 2.191120427222186
1.2883091440732786 103.86082925575852 2.19112042722216
1.2883137192150822 103.86082942764514 2.191120427222186
1.2883205267077071 103.86082968340045 2.1911204272221347
1.288327328164097 103.86082993892896 2.1911204272221347
1.2883328799494949 103.86083014750774 2.19112042722216
1.2883379602474725 103.86083033837286 2.191120427221868
1.2883436496598346 103.86083055212221 2.1911204272221347
1.2883483001579599 103.86083072683988 2.191120427221868
1.2883528835601508 103.86083089903677 2.19112042722216
1.2883595611732703 103.86083114991247 2.191120427221842
1.2883652944736717 103.86083136531064 2.191120427221842
1.2883707313327188 103.8608315695716 2.191120427222186
1.288377666031246 103.86083183010585 2.191120427221868
1.288382286733027 103.86083200370405 2.191120427221842
1.2883911657327234 103.86083233728502 2.191120427221842
1.2883978484085095 103.86083258835083 2.191120427222186
1.288403893822516 103.86083281547494 2.191120427221842
1.2884121082093325 103.86083312408657 2.19112042722216
1.2884178837683202 103.86083334107225 2.191120427221842
1.2884268726983839 103.8608336787832 2.19112042722216
1.2884339218075755 103.8608339436157 2.1911204272218168
1.2884396320972615 103.86083415814923 2.1911204272218168
1.2884442230569126 103.86083433062993 2.191120427222186
1.288452283047172 103.86083463344082 2.19112042722216
1.2884592094161669 103.86083489366197 2.191120427221842
1.2884668452893122 103.86083518053891 2.191120427221868
1.2884717119006577 103.86083536337571 2.19112042722216
1.2884800259634095 103.86083567573196 2.191120427221842
1.2884846381656843 103.86083584901067 2.191120427222186
1.2884903405791484 103.8608360632482 2.191120427221868
1.2884968976859745 103.86083630959622 2.191120427221868
1.2885017010665447 103.86083649005742 2.1911204272221347
1.2885066433994659 103.86083667573897 2.1911204272218168
1.2885128123430023 103.86083690750381 2.191120427221842
1.2885213583068598 103.86083722857238 2.191120427221842
1.2885280787642666 103.86083748105737 2.19112042722216
1.2885338661109302 103.86083769848572 2.191120427222186
1.288541541331377 103.86083798684076 2.191120427221868
1.2885466045442817 103.86083817706368 2.191120427221842
1.2885515828387875 103.86083836409622 2.19112042722216
1.2885580913409858 103.86083860861808 2.191120427221842
1.2885632507331226 103.86083880245437 2.191120427221842
1.2885704207838393 103.86083907183031 2.191120427221868
1.2885778620294428 103.86083935139492 2.191120427222186
1.2885834523829036 103.86083956142224 2.19112042722216
1.2885909636095083 103.86083984361595 2.19112042722216
1.2885997292072788 103.86084017293587 2.19112042722216
1.2886048826829724 103.86084036654982 2.19112042722216
1.288610857791127 103.86084059103217 2.191120427221868
1.288616074397531 103.86084078701789 2.191120427221842
1.2886236802580993 103.86084107276692 2.191120427221868
1.288630187766291 103.86084131725126 2.191120427221842
1.2886367044025457 103.86084156207853 2.1911204272218168
1.288642201750433 103.86084176861156 2.191120427221842
1.2886501723482444 103.86084206806353 2.1911204272218168
1.2886553290518625 103.86084226179868 2.191120427222186
1.2886611586563081 103.86084248081441 2.191120427221868
1.288668773615782 103.86084276690515 2.191120427221842
1.288674284152518 103.86084297393363 2.191120427221842
1.288681494929867 103.86084324483939 2.191120427221842
1.288688147815971 103.8608434947854 2.19112042722216
1.288697003587364 103.86084376945449 2.1171679545519404
1.288704142400254 103.860843976438 2.039162683735221
1.2887112013453554 103.8608441811058 1.9620297748019369
1.2887159188779396 103.86084431788646 1.91048136597975
1.2887210215417575 103.86084446583362 1.854724697746742
1.2887270512272218 103.86084464065891 1.7888387158402554
1.288734152267637 103.8608448465472 1.7112466477791306
1.2887419461690146 103.86084507252433 1.6971561896002663
1.2887469046847881 103.860845216292 1.6971561896002916
1.288752635653987 103.86084538245626 1.6971561896002916
1.2887581905466545 103.86084554351532 1.6971561896003045
1.2887628003434473 103.86084567717218 1.6971561896002916
1.2887691530553138 103.86084586136326 1.6971561896002663
1.2887765768500046 103.86084607660939 1.6971561896002663
1.2887821216105737 103.86084623737464 1.6971561896002916
1.2887877323265788 103.86084640005221 1.6971561896002916
1.2887953482624175 103.86084662086927 1.6971561896002916
1.288801299691898 103.86084679342547 1.6971561896002916
1.2888090783644437 103.86084701896088 1.6971561896002663
1.288814653014881 103.8608471805927 1.6971561896002916
1.2888217433912095 103.86084738617157 1.6971561896002663
1.2888277548470402 103.86084756046813 1.6971561896002916
1.2888355851981803 103.86084778750187 1.6971561896003045
1.2888409618232124 103.86084794339207 1.6971561896002916
1.2888469031435241 103.86084811565509 1.6971561896002916
1.2888536391758771 103.86084831096002 1.6971561896003045
1.288859636073186 103.8608484848344 1.6971561896002916
1.2888650504251693 103.86084864181844 1.6971561896002916
1.2888724189980976 103.86084885546326 1.6971561896002663
1.2888800449253583 103.86084907656978 1.6971561896002663
1.2888873164667018 103.86084928740122 1.6971561896002916
1.2888924403483755 103.86084943596327 1.697156189599961
1.2888975631301443 103.86084958449347 1.6971561896002663
1.2889027412823963 103.86084973462904 1.6971561896002663
1.28890921683261 103.86084992238142 1.6971561896002916
1.2889182189965556 103.86085018339053 1.6971561896002916
1.2889265211756684 103.86085042410421 1.6971561896002916
1.288932146973819 103.86085058721879 1.6971561896002916
1.2889375646432442 103.86085074429889 1.697156189599961
1.2889426463326208 103.86085089163755 1.6971561896002916
1.28894792163643 103.86085104458988 1.6971561896002916
1.2889566635124405 103.86085129805207 1.6971561896002916
1.288964950458753 103.860851538324 1.6971561896002663
1.288971112563659 103.86085171698821 1.697156189599961
1.2889796932422757 103.86085196577658 1.6971561896002663
1.2889873722677474 103.86085218842237 1.6971561896002663
1.2889961064370121 103.860852441661 1.6971561896002663
1.2890039798879334 103.86085266994394 1.6971561896002916
1.289012330533092 103.86085291206264 1.6971561896003045
1.2890208078792074 103.86085315785488 1.6971561896002916
1.289025972370163 103.86085330759413 1.6971561896002916
1.2890346741823135 103.8608535598945 1.6971561896002663
1.2890395212897905 103.86085370043155 1.6971561896003045
1.289044904934042 103.86085385652491 1.6971561896002663
1.2890526662684916 103.86085408155701 1.697156189599961
1.2890602885795959 103.86085430255827 1.6971561896002663
1.2890650630097447 103.86085444098806 1.6971561896003045
1.2890739180907378 103.86085469773218 1.6971561896002916
1.289079028204652 103.86085484589476 1.6971561896002916
1.2890876057948424 103.86085509459328 1.6971561896002663
1.2890955529144648 103.86085532501194 1.6971561896002663
1.2891025655248842 103.86085552833542 1.6971561896002663
1.2891088916747793 103.86085571175568 1.697156189599961
1.2891146136669387 103.86085587765898 1.6971561895999354
1.289121139225259 103.86085606686088 1.6971561896002663
1.2891272706367765 103.86085624463485 1.6971561896002663
1.28913465405442 103.86085645870942 1.6971561896002916
1.2891435800016784 103.86085671750806 1.6971561896002663
1.2891494890982367 103.86085688883618 1.6971561896003045
1.2891563635781582 103.86085708815459 1.6971561896003045
1.2891627194312936 103.86085727243595 1.6971561896002916
1.289170623357647 103.86085750160208 1.6971561896002916
1.2891780779091657 103.86085771773902 1.6971561896003045
1.289186522419768 103.86085796257876 1.6971561896002663
1.2891934822100957 103.8608581643706 1.6971561896002916
1.28920123150304 103.8608583890532 1.6971561896002663
1.2892100876935704 103.86085864582911 1.697156189599961
1.2892161532012194 103.86085882169209 1.6971561896002916
1.2892239911948669 103.86085904894642 1.6971561896002916
1.2892305149337882 103.86085923809532 1.6971561896002916
1.2892388286829761 103.86085947914364 1.6971561896003045
1.2892455634379063 103.86085967441066 1.6971561896002916
