635253783
1.2888078015289022 103.86175888720147 183.91274846422223
1.2888020207977091 103.8617584969433 183.91274846422223
1.2887938136765114 103.86175794287907 183.91274846422218
1.2887848630478551 103.86175733862052 183.9127484642219
1.2887764252679526 103.86175676898446 183.91274846422223
1.288767884704262 103.86175619240942 183.9127484642219
1.2887630419491205 103.86175586547411 183.91274846422218
1.2887549056985634 103.86175531619429 183.91274846422223
1.2887461544404906 103.86175472539519 183.9127484642219
1.288739037254775 103.8617542449126 183.9127484642219
1.2887310151360292 103.8617537033378 183.91274846422218
1.2887224426628359 103.86175312460841 183.9127484642219
1.2887144793946603 103.86175258700658 183.91274846422223
1.2887088244132117 103.86175220523762 183.91274846422223
1.2887002060453228 103.86175162340983 183.9127484642219
1.2886922844555366 103.86175108862166 183.91274846422223
1.2886842568792454 103.86175054667832 183.91274846422223
1.2886784020347042 103.86175015141652 183.9127484642219
1.2886723725130012 103.86174974436223 183.9127484642219
1.2886640055029994 103.86174917950356 183.91274846422223
1.288657136129477 103.86174871575065 183.91274846422223
1.2886495354171743 103.86174820262491 183.91274846422218
1.2886419568303022 103.86174769099281 183.9127484642219
1.2886368380677446 103.861747345424 183.91274846422223
1.2886293236494437 103.86174683812392 183.91274846422223
1.2886233035897336 103.86174643170833 183.91274846422223
1.288615484252483 103.86174590382308 183.91274846422223
1.2886077814533494 103.8617453838053 183.91274846422223
1.2886003771694452 103.86174488394036 183.91274846422223
1.2885921345087632 103.86174432747639 183.9127484642219
1.2885834295334238 103.86174373980141 183.91274846422223
1.2885779970199638 103.86174337305111 183.9127484642219
1.2885703423911095 103.86174285628528 183.9127484642219
1.2885655125982294 103.86174253022475 183.91274846422218
1.2885598691421267 103.86174214923365 183.91274846422223
1.288554663708824 103.86174179781355 183.91274846422223
1.2885470981300757 103.86174128705942 183.9127484642219
1.2885380969072049 103.86174067938461 183.91274846422223
1.2885330546338587 103.86174033897946 183.91274846422223
1.2885261863105848 103.86173987529718 183.91274846422223
1.288519530906302 103.8617394259891 183.91274846422183
1.2885143880800014 103.86173907879558 183.9127484642219
1.2885058943283485 103.86173850538017 183.91274846422218
1.2885006323246209 103.86173815014091 183.91274846422223
1.2884952146599453 103.86173778439293 183.91274846422223
1.2884880542050907 103.86173730098871 183.91274846422223
1.288480828831751 103.86173681320182 183.91274846422223
1.2884754059424457 103.86173644710108 183.91274846422218
1.2884706366885978 103.86173612512744 183.91274846422218
1.2884616344647655 103.86173551738483 183.91274846422218
1.28845347696397 103.86173496666969 183.9127484642219
1.288445417231671 103.8617344225549 183.91274846422183
1.2884400783894463 103.86173406212816 183.9127484642219
1.2884339533210054 103.86173364862304 183.9127484642219
1.2884249360937352 103.86173303986747 183.91274846422183
1.288418985180208 103.86173263811958 183.91274846422223
1.2884107685746722 103.86173208341415 183.9127484642219
1.2884024356656993 103.86173144686066 184.00687992992962
1.2883957318476709 103.86173070744839 184.37181909349172
1.2883902870449735 103.86173010690194 184.6682676293851
1.2883814955342474 103.861729137223 185.14697758280678
1.2883739536659573 103.86172830537608 185.55764412648585
1.2883656468724654 103.86172738916005 186.00991032094396
1.2883611286579681 103.86172689081367 186.25586394423027
1.2883535124888945 103.86172605077154 186.36018452515785
1.2883451001100723 103.86172512290972 186.36018452515808
1.2883387309597618 103.86172442041024 186.36018452515785
1.2883338549642909 103.86172388260158 186.36018452515808
1.2883269273550166 103.86172311850564 186.36018452515773
1.2883217379250946 103.86172254612599 186.36018452515808
1.2883148013206869 103.86172178103789 186.36018452515808
1.2883073340102196 103.86172095741436 186.36018452515808
1.288301852405979 103.8617203528087 186.36018452515813
1.288294564116403 103.86171954893065 186.36018452515808
1.2882897927084624 103.86171902265765 186.36018452515808
1.288283404077252 103.86171831800941 186.36018452515813
1.2882775858056659 103.86171767627023 186.36018452515813
1.2882708932681726 103.86171693810194 186.36018452515808
1.288266054521452 103.86171640440162 186.36018452515813
1.2882578848801145 103.86171550331285 186.36018452515813
1.2882532371828048 103.86171499068473 186.36018452515813
1.288245642067437 103.86171415296457 186.36018452515813
1.2882390271123907 103.86171342335335 186.36018452515808
1.2882301828914735 103.86171244786026 186.36018452515808
1.2882246238137993 103.8617118347094 186.36018452515808
1.2882198752005771 103.86171131095047 186.36018452515813
1.2882142800008252 103.86171069381541 186.36018452515808
1.2882055179010161 103.86170972738 186.36018452515808
1.2881992163882316 103.86170903234054 186.36018452515808
1.2881928237501803 103.8617083272502 186.36018452515813
1.288185700481556 103.86170754157331 186.36018452515813
1.2881769812627315 103.8617065798675 186.36018452515808
1.2881689887475354 103.86170569831508 186.36018452515808
1.2881635437228403 103.86170509774382 186.36018452515808
1.2881566730700784 103.86170433992972 186.36018452515785
1.288151636385859 103.86170378439728 186.36018452515808
1.2881447490633553 103.86170302474453 186.36018452515808
1.2881367634300185 103.86170214395108 186.36018452515808
1.2881321058272548 103.86170163023029 186.36018452515813
1.288123169613738 103.86170064459041 186.36018452515808
1.2881151725233255 103.86169976253325 186.36018452515808
1.2881104207568466 103.8616992384264 186.36018452515808
1.2881055085645845 103.86169869662504 186.36018452515808
1.288100160519689 103.86169810675032 186.36018452515813
1.2880915553810788 103.86169715762705 186.36018452515808
1.288084221535589 103.86169634872391 186.36018452515813
1.2880757945542236 103.86169541925085 186.36018452515813
1.2880690455394235 103.86169467485293 186.36018452515808
1.2880636180782208 103.86169407621873 186.36018452515808
1.288056654692552 103.86169330817627 186.36018452515813
1.2880496678473379 103.86169253754625 186.36018452515808
1.2880413683748326 103.86169162213699 186.36018452515813
1.2880327052547942 103.8616906666184 186.36018452515813
1.2880257294111956 103.8616898972018 186.36018452515808
1.2880193854147217 103.8616891974762 186.36018452515813
1.2880107375125038 103.86168824363602 186.36018452515785
1.2880025775788997 103.86168734361745 186.36018452515813
1.2879966967047085 103.86168669497296 186.36018452515808
1.2879909429070693 103.86168606034464 186.36018452515808
1.2879839152817 103.86168528521658 186.36018452515813
1.2879766459051936 103.86168448342399 186.36018452515808
1.2879721302816678 103.8616839853629 186.36018452515813
1.287964056489135 103.86168309484538 186.36018452515808
1.2879559898882316 103.86168220512106 186.36018452515813
1.287948878774649 103.8616814207844 186.36018452515813
1.2879402722786122 103.86168047151106 186.36018452515808
1.2879340979677538 103.86167979050119 186.36018452515808
1.287928947699857 103.86167922244049 186.36018452515773
1.287920954125178 103.8616783407707 186.36018452515808
1.2879131260973706 103.86167741638167 186.4374578479364
1.2879055519293467 103.86167651816369 186.51704950525695
1.287899219700943 103.8616757672269 186.58359073117984
1.2878939768755002 103.86167514548202 186.6386841709355
1.287887210529854 103.86167434306341 186.7097871619493
1.2878784925259954 103.86167330919828 186.80139827396272
1.2878725516599399 103.86167260467295 186.83211611214887
1.287864284813852 103.86167162431046 186.83211611214887
1.287857073264928 103.86167076909526 186.83211611214878
1.2878509307013364 103.86167004065068 186.83211611214887
1.287842637138863 103.86166905711983 186.83211611214884
1.2878345613271096 103.86166809941196 186.83211611214884
1.2878259586961043 103.86166707922874 186.83211611214878
1.2878201667383578 103.86166639236235 186.83211611214884
1.2878141421302975 103.86166567790602 186.83211611214878
1.2878068007175907 103.86166480729023 186.83211611214887
1.2877985352063164 103.86166382708586 186.83211611214884
1.2877911137601266 103.86166294697891 186.83211611214884
1.2877849446871457 103.8616622153905 186.8321161121485
1.2877765607713114 103.86166122114452 186.8321161121485
1.2877698378647753 103.86166042387713 186.8321161121485
1.2877633111850657 103.8616596498802 186.83211611214884
1.287754465861784 103.86165860091603 186.83211611214884
1.2877490670232392 103.8616579606694 186.8321161121485
1.2877432238330484 103.86165726772725 186.83211611214884
1.2877386951861152 103.86165673067637 186.83211611214884
1.2877324899918825 103.86165599480427 186.83211611214884
1.287725792624827 103.8616552005655 186.83211611214884
1.2877189432742897 103.86165438830307 186.83211611214884
1.2877113126856075 103.86165348339381 186.8321161121485
1.2877054398612389 103.86165278693728 186.83211611214884
1.2877003576074937 103.86165218423429 186.83211611214887
1.2876936227023175 103.86165138554385 186.8321161121485
1.287687049910725 103.8616506060784 186.83211611214884
1.2876797481180262 103.8616497401609 186.83211611214884
1.2876708914846893 103.86164868985527 186.8321161121485
1.2876663069906806 103.86164814618142 186.83211611214878
1.2876585140753585 103.8616472220218 186.83211611214884
1.287650523069623 103.86164627437067 186.83211611214884
1.2876416830669979 103.86164522603721 186.83211611214887
1.2876352048640596 103.86164445778891 186.83211611214884
1.2876288347280391 103.86164370235623 186.83211611214884
1.2876200861868492 103.86164266486911 186.83211611214884
1.2876129231994613 103.86164181541236 186.83211611214878
1.2876052491389955 103.8616409053476 186.83211611214887
1.2876006612676476 103.86164036127316 186.83211611214884
1.2875947353806323 103.8616396585238 186.83211611214878
1.2875892892452347 103.86163901266805 186.83211611214887
1.2875815912598971 103.86163809976598 186.83211611214884
1.2875737854162959 103.86163717407301 186.83211611214855
1.2875679483068032 103.86163648185172 186.83211611214884
1.2875629991122244 103.86163589492799 186.8321161121485
1.2875579394313776 103.86163529490175 186.83211611214884
1.2875504867250953 103.8616344110872 186.83211611214884
1.287541535798435 103.86163334959906 186.83211611214855
1.2875363896047574 103.86163273931325 186.83211611214878
1.2875310163369433 103.86163210209875 186.83211611214884
1.2875234327752043 103.86163120276605 186.83211611214887
1.287517000148187 103.8616304399224 186.83211611214878
1.2875120829846163 103.86162985679715 186.83211611214884
1.2875071690959046 103.86162927406029 186.83211611214887
1.2875025404672715 103.86162872515233 186.83211611214878
1.2874972618679172 103.86162809916452 186.83211611214884
1.2874897531228153 103.8616272087042 186.83211611214887
1.2874848090297188 103.8616266223854 186.83211611214887
1.2874772238700685 103.8616257228631 186.83211611214884
1.287470658896318 103.86162494432439 186.83211611214887
1.2874640692501957 103.8616241628598 186.83211611214884
1.2874586892593416 103.86162352484791 186.83211611214878
1.2874514568372906 103.86162266715664 186.83211611214855
1.2874437876142129 103.86162175766522 186.83211611214884
