584419622#0
1.2914862749423959 103.86083094650726 359.7014316784841
1.2914953077117108 103.86083089571775 359.7014316784841
1.2915029448445687 103.86083085277562 359.7014316784841
1.2915087985702869 103.86083081986122 359.70143167848374
1.2915148710785336 103.86083078571662 359.70143167848374
1.2915208287258475 103.86083075221788 359.70143167848374
1.2915255910116759 103.86083072544041 359.7014316784841
1.2915332812826221 103.86083068219939 359.70143167848374
1.2915388089469162 103.86083065111832 359.7014316784841
1.2915475073627254 103.86083060220865 359.7014316784841
1.2915534944234575 103.86083056854444 359.7014316784841
1.291560502086685 103.86083052914155 359.7014316784841
1.2915660440973313 103.86083049797975 359.70143167848374
1.2915737861599548 103.86083045444742 359.70143167848374
1.2915791106366257 103.86083042450876 359.7014316784841
1.2915860523846823 103.86083038547643 359.70143167848374
1.2915920088131247 103.86083035198438 359.70143167848374
1.2915994872860175 103.8608303099341 359.70143167848374
1.2916061422486447 103.86083027251428 359.7014316784841
1.2916114974030906 103.86083024240307 359.7014316784841
