1.2929515292538707 103.86126563570447 351.806673716441 0.0 1.0
1.2929747967455292 103.86126229655783 351.806673716441 2.6 2.0
1.2930213317286592 103.86125561826381 351.806673716441 5.2 3.0
1.2930911342028828 103.86124560082098 351.806673716441 7.800000000000001 4.0
1.2931806245536235 103.86123275794229 351.8066737164407 10.0 5.0
1.2932701149034345 103.86121991506005 351.806673716441 10.0 6.0
1.2933593429167656 103.86120542075244 350.3065386109305 10.0 7.0
1.2934484641965116 103.86119025455201 350.3065386109305 10.0 8.0
1.2935375854751616 103.8611750883479 350.3065386109305 10.0 9.0
1.2936267067527147 103.86115992214008 350.3065386109305 10.0 10.0
1.2937154840954739 103.861142895118 348.9331631800721 10.0 11.0
1.2938042139158563 103.86112561098494 348.9331631800718 10.0 12.0
1.2938930479951538 103.86110888279863 349.6545263533366 10.0 13.0
1.2939820887353006 103.86109325660063 350.0087721254295 10.0 14.0
1.2940711294743164 103.86107763039885 350.0087721254295 10.0 15.0
1.2941592748734756 103.86106184381465 349.60228234336984 10.0 16.0
1.29424430609374 103.86104422094455 347.7848952089694 10.0 17.0
1.2943322283628362 103.86102456668667 347.34591017379387 10.0 18.0
1.2944201506305135 103.86100491242492 347.3459101737939 10.0 19.0
1.2945080728967697 103.86098525815926 347.3459101737936 10.0 20.0
1.2945959475848035 103.8609653957216 347.11818266668774 10.0 21.0
1.2946837905300392 103.86094539439856 347.11818266668774 10.0 22.0
1.294771633473829 103.86092539307158 347.11818266668746 10.0 23.0
1.294859476416173 103.86090539174072 347.118182666688 10.0 24.0
1.2949473193570713 103.86088539040597 347.11818266668746 10.0 25.0
1.29502927476687 103.86084862460596 334.46244868970155 10.0 26.0
1.295110572946307 103.86080998737737 334.4624486897001 10.0 27.0
1.2951918711229056 103.86077135014456 334.4624486897001 10.0 28.0
1.2952731692966661 103.8607327129075 334.4624486897003 10.0 29.0
1.2953544674675885 103.86069407566626 334.4624486897001 10.0 30.0
1.2954341710464048 103.86065229207716 332.13447345488896 10.0 31.0
1.2955138225149274 103.86061040566916 332.13447345488896 10.0 32.0
1.2955833956276248 103.86055351973356 320.4639867931026 10.0 33.0
1.2956528726680558 103.8604964908169 320.4639867931026 10.0 34.0
1.2957223497043895 103.8604394618966 320.4639867931027 10.0 35.0
1.2957918267366246 103.86038243297267 320.4639867931027 10.0 36.0
1.2958609636467664 103.8603247593719 319.55560592499126 10.0 37.0
1.295926838687585 103.86026314422978 321.89482401864365 10.0 38.0
1.2959980871871315 103.86020860720868 322.4148744806901 10.0 39.0
1.296069335682741 103.86015407018382 322.4148744806917 10.0 40.0
1.296140357470181 103.86009926519984 321.9662586166882 10.0 41.0
1.2962066788290483 103.86003890449777 317.5354566700335 10.0 42.0
1.2962730001836356 103.85997854379231 317.5354566700335 10.0 43.0
1.296339321533942 103.85991818308347 317.5354566700335 10.0 44.0
1.2964056428799675 103.85985782237124 317.5354566700354 10.0 45.0
1.2964711597156915 103.85979668224299 316.1043814538346 10.0 46.0
1.2965302191765509 103.85972928615338 311.0707038848197 10.0 47.0
1.2965892786327944 103.85966189006106 311.0707038848197 10.0 48.0
