654642353-AddedOffRampEdge
1.335465838300084 103.81864544371894 172.14918520576086
1.3354583322761646 103.81864647570625 172.14918520576086
1.3354504982992035 103.81864755278305 172.14918520576086
1.335442341784899 103.81864867420481 172.14918520576117
1.3354367349083789 103.81865006754475 171.35230077972733
1.3354310775280605 103.81865171668157 170.2346586442826
1.3354253459656904 103.8186533874426 169.10055988415533
1.335418769972583 103.81865530435671 167.79828089018324
1.3354126774484965 103.8186570803387 166.5918220839332
1.3354079901275004 103.81865844670138 165.66436640844088
1.3354035503300614 103.81865974091048 164.786964827448
1.3353959183597959 103.81866196564376 163.67660444051597
1.335389666551511 103.81866378805728 163.67660444051597
1.3353824319194625 103.8186658969657 163.6766044405157
1.33537502318603 103.81866805662496 163.6766044405157
1.3353664937432368 103.81867054297298 163.67660444051586
1.3353595140425676 103.81867257756832 163.6766044405162
1.335352617945171 103.81867458779314 163.6766044405157
1.3353476408975282 103.81867603861147 163.67660444051597
1.3353421532037668 103.81867785438482 163.4087563054868
1.3353372265758205 103.81868031623348 162.13467044033916
1.3353319954614766 103.81868293023479 160.77792119366225
1.3353261194539594 103.81868586649082 159.2509362539981
1.3353186695796135 103.8186895892121 157.31370347971873
1.3353115051223992 103.81869316930965 155.45319576285598
1.3353072432972697 103.81869529895454 154.34925473995224
1.3353004754277493 103.81869868087614 153.32825289501997
1.3352951728916618 103.81870133056688 153.32825289501997
1.3352876597649004 103.81870508489533 153.3282528950197
1.335281576894101 103.81870812452125 153.3282528950197
1.335273994786672 103.81871191331943 153.32825289501997
1.335269896725327 103.81871396113098 153.32825289501997
1.335264372618029 103.81871672154126 153.3282528950197
1.3352580216136207 103.81871989515408 153.3282528950197
1.3352524530938203 103.81872267775734 153.32825289501997
1.3352480393568305 103.81872488331274 153.3282528950197
1.3352421908192709 103.81872904193929 151.89880771855732
1.3352359433803702 103.81873411028461 149.6362610617637
1.3352313809912857 103.81873781160341 147.97847154952493
1.3352261584085774 103.81874204851594 146.0790735556837
1.3352216427670853 103.81874571190988 144.4383702915355
1.3352153625420666 103.81875080685332 142.16423778678532
1.3352112933774762 103.81875410803492 140.79553163821856
1.3352062462545289 103.81875820260247 140.79553163821856
1.3352005592401852 103.81876281629314 140.79553163821856
1.3351936560057962 103.81876841666372 140.79553163821856
1.335186920767957 103.81877388074408 140.79553163821856
1.3351803654082224 103.81877919889509 140.79553163821856
1.3351762224231662 103.81878255996463 140.79553163821856
1.335169757837925 103.81878780447313 140.79553163821856
1.3351660599696118 103.81879080443382 140.79553163821856
1.33516215162156 103.81879397514987 140.79553163821856
1.3351570924574148 103.81879807948569 140.79553163821896
1.335151544608036 103.81880258027593 140.79553163821856
1.3351459446471725 103.81880712334251 140.79553163821856
1.3351423161825802 103.81881006699807 140.7955316382183
1.335137915966802 103.81881363675032 140.79553163821896
1.335134184668442 103.81881666383156 140.79553163821856
1.3351290487698837 103.81882083041928 140.7955316382183
1.3351239601010039 103.81882542545424 140.32852345070563
1.3351183207517587 103.81883105977751 139.2675298279979
1.3351143970735964 103.81883497995871 138.52869959837423
1.3351104542214915 103.81883891929677 137.7860258545679
1.335105273273345 103.81884409562734 136.81020814170762
1.3351013006106034 103.81884806474939 136.06233931481339
1.335095804456473 103.81885355600492 135.02871456237307
1.335089904491907 103.81885945071092 134.868527583862
1.3350855830314692 103.81886376831966 134.868527583862
1.3350818964721272 103.81886745159315 134.86852758386175
1.3350767054382688 103.81887263800016 134.86852758386175
1.335070833859118 103.81887850434583 134.868527583862
1.3350655054149707 103.81888382804055 134.868527583862
1.3350619213700878 103.81888740889082 134.868527583862
1.335055682089906 103.81889364260958 134.86852758386175
1.3350504621679429 103.8188988578787 134.868527583862
1.3350464592886477 103.81890285718993 134.868527583862
1.3350413211423402 103.81890799075619 134.8685275838613
1.3350380676763813 103.81891124132203 134.8685275838613
1.3350328653823755 103.8189164389787 134.868527583862
1.335027843831796 103.81892151130485 134.81822162894957
1.3350238471200124 103.8189261820998 134.20098449710738
1.3350196391050124 103.8189310998362 133.55072369688006
1.3350151440402296 103.818936353036 132.8558484175619
1.3350113468553382 103.81894079065185 132.26879655434166
1.3350064008827969 103.81894657080913 131.50427338964428
1.3350020318608202 103.81895167670768 130.829257823802
1.3349989945425869 103.81895522629809 130.3982737963453
1.3349932678526126 103.81896191884798 130.3982737963453
1.3349891688060527 103.81896670923709 130.3982737963455
1.3349850622856623 103.8189715083605 130.3982737963455
1.3349794200907423 103.81897810216425 130.3982737963453
1.3349750663357596 103.81898319022058 130.3982737963455
1.334970988283302 103.81898795607457 130.3982737963455
1.3349667685676816 103.81899288748444 130.3982737963455
1.334962567657654 103.81899779691699 130.3982737963453
1.3349588547474807 103.8190021360439 130.3982737963455
1.3349542843352562 103.81900747729851 130.3982737963453
1.3349490221933262 103.81901362694937 130.3982737963455
1.3349448752732966 103.81901847328581 130.3982737963453
1.3349404929850939 103.8190235946874 130.3982737963455
1.3349372853289327 103.81902734334436 130.3982737963453
1.33493236847137 103.81903308947525 130.3982737963455
1.3349290532987366 103.81903696378227 130.3982737963455
1.3349252823761275 103.81904137070565 130.3982737963455
1.3349214268431393 103.8190458765097 130.3982737963455
1.3349168889936758 103.81905117970912 130.3982737963453
1.3349128376046422 103.81905591440203 130.3982737963458
1.3349096813556858 103.81905960298128 130.3982737963458
1.3349046008722074 103.81906554033478 130.3982737963455
1.3349013144186703 103.81906938107873 130.3982737963455
1.3348967065557735 103.81907476609976 130.3982737963455
1.3348924146311725 103.81907978189658 130.3982737963455
1.334889450700106 103.81908324572161 130.3982737963455
1.3348854190018238 103.81908795740249 130.3982737963455
1.3348809029128192 103.81909323517095 130.3982737963457
1.3348757917335707 103.81909920839695 130.3982737963453
1.334870154741724 103.81910579611858 130.3982737963453
1.3348651474925104 103.81911164788568 130.3982737963455
