814472952#1
1.3358160617735992 103.82033840397628 60.72474572274813
1.3358194483708898 103.82034439939704 60.724745722747
1.3358225909431864 103.82034996281119 60.72474572274813
1.3358269220494323 103.82035763033181 60.72474572274731
1.3358293287333511 103.82036189097508 60.72474572274813
1.3358321265125497 103.82036684398908 60.724745722747
1.3358358230055194 103.82037338802996 60.724745722747
1.3358395148094278 103.82037992376966 60.72474572274846
1.3358428092854173 103.82038575610478 60.724745722747
1.3358466346711955 103.82039252832958 60.72474572274813
1.33584957260291 103.82039772946098 60.72474572274813
1.3358527060200047 103.82040327666753 60.724745722747
1.3358563047799445 103.82040964768814 60.724745722747
1.335858713924086 103.82041391268696 60.72474572274813
1.335862370814748 103.82042038661862 60.724745722747
1.3358665739036575 103.8204278275057 60.724745722747
1.3358705829741415 103.82043492491468 60.724745722747
1.335872842800349 103.8204389255704 60.724745722747
1.335876129960826 103.82044474495486 60.724745722747
1.3358798689119686 103.82045136416143 60.724745722747
1.3358838471597347 103.82045840700388 60.72474572274813
1.3358870625024715 103.82046409924673 60.724745722747
1.3358912634754359 103.82047153638811 60.724745722747
1.3358947478976966 103.82047770499268 60.724745722747
1.3358975175608476 103.8204826082322 60.724745722747
1.335900584839725 103.8204880383521 60.72474572274731
1.3359031473320242 103.82049257482923 60.724745722747
1.3359070666653075 103.82049951337336 60.724745722747
1.3359094898238482 103.82050380318269 60.72474572274731
1.335913691501628 103.82051124157204 60.724745722747
1.3359161635121561 103.82051561786594 60.724745722747
1.3359195554639378 103.82052162276672 60.724745722747
1.3359238970181562 103.82052930878471 60.724745722747
1.3359270703260733 103.82053492661203 60.724745722747
1.3359298382963432 103.82053982685476 60.72474572274813
1.3359334139145893 103.82054615690735 60.72474572274731
1.3359361769998228 103.82055104850195 60.724745722747
1.335939970190197 103.82055776373079 60.724745722747
1.3359438869426021 103.8205646977062 60.724745722747
1.335946310588215 103.82056898837801 60.724745722747
1.3359488781204256 103.82057353377778 60.72474572274813
1.3359530705256912 103.82058095575199 60.724745722747
1.3359557580594834 103.82058571359515 60.72474572274813
1.3359591141812404 103.82059165506496 60.72474572274813
1.3359617351320145 103.8205962950337 60.72474572274813
1.3359647663099807 103.82060166124323 60.72474572274813
1.3359686287378332 103.82060849904605 60.72474572274813
1.3359711819944189 103.82061301917324 60.724745722747
1.3359736079997633 103.82061731402273 60.72474572274813
1.335976388927155 103.82062194283773 60.54068162846495
1.335980394123366 103.82062843808905 60.16839365398128
1.3359841714567842 103.82063456381387 59.817243504776755
1.335986786549064 103.82063880472512 59.574128252304476
1.3359897586510414 103.8206436246012 59.297826027731375
1.3359934790081953 103.82064965792733 58.95198527755997
1.3359972509425115 103.82065577489651 58.60140042219923
1.3360003306065724 103.82066076920675 58.53272789957476
1.3360048872543222 103.82066815875058 58.53272789957476
1.336007954191974 103.82067313242237 58.53272789957476
1.336012197308515 103.82068001351077 58.532727899573295
1.3360154042033898 103.82068521415209 58.53272789957476
1.3360179011082405 103.8206892633982 58.532727899573636
1.3360212255375976 103.82069465464593 58.53272789957476
1.3360241951919574 103.8206994705529 58.532727899573636
1.3360273679086327 103.82070461576728 58.53272789957476
1.336029806474719 103.82070857040509 58.53272789957476
1.336032237200338 103.820712512328 58.53272789957476
1.3360348498577503 103.82071674929082 58.532727899573295
1.3360372361869262 103.82072061921576 58.53272789957442
1.3360410919549202 103.82072687213879 58.53272789957442
1.3360457869544085 103.82073448604886 58.53272789957476
1.3360504522871055 103.82074205184813 58.53272789957476
1.3360531819391719 103.820746478542 58.53272789957476
1.3360578583713778 103.82075406234148 58.53272789957476
1.3360610485540088 103.8207592358807 58.532727899573636
1.336065200166773 103.82076596857726 58.53272789957476
1.3360691027622118 103.82077229744087 58.532727899573636
1.3360714643095617 103.8207761271771 58.53272789957476
1.336075182194945 103.82078215649528 58.53272789957476
1.3360778444563697 103.82078647390146 58.53272789957476
1.336080538201487 103.82079084236493 58.532727899573636
1.336084176050333 103.82079674188742 58.53272789957476
1.336088457970288 103.82080368590414 58.53272789957476
1.336090994942105 103.8208078001274 58.532727899573636
1.336095445902548 103.82081501827821 58.53272789957476
1.3360990393392178 103.82082084577728 58.532727899573636
1.3361029607772548 103.82082720519828 58.532727899573295
1.3361072364867432 103.82083413914359 58.53272789957476
1.3361112371717052 103.82084062707989 58.53272789957476
1.3361139660717762 103.82084505255455 58.53272789957476
1.3361176130247288 103.82085096684142 58.532727899573636
1.3361209812706993 103.82085642914747 58.53272789957476
1.336124166977655 103.8208615954288 58.53272789957476
1.3361270699634267 103.82086630321943 58.53272789957476
1.336129677422672 103.82087053175279 58.53272789957476
1.3361327689058031 103.82087554523079 58.53272789957476
1.3361360117232506 103.82088080412868 58.53272789957442
1.336140645090114 103.8208883180895 58.53272789957476
1.3361435870283922 103.82089308904972 58.53272789957476
1.3361476619437676 103.82089969736622 58.53272789957476
1.336151690345196 103.82090623025078 58.53272789957476
1.3361549739699274 103.82091155532619 58.53272789957442
1.3361576507100972 103.82091589621301 58.53272789957476
1.3361617131466808 103.82092248429268 58.53272789957476
1.336164090694841 103.82092633997792 58.53272789957442
1.3361683872998487 103.82093330781007 58.53272789957476
1.3361720547658698 103.82093925536347 58.53272789957476
1.3361757996945482 103.82094532853861 58.532727899573636
1.3361792977573292 103.82095100136974 58.53272789957442
1.3361837762432474 103.82095826415947 58.532727899573636
1.3361866167026186 103.82096287055093 58.532727899573636
1.3361904604742771 103.82096910402046 58.53272789957476
1.3361945021597117 103.82097565844809 58.53272789957442
1.336197005414142 103.82097971799216 58.53272789957476
1.3361998020493395 103.82098425331371 58.53272789957476
1.336202536865076 103.82098868838227 58.532727899573295
1.3362054342109508 103.82099338702702 58.532727899573636
1.336208002178779 103.82099755151725 58.532727899573636
1.336210882535199 103.82100222261013 58.53272789957476
1.3362148911069276 103.8210087233372 58.532727899573636
1.3362189997723888 103.82101538638693 58.532727899573636
1.3362236119987805 103.8210228660648 58.53272789957442
1.336226713861233 103.82102789637555 58.532727899573636
1.3362311539146916 103.82103509683947 58.53272789957476
1.3362355707928155 103.82104225971985 58.532727899573636
1.3362386947265341 103.82104732582378 58.532727899573636
1.3362420911917219 103.82105283389382 58.53272789957476
1.3362448928450095 103.82105737735345 58.53272789957442
1.336248009769556 103.82106243209061 58.53272789957476
1.3362521041255073 103.82106907193479 58.53272789957476
1.3362556579701885 103.82107483522826 58.53272789957476
1.3362582621228527 103.82107905839992 58.53272789957476
1.3362625367264513 103.82108599055296 58.53272789957476
1.3362650479138127 103.8210900629622 58.532727899573636
1.336268627952197 103.82109586873426 58.53272789957442
1.3362722201701278 103.82110169425799 58.53272789957476
1.3362754265698789 103.82110689409785 58.53272789957398
1.3362783020574414 103.82111155729521 58.53272789957476
1.336281375475142 103.82111654147721 58.53272789957476
1.3362853348330272 103.82112296239434 58.53272789957476
1.3362893649808618 103.82112949811204 58.532727899573636
1.3362936534733851 103.82113645278909 58.53272789957476
1.3362961757331127 103.82114054315458 58.53272789957476
1.336300827026376 103.82114808618807 58.5327278995751
1.3363047647922797 103.82115447208949 58.53272789957476
1.3363079947959817 103.82115971020822 58.53272789957442
1.3363115002337393 103.8211653950002 58.532727899573636
1.3363160196313095 103.82117272413768 58.53272789957476
1.336319298771359 103.82117804194121 58.53272789957476
1.3363226035527729 103.82118340132754 58.532727899573636
1.3363250617071385 103.82118738773308 58.53272789957476
1.3363285362160577 103.82119302236767 58.53272789957476
1.336331291290409 103.82119749029037 58.53272789957476
1.3363346531719034 103.82120294227634 58.53272789957442
1.3363373636573341 103.82120733788892 58.53272789957476
1.3363415567656582 103.82121413788113 58.53272789957442
1.3363457697577887 103.82122097011907 58.532727899573636
1.3363484844307665 103.82122537252269 58.53272789957476
1.3363514021531142 103.82123010421286 58.53272789957476
1.336355444175023 103.82123665918728 58.53272789957476
1.3363599480155568 103.82124396309617 58.53272789957476
1.3363636763438664 103.8212500093516 58.53272789957476
1.3363670326609196 103.82125545231389 58.53272789957442
1.3363708755391284 103.82126168433574 58.53272789957476
1.3363747227599434 103.82126792340004 58.53272789957476
1.3363791009688706 103.82127502357145 58.5327278995751
1.336382571428261 103.82128065163923 58.532727899573636
1.3363851808686804 103.82128488338664 58.532727899573636
1.3363885736748962 103.82129038552378 58.53272789957442
1.3363917985772187 103.82129561537003 58.53272789957476
1.3363953430553788 103.82130118146502 58.411250822800945
1.3363995700172486 103.82130769590793 58.18401503115884
1.3364039442424172 103.82131443730783 57.948852424127296
1.3364078559806545 103.82132046593937 57.73855122958279
1.336411689008165 103.82132637326477 57.532485184572664
1.3364165430587274 103.82133385415456 57.271541683457066
1.3364200842359992 103.82133931169083 57.21785879278627
1.3364240517006236 103.82134542620598 57.21785879278736
1.3364265120936487 103.8213492180761 57.21785879278627
1.3364300481021663 103.82135466764653 57.21785879278627
1.3364335508809968 103.82136006600454 57.21785879278736
1.3364363383470796 103.82136436194804 57.21785879278627
1.3364410394264872 103.8213716070843 57.21785879278627
1.3364439246683164 103.82137605371635 57.21785879278627
1.3364480519987538 103.82138241461116 57.217858792785904
1.336451363672462 103.82138751844487 57.21785879278627
1.3364542070893914 103.8213919006179 57.21785879278736
1.3364589722603912 103.82139924452997 57.21785879278627
1.3364632207003317 103.82140579207456 57.21785879278627
1.336465993327457 103.8214100651489 57.217858792787005
1.3364687493670584 103.82141431265917 57.21785879278627
1.3364722188580767 103.82141965971542 57.21785879278661
1.336474997408864 103.82142394191914 57.21785879278627
1.336478943387476 103.82143002332117 57.217858792785904
1.336481629832978 103.82143416357553 57.217858792785904
1.3364848228741046 103.82143908457708 57.21785879278661
1.3364894366092366 103.8214461951018 57.217858792787005
1.3364927578465322 103.8214513136748 57.217858792787005
1.336496683853476 103.8214573642973 57.217858792787005
1.3364996383846293 103.82146191771582 57.217858792787005
1.3365023892057426 103.82146615718369 57.217858792785904
1.336505547591781 103.82147102477616 57.21785879278661
1.3365091771686803 103.82147661855127 57.217858792785904
1.3365134990835421 103.82148327933312 57.217858792785904
1.3365183429775525 103.82149074457074 57.217858792787005
1.3365217823740907 103.8214960452467 57.217858792785904
1.3365258239764268 103.82150227402092 57.217858792785904
1.3365292992662468 103.82150763001437 57.217858792787005
1.336533795832514 103.82151455996292 57.21785879278661
1.3365382115272375 103.8215213652751 57.217858792785904
1.3365413634773406 103.82152622294892 57.217858792787005
1.3365442442941304 103.8215306627617 57.217858792785904
1.3365473626296953 103.82153546862999 57.217858792785904
1.3365507854953627 103.82154074382932 57.21785879278661
1.3365536501521686 103.82154515873694 57.21785879278661
1.336557239180462 103.82155069002025 57.217858792785904
1.3365597799856732 103.82155460581927 57.217858792785904
1.33656337193804 103.8215601416091 57.21785879278661
1.3365668742233057 103.8215655392072 57.21785879278661
1.3365697082482269 103.82156990690609 57.217858792787716
1.336573771645067 103.8215761692695 57.21785879278661
1.3365766171688582 103.82158055469012 57.21785879278661
1.3365796891705832 103.82158528915049 57.217858792785904
1.336583212032539 103.82159071846073 57.217858792787716
1.336587045528059 103.82159662650845 57.217858792785904
1.3365908634113908 103.82160251049525 57.217858792785904
1.3365933432341075 103.82160633231034 57.217858792785904
1.3365975025501924 103.82161274250126 57.217858792787005
1.3366007079708981 103.82161768258236 57.217858792785904
1.3366039488240147 103.82162267727064 57.21785879278661
1.336607554642486 103.82162823443066 57.217858792787005
1.3366101635835372 103.82163225523846 57.217858792787005
1.336613286011647 103.82163706741436 57.217858792787005
1.3366163670358093 103.82164181577998 57.217858792787005
1.3366207775829972 103.82164861315955 57.217858792787716
1.3366243611432274 103.82165413601606 57.217858792787005
1.3366274392265165 103.82165887984935 57.21785879278661
1.3366308080811373 103.8216640718092 57.217858792785904
1.336635099605214 103.82167068575464 57.21785879278661
1.3366385181257683 103.8216759542579 57.217858792787005
1.3366419373694867 103.82168122387569 57.217858792785904
1.336645439502353 103.82168662123932 57.21785879278661
1.3366501633207846 103.8216939014217 57.217858792787716
1.3366536732060266 103.82169931073304 57.217858792785904
1.336656455284133 103.82170359837374 57.217858792787716
1.3366596813580094 103.82170857028507 57.217858792785904
1.3366624010658688 103.82171276180297 57.217858792787005
1.3366658127338245 103.82171801974536 57.217858792787005
1.3366696930679112 103.82172399997954 57.217858792785904
1.3366721402664083 103.82172777151563 57.217858792785904
1.3366763788896205 103.82173430393242 57.217858792787716
1.336680495292007 103.8217406479868 57.217858792787716
1.336685157951832 103.82174783391392 57.217858792785904
1.33668917721534 103.82175402826134 57.217858792787005
1.336693426343697 103.82176057686839 57.217858792787005
1.3366980266613973 103.82176766671611 57.217858792787005
1.336702270154654 103.8217742066386 57.21785879278661
1.3367054638892306 103.82177912870996 57.21785879278661
1.3367101821016698 103.82178640025302 57.21785879278661
1.336712886851493 103.8217905687183 57.217858792785904
1.3367163275337548 103.82179587137684 57.217858792787716
1.3367195720790461 103.82180087175595 57.217858792787716
1.3367238208909207 103.82180741987544 57.21785879278661
1.336728465890396 103.82181457858539 57.217858792787716
1.3367327956428057 103.82182125144764 57.21785879278661
1.3367361050210105 103.82182635174506 57.217858792787005
1.336739546262235 103.82183165526514 57.21785879278661
1.3367443532811827 103.82183906367392 57.217858792787005
1.3367490088097407 103.82184623861104 57.217858792785904
1.3367522654430375 103.82185125761994 57.217858792785904
1.3367561799645244 103.82185729054305 57.217858792787716
1.336760747698988 103.82186433017509 57.217858792787005
1.336763799110532 103.82186903290348 57.217858792785904
1.3367668742918657 103.82187377226504 57.21785879278661
1.3367698972012119 103.82187739935564 56.503132428684914
1.3367752133087587 103.82188362094834 55.13497037411635
1.336780612929487 103.82188994027891 53.74336232394156
1.3367839797817456 103.8218938806024 52.87537096766923
1.3367878470422818 103.82189840656804 51.87872576135369
1.3367921448662996 103.82190343643444 50.77226460533714
1.336797338918475 103.82190951518233 49.69706567729089
1.336800277480804 103.8219129542659 49.6970656772899
1.336803391851376 103.82191659910289 49.69706567729089
1.3368085832410033 103.82192267473478 49.69706567729089
1.336814014248245 103.821929030798 49.6970656772899
1.336818887513498 103.82193473411985 49.6970656772899
1.3368239989065396 103.82194071612948 49.6970656772899
1.336828995282359 103.82194656353118 49.69706567729089
1.336834466435891 103.82195296657886 49.69706567729089
1.3368374929348064 103.82195650857723 49.69706567729089
1.3368415030371403 103.82196120171487 49.69706567729089
1.3368462049121095 103.82196670445386 49.69706567729089
1.3368496227735582 103.82197070447505 49.69706567729089
1.3368531632078904 103.8219748479468 49.69706567729089
1.336856883217849 103.82197920158107 49.69706567729089
1.3368609811702619 103.82198399753224 49.69706567729089
1.3368661871541616 103.82199009024443 49.69706567729089
1.336871326748494 103.82199610525902 49.69706567729089
1.336874783174662 103.82200015041366 49.69706567729089
1.3368796070747138 103.82200579596221 49.69706567729089
1.3368845977870418 103.822011636736 49.69706567729173
1.3368886126534267 103.82201633544928 49.69706567729089
1.3368932301548173 103.82202173944361 49.69706567729089
1.3368973321550053 103.82202654013213 49.69706567729005
1.3369006607081215 103.82203043563332 49.69706567729089
1.3369041447722088 103.8220345131335 49.69706567729089
1.3369085006707928 103.82203961096664 49.69706567729089
1.3369124539484774 103.82204423760098 49.69706567729089
1.3369182265808872 103.82205099347837 49.69706567729089
1.3369217411197951 103.82205510664416 49.69706567729089
1.3369262155804522 103.82206034323393 49.69706567729089
1.3369298948962451 103.82206464924285 49.69706567729089
1.3369346211375606 103.82207018049878 49.69706567729089
1.33693906368982 103.82207537974529 49.69706567729089
1.3369445724705271 103.82208182682959 49.69706567729089
