481882941
1.3377966976014088 103.81952042011048 201.6439718562504
1.3377903621415697 103.81951792574273 201.6439718562499
1.337782328766241 103.8195147628796 201.6439718562499
1.3377778602888626 103.8195130035715 201.6439718562499
1.3377701507358795 103.81950996820218 201.64397185624932
1.3377654903481018 103.81950813333602 201.6439718562499
1.3377609465364795 103.81950634436764 201.6439718562499
1.3377542596487864 103.81950371163735 201.6439718562499
1.3377492486768534 103.81950173874081 201.6439718562499
1.3377408584717931 103.81949843538831 201.64397185624932
1.3377342526565967 103.81949583457751 201.6439718562499
1.3377296986485723 103.81949404159465 201.6439718562499
1.3377240615220394 103.81949182217143 201.6439718562499
1.3377156963407626 103.81948852867117 201.6439718562499
1.3377092116168785 103.81948597553586 201.6439718562499
1.3377011603157476 103.81948280561502 201.6439718562499
1.3376931430972225 103.81947964911302 201.6439718562499
1.3376874681438444 103.81947741479678 201.6439718562499
