737588539
1.3340930435437832 103.8181609744359 240.1075445811955
1.3340897816377473 103.81815534277827 240.10754458119564
1.334086413136034 103.818149527084 240.1075445811955
1.3340822013376665 103.81814225544409 240.10754458119496
1.3340790998956404 103.81813690082652 240.10754458119564
1.3340759545729417 103.81813147044929 240.1075445811951
1.3340726641673475 103.8181257895875 240.1075445811955
1.3340683265004514 103.81811830063658 240.10754458119496
1.3340660440310428 103.81811435996947 240.10754458119564
1.3340623598681363 103.81810799928859 240.1075445811955
1.334059244414783 103.81810262048067 240.10754458119496
1.3340554104599298 103.81809600118511 240.1075445811955
1.3340516498809727 103.81808950857253 240.1075445811955
1.3340481391395702 103.81808344730273 240.10754458119496
1.3340438040028824 103.8180759627204 240.1075445811955
1.3340409571894982 103.81807104771761 240.1075445811955
1.3340373534147891 103.81806482582654 240.1075445811955
1.3340350699543215 103.81806088344851 240.1075445811955
1.334030895749041 103.81805367671323 240.10754458119496
1.3340285486843706 103.81804962452304 240.10754458119564
1.3340261351575884 103.8180454575865 240.1075445811951
1.334021938337158 103.81803821180641 240.10754458119496
