635138764
1.3800123171512475 103.76163082014212 67.83861614027745
1.3800155545754533 103.76163870587476 67.83861614027758
1.380017554369019 103.76164357698107 67.83861614027727
1.3800202496232108 103.7616501420936 67.83861614027745
1.3800228205246172 103.76165640430708 67.83861614027745
1.3800255000949384 103.76166293121683 67.83861614027758
1.3800277297244008 103.76166836215862 67.83861614027758
1.3800306934418167 103.76167558119523 67.83861614027758
1.3800325440506498 103.76168008891685 67.83861614027745
1.380035515511245 103.76168732681445 67.83861614027745
1.3800376084138022 103.76169242471632 67.83861614027727
1.3800408945010314 103.76170042898302 67.83861614027758
1.3800436377726444 103.76170711105696 67.83861614027758
1.3800469684665186 103.76171522397686 67.83861614027758
1.3800491079340802 103.7617204353021 67.83861614027732
1.3800520148346302 103.7617275159443 67.83861614027714
1.38005449477075 103.76173355658456 67.83861614027732
1.3800567071430776 103.76173894549167 67.83861614027732
1.3800587058187177 103.76174381387541 67.83861614027732
1.3800609744052816 103.76174933970947 67.83861614027758
1.3800630970908856 103.7617545101573 67.83861614027732
1.380066473036039 103.76176273330087 67.83861614027727
1.380069343697158 103.76176972567114 67.83861614027758
1.3800723844481362 103.7617771323472 67.83861614027727
1.380074428369635 103.76178211094118 67.83861614027727
1.3800770958021509 103.76178860828638 67.83861614027758
1.3800801274646997 103.76179599282494 67.83861614027758
1.3800818370036871 103.76180015692843 67.83861614027758
1.3800851492488653 103.7618082249116 67.83861614027732
1.3800885618886667 103.76181653743659 67.83861614027732
1.3800918069437809 103.761824441758 67.83861614027758
1.380094491406154 103.76183098058486 67.83861614027758
1.380097180932537 103.76183753174672 67.83861614027727
1.3801004500061091 103.76184549457255 67.83861614027758
1.3801024935961859 103.76185047235958 67.83861614027789
1.3801045741571432 103.76185554020047 67.83861614027789
1.3801067716940045 103.76186089297191 67.83861614027758
1.3801098353754473 103.76186835550274 67.83861614027727
1.3801128047316589 103.76187558827574 67.83861614027703
1.3801152660872678 103.76188158365831 67.83861614027727
1.3801171899529778 103.76188626982028 67.83861614027727
1.3801189005627439 103.76189043653233 67.83861614027758
1.3801220576330147 103.76189812654034 67.83861614027673
1.3801243535867669 103.76190371903635 67.83861614027758
1.3801268190407467 103.76190972440193 67.83861614027697
1.3801300563433785 103.76191760984051 67.83861614027732
1.3801319954269449 103.76192205527832 67.7047288513692
1.3801354610817627 103.76192995641307 67.4441963742327
1.3801376386122224 103.76193492083178 67.2804926471346
1.3801402280504564 103.7619408243339 67.085819921336
1.3801433237152958 103.7619478819512 66.85309195265141
1.380146095390234 103.76195420092377 66.64472947830828
1.380149580114641 103.7619621455343 66.48132466257032
1.3801528993816377 103.76196971292866 66.48132466257032
1.3801559092723987 103.76197657499505 66.48132466257032
1.3801592421422013 103.7619841734017 66.48132466257006
1.3801624357345632 103.76199145427827 66.48132466257032
1.380165157919498 103.76199766042181 66.48132466257032
1.3801683797122282 103.76200500559077 66.48132466257032
1.3801715247718216 103.76201217582054 66.48132466257006
1.3801734711697287 103.76201661329459 66.48132466256972
1.3801770758850178 103.7620248314655 66.48132466256946
1.3801793131451958 103.7620299320588 66.48132466256972
1.380182477196833 103.76203714558753 66.48132466257032
1.3801860548368243 103.76204530203127 66.48132466256972
1.3801887312133243 103.76205140373924 66.48132466256946
1.3801915618046703 103.7620578570323 66.48132466257032
1.3801950142548651 103.76206572806356 66.48132466257032
1.3801977542521242 103.76207197481672 66.48132466257032
1.3801999511454046 103.7620769833802 66.48132466256946
1.38020204317569 103.7620817528729 66.48132466257032
1.3802052712482438 103.76208911235939 66.48132466257032
1.3802085798946715 103.76209665554141 66.48132466256972
1.3802117370210112 103.76210385328203 66.48132466257032
1.3802147890795664 103.76211081148502 66.48132466257032
1.3802172898634044 103.76211651287029 66.48132466257006
1.3802192031044072 103.76212087475234 66.48132466257032
1.3802212097365671 103.76212544955123 66.48132466257006
1.380224448319498 103.76213283299998 66.48132466257032
1.3802275285681134 103.76213985547196 66.48132466257032
1.3802299412925643 103.76214535609611 66.48132466256972
1.3802334040696649 103.76215325067167 66.48132466257032
1.380235576398177 103.76215820323176 66.48132466257032
1.3802382555910815 103.76216431136129 66.48132466257006
1.3802403930837075 103.7621691845012 66.48132466257006
1.3802426056780368 103.76217422886099 66.48132466257032
1.380244594033661 103.76217876199253 66.48132466257032
1.3802466455370077 103.76218343909075 66.48132466257032
1.3802485238198714 103.76218772127412 66.48132466257032
1.3802516403388032 103.76219482643695 66.48132466257006
1.3802541404900768 103.76220052638048 66.48132466257032
1.3802567896415305 103.76220656602054 66.48132466257032
1.3802593286340867 103.76221235451605 66.48132466257032
1.3802627272288588 103.76222010276669 66.48132466256946
1.3802645956179604 103.762224362394 66.48132466256972
1.3802680536945673 103.76223224625373 66.48132466257006
1.3802712339859846 103.76223949680787 66.48132466257032
1.3802730976941546 103.76224374576346 66.48132466257006
1.3802765883476926 103.76225170389354 66.48132466256972
1.380279817882153 103.76225906671402 66.48132466257032
1.3802824396841993 103.76226504400216 66.48132466257032
1.3802843604637156 103.76226942307137 66.48132466257006
1.3802879547745195 103.76227761752355 66.48132466257032
1.3802912175687618 103.7622850561712 66.48132466257032
1.3802935985117362 103.76229048433939 66.48132466256972
1.380295445281843 103.76229469467911 66.48132466257032
1.3802989295563515 103.76230263826636 66.48132466257032
1.3803017776466449 103.76230913145565 66.48132466257032
1.3803044036846435 103.76231511840133 66.48132466257032
1.380307449155985 103.76232206158784 66.48132466257032
1.3803099347078842 103.7623277282478 66.48132466257032
1.3803126995708546 103.76233403169226 66.48132466257032
1.38031574031311 103.76234096409732 66.48132466257032
1.3803176597469367 103.76234534009888 66.48132466257032
1.3803203331974088 103.76235143513759 66.48132466257032
1.3803237365529306 103.7623591942429 66.48132466257032
1.3803267481490025 103.76236606019948 66.48132466257032
1.3803288981964161 103.76237096196319 66.48132466257006
1.3803315670125806 103.76237704643657 66.48132466256972
1.3803345103470075 103.76238375676763 66.48132466257032
1.380337753800197 103.76239115132147 66.48132466257032
1.3803412880495074 103.76239920884395 66.48132466257032
1.3803442019815793 103.76240585214249 66.48132466257032
1.380346733520512 103.76241162364593 66.48132466257032
1.380349406243456 103.76241771702637 66.48132466256972
1.3803515100147392 103.76242251328812 66.48132466257006
