640219544
1.4325694342115514 103.77272212598294 350.4162445062569
1.4325773967351805 103.77272078576325 350.41624450625665
1.4325858447193163 103.77271936383278 350.41624450625665
1.4325917664363543 103.77271836711334 350.41624450625665
1.432597915014576 103.77271733220951 350.41624450625665
1.4326037007018182 103.77271635838602 350.41624450625665
1.4326114797613463 103.77271504904611 350.4162445062569
1.4326165662068213 103.77271419291611 350.4162445062569
1.43262416416143 103.77271291405901 350.41624450625665
1.4326292613883744 103.77271205611429 350.4162445062569
1.432636790192689 103.77271078889623 350.4162445062569
1.4326453950254077 103.77270934056537 350.41624450625665
1.432651556085648 103.77270830356046 350.41624450625665
1.4326569479921287 103.77270739601637 350.41624450625665
1.432661955973174 103.77270655309309 350.4162445062569
1.432670592074198 103.77270509949913 350.41624450625665
1.432676549362637 103.7727040967922 350.4162445062569
1.43268532643477 103.7727026194705 350.4162445062569
1.4326914029615727 103.77270159669376 350.4162445062569
1.432696680736295 103.77270070835979 350.4162445062569
1.4327034013202802 103.77269957717787 350.41624450625665
1.4327078784809941 103.77269882360004 350.41624450625665
1.4327167529561018 103.77269732988371 350.41624450625665
1.4327229059736197 103.77269629423226 350.41624450625665
1.4327302897709016 103.77269505142085 350.41624450625665
1.4327362658040297 103.77269404555868 350.4162445062569
1.4327417760132595 103.7726931181021 350.4162445062569
1.4327495877451748 103.77269180326235 350.41624450625665
1.432754632622908 103.7726909541285 350.4162445062569
1.4327597619630752 103.77269009077827 350.41624450625665
1.4327674149374767 103.77268880265987 350.4162445062569
1.4327734743777272 103.77268778275882 350.41624450625665
1.4327779953564834 103.77268702180552 350.4162445062569
1.4327865438305873 103.77268558296007 350.41624450625665
1.4327931035466892 103.77268447885449 350.4162445062569
1.4327996138881427 103.77268338305944 350.41624450625665
1.4328048538576899 103.77268250108837 350.4162445062569
1.4328116170808294 103.77268136272923 350.41624450625665
1.4328178776863738 103.77268030896869 350.41624450625665
1.4328251542236996 103.77267908421048 350.41624450625665
1.432831218640312 103.77267806347163 350.4162445062569
1.4328378888575595 103.77267694076677 350.41624450625665
1.4328438257009601 103.77267594150052 350.41624450625665
1.432851550050227 103.77267464136824 350.41624450625665
1.4328587574231966 103.77267342825138 350.41624450625665
1.4328654613496894 103.77267229987262 350.4162445062569
1.4328732917324034 103.7726709818931 350.4162445062569
1.4328777899609622 103.7726702247688 350.41624450625665
1.4328824503106246 103.77266944035688 350.41624450625665
1.4328873474213577 103.77266861609426 350.4162445062569
1.432895173602457 103.77266729882187 350.4162445062569
1.4329028129777046 103.77266601299186 350.41624450625665
1.4329111564629218 103.77266460864878 350.41624450625665
1.43291946132928 103.77266321080583 350.41624450625665
1.4329252811128081 103.7726622312424 350.41624450625665
1.432931527223951 103.77266117992112 350.41624450625665
1.4329393396455552 103.77265986496447 350.41624450625665
1.432946364965683 103.77265868248969 350.41624450625665
1.4329519466549794 103.77265774300128 350.41624450625665
1.4329574262622986 103.77265682069488 350.41624450625665
1.4329658915606418 103.77265539584842 350.41624450625665
1.4329744791075267 103.77265395042555 350.41624450625665
1.4329813372574807 103.77265279608808 350.4162445062569
1.4329889551505652 103.77265151387353 350.4162445062569
1.432995305998676 103.77265044492312 350.4162445062569
1.4330028840619264 103.77264916941252 350.41624450625665
1.4330090612644675 103.7726481296894 350.41624450625665
1.433016989331583 103.77264679526745 350.41624450625665
1.4330247378384198 103.77264549106835 350.41624450625665
1.433033264624577 103.77264405587219 350.4162445062569
1.4330382101286667 103.77264322346379 350.41624450625665
1.4330464873429576 103.77264183027458 350.4162445062569
1.4330532681509487 103.77264068895474 350.4162445062569
1.4330604697415015 103.77263947681037 350.4162445062569
1.433068478385985 103.77263812882572 350.41624450625665
1.4330736133857072 103.77263726452202 350.4162445062569
1.4330807299438284 103.77263606668991 350.4162445062569
1.4330884586945714 103.77263476581582 350.4162445062569
1.4330933885683483 103.77263393603809 350.4162445062569
1.433101380276099 103.77263259090404 350.41624450625665
1.4331101164847513 103.77263112045834 350.41624450625665
1.4331167815635004 103.77262999861739 350.4162445062569
1.4331253739393781 103.77262855238101 350.4162445062569
1.4331326851480297 103.77262732178585 350.4162445062569
1.4331388559675098 103.77262628313669 350.4162445062569
1.4331458795793626 103.7726251009487 350.41624450625665
1.433151306569208 103.77262418749812 350.41624450625665
1.4331562035643188 103.77262336325424 350.41624450625665
1.4331607049869732 103.77262260559164 350.4162445062569
1.4331676966582771 103.77262142877966 350.41624450625665
1.4331724251773812 103.772620632893 350.41624450625665
1.433177349739738 103.77261980400905 350.4162445062569
1.4331836681804324 103.7726187405127 350.4162445062569
1.43318833856852 103.77261795441038 350.41624450625665
1.4331936472502995 103.77261706087285 350.4162445062569
1.4332006211566517 103.7726158870509 350.41624450625665
1.4332060648872476 103.77261497078243 350.41624450625665
1.4332127405648878 103.77261384715716 350.4162445062569
1.4332199518470639 103.77261263338093 350.41624450625665
1.4332253128556363 103.77261173103585 350.41624450625665
1.4332341884767836 103.77261023712417 350.41624450625665
1.4332392301546253 103.77260938852763 350.41624450625665
1.4332449214845193 103.77260843058403 350.4162445062569
1.4332526169901993 103.77260713530497 350.41624450625665
1.4332573887509696 103.7726063321398 350.41624450625665
1.4332655025366705 103.77260496645732 350.41624450625665
1.4332706583632522 103.77260409864759 350.41624450625665
1.4332758942527517 103.77260321736196 350.4162445062569
1.4332832412535952 103.7726019807418 350.4162445062569
1.433289791645054 103.77260087820397 350.4162445062569
1.4332952324424333 103.77259996242894 350.41624450625665
1.433300705170002 103.77259904127952 350.41624450625665
1.4333067597894449 103.77259802218818 350.4162445062569
1.4333152434680454 103.77259659424645 350.4162445062543
1.4333221189582366 103.7725954369891 350.4162445062569
1.4333307898557246 103.77259397753532 350.41624450625665
1.4333358446079763 103.77259312673787 350.4162445062569
1.4333436014785552 103.77259182112971 350.41624450625665
1.4333507552147833 103.77259061703889 350.4162445062569
1.433357123202698 103.77258954520235 350.41624450625665
1.4333648095609282 103.77258825146247 350.41624450625665
1.4333697816126598 103.77258741458478 350.4162445062569
1.4333762023698728 103.77258633386623 350.41624450625665
1.433383815537993 103.77258505244538 350.41624450625665
1.4333889447343098 103.77258418911762 350.41624450625665
1.4333976614172976 103.77258272195708 350.41624450625665
1.4334065048936186 103.77258123345513 350.4162445062569
1.4334133751718872 103.77258007707468 350.41624450625665
1.4334180128278289 103.77257929648115 350.4162445062569
1.433425529569274 103.77257803129032 350.4162445062569
1.433430178054287 103.77257724887406 350.4162445062569
1.433436287576173 103.77257622054131 350.4162445062569
1.4334414099388137 103.77257535836364 350.41624450625665
1.4334487823198092 103.77257411747095 350.4162445062569
1.433453347664254 103.77257334904854 350.4162445062569
1.4334581515604972 103.77257254047396 350.41624450625665
1.433466766123121 103.77257109050163 350.4162445062569
1.4334726760486514 103.77257009576412 350.4162445062569
1.4334774404104673 103.77256929384376 350.4162445062569
1.433485916632903 103.77256786715628 350.4162445062569
1.4334909503385571 103.7725670199009 350.4162445062569
1.433498138730994 103.77256578755583 350.38805892818044
1.4335032714713025 103.77256490350226 350.36275405512345
1.4335113086597542 103.772563519192 350.3231299500696
1.4335181602033062 103.77256233909495 350.2893511732243
1.4335259570224181 103.77256099618538 350.25091211151505
1.4335345254612786 103.77255952037343 350.20866894974284
1.433539704045516 103.7725586284237 350.19655797890425
1.433547464820688 103.77255729172218 350.19655797890425
1.4335520027115667 103.77255651012426 350.196557978904
1.4335565834457793 103.77255572114707 350.1965579789068
1.4335629469528826 103.77255462510837 350.1965579789066
1.43356999055974 103.77255341193049 350.19655797890425
1.433578082444232 103.77255201819918 350.19655797890425
1.433586434416342 103.77255057967083 350.1965579789066
1.433592716587102 103.77254949764125 350.1965579789068
1.4336011093466001 103.77254805208767 350.1965579789068
1.4336084781984602 103.77254678289005 350.1965579789068
1.4336166434630286 103.77254537651972 350.1965579789066
1.4336242106276733 103.77254407316501 350.1965579789068
1.433630444843032 103.77254299939504 350.19655797890425
1.4336365796828765 103.7725419427413 350.196557978904
1.4336433274826268 103.77254078051246 350.1965579789068
1.4336481914496932 103.77253994275152 350.1965579789068
1.4336555253578651 103.77253867957236 350.19655797890425
1.4336623765677825 103.77253749953225 350.1965579789066
1.4336691579586482 103.77253633151763 350.196557978904
1.433677086344309 103.77253496594663 350.1965579789068
1.433683000780264 103.77253394725473 350.1965579789068
1.4336880893339732 103.77253307081129 350.1965579789068
1.4336954566561226 103.7725318018768 350.1965579789068
1.433703147701219 103.77253047718482 350.19655797890425
1.4337090974567754 103.77252945240944 350.1965579789066
1.4337176179123887 103.77252798486121 350.1965579789066
1.4337246689687466 103.77252677039965 350.1965579789068
1.433732057330117 103.77252549784126 350.19655797890425
1.4337388515975855 103.77252432760855 350.1965579789068
1.433745367884802 103.77252320525463 350.1965579789068
1.4337510214411209 103.77252223149596 350.19655797890425
1.4337569705447113 103.77252120683272 350.1965579789066
1.4337639119343881 103.77252001125983 350.1965579789068
1.433770500797445 103.7725188764055 350.196557978904
1.4337781074937244 103.77251756624129 350.19655797890425
1.433784470021746 103.77251647037046 350.19655797890425
1.4337894742183412 103.77251560845627 350.19655797890425
1.4337954045733274 103.77251458702214 350.1965579789068
1.4338035963224076 103.77251317608935 350.1965579789068
1.433811907484251 103.77251174458907 350.1965579789068
1.4338166556865721 103.77251092676681 350.1965579789068
1.4338231141291085 103.7725098143757 350.196557978904
1.4338286275637215 103.77250886475112 350.1965579789068
1.433833663418286 103.7725079973841 350.1965579789066
1.4338386449006821 103.77250713938204 350.1965579789066
1.4338437773143637 103.7725062553838 350.1965579789068
1.4338483969312288 103.77250545970882 350.1965579789068
1.4338529504160484 103.77250467542429 350.196557978904
1.433860421614689 103.77250338859764 350.1965579789066
1.4338674970400291 103.77250216993829 350.196557978904
1.4338720624441261 103.77250138360075 350.1965579789068
1.4338783312556385 103.77250030387117 350.196557978904
1.4338859252585807 103.7724989958928 350.19655797890425
1.4338942128245291 103.7724975684563 350.1965579789068
1.4338991283627975 103.77249672181216 350.1965579789068
1.4339051599922379 103.77249568293433 350.196557978904
1.4339117722715518 103.77249454404632 350.19655797890425
1.43391719380522 103.77249361025035 350.19655797890425
1.433926048401793 103.77249208514927 350.19655797890425
1.4339305964606262 103.7724913017991 350.19655797890425
1.4339350571336351 103.77249053350015 350.19655797890425
1.433939831063724 103.77248971124627 350.19655797890425
1.433948090095428 103.7724882887242 350.19655797890425
1.4339530065233705 103.7724874419267 350.1965579789066
1.4339596109038244 103.772486304399 350.1965579789068
1.4339663158702232 103.77248514954651 350.196557978904
1.4339741699619009 103.77248379677054 350.1965579789066
1.4339821247245759 103.77248242665512 350.19655797890425
1.4339909644388895 103.77248090411703 350.196557978904
1.4339978663819724 103.77247971533748 350.19655797890425
1.4340031527255874 103.77247880482616 350.19655797890425
1.4340093941457475 103.77247772981399 350.19655797890425
1.434013988255742 103.77247693853185 350.19655797890425
1.4340186806447246 103.7724761303223 350.1965579789068
1.43402488521559 103.77247506165693 350.1965579789068
1.4340311342426488 103.77247398533449 350.1965579789066
1.4340384970817626 103.7724727171708 350.1965579789068
1.4340444464725408 103.77247169245716 350.1965579789068
1.4340520416103575 103.77247038428268 350.19655797890425
1.4340580545490187 103.77246934862362 350.19655797890425
1.4340651861714995 103.7724681202842 350.1965579789068
1.4340705067319681 103.77246720387926 350.1965579789068
1.4340772193183653 103.77246604771392 350.19655797890425
1.4340847008577757 103.77246475910529 350.1965579789068
1.4340895705952483 103.77246392034934 350.1965579789068
1.4340983730398553 103.77246240423001 350.1965579789066
1.4341040045625808 103.7724614342653 350.19655797890425
1.4341123548797248 103.77245999601962 350.1965579789068
1.4341179759862885 103.77245902784892 350.19655797890425
1.4341227029257642 103.7724582136882 350.1965579789068
1.4341300322667674 103.7724569512938 350.1965579789068
1.4341359702745864 103.77245592854048 350.1965579789068
1.4341440875066462 103.77245453044088 350.1965579789068
1.4341516769733307 103.77245322324276 350.1965579789068
1.4341570472857001 103.77245229826838 350.1965579789055
1.4341634673983736 103.77245119247794 350.1965579789066
1.4341703726966992 103.77245000311987 350.1965579789068
1.4341785635037712 103.77244859234769 350.1965579789068
1.4341871930605585 103.77244710600588 350.1965579789068
1.4341924448376826 103.7724462014477 350.1965579789055
1.4342011553970109 103.77244470115409 350.1965579789055
1.4342059134012604 103.77244388164257 350.1965579789068
1.4342147364443565 103.77244236197484 350.1965579789055
1.4342214589515285 103.77244120410025 350.1965579789066
1.4342290013412196 103.77243990501029 350.1965579789053
1.4342341053548349 103.77243902590256 350.1965579789068
1.4342427606718906 103.7724375351236 350.1965579789068
1.43424814985331 103.77243660689895 350.1965579789055
1.4342559049892611 103.77243527116578 350.1965579789068
1.4342607690679368 103.77243443338403 350.1965579789055
1.4342674356662848 103.7724332851389 350.1965579789055
1.4342760029008585 103.77243180953099 350.1965579789055
1.4342840664768632 103.77243042067242 350.1965579789055
1.4342899213602995 103.77242941223582 350.1965579789055
1.4342948520104208 103.77242856298783 350.1965579789053
1.4343032663575583 103.77242711371288 350.1965579789068
1.4343104575047085 103.77242587512009 350.1965579789055
1.4343161014536092 103.77242490301447 350.1965579789053
1.4343231362766944 103.77242369134667 350.1965579789053
1.434331617553552 103.77242223054371 350.1965579789068
1.4343382534280404 103.77242108759019 350.1965579789055
1.4343436201513504 103.77242016323342 350.1965579789055
1.4343518288903 103.77241874937192 350.1965579789068
1.4343585369704643 103.77241759398171 350.1965579789055
1.4343631173492188 103.77241680506377 350.1965579789053
1.4343715435096378 103.77241535375381 350.1965579789055
1.4343762668328646 103.77241454021527 350.1965579789053
1.4343840320858046 103.77241320273905 350.1965579789055
1.4343890009594877 103.7724123469072 350.1965579789068
1.434395118421917 103.77241129324403 350.1965579789053
1.4344031966404829 103.77240990186296 350.1965579789055
1.4344111576402556 103.77240853067144 350.1965579789055
1.4344173460110239 103.77240746479505 350.1965579789055
1.4344234772829165 103.77240640875327 350.1965579789055
1.434430183643447 103.77240525365902 350.1965579789068
1.4344357266188996 103.77240429894456 350.1965579789053
1.434441596151626 103.7724032879843 350.1965579789068
1.4344474538560712 103.77240227906132 350.1965579789055
1.4344525816579312 103.77240139585577 350.1965579789053
1.4344574761392792 103.77240055283698 350.1965579789055
1.434465105553876 103.77239923875702 350.1965579789068
1.4344716366905987 103.77239811384291 350.1965579789055
1.4344768966253907 103.77239720787887 350.1965579789055
1.4344839404431737 103.77239599466121 350.1965579789066
1.434489990939396 103.77239495253191 350.1965579789055
1.4344948913693378 103.77239410848846 350.1965579789053
1.4345017447912465 103.77239292806429 350.1965579789053
1.434510136690662 103.77239148265477 350.1965579789068
1.434518999919595 103.77238995606405 350.1965579789055
