1315917316 1.2766903175477957 103.86915286434157
1446072786 1.282883056456132 103.87713746889428
1539831751 1.2710450091599794 103.86073722285117
1539831752 1.2709400391865184 103.86084520461333
1539883480 1.2741270943752094 103.86099029712825
1539883493 1.2723751206771794 103.8637379937634
1539883549 1.2742019401867295 103.86087639682128
1539883576 1.2721736858907293 103.86375614611431
1833740085 1.2793997171606986 103.86427432295461
2082809510 1.2723209478564446 103.86233206475248
244916483#1-AddedOnRampNode 1.2719147036527938 103.86250911012282
2521115159 1.2719779475121058 103.86172980535683
2521115175 1.2741995952668403 103.86516831336013
2521115176 1.2741559326858107 103.86441358902265
2521115180 1.2758778431252404 103.86729619463526
2521115183 1.276983202664605 103.86913467206249
2521884266 1.2707796357902745 103.86098772133693
2521884271 1.2742133387412307 103.8655636535179
2521884273 1.2743865088527158 103.86585691945092
2521884276 1.2755264010141263 103.86785292528216
2596273219 1.2778798532454592 103.87070245824474
265150827-AddedOnRampNode 1.2775035537955586 103.86986986774085
2653101272 1.2759068328699152 103.86800850709727
2653101274 1.2759534527665002 103.86768045404087
2653101281 1.2763942134126633 103.86864243080443
2879240173 1.2694839309044992 103.85948923200071
4600842962 1.2736298707171614 103.86528225048205
4712021480 1.27608438612148 103.86819068984695
4712021481 1.2696149028588108 103.85988236237678
5006326688 1.2724992540571767 103.8631923282937
5006326692 1.2705405861738808 103.85879738726028
5069323959 1.2769274939720792 103.86813972322683
5171997057 1.2781382751039705 103.8661965197163
5187405194 1.2754329912263855 103.86771672023785
5993664927 1.2742797339910394 103.86108585356129
5993700035 1.275159503283892 103.86150741476753
5995142278 1.2731501178861375 103.86369406673921
6094644741 1.2749276163006764 103.86322217994405
6138767692 1.2745262177978807 103.86616628714228
6143994637 1.276327798216103 103.86106041820604
6306233270 1.2748376748285886 103.86335954348417
6309457581 1.2791113686393465 103.87247518830735
673743137-AddedOffRampNode 1.2772213389486458 103.86988050608133
6749812855 1.2801534463081239 103.8654233646181
8133473091 1.273159522030214 103.86246407825803
cluster_1629337142_1629337146 1.2757411504081773 103.86196595450562
cluster_2082806498_2521884270 1.2738709334716023 103.86487547509735
cluster_2521115163_2521884269 1.2727341070701121 103.86326538102881
:2653101281_6_0 1.2764038138512923 103.86867001731446
:cluster_1629337142_1629337146_19_0 1.275689493161816 103.86194890156791
:cluster_1629337142_1629337146_20_0 1.2756724828738744 103.86193812442983
:cluster_1629337142_1629337146_21_0 1.2756589134657765 103.86193543423926
:cluster_2082806498_2521884270_14_0 1.2738327695488547 103.86489355603176
:cluster_2082806498_2521884270_15_0 1.2737517575065416 103.86476956840687
:cluster_2521115163_2521884269_13_0 1.2727760587044483 103.86322168500621
:cluster_2521115163_2521884269_14_0 1.2727964243024066 103.86325160336787
:cluster_2521115163_2521884269_15_0 1.2728766150657513 103.86335941431092
