-884566471
1.2764702867493203 103.86872369346796 54.574638852779664
1.2764754407807555 103.86873088570532 54.57463885278073
1.2764805368625523 103.8687379970764 54.574638852779664
1.2764845571209424 103.86874360718048 54.57463885278073
1.2764889586920245 103.86874974939067 54.57463885278073
1.2764938105569685 103.86875651996732 54.574638852779664
1.276497858666183 103.86876216893614 54.574638852779664
1.2765026106315605 103.86876880010715 54.57463885278073
1.2765073789230936 103.86877545406062 54.57463885278073
1.2765118503054091 103.86878169368963 54.57463885278073
1.2765163629873604 103.86878799095055 54.57463885278073
1.2765208005959077 103.86879418344968 54.57463885278073
1.276525295731218 103.86880045622506 54.57463885278224
1.2765283143937436 103.86880466864375 54.57463885278073
1.2765326081719188 103.86881066043361 54.57463885278073
1.276535324692249 103.86881445122539 54.574638852779664
1.2765381675121001 103.86881841826295 54.57463885278073
1.2765418916284352 103.86882361511331 54.574638852779664
1.2765451260454235 103.86882812860848 54.57463885278073
1.2765502375905464 103.86883526155842 54.57463885278073
1.2765543621509894 103.86884101721202 54.57463885278073
1.2765572983903422 103.86884511461267 54.57463885278073
1.2765615429122592 103.86885103766761 54.57463885278073
1.276566627656073 103.86885813321749 54.57463885278073
1.2765718381867817 103.86886540429784 54.57463885278073
1.2765750907292546 103.8688699430865 54.574638852779664
1.2765799309200856 103.86887669737285 54.574638852779664
1.2765839740861005 103.86888233944406 54.57463885278073
1.276587934404907 103.86888786590542 54.57463885278073
1.2765913422335735 103.8688926213896 54.57463885278073
1.2765948034250296 103.86889745133938 54.574638852779664
1.2765987540671708 103.86890296429739 54.57463885278073
1.2766027554520787 103.86890854806487 54.57463885278073
1.2766077080306606 103.86891545918385 54.57463885278073
1.2766117012954283 103.86892103162003 54.57463885278073
1.2766148244321875 103.86892538982852 54.57463885278073
1.2766194134333846 103.86893179359035 54.57463885278073
1.2766220856322912 103.86893552253368 54.57463885278073
1.2766256786756425 103.86894053647745 54.574638852779664
1.276628412494687 103.86894435140916 54.57463885278073
1.2766318227615179 103.86894911029586 54.57463885278073
1.2766351636766977 103.86895377240522 54.57463885278073
1.2766402379159507 103.86896085329685 54.57463885278073
1.2766449275262708 103.8689673974547 54.57463885278073
1.2766497907412646 103.86897418387072 54.57463885278073
1.2766537687070696 103.86897973495803 54.574638852779664
1.276658323206871 103.86898609057478 54.574638852779664
1.2766625800607005 103.86899203083887 54.57463885278073
1.276667389848625 103.86899874269973 54.57463885278073
1.2766701845373 103.86900264257264 54.574638852779664
1.2766752206047205 103.86900967019724 54.57463885278073
1.2766788013554526 103.86901466698741 54.57463885278073
1.2766834198584738 103.86902111191814 54.57463885278073
1.2766874082656947 103.86902667757616 54.57463885278073
1.2766926065669297 103.86903393159147 54.57463885278224
1.2766974141387213 103.86904064036 54.574638852779664
1.2767017413317532 103.86904667877974 54.57463885278073
1.276704919100426 103.86905111322511 54.574638852779664
1.276707887329497 103.86905525526662 54.574638852779664
1.2767123704554226 103.86906151128434 54.57463885278073
1.2767151580049754 103.86906540119502 54.57463885278073
1.27671817670155 103.86906961366188 54.574638852779664
1.2767225337512298 103.86907569374546 54.57463885278073
1.2767253066174564 103.8690795631662 54.57463885278073
1.2767279689364368 103.86908327832282 54.57463885278073
1.2767310021363265 103.86908751102851 54.57463885278073
1.276735544270772 103.86909384939031 54.57463885278073
1.2767394032990411 103.86909923450557 54.57463885278073
1.2767444770149992 103.86910631466756 54.574638852779664
1.2767485073426545 103.8691119388241 54.57463885278073
1.2767512105272425 103.86911571100707 54.57463885278073
1.2767541888212124 103.86911986709389 54.57463885278073
1.2767582562435194 103.86912554301452 54.57463885278073
1.2767631754418614 103.86913240755365 54.57463885278073
1.2767672894428332 103.86913814847296 54.574638852779664
1.276771922992822 103.86914461440159 54.57463885278073
1.2767770994311705 103.86915183790866 54.57463885278073
1.276781583323536 103.86915809499628 54.574638852779664
1.276785036710717 103.86916291405625 54.57463885278073
1.2767897693405046 103.86916951824675 54.574638852779664
1.2767938533698984 103.86917521734208 54.574638852779664
1.2767979420351392 103.86918092290657 54.574638852779664
1.2768020393048198 103.8691866404782 54.57463885278073
1.2768056572778297 103.86919168921101 54.57463885278073
1.2768090802521945 103.86919646583125 54.57463885278224
1.2768125482043722 103.86920130521618 54.57463885278073
1.2768162747545757 103.86920650546408 54.574638852779664
1.2768210953501722 103.86921323240743 54.57463885278073
1.2768253952803328 103.86921923278358 54.57463885278073
1.2768283637739992 103.8692233751947 54.574638852779664
1.276832920232464 103.86922973354558 54.57463885278073
1.2768368412999438 103.86923520523445 54.574638852779664
1.2768399440784461 103.86923953503461 54.57463885278224
1.2768439394013364 103.86924511034388 54.574638852781185
1.2768469988226436 103.86924937964088 54.57463885278073
1.2768513787625049 103.86925549166739 54.57463885278073
1.276855880690377 103.8692617739232 54.574638852779664
1.276859161017958 103.86926635148588 54.57463885278073
1.2768626288985099 103.86927119077106 54.57463885278073
1.2768654299276683 103.86927509949248 54.574638852779664
1.276868347386476 103.8692791706867 54.574638852779664
1.2768717569838242 103.8692839286401 54.57463885278073
1.2768762069289612 103.86929013835622 54.574638852779664
1.2768800946455434 103.86929556350546 54.57463885278073
1.2768838193594014 103.86930076119108 54.57463885278073
1.2768881229558635 103.86930676668369 54.57463885278073
1.2768908040107934 103.86931050798607 54.57463885278073
1.2768950488477477 103.86931643148222 54.57463885278073
1.2768991044341769 103.86932209088704 54.57463885278073
1.276902641297098 103.86932702643446 54.57463885278073
1.2769055759434957 103.86933112161337 54.57463885278073
1.2769085577459889 103.86933528259671 54.57463885278073
1.2769118491892621 103.86933987567109 54.574638852779664
1.2769170246465056 103.86934709780986 54.57463885278073
1.2769219660189732 103.86935399329296 54.57463885278073
1.2769263601346206 103.86936012510158 54.57463885278073
1.2769301390981413 103.8693653984906 54.57463885278073
1.2769338553305436 103.86937058434091 54.57463885278073
1.2769380350092285 103.86937641691158 54.57463885278073
1.276942844654844 103.86938312857536 54.57463885278073
1.2769460274019866 103.86938756996885 54.574638852779664
1.2769510718276165 103.86939460925858 54.57463885278073
1.2769552570835812 103.8694004496122 54.57463885278073
1.2769599263663822 103.8694069654055 54.574638852779664
1.2769640789688932 103.86941276019259 54.574638852781185
1.276968631195535 103.86941911263885 54.57463885278073
1.2769737377286698 103.8694262385972 54.57463885278073
1.2769768297973612 103.86943055345273 54.57463885278073
1.2769803775590223 103.8694355042092 54.57463885278073
1.2769847753046535 103.86944164108361 54.57463885278073
1.2769878461541835 103.86944592632872 54.57463885278073
1.2769911535838434 103.86945054171174 54.57463885278073
1.2769958922511144 103.86945715432843 54.57463885278073
1.277000674162919 103.86946382729111 54.57463885278073
1.2770035810847435 103.86946788378185 54.57463885278073
1.2770067709909112 103.8694723351657 54.57463885278073
1.2770118803408053 103.86947946505495 54.57463885278073
1.277016818096741 103.86948635549186 54.57463885278073
1.277019590158689 103.86949022379119 54.574638852779664
1.277022807859445 103.8694947139613 54.57463885278073
1.277027121138628 103.86950073296644 54.574638852779664
1.2770314780620535 103.86950681287536 54.57463885278073
1.277034608880689 103.86951118180507 54.57463885278073
1.2770384954637441 103.8695166053732 54.574638852779664
1.2770414245784898 103.86952069283339 54.57463885278073
1.277045660659135 103.86952660411121 54.574638852779664
1.2770502342957464 103.86953298643462 54.57463885278073
1.2770530953523693 103.86953697892251 54.57463885278073
1.2770564536049764 103.86954166522712 54.57463885278073
1.277059173228455 103.86954546035085 54.57463885278073
1.2770643172913014 103.8695526386809 54.574638852779664
1.2770674527530415 103.86955701408999 54.574638852779664
1.2770723531769983 103.86956385243195 54.574638852779664
1.2770770899299084 103.86957046237767 54.57463885278073
1.2770818534026018 103.86957710960976 54.57463885278073
1.2770848984705265 103.86958135887802 54.57463885278073
1.277087666831103 103.86958522201246 54.57463885278073
1.2770909793020015 103.8695898444307 54.574638852779664
1.2770959153755121 103.86959673252031 54.574638852779664
1.2770987372589746 103.86960067034379 54.57463885278073
1.2771035843100091 103.86960743420617 54.57463885278073
1.2771074556646187 103.86961283652396 54.574638852779664
1.2771110036905908 103.86961778764979 54.57463885278073
1.2771154206440314 103.86962395132856 54.57463885278073
1.2771201003251007 103.86963048163307 54.57463885278073
1.2771246440012332 103.86963682214825 54.574638852779664
1.2771291214579052 103.8696430702569 54.57463885278073
1.2771321865943788 103.86964734753016 54.574638852779664
1.277135634799416 103.86965215936003 54.57463885278073
1.277138645938547 103.86965636128224 54.574638852779664
1.2771436816498367 103.86966338841258 54.574638852779664
1.2771470041350304 103.86966802480556 54.574638852779664
1.2771521398115595 103.86967519143337 54.57463885278073
1.2771557171514418 103.86968018346576 54.57463885278073
1.2771586613270771 103.86968429194319 54.574638852779664
1.2771624397356363 103.86968956455877 54.574638852779664
1.2771669968309982 103.86969592380015 54.574638852779664
1.277171543397573 103.86970226834907 54.57463885278073
1.2771750107416768 103.86970710688692 54.57463885278073
1.2771776745756422 103.86971082415899 54.574638852779664
1.2771803682985277 103.86971458313985 54.57463885278073
1.277185421424191 103.86972163457146 54.57463885278224
1.2771895764736227 103.86972743277421 54.574638852779664
1.2771943242769783 103.86973405814098 54.57463885278073
1.277196986029078 103.86973777250796 54.57463885278073
1.2772004127290177 103.86974255432862 54.57463885278073
1.2772051017484065 103.86974909766482 54.57463885278073
1.2772084527612086 103.86975377386717 54.574638852781185
1.2772130404397246 103.86976017578635 54.57463885278073
1.2772174710593096 103.8697663585362 54.57463885278073
1.2772217417101863 103.8697723180562 54.57463885278073
1.277225511365111 103.8697775784567 54.574638852779664
1.277228917070098 103.86978233097986 54.57463885278073
1.2772320840541946 103.86978675037771 54.574638852779664
1.2772362090898812 103.8697925066977 54.57463885278073
1.2772414172647877 103.86979977449458 54.57463885278073
1.27724469085919 103.86980434266283 54.57463885278073
1.2772489739791704 103.86981031958311 54.57463885278073
1.2772537059526488 103.86981692286025 54.57463885278073
1.2772573476923585 103.86982200476042 54.57463885278073
1.27726227010956 103.8698288737941 54.574638852779664
1.277266205368613 103.86983436528865 54.57463885278073
1.2772709306857553 103.86984095927724 54.57463885278073
1.277275566199845 103.86984742794935 54.574638852779664
1.2772804053566547 103.86985418079666 54.574638852779664
1.2772837207635905 103.86985880731275 54.57463885278073
1.2772887360256946 103.86986580590789 54.574638852781185
1.2772927171560797 103.86987136141414 54.57463885278073
1.2772973759831745 103.86987786261872 54.57463885278073
1.277300461632035 103.86988216851678 54.57463885278073
1.277305553359208 103.86988927381593 54.57463885278073
1.2773098507959648 103.86989527071499 54.57463885278073
1.2773136240210128 103.86990053609784 54.574638852779664
1.2773180278620286 103.86990668147978 54.57463885278073
1.277323257992103 103.86991397991468 54.57463885278073
1.2773272057252498 103.86991948881658 54.574638852779664
1.2773313623350449 103.8699252891974 54.574638852779664
1.2773340507620545 103.86992904078856 54.57463885278073
1.2773375183754347 103.8699338797028 54.57463885278073
1.277341201155043 103.86993901887281 54.574638852779664
1.2773449518041007 103.8699442527519 54.57463885278073
1.277349630120294 103.86995078115301 54.57463885278073
1.277352826105597 103.86995524102132 54.574638852779664
1.2773557572959213 103.86995933137891 54.57463885278073
1.2773608448829021 103.86996643090093 54.57463885278073
1.2773648833878395 103.86997206647136 54.57463885277922
1.2773684546502722 103.86997705002378 54.57463885278073
1.277373363086465 103.86998389954816 54.57463885278073
1.2773764605218663 103.86998822189415 54.57463885278073
1.2773816594268885 103.8699954767561 54.574638852779664
1.2773866518551071 103.87000244348805 54.57463885278073
1.2773909801689842 103.87000848347527 54.574638852779664
1.277394987529158 103.87001407558458 54.57463885278073
1.2773993247774214 103.87002012803943 54.574638852779664
1.2774035573385247 103.87002603440757 54.574638852779664
1.277408483305069 103.87003290839506 54.57463885278073
1.2774133397704577 103.87003968539652 54.57463885278073
1.277417308891598 103.8700452241449 54.57463885278073
1.2774215868138767 103.87005119381284 54.57463885278073
1.2774246207627165 103.87005542756603 54.57463885278073
1.2774297404639323 103.870062508059 54.527423325677276
1.2774326658343746 103.8700665296664 54.48258490975633
1.2774374693311172 103.87007313319869 54.40895937179492
1.27744123426121 103.87007830897768 54.35125235311814
1.2774449438427085 103.87008340866706 54.294393730680916
1.2774478655090729 103.87008742518239 54.24961198152778
1.2774528568541945 103.8700942869564 54.17310767121906
1.2774565623272767 103.87009938099786 54.16858773619999
1.2774612043287263 103.87010576251711 54.16858773619893
1.2774662149175806 103.87011265074622 54.16858773620152
1.2774708742165977 103.8701190560451 54.16858773619893
1.27747400338892 103.87012335782612 54.168587736200465
1.2774772599524529 103.87012783473621 54.16858773619893
1.2774804838183944 103.87013226669583 54.168587736200465
1.27748548885992 103.87013914729894 54.16858773619893
1.2774888357078 103.87014374832609 54.16858773619893
1.2774921676120194 103.87014832880969 54.16858773620152
1.2774948201606255 103.87015197535972 54.16858773619893
1.277499829977289 103.87015886252745 54.168587736200465
1.2775037409001124 103.87016423900793 54.168587736200465
1.2775084213798094 103.87017067342481 54.16858773620152
1.2775116310177774 103.87017508582484 54.16858773619893
1.2775158162960305 103.87018083947125 54.168587736200465
1.2775192937494764 103.87018562004651 54.16858773620152
1.277524100981671 103.8701922287145 54.168587736200465
1.2775279508488302 103.87019752125977 54.168587736200465
1.277532940090453 103.87020438014245 54.16858773619893
1.277537842813662 103.87021112008532 54.16858773620152
1.2775410666739322 103.87021555203735 54.16858773619893
1.2775449783575474 103.87022092956389 54.16858773620152
1.2775496510956912 103.87022735333841 54.16858773620152
1.2775544589092016 103.87023396280573 54.16858773620152
1.2775571128143246 103.87023761122077 54.168587736200465
1.277560536383385 103.87024231771946 54.16858773619999
1.2775633865245968 103.87024623590705 54.16858773619999
1.2775683412470331 103.87025304733521 54.16858773619999
1.2775713076512696 103.87025712535366 54.168587736200465
1.2775748654961963 103.87026201644606 54.168587736200465
1.27757823214543 103.87026664469514 54.16858773619999
1.2775834923499023 103.8702738760801 54.16858773619893
1.2775871430159382 103.87027889477694 54.168587736200465
1.2775914505354913 103.87028481647305 54.168587736200465
1.277595100914166 103.87028983477488 54.16858773620152
1.2775985514501396 103.87029457834605 54.168587736200465
1.2776032066368324 103.87030097799224 54.16858773620152
1.277608339192335 103.87030803389388 54.16858773620152
1.2776127395153218 103.87031408317017 54.168587736200465
1.2776174650383207 103.8703205795102 54.16858773620152
1.277621004068754 103.87032544473784 54.168587736200465
1.2776241011613323 103.87032970241825 54.16858773620152
1.2776281577248372 103.87033527911655 54.168587736200465
1.277631920954008 103.87034045255801 54.16858773620152
1.2776363924856142 103.87034659972737 54.16858773620152
1.2776401568467535 103.87035177472502 54.16858773620152
1.2776428613703827 103.87035549272734 54.16858773620152
1.2776481044684551 103.87036270059592 54.16858773620152
1.2776529960374354 103.87036942520528 54.16858773619999
1.2776578480544476 103.87037609544123 54.16858773619893
1.2776608321606395 103.87038019779544 54.16858773619999
1.277664294923679 103.87038495817583 54.16858773620152
1.2776695619992067 103.87039219900716 54.16858773619999
1.277672632026097 103.87039641947958 54.168587736200465
1.2776755685070722 103.8704004563618 54.168587736200465
1.277680500258154 103.87040723621107 54.16858773620152
1.2776831655733958 103.87041090031236 54.16858773619893
1.277687263538083 103.87041653392657 54.16858773620152
1.277690865021165 103.87042148501034 54.16858773619893
1.2776947849448046 103.87042687386536 54.168587736200465
1.2776977664666518 103.87043097266691 54.16858773620152
1.277701605207367 103.87043624991698 54.16858773619999
1.2777066488057054 103.8704431835267 54.168587736200465
1.2777113431975318 103.87044963707011 54.168587736200465
1.2777148927198134 103.87045451672164 54.16858773620152
1.2777199855199826 103.87046151797087 54.16858773620152
1.2777242346165798 103.87046735935152 54.16858773619999
1.2777270042754547 103.87047116689779 54.16858773620152
1.2777316897342454 103.87047760816075 54.168587736200465
1.277736815044948 103.87048465410342 54.168587736200465
1.277741944166156 103.87049170528459 54.16858773619893
1.277747115073002 103.87049881390995 54.16858773620152
1.2777503378738833 103.87050324440634 54.16858773620152
1.2777537344813283 103.87050791384067 54.168587736200465
1.2777577315203372 103.87051340870916 54.168587736200465
1.2777608966929639 103.87051775998202 54.16858773619999
1.2777644888464166 103.8705226982403 54.16858773619999
1.2777681346644534 103.87052771027312 54.16858773620152
1.2777724215491988 103.87053360360271 54.16858773620152
1.2777757154248972 103.8705381318082 54.16858773619999
1.277779125172905 103.87054281930742 54.16858773620152
1.2777831830972046 103.87054839787716 54.16858773620152
1.277787179909938 103.8705538924347 54.16858773619999
1.2777901948595594 103.87055803719088 54.168587736200465
1.2777929798837089 103.87056186586051 54.16858773619893
1.2777973703687766 103.87056790161316 54.168587736200465
1.2778014828448259 103.87057347057132 54.10539602271786
1.2778049197608237 103.87057807293014 54.01390814298843
1.2778099419978115 103.87058479818522 53.88021857957114
1.2778140675160552 103.87059032264828 53.77039860581327
1.2778171156519404 103.87059440439346 53.68925834667075
1.2778209188405303 103.87059949722632 53.58801957784704
1.277824617052329 103.87060444948527 53.48957655611212
1.2778293404704606 103.87061077459347 53.451233673462596
1.2778328995832757 103.87061554058562 53.45123367346365
1.2778356443746868 103.8706192161236 53.45123367346365
1.2778387299348302 103.8706233479835 53.451233673462596
1.2778416065543678 103.87062720005194 53.45123367346365
1.2778453678680053 103.87063223681035 53.451233673462596
1.2778505019387234 103.87063911182172 53.451233673462596
1.2778534355252118 103.8706430401744 53.45123367346365
1.2778579316885652 103.87064906096687 53.45123367346365
1.2778630461211977 103.87065590968102 53.45123367346365
1.2778682745009053 103.87066291098122 53.451233673462596
1.2778730006915542 103.8706692398023 53.45123367346365
1.2778772884827398 103.8706749815646 53.451233673462596
1.2778802749310287 103.87067898070437 53.451233673462596
1.277884126597767 103.87068413845438 53.451233673462596
1.2778869608861527 103.8706879338375 53.451233673462596
