259852268
1.2695349003327645 103.8595079707447 52.53783191146516
1.2695382361890168 103.85951229204979 52.53783191146516
1.2695432546741396 103.85951879305095 52.53783191146516
1.2695466586814557 103.8595232026397 52.53783191146516
1.2695514086379378 103.85952935578594 52.53783191146526
1.2695560792438265 103.85953540614054 52.53783191146516
1.2695606094775256 103.85954127465548 52.53783191146525
1.2695639005779265 103.85954553798341 52.53783191146526
1.2695675101093 103.85955021381038 52.53783191146525
1.2695703059542873 103.85955383557899 52.53783191146517
1.269575073993991 103.85956001215055 52.53783191146516
1.269578683213263 103.85956468757323 52.53783191146516
1.2695839059686673 103.8595714531886 52.53783191146516
1.2695869080409279 103.85957534210633 52.53783191146516
1.2695898566059756 103.85957916171026 52.53783191146516
1.2695940119468336 103.85958454458498 52.53783191146524
1.2695979671047095 103.85958966814047 52.53783191146527
1.2696014850330317 103.85959422530394 52.53783191146525
1.2696066093583347 103.85960086341193 52.53783191146516
1.2696099210385312 103.85960515339933 52.53783191146516
1.2696149074619543 103.85961161286772 52.53783191146525
1.26961808954038 103.85961573496755 52.53783191146516
1.2696210595806785 103.85961958239083 52.53783191146516
1.2696249811387126 103.8596246624208 52.53783191146516
1.2696301744058378 103.85963138983692 52.53783191146516
1.2696349388778785 103.85963756178714 52.53783191146511
1.269638105949317 103.8596416644468 52.53783191146518
1.2696426884275536 103.85964760064024 52.53783191146516
1.2696476777497907 103.85965406386396 52.53783191146525
1.2696521949093336 103.85965991544285 52.53783191146525
1.2696552620944215 103.8596638887087 52.53783191146518
1.269659925453354 103.85966992967596 52.53783191146525
1.2696646888215553 103.85967610019638 52.53783191146525
1.2696683616705717 103.85968085804606 52.53783191146516
1.2696731577749683 103.85968707097334 52.53783191146518
1.2696761012206763 103.85969088394585 52.53783191146528
1.2696809769467756 103.85969720001602 52.537831911465226
1.2696844339857882 103.85970167830304 52.53783191146518
1.2696893869624801 103.85970809444453 52.53783191146516
1.2696923568125706 103.85971194162161 52.53783191146516
1.2696960088566973 103.8597166725205 52.53783191146525
1.2696990624580964 103.85972062818999 52.53783191146518
1.269702136217984 103.85972460997303 52.53783191146528
1.2697053134467138 103.85972872579073 52.53783191146511
1.2697090271701856 103.85973353658979 52.53783191146516
1.2697123923179767 103.85973789584 52.537831911465226
1.26971596508409 103.85974252404134 52.53783191146516
1.2697190252478896 103.85974648821188 52.53783191146518
1.2697225565824852 103.8597510627424 52.53783191146528
1.269728028675441 103.85975815135309 52.537831911465226
1.2697319179230604 103.85976318952817 52.53783191146528
1.2697348933642447 103.85976704394812 52.537831911465226
1.2697391118801225 103.85977250866105 52.53783191146516
1.269742561927654 103.85977697789143 52.53783191146516
1.2697466201198604 103.85978223491928 52.53783191146525
1.2697497139790328 103.85978624273929 52.53783191146525
1.2697544971642412 103.85979243893128 52.53783191146531
1.2697592497820334 103.8597985955259 52.53783191146516
1.2697633130347856 103.85980385910929 52.53783191146525
1.2697674777465444 103.85980925412386 52.537831911465226
1.2697705185872854 103.8598134335168 52.724770152777566
1.2697731393795157 103.85981722130863 53.03045148448704
1.2697763203141017 103.85982181866584 53.401540813264035
1.269780676696035 103.85982811487953 53.90983750381458
1.2697842809518884 103.85983332405668 54.33039473650024
1.2697888800041617 103.85983997099824 54.86697500419637
1.2697920216761058 103.85984451160981 55.23344107120535
1.2697961835686689 103.859850526731 55.51891674462603
1.269800105376962 103.859856194862 55.518916744626
1.2698034827763969 103.85986107616704 55.518916744626
1.2698061169611663 103.859864883315 55.518916744626
1.269809268212385 103.8598694377714 55.51891674462606
1.2698130572534758 103.85987491401603 55.518916744626
1.2698181138200313 103.85988222219632 55.518916744626
1.2698227171076202 103.85988887525932 55.51891674462606
1.269827656488107 103.8598960140724 55.518916744626
1.269832448845 103.8599029403945 55.518916744626
1.2698372041262067 103.8599098131317 55.51891674462606
1.2698411367077511 103.85991549683332 55.518916744626
1.2698443794437428 103.85992018351143 55.51891674462606
1.2698475906504512 103.85992482462076 55.518916744626
1.2698513011362527 103.85993018733076 55.518916744625976
1.2698554417693129 103.85993617172623 55.51891674462606
1.2698601674642978 103.85994300170302 55.518916744626
1.2698649865191949 103.85994996661154 55.518916744626
1.2698698035015754 103.85995692852472 55.51891674462606
1.2698727185381486 103.85996114158382 55.51891674462606
1.2698768870491068 103.85996716627092 55.51891674462606
1.2698811550690823 103.85997333477694 55.518916744625976
1.2698847655681786 103.8599785529778 55.51891674462606
1.2698898216063637 103.85998586039489 55.518916744626
1.2698936673663728 103.85999141861488 55.51891674462606
1.2698968020805035 103.85999594917081 55.51891674462606
1.2698995948124818 103.85999998546501 55.518916744626
1.2699030522471464 103.86000498244417 55.518916744626
1.2699060750902702 103.86000935131464 55.51891674462606
1.2699108929021492 103.86001631442691 55.51891674462606
1.2699149542702008 103.86002218426214 55.51891674462606
1.2699179705694439 103.86002654367486 55.518916744626
1.2699217509682457 103.86003200742938 55.51891674462593
1.269924986792694 103.8600366841187 55.51891674462606
1.269929403722512 103.86004306784216 55.51891674462611
1.2699334785206304 103.86004895708774 55.51891674462593
1.2699382667689925 103.86005587747246 55.518916744626
1.2699415597435852 103.86006063676008 55.51891674462606
1.2699464096616895 103.86006764627521 55.518916744626
1.2699511413828661 103.8600744849621 55.51891674462593
1.2699543468267556 103.86007911774294 55.51891674462606
1.2699577496128083 103.86008403573952 55.51891674462606
1.269960602312175 103.8600881587039 55.518916744626
1.269963522329992 103.86009237896266 55.51891674462593
1.2699671331882836 103.86009759768301 55.51891674462593
1.2699720038471487 103.8601046371746 55.51891674462606
1.2699746561436118 103.8601084704997 55.518916744626
1.2699784178576519 103.86011390724968 55.51891674462606
1.2699810068858486 103.86011764913408 55.518916744625876
1.2699851110293885 103.86012358079243 55.51891674462606
1.2699882250739303 103.86012808147527 55.51891674462606
1.2699924882749916 103.86013424301714 55.51891674462606
1.2699952202002314 103.86013819142859 55.51891674462619
1.269999935345311 103.86014500615858 55.51891674462606
1.2700025503540053 103.86014878559227 55.518916744626
1.2700061212879004 103.86015394661065 55.518916744625876
1.2700086854052508 103.86015765249185 55.518916744626
1.2700137935861942 103.86016503527087 55.51891674462606
1.2700170857283495 103.8601697933557 55.51891674462606
1.270020950494413 103.86017537904546 55.518916744625876
1.2700256589722974 103.8601821841396 55.51891674462606
1.270030159593052 103.86018868882087 55.51891674462593
1.270034721513515 103.86019528209776 55.518916744626
1.2700377497901272 103.86019965882164 55.518916744625876
1.2700420977026112 103.86020594279599 55.518916744625876
1.2700470390349803 103.86021308443142 55.51891674462606
1.2700496882723988 103.86021691333555 55.51891674462593
1.2700525904309317 103.86022131942819 55.67219836971888
1.2700563808033933 103.86022710229776 55.89288705702008
1.2700595462847546 103.86023193178775 56.077200475147194
1.2700627000125841 103.86023674334571 56.26083279545546
1.2700668372873996 103.86024305547495 56.501732789017325
1.2700696036697439 103.86024727607034 56.66280546815777
1.2700728747616523 103.86025226668757 56.85325596046705
1.2700768841955885 103.86025838377347 56.952178833462874
1.270081594129382 103.86026556959327 56.952178833462874
1.270086026258961 103.86027233157462 56.95217883346293
1.270088607861957 103.86027627025717 56.95217883346275
1.2700935144908367 103.86028375616947 56.95217883346275
1.2700983418581477 103.86029112115452 56.95217883346275
1.270101900100191 103.86029654986918 56.95217883346293
1.270105263939694 103.86030168198909 56.952178833462796
1.2701101421056313 103.86030912447634 56.952178833462625
1.2701133166229814 103.86031396775255 56.95217883346275
1.2701176180878095 103.8603205303824 56.95217883346275
1.270122203780793 103.86032752665157 56.952178833462796
1.270126136270896 103.8603335263466 56.95217883346275
1.2701300275405463 103.86033946315268 56.95217883346293
1.2701334754571814 103.86034472354699 56.95217883346275
1.2701379980500145 103.86035162354604 56.95217883346293
1.270141945395829 103.86035764590612 56.95217883346275
1.2701446668367014 103.86036198823521 57.08495049089807
1.2701481985595433 103.86036839003104 57.7924310392592
1.270151304131072 103.86037401936147 58.414887347321525
1.270153933429136 103.86037878537232 58.94202003969436
1.2701572218873496 103.86038474621331 59.60133695233988
1.2701593933825703 103.8603886823855 60.03665087179708
1.270162779752205 103.86039482070616 60.71527871255177
1.2701661511344042 103.8604009318598 61.29722582322282
1.2701683644672705 103.86040494386926 61.29722582322282
1.2701719839190118 103.8604115046875 61.29722582322282
1.2701756961976882 103.86041823376901 61.297225823222796
1.2701781854408414 103.86042274590875 61.29722582322266
1.2701815246511596 103.86042879874597 61.29722582322266
1.2701858379761417 103.86043661731735 61.29722582322282
1.270189076421985 103.86044248750335 61.29722582322282
1.2701921773822238 103.86044810847538 61.297225823222824
1.2701946494067322 103.86045258940375 61.29722582322282
1.2701983205171308 103.86045924386157 61.297225823222824
1.270200550758946 103.86046328652127 61.29722582322282
1.2702036819475353 103.86046896228696 61.29722582322266
1.2702079401764148 103.86047668098831 61.29722582322266
1.2702105204443246 103.86048135812472 61.297225823222796
1.2702147794823144 103.86048907829276 61.29722582322282
1.2702174528667673 103.86049392421742 61.297225823222824
1.2702211256518723 103.86050058171108 61.29722582322266
1.2702246239845156 103.86050692298255 61.29722582322282
1.270227169387021 103.86051219497674 61.70171109941855
1.2702290789257702 103.86051660198157 62.28337612363209
1.2702322707359979 103.86052396832761 63.25637199802877
1.2702349817546925 103.86053022505983 64.08316876564568
1.2702367719213425 103.8605343565671 64.62913324021201
1.2702399431936144 103.86054167551391 65.59597075586002
1.270242661616564 103.86054794933445 66.42405115934558
1.2702450854884955 103.86055354336374 66.73324894330563
1.270248305233485 103.86056097418033 66.73324894330574
1.270251468668871 103.86056827504065 66.73324894330574
1.2702547307799805 103.86057580363368 66.73324894330563
1.270257270165585 103.8605816642559 66.73324894330563
1.2702605069703565 103.86058913444478 66.73324894330563
1.2702637155796923 103.86059653956175 66.73324894330574
1.270266000053539 103.86060181187584 66.73324894330574
1.2702686866781472 103.8606080123096 66.73324894330564
1.270271696678496 103.860614959059 66.73324894330563
1.2702748049849792 103.86062213268818 66.73324894330563
1.2702767479063735 103.8606266167369 66.73324894330563
1.2702802456745577 103.8606346892009 66.73324894330563
1.270282904405315 103.8606408252589 66.73324894330563
1.2702862468852203 103.86064907324737 67.00318112682343
1.2702883773169882 103.86065494730666 67.48730045022133
1.2702913656306636 103.8606631867312 68.16658600829872
1.2702938931403769 103.86067015562003 68.74119884840951
1.2702965824833075 103.86067757071793 69.3525410377911
1.2702994782623276 103.8606855550047 70.01058201009945
1.270301786379325 103.86069191898068 70.20880919600096
1.270304165325216 103.8606984782472 70.2088091960008
1.2703067221391104 103.8607055279342 70.20880919600096
1.2703093358149966 103.860712734402 70.20880919600086
1.2703113068312955 103.86071816891885 70.2088091960007
1.270313098896923 103.86072311003011 70.2088091960008
1.2703159412144962 103.86073094691248 70.2088091960008
1.27031753601149 103.86073534411167 70.20880919600086
1.2703195451733122 103.86074088380404 70.20880919600096
1.2703218080204102 103.86074712296148 70.20880919600086
1.2703240114126895 103.8607531981892 70.2088091960008
1.2703269551460779 103.86076131469706 70.2088091960008
1.2703287548089988 103.86076627675592 70.20880919600086
1.2703315142186298 103.86077388504354 70.20880919600107
1.27033444288276 103.86078196000236 70.20880919600086
1.2703362232994357 103.86078686899528 70.2088091960008
1.270337761446278 103.86079135145529 70.31345675611958
1.270340461086737 103.86079939824393 70.5749413343102
1.2703431426923286 103.86080739127627 70.83469248890142
1.2703454622962331 103.86081430529423 71.05938123911307
1.2703482661987813 103.86082266285592 71.3309744441959
1.2703497583843075 103.86082711059703 71.47550424224902
1.270351395158357 103.86083198931162 71.59048205845859
1.2703540440604388 103.86083988486526 71.59048205845843
1.2703567866410608 103.86084805964556 71.59048205845859
1.2703584729558453 103.86085308602578 71.59048205845869
1.2703600343498977 103.86085774005615 71.59048205845843
1.2703623771209682 103.86086472312859 71.59048205845855
1.2703645187682835 103.86087110671366 71.59048205845869
1.2703670597572563 103.86087868061217 71.59048205845859
1.2703693409240275 103.8608854800615 71.59048205845876
1.2703715241745417 103.86089198765292 71.59048205845855
1.27037323356838 103.86089708282485 71.59048205845869
1.270375212645285 103.86090298183827 71.59048205845859
1.2703772988080306 103.86090920004133 71.59048205845869
1.270379345281295 103.86091529994242 71.59048205845849
1.270381223412411 103.86092089806789 71.59048205845869
1.2703830409266164 103.8609263155132 71.59048205845849
1.2703847969071842 103.8609315495459 71.59048205845859
1.2703873279321614 103.8609390937453 71.59048205845869
1.270389609928771 103.86094589566854 71.59048205845869
1.2703910553842488 103.86095020412246 71.59048205845859
1.2703931880767407 103.86095656101655 71.59048205845869
1.2703959089207828 103.86096467100785 71.59048205845859
1.2703976864695452 103.86096996932883 71.59048205845869
1.2704004921701137 103.86097833225122 71.59048205845855
1.2704023697269755 103.86098392866538 71.59048205845843
1.2704038773218147 103.86098842233763 71.59048205845843
1.2704056438968867 103.86099368794957 71.59048205845859
1.2704083239728243 103.86100167642411 71.59048205845849
1.2704103702705203 103.86100777580248 71.59048205845859
1.2704127200855992 103.861014779872 71.59048205845859
1.2704147138215942 103.86102072258032 71.59048205845855
1.2704162943726476 103.86102543371257 71.59048205845859
1.2704183272544407 103.86103150632013 71.59582550489823
1.2704210325869891 103.8610398467585 71.7076790240278
1.2704235158553066 103.86104750258127 71.81035232453054
1.2704262076668484 103.86105580133503 71.92164852028168
1.270428723170772 103.86106355653911 72.02565477402352
1.2704303032958748 103.86106842800545 72.09098631114318
1.2704322893339925 103.8610745508864 72.16256640491967
1.2704345159526913 103.86108141546832 72.16256640491989
1.270436923997433 103.86108883937997 72.16256640491973
1.2704395250834413 103.86109685843067 72.16256640491983
1.27044195703963 103.86110435606055 72.16256640491963
1.2704433686583188 103.86110870802814 72.16256640491963
1.2704457668508553 103.86111610156604 72.16256640491983
1.2704474898896427 103.8611214136302 72.16256640491967
1.270449844189549 103.86112867184883 72.16256640491989
1.2704517109371931 103.86113442696214 72.16256640491983
1.2704534310299946 103.86113972994403 72.16256640491973
1.2704549441027082 103.86114439469077 72.16256640491973
1.2704565059746917 103.86114920988385 72.16256640491973
1.2704590576248787 103.86115707652627 72.16256640491973
1.2704611014279772 103.86116337749509 72.16256640491994
1.270462689612487 103.86116827380883 72.16256640491973
1.2704653768692797 103.86117655852154 72.16256640491973
1.2704679481246837 103.86118448560634 72.16256640491994
1.270469638645784 103.86118969742006 72.16256640491957
1.2704714727440083 103.86119535187677 72.16256640491994
1.2704729220992064 103.86119982018505 72.16256640491973
1.2704746543178018 103.8612051605507 72.16256640491953
1.2704762767700863 103.86121016251091 72.16256640491957
1.2704781077165177 103.86121580725087 72.16256640491973
1.270479787828174 103.86122098697287 72.16256640491994
1.2704811940587322 103.86122532232957 72.16256640491953
1.2704832340100167 103.86123161142389 72.16256640491957
1.270485719302258 103.86123927348791 72.16256640491973
1.2704884637414589 103.8612477344925 72.16256640491973
1.2704909469209449 103.8612553900431 72.16256640491957
1.2704927639959704 103.8612609920183 72.16256640491973
1.2704954982241472 103.86126942154289 72.16256640491973
1.270497836198925 103.86127662943291 72.16256640491973
1.27049938787259 103.86128141318564 72.16256640491973
1.2705014845320306 103.86128767769117 72.08436694781467
1.2705029891711548 103.86129213732383 72.01412861320414
1.2705047465340162 103.86129734600989 71.932092141728
1.2705074809126136 103.86130545049424 71.80444630830591
1.2705089431227468 103.86130978437076 71.7361876586882
1.2705107104731332 103.86131502265918 71.65368486805059
1.2705128367337315 103.86132132472946 71.55442855298853
1.270514865357163 103.86132733741083 71.49329053172502
1.2705171376197095 103.86133407221955 71.49329053172502
1.2705192074634357 103.86134020707473 71.49329053172498
1.2705220558091403 103.86134864934905 71.49329053172502
1.2705247527812291 103.86135664296387 71.49329053172502
1.2705266158933357 103.86136216508281 71.49329053172502
1.270528186792488 103.86136682110538 71.49329053172482
1.2705308352579436 103.86137467095045 71.49329053172498
1.2705333626811788 103.8613821620359 71.49329053172518
1.2705351449528666 103.86138744455027 71.49329053172502
1.270537331254711 103.86139392457856 71.49329053172498
1.2705391430823045 103.86139929469444 71.49329053172482
1.2705414391088568 103.86140609993829 71.49329053172482
1.2705440628204814 103.86141387641526 71.49329053172502
1.2705460491706329 103.8614197638025 71.49329053172482
1.2705476374708033 103.8614244714006 71.49329053172502
1.2705498420660972 103.86143100564951 71.49329053172502
1.270552018804971 103.86143720180792 71.38946307227855
1.2705544638289747 103.8614440016311 71.20781227634997
1.2705561101825054 103.86144858028264 71.0854945883056
1.2705583310857336 103.8614547568066 70.92048803687092
1.2705612492203429 103.8614628723914 70.70367991595444
1.2705641526385507 103.8614709470487 70.48797158502566
1.2705662046559807 103.86147665388677 70.3657977834787
1.2705682288781248 103.8614822834238 70.36579778347847
1.2705700870264989 103.86148745109531 70.3657977834787
1.2705720445851596 103.86149289523547 70.36579778347854
1.2705749038359087 103.86150084705946 70.36579778347847
1.2705773177083377 103.86150756024782 70.36579778347847
1.2705789116800563 103.86151199322128 70.36579778347847
1.270580848788601 103.86151738048802 70.3657977834787
1.270583464079442 103.86152465383854 70.36579778347847
1.2705859128072408 103.86153146396286 70.36579778347833
1.2705878526656849 103.86153685887741 70.36579778347847
1.270589712271017 103.86154203060113 70.36579778347863
1.27059223503782 103.86154904663445 70.36579778347863
1.2705941897980086 103.8615537022994 70.02997164990926
1.270597503200938 103.86156141921997 69.38536411493587
1.2705997056658587 103.8615665487642 68.95677057158433
1.2706023094570793 103.86157261299806 68.45003864571794
1.2706057570107203 103.86158064235596 67.7791593268449
1.2706086483806174 103.86158737636109 67.2166861660395
1.270610801582773 103.86159239117238 66.9221288190827
1.27061286673789 103.86159720092199 66.92212881908254
1.2706160562323479 103.86160462925979 66.92212881908254
1.2706178828795252 103.86160888352407 66.92212881908284
1.2706209689770915 103.8616160710504 66.92212881908284
1.270622826502683 103.86162039723062 66.92212881908245
1.2706254426263084 103.86162649018694 66.9221288190827
1.2706273083028452 103.86163083535072 66.92212881908281
1.2706296805651593 103.8616363603537 66.92212881908259
1.2706331874081362 103.86164452779697 66.92212881908284
1.2706363568699284 103.86165190947895 66.92212881908259
1.2706391889299296 103.86165842969453 66.88417628988604
1.2706424353416297 103.86166509662479 66.43564855032113
1.2706446052957234 103.86166955290885 66.13578243077949
1.2706468598011371 103.86167418283009 65.82419924575255
1.2706504962022518 103.86168165065463 65.32160721408577
1.2706538520289183 103.86168854228293 64.85782519762039
1.2706568831183633 103.86169476702098 64.4390004491358
1.2706604192957067 103.86170202902302 64.20739663063229
1.2706636840825816 103.86170873368933 64.20739663063227
1.2706664243080095 103.86171436110023 64.20739663063202
1.2706694090799242 103.86172049071929 64.20739663063229
1.2706731975289949 103.86172827079442 64.20739663063227
1.270676405976957 103.86173485976154 64.20739663063229
1.2706789428965075 103.86174006965734 64.20739663063229
1.2706820402066095 103.8617464303884 64.20739663063199
1.2706851047305103 103.86175272378874 64.20739663063227
1.2706888289108242 103.86176037187977 64.20739663063227
1.270692036626721 103.86176695934365 64.20739663063202
1.2706957236592933 103.86177453114703 64.20739663063229
1.270699223999169 103.86178171955258 64.20739663063229
1.2707020259814545 103.86178747378955 64.20739663063199
1.2707052743974863 103.86179414483662 64.20739663063227
1.2707075359641868 103.86179878925957 64.20739663063229
1.2707101411982569 103.86180354232455 63.87488132743536
1.2707134907170334 103.86180940369943 63.308157295851906
1.2707179201173522 103.86181715477575 62.558444163446275
1.2707223328861053 103.86182487674832 61.81146555843589
1.270724630356809 103.86182889712798 61.42261023321121
1.2707281299152609 103.86183502105968 60.830468512324
1.2707312653356613 103.86184050778058 60.43854215716402
1.2707341561239724 103.861845566416 60.43854215716374
1.2707368464197093 103.86185027420635 60.43854215716341
1.2707400976575196 103.861855963598 60.43854215716341
1.2707440569480353 103.86186289202213 60.438542157163695
1.270746365432946 103.86186693167583 60.438542157163695
1.2707493289744518 103.86187211762329 60.43854215716402
1.2707537747538702 103.86187989736199 60.438542157163695
1.270758007604733 103.86188730449375 60.43854215716374
1.2707617540708784 103.86189386049332 60.43854215716402
1.270764762847765 103.86189912559897 60.438542157163695
1.2707678513192557 103.86190453016347 60.438542157163695
1.2707716495132608 103.8619111766825 60.43854215716402
1.270774199968381 103.8619156397638 60.438542157163695
1.2707777941582663 103.86192192929288 60.438542157163695
1.2707805275964426 103.8619267125791 60.43854215716374
1.2707842807785144 103.86193328033116 60.438542157163695
1.2707881438586133 103.86194004039554 60.43854215716341
1.2707910847403339 103.86194518669052 60.43854215716374
1.270793602764046 103.86194959301967 60.438542157164065
1.2707971455693832 103.86195579263027 60.43854215716345
1.2707999796590441 103.86196075204823 60.43854215716374
1.2708042690556776 103.8619682581307 60.438542157163695
1.2708084992531312 103.86197566061965 60.438542157163695
1.2708114830869879 103.86198088207738 60.43854215716402
1.2708155054255277 103.86198792083081 60.438542157163695
1.2708195694615128 103.86199503255128 60.43854215716374
1.2708224931684462 103.86200014879205 60.43854215716374
1.2708250474618048 103.86200461859018 60.43854215716341
1.2708286244134548 103.86201087795419 60.43854215716341
1.2708322786180788 103.86201727250442 60.438542157163695
1.2708362702715095 103.86202425756164 60.438542157163695
1.2708385130262354 103.8620281821935 60.43854215716374
1.27084127432763 103.86203301423835 60.438542157164065
1.2708445958589276 103.86203882663835 60.438542157163695
1.2708475747946781 103.86204403952505 60.43854215716341
1.2708500099813793 103.8620483008967 60.43854215716402
1.2708542690590114 103.8620557539239 60.438542157163695
1.2708569443759625 103.86206043550331 60.43854215716402
1.270861219517226 103.86206686961286 59.7772100344311
1.2708663217951837 103.86207366241847 58.42598794981766
1.2708711362500957 103.86208007203723 57.14936908887885
1.270874625158552 103.86208471691884 56.22398797333112
1.2708793866111496 103.86209105597416 54.96171749959832
1.270884373398843 103.86209769502447 53.64170921615997
1.2708888218358003 103.86210361735333 53.29172612718821
1.2708938502002776 103.862110311756 53.29172612718807
1.2708972215849925 103.86211480017506 53.29172612718833
1.2709006506738394 103.86211936541724 53.29172612718807
1.2709036764760477 103.86212339375263 53.29172612718846
1.2709081118942793 103.8621292987494 53.29172612718821
1.2709128570850554 103.86213561615504 53.29172612718807
1.2709177804149725 103.86214217072238 53.29172612718807
1.2709216202400624 103.86214728278934 53.29172612718821
1.2709249402556044 103.86215170281926 53.29172612718846
1.2709282445566668 103.86215610192805 53.29172612718846
1.270931818748235 103.86216086034969 53.29172612718821
1.2709351257945665 103.86216526311335 53.29172612718833
1.270940268471096 103.86217210970311 53.29172612718873
1.270944428717403 103.86217764835592 53.29172612718833
1.2709483252212332 103.86218283588096 53.29172612718807
1.2709520744279101 103.86218782730519 53.29172612718821
1.2709564545433059 103.86219365867595 53.29172612718807
1.2709604515279211 103.86219897997395 53.29172612718846
1.2709640598656404 103.86220378385542 53.29172612718846
1.2709673835030948 103.86220820870743 53.29172612718807
1.2709708466684402 103.86221281931687 53.29172612718833
1.270973823616334 103.86221678261133 53.29172612718807
1.2709767061075856 103.86222062015304 53.29172612718807
1.2709814004417368 103.86222686985217 53.29172612718833
1.2709865540479457 103.86223373099314 53.29172612718807
1.270990594746351 103.86223911048864 53.29172612718833
1.2709934224946051 103.86224287514949 53.29172612718807
1.2709982572860208 103.86224931184341 53.29172612718807
1.2710018150510096 103.86225404839612 53.29172612718821
1.2710062977777177 103.86226001637644 53.29172612718846
1.2710115502584494 103.86226700915196 53.29172612718821
1.2710155130480765 103.86227228492542 53.29172612718833
1.271019630688917 103.86227776685668 53.29172612718821
1.2710228976763438 103.8622821162891 53.29172612718833
1.2710259049183836 103.86228611991518 53.29172612718821
1.271029723369398 103.86229120352664 53.29172612718821
1.2710342654335691 103.8622972505047 53.29172612718807
1.271038019774708 103.8623022487649 53.29172612718807
1.2710418315344607 103.86230732346814 53.29172612718833
1.271046691408468 103.86231379355546 53.29172612718821
1.2710519966685483 103.86232085659782 53.29172612718846
1.2710556489980613 103.86232571904715 53.29172612718807
1.2710608259484482 103.86233261126726 53.29172612718846
1.2710643904641772 103.86233735680763 53.29172612718807
1.2710690503552213 103.86234356065209 53.29172612718807
1.2710718690407472 103.8623473132477 53.291726127188596
1.2710764854647274 103.86235345922329 53.29172612718807
1.2710796928595824 103.8623577293186 53.29172612718833
1.2710839660521573 103.86236341834054 53.29172612718807
1.2710891049538244 103.86237025990546 53.29172612718846
1.271092241552247 103.86237443574754 53.291726127188596
1.2710957123441022 103.86237905651079 53.29172612718821
1.2711008704897615 103.86238592369584 53.29172612718807
1.271106091631105 103.86239287474886 53.29172612718807
1.2711102128603695 103.86239836145786 53.29172612718821
1.271114265025124 103.86240375621935 53.29172612718795
1.2711172819644252 103.86240777275593 53.29172612718807
1.2711203983074586 103.86241192163153 53.29172612718807
1.2711254052151084 103.86241858746928 53.29172612718807
1.2711299053032998 103.86242457856396 53.29172612718846
1.2711338974246773 103.86242989338807 53.29172612718807
1.2711372335384117 103.86243433485066 53.29172612718846
1.2711425837406567 103.86244145772632 53.29172612718821
1.271146214070379 103.862446290887 53.29172612718833
1.271150963063909 103.8624526133565 53.29172612718807
1.2711560528439465 103.86245938952474 53.29172612718846
1.2711607146392974 103.8624655959049 53.29172612718846
1.2711647718982397 103.86247099744863 53.29172612718846
1.2711682888268325 103.86247567963527 53.29172612718821
1.2711714110256886 103.86247983630703 53.29172612718833
1.2711748213115295 103.86248437651719 53.29172612718821
1.2711791677644146 103.86249016307306 53.29172612718833
1.2711822699287887 103.86249429307239 53.29172612718807
1.27118697974011 103.86250056337768 53.29172612718846
1.2711923339470694 103.86250769158517 53.29172612718807
1.2711969704586064 103.8625138643044 53.29172612718846
1.2712008983061829 103.86251909355929 53.29172612718833
1.2712049203921088 103.86252444827632 53.29172612718833
1.2712096548456682 103.86253075138862 53.29172612718833
1.2712148305057644 103.86253764189173 53.29172612718821
1.2712189318642533 103.86254310214666 53.29172612718807
1.2712221741056815 103.86254741863466 53.29172612718782
1.2712272827919533 103.86255421997369 53.29172612718821
1.2712312369145002 103.86255948420926 53.29172612718807
1.2712347584713888 103.86256417255791 53.29172612718821
1.2712375111318066 103.86256783725288 53.29172612718807
1.2712403565263561 103.86257162540743 53.29172612718807
1.2712446581854622 103.86257748114731 53.39022363310776
1.2712479128171479 103.86258199130627 53.52569959645674
1.2712511477595403 103.86258647418046 53.660359453504064
1.2712544766837894 103.86259108729158 53.79893350433598
1.2712595643341262 103.86259813758606 54.010718881535446
1.2712639213770542 103.86260417542947 54.192087497183984
1.271267731264898 103.86260945504377 54.35067426276388
1.271272458251147 103.86261600554218 54.385834395619135
1.2712775270229464 103.86262302967555 54.3858343956186
1.271282356885047 103.86262972273592 54.385834395619256
1.2712868190823434 103.86263590629879 54.385834395618986
1.271291995965636 103.86264308024951 54.385834395618865
1.2712946348266905 103.8626467370944 54.385834395619135
1.271299205105088 103.86265307043249 54.385834395619256
1.2713019793986315 103.8626569149552 54.385834395619135
1.2713054090657319 103.86266166767253 54.3858343956186
1.2713099475616227 103.86266795696756 54.385834395618986
1.2713134759512328 103.86267284649126 54.3858343956186
1.2713184092724712 103.86267968292202 54.385834395618865
1.2713211990029671 103.86268354883678 54.385834395618865
1.2713246020520381 103.86268826466784 54.385834395618865
1.2713273382192884 103.86269205635647 54.385834395619135
1.2713323522767237 103.86269900466881 54.385834395618865
1.271336363700129 103.86270456356462 54.385834395619135
1.2713393742292163 103.8627087354547 54.38583439561876
1.271343035660548 103.86271380934329 54.385834395619135
1.2713470590177496 103.8627193847766 54.385834395618865
1.271350560743203 103.86272423735015 54.385834395619135
1.2713543938695357 103.86272954916795 54.385834395619135
1.271359356934388 103.86273642681664 54.385834395618865
1.2713631143556074 103.86274163372485 54.385834395619135
1.2713668878225683 103.86274686286873 54.385834395619135
1.2713712621681175 103.86275292469003 54.385834395619256
1.271374989831395 103.86275809036074 54.38583439561849
1.2713782089934733 103.86276255136755 54.385834395619135
1.271381668868144 103.86276734594584 54.385834395618865
1.271385840550755 103.86277312692368 54.385834395619135
1.271388670796927 103.86277704898392 54.385834395619256
1.27139358537617 103.86278385944307 54.3858343956186
1.2713965750535448 103.86278800243772 54.385834395619135
1.2714001985991683 103.8627930238258 54.38583439561849
1.2714053049587528 103.86280010004776 54.3858343956186
1.2714080270961303 103.8628038722945 54.385834395618865
1.2714121724413605 103.86280961677505 54.385834395619135
1.2714172268033312 103.86281662094052 54.385834395619135
1.271421660384353 103.86282276484857 54.385834395618865
1.2714257277159708 103.86282840122053 54.385834395618865
1.2714305721414354 103.86283511446311 54.385834395618865
1.2714347496613898 103.86284090353037 54.385834395619256
1.2714385021086598 103.86284610354616 54.385834395619135
1.2714411468012383 103.86284976847261 54.385834395618986
1.2714448465460928 103.8628548954552 54.385834395618865
1.2714484488927924 103.8628598874667 54.385834395619135
1.2714535346324638 103.86286693511455 54.385834395619256
1.2714583339828458 103.86287358589374 54.385834395619135
1.271462300649291 103.86287908276739 54.385834395618986
1.2714659611484285 103.86288415536467 54.385834395619256
1.2714698648922171 103.86288956504225 54.385834395619135
1.2714746264254688 103.8628961634158 54.385834395619256
1.271478804179341 103.86290195280745 54.385834395619135
1.2714830002175055 103.86290776753687 54.385834395619256
1.2714875150093878 103.86291402398456 54.385834395618865
1.2714925338537544 103.86292097893134 54.385834395619135
1.2714963447636272 103.86292625996289 54.385834395618865
1.2715012834316164 103.862933103804 54.385834395619135
1.2715043886554906 103.86293740691951 54.385834395618986
1.271507951197006 103.86294234377056 54.385834395618865
1.2715128096084969 103.86294907639494 54.385834395619135
1.2715174712372683 103.86295553632444 54.385834395618865
1.2715202146317446 103.86295933802889 54.385834395619135
1.2715247221565913 103.86296558440635 54.385834395619135
1.2715280889394363 103.86297024998163 54.385834395618986
1.2715328102557706 103.86297679262424 54.3858343956186
1.2715360680916132 103.86298130722443 54.385834395619135
1.2715390863690608 103.8629854898526 54.3858343956186
1.2715436831819957 103.86299185996259 54.385834395618865
1.2715469933967185 103.86299644714775 54.385834395619256
1.2715514468626272 103.86300261861224 54.385834395619135
1.271555475600566 103.86300820150294 54.385834395619135
1.2715594811603295 103.86301375227409 54.385834395619135
1.2715630405817353 103.86301868480159 54.385834395619135
1.2715675523333805 103.86302493703661 54.385834395619135
1.2715710336119366 103.8630297612764 54.385834395618865
1.2715762180510612 103.86303694569936 54.385834395618986
1.2715806017683 103.86304302050861 54.385834395618986
1.2715836599063 103.86304725837437 54.385834395619135
1.271588893985646 103.86305451158717 54.385834395618865
1.2715936066842948 103.863061042288 54.385834395618865
1.271598310075147 103.8630675600904 54.385834395619135
1.2716016938790886 103.86307224925322 54.385834395618986
1.2716043308883114 103.8630759035328 54.385834395618865
1.2716088612390968 103.8630821815421 54.38583439561876
1.2716127277011862 103.86308753955656 54.385834395619135
1.2716171353173418 103.86309364748433 54.385834395619135
1.271620934671359 103.86309891250269 54.38583439561876
1.27162421073489 103.86310345236254 54.385834395619135
1.2716269222248877 103.86310720985516 54.385834395619135
1.2716309398164787 103.86311277729992 54.385834395618865
1.2716341157531894 103.86311717840736 54.385834395619135
1.271637672288236 103.86312210693536 54.385834395619135
1.271641724289148 103.86312772206348 54.385834395618865
1.2716455389212153 103.86313300825375 54.38583439561876
1.2716499680576634 103.86313914600379 54.385834395618986
1.271654528924487 103.86314546630143 54.385834395619135
1.2716590560697338 103.86315173986887 54.385834395619135
1.2716641860558964 103.86315884883321 54.385834395618865
1.271667708560129 103.86316373020254 54.385834395619135
1.2716710518246137 103.86316836318737 54.385834395618865
1.2716741961189164 103.86317272044597 54.385834395619135
1.2716788541569857 103.8631791754004 54.385834395618865
1.271683316144044 103.86318535867392 54.3858343956186
1.271686291541393 103.86318948188075 54.385834395619256
1.271690387638744 103.86319515811647 54.385834395619135
1.2716942767074044 103.86320054745872 54.385834395619135
1.2716988912852212 103.86320694218749 54.385834395619135
1.2717022786637224 103.8632116363042 54.385834395619135
1.2717060957508128 103.86321692589681 54.385834395618986
1.2717092815483988 103.86322134066941 54.385834395619256
1.2717123196015334 103.86322555070265 54.385834395619135
1.2717165932347398 103.86323147296179 54.385834395618865
1.271719653905805 103.86323571433823 54.385834395619135
1.2717247159488902 103.86324272914965 54.385834395619135
1.27172926406405 103.86324903177683 54.385834395619135
1.2717338424746376 103.86325537638643 54.385834395619256
1.2717381126396918 103.86326129383963 54.385834395618865
1.2717432326421485 103.86326838896935 54.385834395618865
1.2717481082351418 103.86327514540453 54.385834395619135
1.2717528677932715 103.86328174104248 54.385834395618986
1.2717579595884372 103.86328879708356 54.385834395619256
1.2717627536265488 103.86329544050277 54.38583439561964
1.2717658334426802 103.86329970840997 54.385834395619135
1.2717699824485258 103.8633054579649 54.385834395619135
1.2717729380614942 103.86330955375549 54.385834395619135
1.2717770297443869 103.86331522387417 54.3858343956186
1.2717819490525248 103.86332204088856 54.385834395619135
1.2717850620079705 103.86332635471919 54.385834395619135
1.2717886569318664 103.86333133644577 54.385834395618865
1.2717938090775638 103.86333856323785 54.450731111692704
1.2717979697399666 103.86334480486762 54.80529525824449
1.2718010144212004 103.86334937235502 55.064790200001674
1.2718052127838448 103.86335567054098 55.422635711078534
1.2718098204435528 103.86336258273514 55.81536863481272
1.2718128182019797 103.8633670798312 56.07086569011382
1.271816468172745 103.86337255534553 56.381915916171735
1.2718206192609636 103.8633787826127 56.50865972224859
1.2718245649019866 103.86338470167769 56.50865972224859
1.2718283874247764 103.8633904360465 56.50865972224859
1.2718331992660257 103.86339765454436 56.50865972224859
1.2718375376860773 103.86340416283802 56.508659722247685
1.2718424109724549 103.863411473513 56.508659722248034
1.2718450788368236 103.86341547571767 56.508659722248034
1.2718479640656526 103.86341980400225 56.508659722248225
1.2718508346248836 103.86342411028023 56.508659722247685
1.2718536051793077 103.8634282665357 56.508659722248225
1.2718570830727727 103.86343346361838 56.4943370587733
1.2718614470724086 103.8634393397541 56.02090994685603
1.2718659789990852 103.86344544200395 55.529126627629466
1.2718693802320988 103.86345002177218 55.15999105349826
1.2718746475115295 103.86345711417627 54.58832754711167
1.2718786657063659 103.86346252468509 54.15228503008755
1.2718815436455615 103.86346639983698 53.84004101678975
1.271884384990318 103.8634702257144 53.602452219593566
1.2718873022168418 103.8634741537668 53.6024522195941
1.2718903642452628 103.86347827679532 53.60245221959461
1.2718956950298534 103.86348545470939 53.60245221959332
1.2718984724889968 103.86348919456472 53.60245221959384
1.271902580036199 103.8634947253868 53.60245221959461
1.2719054151367504 103.86349854285643 53.60245221959434
1.2719089049253902 103.86350324186513 53.60245221959461
1.2719136965117928 103.86350969374767 53.6024522195941
1.2719176562244823 103.86351502551028 53.60245221959332
1.27192234531863 103.86352133938679 53.602452219593566
1.2719269951401408 103.86352760038261 53.60245221959332
1.2719317912012391 103.86353405829041 53.60245221959461
1.2719345359594407 103.86353775411395 53.60245221959461
1.2719398515639022 103.86354491158819 53.60245221959332
1.2719430106078669 103.86354916524853 53.6024522195941
1.2719469835244428 103.86355451479032 53.60245221959461
1.2719521619828504 103.86356148759712 53.60245221959332
1.2719556943148191 103.86356624389072 53.60245221959332
1.2719586767230198 103.8635702597106 53.60245221959384
1.2719629863037518 103.86357606257157 53.60245221959384
1.271967256170064 103.86358181195698 53.6024522195941
1.271971007123929 103.86358686262554 53.6024522195941
1.2719757384071515 103.86359312591357 53.52092121979036
1.2719795852056943 103.86359643500317 52.09700709618747
1.271984136214276 103.86360034986774 50.40479294266514
1.2719886366150341 103.86360422119849 48.72596357584713
1.2719951636007065 103.86360983583631 46.28741928045394
1.2720004502933764 103.86361438355041 44.3144214865409
1.2720052490592637 103.86361851154057 42.52941945084363
1.272009347411334 103.86362203702137 41.01206446986753
1.2720141890481853 103.86362620188996 40.91125350027553
1.2720198767568343 103.8636310945657 40.91125350027566
1.2720262932790452 103.8636366141808 40.9112535002751
1.2720313565481471 103.86364096970175 40.9112535002751
1.2720358267330583 103.8636448150403 40.91125350027651
1.2720419111655972 103.86364929113954 40.178151298718504
1.2720463903526427 103.86365212256388 39.18808756958729
1.272050349328376 103.86365462514753 38.311751506114305
1.2720558669295916 103.86365811298364 37.0892385898569
1.27206061084101 103.86366111174796 36.03782483845065
1.2720670661602962 103.86366519234295 34.60795796968758
1.2720745040824066 103.86366989406974 32.96378102264064
1.2720801586191117 103.86367346846677 32.49098699709626
1.2720870065616183 103.86367779725033 32.49098699709586
1.2720929040702649 103.86368152523701 32.49098699709586
1.2721004111935348 103.86368627070789 32.490986997095504
