477915672
1.2731153205100256 103.86242614832904 303.09994707179203
1.2731178673576418 103.86242226290177 303.09994707179203
1.2731217767984273 103.8624162987256 303.09994707179203
1.2731248071664503 103.8624116756478 303.09994707179237
1.273128339510538 103.86240628676381 303.0999470717918
1.273133146803408 103.86239895283963 303.09994707179237
1.2731364856501337 103.86239385915182 303.09994707179237
1.2731398500343905 103.86238872650435 303.09994707179237
1.273143406851409 103.86238330028469 303.09994707179203
1.273148063856843 103.86237619563619 303.09994707179203
1.2731517789906415 103.86237052789102 303.09994707179237
1.2731557427759168 103.8623644808073 303.09994707179237
1.2731594899625946 103.86235876416269 303.09994707179146
1.2731621689662036 103.86235467712008 303.09994707179203
1.273164708240311 103.8623508032464 303.09994707179146
1.2731691021886236 103.86234409991303 303.09994707179203
1.2731732898093178 103.86233771134953 303.09994707179146
1.273177290666508 103.8623316077092 303.0999470717918
1.2731800278455476 103.86232743191493 303.0999470717918
1.2731841538485138 103.8623211486126 303.10778063662144
1.2731875455274415 103.86231598488159 303.1151264378531
1.2731911923468056 103.86231043270676 303.123024830463
1.273194566080018 103.86230529629748 303.1303317649399
1.2731979931780937 103.86230007864174 303.1377542785964
1.2732019039562175 103.86229412459733 303.14622436086324
1.2732056674702918 103.86228839475804 303.1534837907393
1.2732103981914464 103.86228119237438 303.1534837907398
1.2732137026952355 103.86227616136463 303.1534837907398
1.2732175927886533 103.86227023881186 303.1534837907393
1.2732217450080254 103.86226391717996 303.1534837907393
1.273226542924398 103.86225661249328 303.1534837907393
1.273231174583096 103.86224956092896 303.1534837907393
1.2732340368234183 103.8622452032521 303.1534837907398
1.2732389691042645 103.86223769399923 303.1534837907393
1.2732438411013507 103.86223027652653 303.15348379073964
1.2732477786617207 103.86222428170629 303.15348379073964
1.2732521577837288 103.86221761462129 303.1534837907393
1.2732546630108572 103.86221380048634 303.1534837907393
1.2732593016516345 103.86220673829153 303.15348379073964
1.2732634295518936 103.86220045368411 303.1534837907398
1.273266850903317 103.8621952447766 303.1534837907398
1.273271605505368 103.86218800603393 303.1534837907393
1.273274974432665 103.86218287694051 303.1534837907393
1.2732782409515135 103.86217790376092 303.15348379073964
1.2732830709596223 103.86217055021451 303.1534837907393
1.273286771065468 103.86216491691125 303.1534837907393
1.273291593807068 103.86215757442773 303.1534837907393
1.2732954134295498 103.86215175916378 303.1534837907393
1.2732984027124727 103.86214720806758 303.15348379074015
1.2733015749172019 103.86214237847821 303.1534837907393
1.2733054779078565 103.8621364362885 303.1534837907393
1.2733089530096273 103.8621311455471 303.15348379073964
1.2733121526178666 103.86212627423656 303.15348379073964
1.2733156951040279 103.86212088090431 303.1534837907398
1.2733206171470737 103.8621133872367 303.1534837907393
1.2733235485514802 103.86210892425858 303.1534837907393
1.2733267732626912 103.86210401472933 303.1534837907398
1.2733308000797194 103.86209788401717 303.1534837907393
1.2733334370972662 103.86209386923439 303.1534837907393
1.273338326035825 103.86208642500873 303.1528160127202
1.2733413752570473 103.86208178008745 303.1510250552854
1.2733445263895142 103.86207697992332 303.1491742403491
1.2733494553422118 103.8620694715807 303.14627922419925
1.2733524780887446 103.86206486698856 303.1445038165939
1.2733555709684354 103.86206015556157 303.14268721633107
1.2733601853421745 103.86205312642129 303.13997696782315
1.2733640994831916 103.86204716395527 303.13897086749955
1.273367066185167 103.86204264473643 303.13897086750006
1.2733707929766682 103.86203696766249 303.1389708674999
1.2733743533031776 103.86203154416695 303.13897086749955
1.2733773081280089 103.86202704304061 303.13897086749955
1.2733809962764389 103.86202142483207 303.13897086749955
1.2733847555058193 103.86201569834483 303.1389708674999
1.2733895498343242 103.86200839507642 303.13897086749955
1.2733943056887713 103.86200115041598 303.13897086750006
1.2733989677550435 103.86199404862433 303.1389708674999
1.2734030898273443 103.86198776941306 303.13897086749955
1.2734065498880434 103.86198249865346 303.13897086749955
1.2734094888946959 103.8619780216228 303.13897086750006
1.2734125365889555 103.86197337902676 303.13897086749955
1.273416331999593 103.86196759797201 303.139352790632
1.2734205667412326 103.86196115013873 303.1414486668773
1.2734245199819063 103.86195513091978 303.14340522149837
1.273429054121569 103.86194822722182 303.1456492771314
1.2734332709396456 103.86194180667881 303.1477362826357
1.2734370373226478 103.86193607196988 303.1496003569092
1.2734407459164867 103.8619304252509 303.15120404703805
1.2734448952659339 103.8619241074357 303.1512040470377
1.2734484343135923 103.86191871886827 303.1512040470377
1.2734513396573188 103.86191429518082 303.15120404703805
1.2734546617664593 103.86190923692472 303.1512040470377
1.2734595130049577 103.86190185041033 303.1512040470377
1.2734635021987817 103.86189577644842 303.1512040470377
1.273466243888316 103.86189160194132 303.1512040470377
1.2734690053649247 103.86188739730632 303.1512040470377
1.2734714865535548 103.86188361943884 303.15120404703805
1.2734751750751776 103.86187800328142 303.1512040470377
1.2734779462102506 103.8618737839403 303.15120404703805
1.2734810545471393 103.86186905117435 303.1512040470375
1.2734858208434001 103.86186179399287 303.15120404703714
1.2734901577317839 103.86185519062944 303.1512040470377
1.273492769390056 103.86185121410819 303.15120404703805
1.2734972228175125 103.8618444333018 303.1512040470377
1.2735011936547684 103.86183838728911 303.1512040470377
1.2735046259271998 103.86183316129734 303.1512040470377
1.2735094646293916 103.86182579386988 303.1512040470377
1.273512636955594 103.86182096367317 303.1512040470377
1.2735164054292751 103.86181522577985 303.15120404703805
1.2735200701184752 103.86180964523993 303.1507377658087
1.2735234090642096 103.86180455913332 303.14919500229416
1.2735277039331798 103.8617980169001 303.1472105533841
1.2735302742929442 103.86179410155522 303.1460229158306
1.273532981460827 103.86178997781498 303.14477206592875
1.2735360489583256 103.86178530519643 303.1433547253234
1.2735385803411903 103.86178144922371 303.1421850970727
1.2735411893997055 103.8617774749302 303.14097957869745
1.273545572311625 103.86177079858373 303.1397868921486
1.2735488494977345 103.86176580655321 303.1397868921486
1.2735537603879516 103.86175832595453 303.1397868921481
1.2735564451116257 103.86175423640259 303.13978689214895
1.273560146876382 103.86174859762514 303.1397868921486
1.2735637597740885 103.86174309421592 303.13978689214895
1.2735664755049982 103.86173895743156 303.13978689214895
1.2735694857978614 103.86173437195059 303.1397868921486
1.2735742396936167 103.86172713049606 303.13978689214895
1.27357688691938 103.86172309806328 303.1397868921481
1.2735814431069494 103.86171615777108 303.1397868921486
1.2735845926804785 103.86171136012821 303.13978689214844
1.273588920487603 103.8617047677204 303.1397868921486
1.2735934028753915 103.8616979398448 303.13978689214844
1.273595930887701 103.8616940890058 303.1397868921481
1.2735994055059623 103.86168879623268 303.1397868921481
1.2736032191226103 103.86168298707426 303.1397868921481
1.2736076204400797 103.86167628269023 303.1397868921481
1.273611886839755 103.86166978382201 303.13978689214895
1.2736150226183276 103.86166500719219 303.1397868921481
1.2736184121597764 103.86165984401357 303.1397868921486
1.2736216653934498 103.86165488846812 303.1397868921486
1.2736249678629272 103.86164985792335 303.1397868921486
1.2736287872517673 103.86164403997199 303.1397868921486
1.2736321998616853 103.86163884165374 303.13978689214844
1.273635072881664 103.86163446527536 303.13978689214895
1.273638015843846 103.86162998235625 303.13978689214895
1.2736406645303269 103.86162594769777 303.1397868921481
1.273645126812245 103.86161915044792 303.13978689214844
1.273648116014969 103.86161459709199 303.1397868921486
1.2736530160215542 103.86160713307017 303.13978689214895
1.2736555509242904 103.86160327173465 303.1397868921486
1.2736592166015253 103.86159768792679 303.1397868921486
1.273663028432746 103.86159188148721 303.1397868921481
1.2736662041560805 103.86158704401024 303.1397868921486
1.2736696625193367 103.86158177599692 303.1397868921481
1.273673845811663 103.86157540372248 303.1397868921486
1.2736769288543675 103.86157070742279 303.1397868921481
1.2736818400010312 103.86156322643113 303.13978689214895
1.2736856380068602 103.86155744105102 303.13978689214895
1.2736905045880151 103.8615500279444 303.1397868921486
1.2736945528428785 103.86154386136786 303.1397868921481
1.273698905487546 103.86153723112402 303.1397868921486
1.2737023308722868 103.86153201334541 303.1397868921481
1.273706560053755 103.86152557116901 303.13978689214895
1.2737100539436308 103.86152024903862 303.1397868921486
1.2737141030119423 103.86151408122267 303.13978689214895
1.2737180101936925 103.86150812953791 303.1397868921486
1.2737224258508197 103.86150140330885 303.1397868921486
1.2737250565802671 103.8614973960029 303.1397868921481
1.2737288373798044 103.86149163683197 303.13978689214895
1.2737332568124937 103.86148490485154 303.1397868921486
1.2737358730531982 103.86148091961572 303.13978689214844
1.2737386290521353 103.86147672149065 303.13978689214895
1.2737434725492713 103.86146934354622 303.1397868921486
1.2737477759621303 103.86146278829484 303.1397868921486
1.2737518060311916 103.86145664941927 303.1397868921481
1.2737554406106115 103.86145111298042 303.1397868921486
1.2737586270219914 103.8614462592216 303.1397868921481
1.2737622713607193 103.86144070791659 303.1397868921481
1.273765132312749 103.86143634991954 303.13978689214895
1.2737677856652079 103.86143230815226 303.1397868921486
1.2737726745286282 103.86142486110228 303.1397868921486
1.2737768584848232 103.86141848781499 303.13978689214895
1.2737807214259453 103.86141260351965 303.13978689214844
1.2737843845029762 103.8614070236709 303.1397868921486
1.273787639145492 103.8614020659774 303.13978689214895
1.2737901461901635 103.86139824707591 303.13978689214844
1.2737950773294309 103.86139073562808 303.1397868921486
1.2737994180945473 103.86138412347837 303.1397868921486
1.273803332224424 103.86137816120852 303.1397868921486
1.2738070991423243 103.86137242318195 303.13978689214844
1.2738110849166842 103.8613663517782 303.13978689214895
1.2738156330356307 103.86135942377271 303.13978689214895
1.2738192840533784 103.861353862293 303.1397868921481
1.2738228842797168 103.86134837818219 303.1397868921486
1.2738273087699148 103.86134163849626 303.13978689214895
1.2738318796747878 103.8613346757814 303.1397868921486
1.2738346856700122 103.86133040149758 303.1397868921486
1.27383760087106 103.86132596086394 303.1397868921481
1.2738407099080478 103.8613212249661 303.1397868921481
1.2738432774693667 103.86131731388103 303.13978689214895
1.2738475600975367 103.86131079028871 303.1397868921486
1.2738508812137248 103.8613057313372 303.1397868921486
1.2738547017356001 103.8612999116567 303.13978689214895
1.2738576278745741 103.86129545436145 303.13978689214844
1.2738605869858894 103.86129094684046 303.13978689214844
1.2738636538683321 103.86128627515502 303.1397868921486
1.273867724439519 103.86128007458211 303.1397868921486
1.2738721489485907 103.8612733348667 303.13978689214827
1.2738759235254304 103.86126758517254 303.13978689214895
1.273880557691037 103.86126052609379 303.13978689214895
1.2738853007459299 103.8612533011473 303.1397868921486
1.2738898380971158 103.86124638954276 303.13978689214844
1.2738946130832292 103.8612391159563 303.1397868921486
1.2738978164957648 103.86123423629849 303.1397868921486
1.2739014981666426 103.86122862812469 303.1397868921486
1.273904103955415 103.86122465880835 303.13978689214895
1.2739066329899307 103.86122080640934 303.13978689214895
1.2739104037651348 103.86121506250561 303.1397868921481
1.2739133850006197 103.86121052128296 303.1397868921486
1.2739177140466609 103.86120392698263 303.13978689214895
1.2739210016036788 103.86119891914989 303.13978689214895
1.2739244661013973 103.86119364178886 303.13978689214844
1.2739293767480184 103.86118616155437 303.1397868921486
1.2739323240275195 103.86118167205561 303.13978689214895
1.273937082862643 103.8611744230707 303.1397868921486
1.2739397864952384 103.86117030471158 303.1397868921486
1.2739431428355426 103.86116519210312 303.13978689214895
1.2739463652272094 103.8611602835344 303.1397868921486
1.2739507700452677 103.8611535738124 303.1397868921486
1.2739545415618985 103.86114782877866 303.13978689214895
1.2739586801642113 103.86114152457466 303.1397868921486
1.2739616548396313 103.86113699334422 303.1397868921481
1.2739647100660794 103.86113233941288 303.1397868921486
1.2739689319587986 103.86112590833504 303.1397868921486
1.2739726550152388 103.86112023711895 303.1397868921486
1.273976147822829 103.86111491663372 303.1397868921481
1.2739796157083112 103.86110963411151 303.1397868921486
1.2739832838877907 103.86110404648763 303.1397868921486
1.2739870458358895 103.86109831602889 303.13978689214895
1.273991559128202 103.86109144107074 303.1397868921488
1.273994686768127 103.86108667683385 303.1397868921486
1.2739994529217187 103.86107941669982 303.13978689214827
1.2740021158755181 103.86107536030484 303.13978689214895
1.2740064995461642 103.86106868279509 303.1397868921481
1.274009574466717 103.86106399886381 303.1397868921481
1.2740128355522489 103.86105903135315 303.13978689214844
1.2740163905892552 103.86105361766603 303.1408949439134
1.27401950664652 103.86104887807609 303.1457733401402
1.2740227603782999 103.86104392908022 303.15086727527415
1.2740254650920053 103.8610398151526 303.15510168595017
1.2740282848265814 103.86103552627574 303.159516169582
1.2740323366643542 103.8610293633434 303.1658595934442
1.2740350480654958 103.86102523924393 303.1701044737789
1.2740392850096975 103.86101879476062 303.1767376938766
1.2740429338779362 103.86101324475345 303.1785116593931
1.2740458136722144 103.86100886452431 303.1785116593924
1.2740495040596922 103.86100325136537 303.17851165939294
1.274053464448023 103.8609972275293 303.17851165939226
1.2740575981790505 103.86099094003515 303.1785116593924
1.2740605493599184 103.86098645122529 303.1785116593931
1.274064837868833 103.86097992831056 303.17851165939226
1.274067478413867 103.86097591198444 303.17851165939294
1.274072383639079 103.86096845103073 303.1785116593924
1.2740768342839834 103.86096168150343 303.17851165939294
