-641158847
1.2768946605473002 103.86821550060311 123.34844426892077
1.2768909930830197 103.86822104290776 123.34844426892042
1.2768877016947497 103.86822601688296 123.34844426892187
1.2768833706896094 103.86823143723294 124.13672972908326
1.276878079894226 103.86823803945764 125.11417064561685
1.2768733133170231 103.86824398752616 125.99519857994268
1.276869234600786 103.86824907723357 126.74908510781536
1.276864322768394 103.86825520656154 127.65656951542141
1.2768602345223645 103.86826030816081 128.411259387025
1.276854762263894 103.86826713682751 128.55207097331723
1.2768510009176157 103.86827183049832 128.5520709733162
1.2768471868917115 103.8682765899064 128.5520709733178
1.2768426531854 103.86828224738197 128.5520709733162
1.2768390061282064 103.86828679843474 128.5520709733178
1.2768352986885325 103.86829142483697 128.55207097331882
1.276830660859256 103.86829721224427 128.5520709733178
1.2768276474294253 103.86830097261247 128.55207097331882
1.2768247730768787 103.86830455943029 128.5520709733178
1.2768217275256988 103.86830835988171 128.5520709733178
1.2768187834923108 103.8683120336521 128.55207097331882
1.27681514235411 103.86831657731852 128.5520709733162
1.2768120980916828 103.86832037616168 128.55207097331723
1.2768069967028606 103.86832674203066 128.5520709733178
1.2768038066583598 103.86833072279077 128.5520709733178
1.276799179869978 103.86833649642011 128.5520709733162
1.2767958461435789 103.86834065647646 128.5520709733162
1.2767918565794871 103.8683456349328 128.5520709733178
1.2767858291555043 103.86835197118454 129.49450576502073
1.2767794290076904 103.86835781635467 131.20175293779477
1.2767733135466754 103.86836340152406 132.83608043044217
1.2767673676085198 103.86836883187041 134.4253734802902
1.2767614561841676 103.86837423069571 136.00326539096082
1.2767573290342673 103.86837799996682 137.10233492958315
1.276750696865312 103.86838405703847 137.43567163640125
1.2767443527812121 103.86838985100599 137.43567163640125
1.2767382656646538 103.86839541028841 137.43567163640125
1.276733538362376 103.86839972767055 137.43567163640125
1.2767285086965454 103.86840432119722 137.43567163640125
1.2767247901525856 103.86840771729376 137.43567163639932
1.276719712643011 103.86841235451543 137.43567163640125
1.276716259210563 103.86841550848914 137.43567163640125
1.2767113128827003 103.86842002590421 137.43567163639932
1.2767064845192422 103.86842443558395 137.43567163639932
1.2767026666213 103.86842792241902 137.43567163640125
1.2766972516230177 103.86843286786443 137.43567163639932
1.2766907018573108 103.86843884967764 137.43567163640125
1.2766861263473939 103.86844302842947 137.43567163640125
1.2766801711515796 103.86844846722985 137.43567163640125
1.276676769877554 103.86845157356775 137.43567163640213
1.2766725290488588 103.8684554466596 137.43567163639932
1.2766681708703251 103.86845876011301 138.06198236901963
1.2766637304427975 103.86846202530687 138.80491235495728
1.2766570893754672 103.86846690870422 139.9170062162166
1.2766532114234845 103.86846976029108 140.5666460489474
1.2766478545557052 103.8684736993738 141.46396340313407
1.2766440365699727 103.86847650686543 142.10323651311947
1.276637604909234 103.86848123627901 143.17913982288724
1.2766331462316463 103.86848451489257 143.51996858192442
1.2766274567744753 103.86848869853917 143.51996858192442
1.2766236178987187 103.86849152139183 143.51996858192655
1.2766174752326223 103.8684960382979 143.51996858192365
1.276612471740033 103.86849971753188 143.51996858192365
1.2766057278150487 103.86850467656345 143.51996858192442
1.2766008587050006 103.86850825698143 143.51996858192442
1.2765960174707278 103.86851181690137 143.51996858192365
1.2765908992032222 103.86851558053304 143.51996858192442
1.2765852780305333 103.86851971396747 143.51996858192365
1.2765780411725394 103.86852503546878 143.51996858192365
1.2765734266309845 103.86852842869393 143.51996858192442
1.276569677700509 103.86853118540661 143.51996858192442
1.2765652380443997 103.86853445003266 143.51996858192442
1.2765603027197354 103.8685380791402 143.51996858192442
1.2765535542610975 103.86854304150506 143.51996858192365
1.2765476855722737 103.86854735694605 143.51996858192365
1.276540422631248 103.86855269762671 143.51996858192442
1.2765347761231878 103.86855684969073 143.51996858192655
1.2765295134821608 103.8685607194846 143.51996858192365
1.276523802283356 103.8685649191178 143.51996858192365
1.276517827202945 103.8685693127918 143.51996858192442
1.2765121084828408 103.86857351795557 143.51996858192442
1.276507034007369 103.86857724938496 143.51996858192442
1.2765028953011517 103.86858029271227 143.51996858192442
1.2764977233157595 103.86858409584384 143.51996858192365
1.2764938264715502 103.868586961322 143.51996858192442
1.276487272730438 103.86859178050409 143.51996858192365
1.2764833855620146 103.86859463886725 143.51996858192442
1.2764781698645251 103.86859847414166 143.51996858192365
1.2764744506375523 103.8686012090119 143.51996858192442
1.2764699126686048 103.86860454593011 143.51996858192442
1.2764645463227837 103.86860849198109 143.51996858192442
1.2764592874618246 103.8686123589949 143.51996858192442
