244842557
1.2725519809283343 103.86258313116333 42.03283619912436
1.2725571588400182 103.86258748597889 41.760170090068165
1.2725626410068924 103.86259031245112 39.715808940921335
1.272569638512411 103.86259392019517 37.088503087148105
1.2725771695400108 103.86259780301025 34.25012941319258
1.2725822101024564 103.86260040180194 32.350878782576494
1.2725892322584205 103.86260402225518 29.71461096059659
1.2725943726733262 103.86260667252837 27.79759552052352
1.2725993186453708 103.86260897086626 27.15675679144854
1.2726073270748806 103.8626112585152 24.996403479336674
1.2726125047724814 103.86261273755107 23.594358002368217
1.2726208223387225 103.86261511350651 21.338182715044844
1.2726252063627161 103.86261636582543 20.149077934070217
1.272629606089413 103.8626176226299 18.95710750931572
1.2726347820077721 103.86261910115749 17.558028279349802
1.2726413353305925 103.86262097314773 16.065652724244337
1.2726475926925762 103.86262276059524 16.065652724244988
1.272653141016401 103.86262361146072 15.13557593963759
1.272660802365628 103.86262428541353 13.209459541257436
1.2726670132496378 103.86262483177195 11.64341344464481
1.2726725063881539 103.86262531499182 10.256937251941098
1.2726772521672292 103.86262573246802 9.059336512403432
1.2726856121036394 103.86262646787404 6.953560669349316
1.2726909099478632 103.86262693391423 5.6237867328262885
1.272695639722542 103.86262709552412 4.751216536145221
1.2727022624672673 103.86262719875171 4.122188949644735
1.272709357794932 103.86262730934537 3.4479803813084993
1.2727151763747613 103.86262740435708 2.900667817519395
1.2727239073243246 103.86262760133232 2.1510251561136724
1.272729952599158 103.86262773771718 1.6321716013410714
1.272735500252185 103.86262771277278 0.9582289661759827
1.2727409690999794 103.8626272517696 0.19915296973372434
1.2727482472928564 103.86262663824543 359.24051550547557
1.2727558822666627 103.86262599464597 358.23417759042013
1.2727642197887095 103.86262529182432 357.0804022801025
1.2727715968256736 103.86262421126473 355.4268137092445
1.2727787924360467 103.86262205858067 352.53514109908394
1.272785493602666 103.86262005381747 350.62926433208975
1.2727913317023831 103.86261830725479 348.9661616335747
1.2727956787919237 103.86261700675207 347.72792860223626
1.2728017234881803 103.86261519838261 346.00871149728596
1.2728064922851772 103.86261377171923 344.6563037094947
1.2728123331418795 103.86261202433167 343.2678397722053
1.272819953379997 103.86260793759146 340.98144539613975
1.2728254902404847 103.86260488557808 339.2068386987188
1.2728297808545062 103.8626025205173 337.8287487091517
1.272833894589015 103.86260025295557 336.5066965063782
1.2728395336247045 103.86259714462136 334.6958204028665
1.2728454642856182 103.86259387553827 332.7966073650331
1.2728529805103976 103.86258973828033 331.0107350925332
1.2728594923540566 103.86258616303934 331.0270817643697
1.2728660546748094 103.86258256008449 331.04355515296265
1.27287050233275 103.86258011815708 331.0547201061794
1.2728748438980486 103.86257773447842 331.06561873493797
1.2728802515118638 103.86257476549999 331.07919346323007
1.2728851711699485 103.86257206442713 331.0915432741088
1.2728924813337386 103.86256805087885 331.10028703862554
1.2728993836725127 103.86256426124143 331.10028703862554
1.2729051120700545 103.8625611161408 331.10028703862616
1.2729127273276493 103.8625569350847 331.10028703862554
1.2729172421462305 103.86255444518402 331.08749795429947
1.2729218613101003 103.86255189730456 331.07391455771665
1.2729278272159092 103.86254860657719 331.05637084437774
1.2729347112400815 103.86254480942591 331.0361272523844
1.2729392678722227 103.8625422960382 331.02272773567415
1.2729457822324155 103.86253870278937 331.00357120607964
1.2729497492438981 103.86253651462982 330.9919055714246
1.2729557623635788 103.86253319785965 330.98766277665663
1.2729626111258603 103.86252942015825 330.98766277665663
1.272967097744595 103.86252694538904 330.98766277665607
1.2729736143403954 103.86252335090691 330.98766277665663
1.2729779312524583 103.86252096974596 330.98766277665663
1.2729819388984052 103.86251875917279 330.98766277665663
1.2729873708804769 103.86251601678418 331.2799135110108
1.272993294825588 103.86251369545464 332.3708544324899
1.2730002212284761 103.86251098130663 333.64853617211764
1.2730081443258887 103.8625078765985 335.11133623606077
1.2730128478766032 103.86250603348695 335.9796241478713
1.273018158853391 103.86250395235223 336.95934235037214
1.2730243475384686 103.86250152728279 338.09929981258904
1.2730287432813943 103.86249980478732 338.50111748548613
1.2730352156545182 103.86249726855313 338.5011174854864
