649773813
1.2748418021804853 103.86345947420072 122.74574136382911
1.2748384374450226 103.86346467744865 122.74574136382911
1.27483447637314 103.86347080287487 122.74574136382911
1.2748317953615946 103.86347494880779 122.74574136382842
1.2748274701426348 103.86348163735322 122.74574136382842
1.2748247532595312 103.86348583875805 122.74574136382842
1.274820969385506 103.86349169016421 122.74574136382842
1.2748162914252397 103.8634989241908 122.74574136382842
1.2748123732849597 103.86350498322697 122.74574136382842
1.2748094767186915 103.8635094624948 122.74574136382729
1.2748046110878632 103.86351698673609 122.74574136382911
1.2748009092622308 103.86352271126182 122.74574136382911
1.2747971831557983 103.86352847333548 122.74574136382842
1.2747937011525579 103.86353385792641 122.74574136382842
1.274788965887113 103.86354118056957 122.74574136382842
1.274784898976954 103.863547469664 122.74574136382842
1.2747821331690905 103.86355174672595 122.74574136382911
1.2747783435205087 103.8635576070613 122.74574136382842
1.2747751019148554 103.86356261989972 122.74574136382729
1.2747718480235621 103.86356765173669 122.74574136382911
1.2747676186588146 103.8635741920516 122.74574136382911
1.2747630661695872 103.86358123204806 122.74574136382729
1.2747585935197068 103.86358814858039 122.74574136382842
1.274754603726987 103.86359431841949 122.74574136382842
1.2747513886600261 103.86359929021802 122.745741363828
1.2747479154247718 103.8636046612495 122.74574136382729
1.2747436216900312 103.86361130110615 122.74574136382911
1.2747407577719616 103.86361572988585 122.74574136382911
1.2747372830150645 103.86362110327026 122.74574136382729
1.2747332604198778 103.86362732383495 122.74574136382842
1.274729886634584 103.86363254107617 122.74574136382911
1.2747251009599339 103.86363994167128 122.74574136382911
1.2747225246903435 103.8636439256295 122.74574136382911
1.2747195149500694 103.86364857990925 122.745741363828
1.2747162432553802 103.86365363927682 122.74574136382842
1.274713040784934 103.86365859159558 122.74574136382911
1.274709666730975 103.863663809252 122.74574136382911
1.2747060501977177 103.86366940187978 122.74574136382911
1.274702136899367 103.86367545342674 122.74574136382911
1.2746993286356978 103.86367979614171 122.74574136382842
1.2746968347220071 103.86368365274406 122.74574136382911
1.274692974971615 103.863689621484 122.74574136382842
1.2746895258050523 103.86369495516792 122.74582876873382
1.274685008778341 103.86370193981543 122.74617899598925
1.2746810984189718 103.86370798637732 122.746482185345
1.274677937215851 103.863712874524 122.74672728893738
1.274674705119867 103.86371787229177 122.74697788920037
1.274671898443061 103.86372221223678 122.74719550462689
1.2746679615922756 103.86372829976196 122.747500747982
1.2746637481086596 103.86373481504252 122.74763695487913
1.2746592570332476 103.86374175956126 122.74763695487981
1.2746557542262058 103.86374717592743 122.74763695487913
1.2746521352759845 103.86375277188496 122.74763695487981
1.2746490927514935 103.86375747651934 122.747636954878
1.2746465498781958 103.86376140854654 122.74763695487981
1.274641743087453 103.86376884125342 122.74763695487913
1.2746389521413892 103.8637731568737 122.74763695487913
1.2746344481203902 103.8637801214097 122.74763695487871
1.2746317598189656 103.86378427831126 122.74763695487981
1.2746274056300602 103.86379101116282 122.74763695487981
1.274624848378532 103.86379496542277 122.74763695487913
1.274620887455029 103.86380109017072 122.74763695487871
1.2746181179737412 103.86380537259998 122.74763695487871
1.2746148607925902 103.86381040915603 122.74763695487981
1.2746100186294511 103.8638178965584 122.74763695487981
1.2746073814929546 103.86382197434374 122.74763695487871
1.2746040049789071 103.86382719542326 122.74763695487871
1.274599132269664 103.86383473005864 122.74763695487913
1.2745945087789248 103.86384187932914 122.74763695487981
1.2745906468848287 103.86384785094818 122.74763695487871
1.2745860114832843 103.86385501863613 122.74763695487913
1.2745821943575706 103.86386092103001 122.74763695487913
1.274577368911028 103.86386838258301 122.74763695487981
1.2745745931069132 103.86387267478875 122.74763695487981
1.2745714527049186 103.86387753076951 122.74763695487871
1.2745689828200808 103.86388134993443 122.74763695487981
1.2745657433901678 103.86388635904126 122.747636954878
1.2745623449131775 103.8638916140814 122.74763695487913
1.2745597714783126 103.86389559336487 122.74763695487913
1.2745553840204396 103.8639023776588 122.74763695487981
1.2745524067696745 103.86390698135979 122.74763695487913
1.2745488526531294 103.86391247706403 122.74763695487913
1.2745441089890446 103.86391981215681 122.74763695487981
1.2745406755158766 103.86392512131098 122.74763695487981
1.2745359092489463 103.86393249135423 122.74763695487913
1.274532505168377 103.86393775505873 122.74763695487913
1.2745286374451268 103.86394373569043 122.74763695487871
1.2745250131458505 103.86394933991738 122.74763695487871
1.2745202104777247 103.86395676624724 122.74763695487981
1.2745156264587716 103.86396385448143 122.74763695487981
1.2745126839901553 103.86396840439856 122.74763695487871
1.2745087104531119 103.86397454864904 122.74763695487981
1.2745059975620632 103.86397874357205 122.74763695487871
1.2745032387977278 103.86398300942855 122.747636954878
1.2744985046847037 103.86399032975176 122.74763695487981
1.2744938140836048 103.86399758279273 122.74763695487981
1.2744892251133144 103.86400467868268 122.74763695487981
1.274485024737062 103.86401117369252 122.74763695487871
1.2744809878650973 103.86401741587689 122.747636954878
1.2744783331601337 103.8640215208269 122.747636954878
1.2744757116746634 103.86402557440984 122.747636954878
1.2744714441041196 103.86403217332149 122.74763695487871
1.2744676929943275 103.8640379736338 122.74763695487913
1.274464435446464 103.86404301075503 122.74763695487981
1.2744617672296223 103.86404713659819 122.74763695487981
1.2744571546418775 103.86405426900704 122.74763695487981
1.274452790628123 103.86406101704779 122.74763695487871
1.2744491895254084 103.86406658540503 122.74763695487981
1.2744454103032468 103.86407242918695 122.74763695487981
1.2744418743869788 103.86407789674678 122.747636954878
1.2744383284239782 103.86408337984177 122.74763695487913
1.2744343207373945 103.86408957689629 122.74763695487981
1.2744314123751252 103.86409407407413 122.74763695487981
1.2744287980106388 103.8640981166455 122.74763695487913
1.27442607110184 103.86410233324321 122.747636954878
1.2744218463367702 103.86410886596428 122.74763695487913
1.2744175437753005 103.86411551898125 122.74763695487871
1.2744138993669434 103.86412115430117 122.747636954878
1.2744109214489912 103.86412575903222 122.74763695487981
1.2744078691445042 103.86413047878652 122.74763695487913
1.2744042807518567 103.86413602748968 122.747636954878
1.2744009779731027 103.86414113455028 122.74763695487981
1.2743970280397803 103.8641472423008 122.74763695487981
1.2743945826015957 103.86415102366243 122.74763695487981
1.274389954838294 103.86415817953592 122.747636954878
1.2743871900872246 103.86416245464844 122.74763695487913
1.2743844358167413 103.86416671355487 122.74763695487913
1.2743798733824667 103.86417376841047 122.74763695487913
1.2743762861196635 103.86417931536616 122.74763695487913
1.2743733582476973 103.86418384271106 122.74763695487913
1.2743695125583911 103.86418978926947 122.747636954878
1.2743652631888427 103.86419636003536 122.74763695487913
1.2743605331905847 103.86420367399344 122.74763695487913
1.2743575518603087 103.86420828400031 122.74763695487981
1.2743549153014533 103.8642123608899 122.74763695487871
1.2743507762325823 103.86421876109848 122.74763695487981
1.2743460070812531 103.86422613559839 122.74763695487981
1.2743434005272158 103.86423016609166 122.74763695487981
1.274339630416245 103.86423599578347 122.74763695487871
1.2743369429992502 103.86424015131442 122.74763695487913
1.2743330125171306 103.86424622898673 122.74763695487871
1.2743304976438528 103.86425011771466 122.74763695487871
1.2743261411256335 103.864256854163 122.74763695487871
1.274322948502748 103.8642617908895 122.74763695487913
1.2743204639576526 103.86426563272113 122.747636954878
1.2743163741290295 103.86427195678938 122.74763695487913
1.2743123171043982 103.86427823013302 122.74763695487871
1.2743091715227959 103.86428309411983 122.74763695487913
1.2743064466365468 103.86428730758882 122.74763695487981
1.274303751268359 103.86429147541428 122.74763695487981
1.2743000360200876 103.8642972202718 122.74763695487913
1.2742963809145487 103.86430287213106 122.74763695487913
1.2742936429846516 103.86430710576923 122.74763695487913
1.2742899774887768 103.86431277369488 122.74763695487913
1.27428688229796 103.86431755976255 122.74763695487981
1.2742830464055734 103.86432349117081 122.74763695487981
1.2742783902087114 103.86433069100892 122.74763695487913
1.2742746722664027 103.86433644003185 122.74763695487981
1.2742720718005136 103.86434046111036 122.74763695487913
1.2742674678413615 103.86434758017354 122.74763695487981
1.2742645241966741 103.86435213190643 122.74763695487913
1.2742601053380027 103.86435896475021 122.74763695487981
1.274256160420828 103.86436506474217 122.74763695487981
1.2742515090346551 103.8643722571411 122.74763695487981
1.2742473982314728 103.86437861364105 122.74763695487871
1.2742438736807142 103.86438406362383 122.74763695487913
1.2742408057928243 103.86438880747268 122.74763695487913
1.2742368926367835 103.86439485835238 122.74763695487871
1.2742333577330134 103.86440032434379 122.74763695487981
1.2742299412590707 103.86440560720813 122.74763695487981
1.2742258632236123 103.86441191303929 122.747636954878
1.2742213779932812 103.86441884851232 122.74763695487981
1.2742175236190432 103.86442480849794 122.74763695487981
1.2742137320306457 103.86443067139831 122.74763695487981
1.2742091021277386 103.86443783057709 122.74763695487981
1.2742057513807592 103.86444301180806 122.74763695487981
1.2742022400512296 103.8644484413464 122.74763695487871
1.2741987199373666 103.86445388446785 122.747636954878
1.274195144288444 103.86445941346261 122.74763695487913
1.2741910097407056 103.86446580667769 122.74763695487981
1.2741863263324922 103.86447304859084 122.74763695487871
1.274183061231057 103.86447809738858 122.74763695487871
1.2741802241109466 103.86448248440252 122.74763695487981
1.2741754593620542 103.86448985209185 122.74763695487913
1.2741730123782056 103.86449363584144 122.74763695487981
1.2741687719981112 103.86450019270382 122.74763695487981
1.2741645539189714 103.86450671508233 122.74763695487913
1.27416077994092 103.8645125507512 122.74763695487981
1.2741562249317486 103.86451959412152 122.74763695487913
1.274153141940788 103.86452436132306 122.74763695487913
1.27414951967968 103.86452996239323 122.74763695487913
