244916055
1.2753942383410986 103.8676858412022 235.64870474547322
1.2753900671064249 103.86767978320152 235.64870474547322
1.2753852819443146 103.86767283357689 235.64870474547217
1.275381688572873 103.86766761482319 235.64870474547217
1.275377536259253 103.86766158430214 235.64870474547217
1.2753726738489128 103.86765452248784 235.64870474547288
1.2753677394625786 103.8676473561408 235.64870474547217
1.2753643424704906 103.86764242259439 235.64870474547217
1.275359480665303 103.86763536165903 235.64870474547322
1.2753558284360147 103.86763005742453 235.64870474547217
1.2753510286710226 103.86762308659195 235.64870474547217
1.2753466883752715 103.86761678305938 235.64870474547217
1.2753420960798252 103.86761011354066 235.64870474547288
1.2753386200925125 103.86760506526738 235.64870474547288
1.2753340270467042 103.8675983946589 235.64870474547322
1.275329957839832 103.86759248483636 235.64870474547217
1.2753273972373027 103.86758876600196 235.64870474547396
1.2753223169982668 103.86758138782929 235.64870474547217
1.2753174909796035 103.86757437886796 235.64870474547217
1.2753149067497027 103.86757062571891 235.64870474547396
1.2753120078660107 103.8675664155894 235.64870474547322
1.2753087058510917 103.8675616199812 235.64870474547217
1.2753037898843236 103.8675544803858 235.64870474547322
1.2752986814675888 103.86754706129003 235.64870474547217
1.2752952560516704 103.86754208646317 235.64870474547217
1.2752926381380574 103.86753828439439 235.64870474547217
1.2752888573142445 103.86753279339881 235.64870474547288
1.275284726631777 103.86752679429378 235.64870474547288
1.275281805134119 103.8675225513215 235.64870474547217
1.2752773018723238 103.86751601110919 235.64870474547322
1.275273758336653 103.86751086473382 235.64870474547217
1.275270924518489 103.86750674910094 235.64870474547217
1.2752672798546756 103.86750145585441 235.64870474547217
1.275263348909358 103.86749574683331 235.64870474547217
1.275259673749841 103.86749040929705 235.64870474547217
1.2752554266974894 103.86748424118494 235.64870474547217
1.2752508278312162 103.86747756212374 235.64870474547396
1.2752471658562177 103.86747224373578 235.64870474547288
1.2752445137797914 103.86746839205158 235.64870474547217
1.2752411632256815 103.86746352594884 235.64870474547322
1.275238400682568 103.8674595138308 235.64870474547217
1.2752336800230577 103.86745265788602 235.64870474547322
1.2752299264202038 103.86744720642446 235.64870474547288
1.2752250387892425 103.86744010798243 235.64870474547217
1.2752212631848179 103.86743462456741 235.64870474547217
1.2752178128777967 103.86742961359087 235.64870474547217
1.2752149151795091 103.86742540518331 235.64870474547322
1.2752098594827748 103.86741806265479 235.64870474547322
1.275206860966628 103.8674137078267 235.64870474547288
1.2752023201126395 103.86740711301863 235.64870474547217
1.275199360092052 103.86740281409874 235.64870474547288
1.2751951338687595 103.86739667623758 235.64870474547322
1.2751909553846394 103.86739060770937 235.64870474547322
1.2751879930502634 103.86738630542914 235.64870474547322
1.2751840567462882 103.86738058862589 235.64870474547288
1.2751802698374812 103.86737508879341 235.64870474547322
1.2751766787415832 103.86736987334544 235.64870474547217
1.27517225598665 103.86736345005609 235.64870474547217
1.2751684082029495 103.86735786181335 235.64870474547217
1.2751656100874438 103.86735379803281 235.64870474547322
1.2751616020008354 103.86734797697777 235.64870474547322
1.275157059851444 103.86734138028861 235.64870474547217
1.275154266152519 103.86733732292242 235.64870474547217
1.2751498752973 103.86733094596201 235.64870474547396
1.2751470262557496 103.86732680822023 235.64870474547217
1.2751425507677845 103.86732030834538 235.64870474547322
1.275139056559925 103.86731523361078 235.64870474547288
1.275135091289249 103.86730947473863 235.64870474547217
1.2751318770707325 103.86730480664032 235.64870474547217
1.2751284729483334 103.86729986273934 235.64870474547217
1.2751251533924877 103.86729504165673 235.64870474547288
1.275120703737628 103.86728857930014 235.64870474547217
1.2751166669577774 103.86728271657333 235.64870474547217
1.27511275684977 103.86727703781558 235.64870474547396
1.275109148230344 103.86727179691802 235.64870474547217
1.2751049537537746 103.86726570516399 235.64870474547396
1.2751011093875968 103.86726012188495 235.64870474547396
1.2750984374465115 103.86725624135124 235.64870474547217
1.2750958204352163 103.86725244059359 235.64870474547217
1.2750931108572794 103.86724850539883 235.64870474547217
1.2750890696116435 103.8672426361864 235.64870474547217
1.2750863671182648 103.86723871128076 235.64870474547217
1.2750819817606849 103.86723234230512 235.64870474547217
1.2750789379833878 103.86722792174348 235.64870474547217
1.2750759978400508 103.8672236516923 235.64870474547217
1.2750723955085395 103.86721841992701 235.64870474547217
1.2750681178137915 103.86721220731314 235.64870474547217
1.2750646427687178 103.86720716040949 235.64870474547217
1.275061222863344 103.86720219358676 235.64870474547217
1.27505686489542 103.86719586439 235.64870474547322
1.275052433578189 103.86718942866604 235.64870474547322
1.275047814200228 103.8671827198163 235.64870474547217
1.275042836951776 103.86717549122147 235.64870474547322
1.2750378247131156 103.86716821180941 235.64870474547217
1.2750332893805125 103.86716162502117 235.64870474547322
1.2750299475228013 103.86715677154933 235.64870474547217
1.2750255510565862 103.86715038644061 235.64870474547217
1.2750226534954499 103.86714617823293 235.64870474547217
1.2750193072804674 103.86714131843297 235.64870474547217
1.2750148966936992 103.86713491281664 235.64870474547322
1.275010895015474 103.86712910106944 235.64870474547322
1.2750080214851989 103.86712492776249 235.64870474547322
1.2750044461181025 103.86711973515868 235.64870474547288
1.2750003658948226 103.86711380933839 235.64870474547217
1.2749977035246298 103.86710994270508 235.64870474547322
1.2749926293805427 103.86710257338636 235.64870474547288
1.274988735301682 103.86709691790878 235.64870474547217
1.274984780545118 103.86709117430732 235.64870474547217
1.2749814656431837 103.8670863599843 235.64870474547217
1.2749767406166785 103.86707949769871 235.64870474547322
1.274973256582366 103.86707443774016 235.64870474547322
1.2749689135150515 103.86706813018444 235.64870474547217
1.2749661875282678 103.8670641711591 235.64870474547217
1.2749635097750807 103.86706028218477 235.64870474547217
1.2749603669024463 103.86705571770472 235.64870474547322
1.2749559937625985 103.86704936647389 235.64870474547217
1.2749526710840857 103.86704454085685 235.64870474547322
1.274949181162428 103.86703947234805 235.64870474547217
1.2749443214948357 103.86703244993147 235.62325449359304
1.2749394150073476 103.86702537461123 235.58695612454815
1.2749360637775646 103.86702054202502 235.56216359018225
1.274930953734709 103.86701317317112 235.52435928205088
1.2749283401770517 103.86700940433298 235.50502408230307
1.274924181260443 103.86700340703523 235.4742562823788
1.2749214838583047 103.86699951729054 235.45854083550864
1.274917119532703 103.86699322378612 235.45854083550864
1.274913595698364 103.86698814229841 235.45854083550944
1.2749096289890973 103.86698242217017 235.45854083550864
1.2749058860504354 103.86697702472671 235.45854083550762
1.2749025825281488 103.86697226093644 235.45854083550864
1.2748993686789685 103.86696762645782 235.45854083550864
1.2748953483866199 103.86696182906104 235.45854083550762
1.274891471835946 103.86695623894462 235.45854083550864
1.274887862012111 103.86695103345728 235.45854083550762
1.2748849332561356 103.8669468100927 235.45854083550864
1.2748805231444207 103.86694045056336 235.45854083550864
1.2748763542680244 103.8669344389035 235.45854083550864
1.2748721081534953 103.86692831586366 235.45854083550762
1.2748693122028774 103.86692428400893 235.45854083550762
1.2748644212730527 103.86691723112384 235.45854083550762
1.274860714398263 103.86691188568588 235.45854083550864
1.2748564290803097 103.86690570611347 235.45854083550864
1.2748539413134452 103.86690159922883 235.83376237254535
1.2748495735676124 103.86689408063042 236.71574258939103
1.2748463307139142 103.86688849841123 237.37091208466583
1.274844044068143 103.86688456219977 237.83296326992385
1.2748395225205993 103.86687677884855 238.74651888250992
1.2748358327595894 103.86687042732723 239.49166038932688
1.2748322615165533 103.8668642798217 240.03247107134072
1.2748297938834143 103.8668600320603 240.03247107134072
1.2748254580742147 103.86685256843751 240.03247107134112
1.2748224872136775 103.86684745442506 240.03247107134183
1.274819685970347 103.86684263239013 240.03247107134112
1.2748157134870717 103.8668357941934 240.03247107134112
1.2748113450139624 103.86682827434336 240.03247107134183
1.2748073694194284 103.86682143079102 240.03247107134112
1.2748048787379858 103.86681714335458 240.03247107134072
1.2748016001945144 103.86681149969962 240.03247107134072
1.2747982669783011 103.86680576193154 240.03247107134112
1.2747957080719412 103.8668013570534 240.03247107134072
1.274792385925448 103.86679563834068 240.03247107134072
1.2747898942644065 103.86679134921805 240.03247107134072
1.2747866952198132 103.86678584241184 240.03247107134072
1.2747830614941202 103.86677958734957 240.03247107134112
1.2747791110176656 103.86677278703546 240.03247107134072
1.2747747571408616 103.8667652923117 240.03247107134072
1.2747710364382496 103.86675888752823 240.03247107133998
1.2747678638697024 103.86675342629778 240.03247107134072
1.2747649539972112 103.86674841726992 240.03247107134183
1.274761978774415 103.86674329574865 240.03247107134072
1.2747584874848354 103.86673728587479 240.03247107134072
1.2747550787467077 103.86673141810424 240.03247107134183
1.274750660324698 103.86672381227316 240.03247107133998
1.2747465050341755 103.86671665939424 240.03247107134183
1.2747428577648983 103.86671038101846 240.03247107134183
1.274738856919919 103.86670349400075 240.03247107134183
1.2747356455386676 103.86669796595866 240.03247107134183
1.2747331711005094 103.86669370648362 240.03247107134183
1.2747303448479195 103.86668884139847 240.03247107134112
1.2747264579633213 103.8666815592052 240.4088938394911
1.2747245204295965 103.86667693562723 241.22993013175463
1.2747211068423792 103.8666687897114 242.67873985297877
1.2747178494319091 103.86666101648355 244.06254115405088
1.2747144957524892 103.86665301352707 245.48681313535474
1.2747126663685853 103.86664864802943 246.26292903294117
1.2747097262271667 103.86664163190754 247.42060895249094
1.2747078858369167 103.86663724014525 247.42060895249094
1.274704918599508 103.86663015936372 247.42060895249094
1.274702980478306 103.86662553438403 247.42060895249094
1.2747010294816299 103.86662087867934 247.42060895249023
1.2746991533541532 103.86661640163662 247.42060895249136
1.2746973317343233 103.86661205466667 247.42060895249136
1.2746947911283695 103.86660599196495 247.42060895249023
1.2746929408657688 103.8666015766442 247.42060895249094
1.274690615035887 103.86659602646719 247.42060895249136
1.2746871955863897 103.86658786656265 247.42060895249136
1.2746851471534526 103.8665829783439 247.42060895249136
1.2746822021115696 103.86657595052836 247.42060895249136
1.274679832286123 103.86657029536393 247.42060895249094
1.2746764235507981 103.86656216102702 247.42060895249136
1.2746730580883605 103.86655412995317 247.42060895249136
1.2746698910684569 103.86654657242698 247.42060895249094
1.2746667965603091 103.86653918793715 247.42060895249136
1.2746636983420108 103.86653179459374 247.42060895249094
1.274660372546888 103.86652385817905 247.42060895249136
1.2746569397538168 103.86651566643297 247.42060895249136
1.2746537495079606 103.86650805348245 247.42060895249136
1.2746506100237318 103.86650056166549 247.42060895249094
1.2746477345530287 103.8664936998696 247.42060895249136
1.2746448478664583 103.86648681130904 247.42060895249136
1.274642311921114 103.86648075972968 247.42060895249094
1.274640049122371 103.86647535996578 247.42060895249136
1.2746368502757115 103.86646772649124 247.42060895249094
1.2746346509757538 103.86646247825587 247.42060895249136
1.2746322863492832 103.86645683549844 247.42060895249094
1.2746300726725202 103.86645155295545 247.42060895249136
1.2746278969788907 103.86644636105244 247.42060895249094
1.2746246574991213 103.86643863061444 247.42060895249136
1.274622490136674 103.86643345859235 247.42060895249094
1.2746196737570095 103.866426737807 247.42060895249136
1.274616288287901 103.86641865899176 247.42060895249136
1.2746134760056556 103.86641194798426 247.42060895249136
1.2746106534280017 103.86640521240865 247.42060895249136
1.2746074150660904 103.8663974846385 247.42060895249094
1.2746042874584305 103.86639002116355 247.42060895249136
1.2746012253469863 103.86638271398364 247.42060895249136
1.2745982010844419 103.86637549712337 247.42060895249136
1.2745955129082587 103.86636908227298 247.42060895249136
1.2745934084101604 103.86636406026571 247.42060895249094
1.2745910086308834 103.86635833362286 247.42060895249094
1.2745890034394545 103.86635354859318 247.42060895249136
1.2745872294458436 103.86634931527563 247.42060895249136
1.2745841999017677 103.86634208581215 247.42060895249136
1.2745822086442633 103.86633733403335 247.42060895249136
1.2745790294252386 103.8663297473975 247.42060895249136
1.2745762938899254 103.8663232195333 247.42060895249136
1.2745732531268337 103.86631596329782 247.42060895249094
1.2745709033065873 103.86631035587347 247.42060895249094
1.2745688986237775 103.8663055720577 247.42060895249136
1.2745658406724685 103.86629827480573 247.42060895249136
1.274562409889825 103.86629008785874 247.42060895249094
1.2745602732164447 103.86628498907125 247.42060895249023
1.2745584545142674 103.86628064906499 247.42060895249136
1.2745566170201263 103.86627626421509 247.42060895249094
1.2745538078230718 103.86626956057067 247.42060895249094
1.2745515525183881 103.86626417869094 247.42060895249136
1.2745497539542392 103.86625988674055 247.42060895249136
1.2745468840236587 103.86625303816656 247.42060895249023
1.2745441245990234 103.8662464532952 247.42060895249094
1.2745416663923606 103.86624058722649 247.42060895249094
1.2745390947199644 103.86623445039218 247.42060895249094
1.2745372352001556 103.86623001298217 247.42060895249136
1.2745345019297432 103.8662234905233 247.42060895249094
1.2745325246366697 103.86621877206856 247.42060895249136
1.2745294161819505 103.86621135429982 247.42060895249136
1.2745272164718982 103.86620610508699 247.42060895249094
