632744540
1.3046336586525746 103.8367025862714 27.413612715676603
1.3046394507785444 103.83670556766836 27.41361271567674
1.3046454321851413 103.83670864649426 27.413612715676678
1.304652911023133 103.83671249609712 27.413612715676603
1.3046584182151846 103.83671533082928 27.41361271567682
1.3046640033256096 103.83671820566855 27.413612715676678
1.3046698769181002 103.83672115145033 27.325588812749466
1.3046777071713411 103.83672486050737 26.960700614351385
1.3046818274309047 103.83672681220386 26.768679330724094
1.304688477994286 103.836729962462 26.458722794359705
1.3046941019366982 103.83673262642735 26.196612562360475
1.3047010229009652 103.83673590476977 25.874069715024696
1.3047078114088204 103.83673912036984 25.557736075362037
1.304714148915863 103.83674212233853 25.515962277825793
1.3047219746017198 103.8367458292321 25.515962277825793
1.3047271136016818 103.8367482634885 25.51596227782601
1.3047336190502732 103.83675134500825 25.515962277825853
1.3047377410989316 103.8367532975522 25.51596227782593
1.3047452762752751 103.83675686683637 25.515962277825853
1.304749513140744 103.83675887376708 25.515962277825793
1.3047538699820442 103.83676093752831 25.515962277825793
