121880525
1.3045918984714922 103.83676777886222 48.56287360242393
1.3045953878992234 103.83677170258717 48.56287360242393
1.3046004126483757 103.83677735272101 48.562873602424055
1.304606058867602 103.83678370167367 48.562873602424055
1.304608508524229 103.83679003443594 51.61141017637869
1.3046105442282427 103.83679566388827 54.49832661416053
1.304612239450956 103.83680035178762 56.92225799284627
1.3046145857065015 103.83680684002647 60.289996810855726
1.3046172109279066 103.83681409970613 64.04990834774316
1.304619349381768 103.83682001329882 67.08484150222928
1.3046219834820678 103.83682729753191 70.26361723897895
1.3046241424803842 103.83683326793746 70.26361723897911
1.3046270915535005 103.8368414231836 70.26361723897911
1.3046296635305543 103.83684853562374 70.26361723897901
1.3046304416127499 103.83685622938992 72.67035308021126
1.3046301901023702 103.83686429249737 76.53195392889843
1.3046300215103568 103.83686969734545 79.14578009268072
1.3046298632376383 103.83687477136958 81.60698677041755
1.304629649445337 103.83688162528107 84.92650680164019
1.304629372961937 103.83689048898921 89.1778514067561
1.3046291134313766 103.83689880920979 91.80163233056886
1.304628891398702 103.83690592729499 91.8016323305687
1.3046287316931895 103.83691104725023 91.8016323305687
1.3046285130213124 103.83691805759143 91.8016323305687
1.3046277094818826 103.83692263324363 92.63955353778371
1.3046262419038028 103.83692835410478 94.28058495228136
1.3046246737028608 103.83693446721036 96.04095774627342
1.304622716773679 103.83694209564248 98.24267638813328
1.3046213069239325 103.83694759146887 99.82893003655194
1.304620159748411 103.83695206334781 101.11776005179793
1.3046183471516863 103.83695912914804 103.1473838197429
1.3046168785251906 103.83696485409564 104.32561363136715
1.304614656889104 103.83697351439834 104.32561363136699
1.3046124569527364 103.83698209011177 104.32561363136708
1.3046107617761455 103.83698869818859 104.32561363136708
1.3046091275266483 103.83699337779103 104.85841676836584
1.304606625299275 103.83699926998675 106.07754665456926
1.3046035421838802 103.83700653004605 107.58274446768635
1.3046013941512582 103.83701158819082 108.63239518390084
