633373642#0
1.3080733309179593 103.90874611772011 151.86217344192204
1.308069290057702 103.90874826711394 151.86217344192173
1.3080635191301193 103.90875133675634 151.86217344192173
1.3080573122477417 103.90875463828955 151.8621734419216
1.3080521634335762 103.90875737702049 151.8621734419216
1.3080451409868294 103.90876111236446 151.86217344192173
1.3080384840875576 103.90876465326825 151.8621734419216
1.308030867728588 103.9087687045229 151.86217344192173
1.308025576295249 103.90877151911496 151.8621734419216
1.308018871729495 103.90877508537316 151.86217344192173
1.3080118504996399 103.90877882006964 151.8621734419216
1.308004206559509 103.90878288599492 151.86217344192173
1.307996311764587 103.90878708535352 151.86217344192173
1.307991011010851 103.9087899049031 151.86217344192173
1.3079855442879886 103.90879281273408 151.86217344192173
1.3079810443641477 103.9087952063103 151.86217344192173
1.3079757621412582 103.90879801600296 151.8621734419216
1.3079706529546862 103.90880073365501 151.8621734419216
1.3079658762738857 103.9088032744423 151.8621734419216
1.3079590055491892 103.90880692908253 151.8621734419216
1.307953858032039 103.90880966712311 151.86217344192173
1.3079474433333267 103.90881307919628 151.86217344192173
1.3079399284786783 103.90881707645863 151.86217344192173
1.3079341947339707 103.90882012632224 151.8621734419216
1.3079296656471289 103.90882253541048 151.86217344192173
1.307922182251322 103.90882651593928 151.86217344192173
1.3079181609904904 103.90882865490734 151.86217344192204
1.3079120195752234 103.9088319216168 151.86217344192173
1.3079072890634402 103.90883443784583 151.8621734419216
1.307901070740024 103.90883774546384 151.8621734419216
1.3078941266666373 103.9088414391189 151.86217344192173
1.3078863601032977 103.90884557026845 151.86217344192173
1.3078822595588582 103.90884775140847 151.86217344192173
1.3078762972210718 103.9088509228638 151.8621734419216
1.307868622682913 103.90885500506367 151.86217344192173
1.30786432815502 103.90885728938629 151.8621734419216
1.3078599964080517 103.90885959350626 151.86217344192204
1.307855664761487 103.9088618975728 151.86217344192204
1.3078480308435145 103.90886595816605 151.86217344192173
1.307841290994753 103.90886954319072 151.86217344192173
1.307834023133952 103.9088734090727 151.86217344192173
1.3078275807063162 103.90887683589459 151.8621734419216
1.3078196647012283 103.90888104653392 151.8621734419216
1.3078144935872331 103.90888379712536 151.86217344192204
1.3078102554514908 103.90888605145194 151.8621734419216
1.3078059280909644 103.9088883532385 151.8621734419216
1.307798827004043 103.90889213041076 151.8621734419216
1.3077932106687937 103.90889511782181 151.86217344192173
1.3077881898060395 103.90889778849228 151.86217344192173
1.3077804601175596 103.9089019000268 151.86217344192173
1.3077744709623578 103.90890508574616 151.86217344192173
1.307769379725994 103.9089077938493 151.86217344192204
1.3077650308746522 103.90891010706694 151.86217344192173
1.3077594249440148 103.90891308894346 151.86217344192173
1.307754839222334 103.90891552815587 151.86217344192173
1.3077500555789228 103.90891807264573 151.86217344192173
1.307742581391865 103.90892204827504 151.86217344192173
1.3077352227640047 103.9089259624367 151.86217344192173
1.3077301789987021 103.90892864528911 151.8621734419216
1.3077235220220096 103.90893218623218 151.8621734419216
1.3077172230691212 103.9089355367371 151.8621734419216
1.3077109777138303 103.90893885873268 151.8621734419213
1.3077067874069783 103.90894108761798 151.86217344192173
1.307700712408337 103.9089443189983 151.8621734419214
1.307696361399583 103.90894663336324 151.8621734419216
1.3076908129810536 103.90894958464789 151.8621734419219
1.3076862563075335 103.90895200840887 151.86217344192173
1.3076820178427624 103.90895426290997 151.8621734419216
1.3076778172216477 103.90895649728148 151.86217344192173
1.3076727935274308 103.90895916945752 151.8621734419219
1.3076685729727187 103.90896141443196 151.8621734419219
1.3076626453210296 103.90896456743609 151.8621734419219
1.307656543160198 103.90896781326413 151.86217344192173
1.3076492570464715 103.90897168885387 151.86217344192204
1.307645149000946 103.90897387398294 151.8621734419216
1.3076377454613204 103.90897781203314 151.8621734419216
1.307630134552775 103.90898186038585 151.86217344192173
1.307625789060668 103.90898417181612 151.8621734419216
1.307619899148031 103.90898730474606 151.8621734419216
1.307613717688229 103.90899059275414 151.86217344192173
1.3076081956841268 103.90899352998812 151.8621734419216
1.3076028404910227 103.90899637849293 151.8621734419216
1.307598569634175 103.90899865022352 151.86217344192173
1.3075941299404417 103.90900101176089 151.86217344192173
1.307590058298318 103.90900317752627 151.8621734419216
1.3075821439707804 103.90900738727157 151.8621734419214
1.3075755426044164 103.9090108986338 151.86217344192173
1.3075703976792175 103.9090136352939 151.8621734419216
1.3075649239309322 103.9090165468597 151.8621734419216
1.3075609316971304 103.90901867038654 151.86217344192173
1.3075544282487013 103.90902212966468 151.8621734419216
1.3075483364794485 103.90902536996468 151.8621734419216
1.3075418200210445 103.90902883616295 151.86217344192173
1.3075364579994486 103.90903168829958 151.86217344192173
1.3075303324665764 103.90903494655883 151.86217344192173
1.3075249316657451 103.90903781932263 151.8621734419216
1.3075187975501008 103.90904108214714 151.86217344192173
1.307511846474989 103.90904477952411 151.8621734419216
1.3075075424300435 103.90904706890758 151.8621734419216
1.307502887395979 103.9090495449872 151.86217344192173
1.3074976560908134 103.90905232759371 151.86217344192187
1.3074903600972239 103.90905620843765 151.86217344192173
1.3074831683053656 103.90906003385511 151.8621734419216
1.3074768454792234 103.9090633970572 151.86217344192147
1.307469918339023 103.90906708170257 151.86217344192204
1.3074626116127908 103.9090709682552 151.8621734419216
1.3074583580421941 103.90907323079044 151.86217344192173
1.3074526807687334 103.90907625061364 151.86217344192173
1.3074468309372342 103.90907936222291 151.8621734419216
1.3074418671676729 103.90908200252314 151.86217344192173
1.3074375391980173 103.90908430463222 151.8621734419216
1.3074315200184234 103.90908750632009 151.86217344192173
1.3074254885203196 103.90909071456034 151.86217344192204
1.3074188396672304 103.9090942511805 151.8621734419216
1.307413159356279 103.90909727261918 151.8621734419214
1.3074054043204042 103.9091013976337 151.86217344192173
1.3073989112871203 103.90910485137098 151.8621734419213
