-670377861
1.3058310265755328 103.90907360471883 329.81494975018524
1.305836220603459 103.90907059997336 329.81494975018506
1.305840743621449 103.90906798340718 329.8149497501852
1.3058485312378234 103.90906347827055 329.81494975018524
1.3058557365896832 103.90905930997396 329.8149497501853
1.3058626203040506 103.90905532774464 329.81494975018524
1.305869891198688 103.90905112153145 329.8149497501853
1.3058760304181856 103.90904756999235 329.8149497501853
1.3058819300070768 103.90904415707959 329.8149497501853
1.3058880483520574 103.90904061761636 329.8149497501853
1.3058936223707502 103.9090373930459 329.81494975018524
1.3058995492818481 103.90903396432714 329.8149497501854
1.3059049060398862 103.90903086544192 329.81494975018524
1.3059119009083375 103.9090268189096 329.8149497501852
1.3059178365984652 103.90902338511205 329.8149497501854
1.3059247106467433 103.90901940847414 329.81494975018524
1.3059319379608647 103.90901522747184 329.8149497501854
1.3059373900309192 103.90901207344845 329.81494975018524
1.3059445420224542 103.90900793602017 329.81494975018524
1.305950387196171 103.90900455458619 329.8149497501854
1.305956129525306 103.90900123264777 329.81494975018524
1.3059616923409272 103.90899801455792 329.81494975018524
1.30596812275469 103.90899429456238 329.8149497501853
1.3059722170561394 103.9089919260082 329.8149497501854
1.3059778038158005 103.90898869406664 329.8149497501853
1.3059850369402635 103.90898450970265 329.81494975018524
1.3059903151956724 103.90898145623079 329.81494975018506
1.3059945080149442 103.90897903068397 329.81494975018524
1.3060013836550612 103.90897505312464 329.8149497501854
1.3060081885867925 103.9089711164701 329.8149497501853
1.3060128254174528 103.90896843406249 329.81494975018524
1.3060199580100216 103.908964307856 329.81494975018524
1.306025604081057 103.90896104160251 329.81494975018506
1.3060296443794588 103.9089587042889 329.8149497501854
1.3060363119557683 103.90895484709432 329.81494975018524
1.3060433215837057 103.90895079202272 329.81494975018524
1.3060503598695836 103.90894672037246 329.81494975018524
1.306054769588653 103.90894416934879 329.81494975018524
1.3060599521121223 103.90894117125751 329.81494975018524
1.3060648956948169 103.90893831139353 329.81494975018524
1.306070059553398 103.90893532409987 329.81494975018524
1.3060776359511272 103.90893094115154 329.81494975018506
1.3060826717307423 103.90892802795153 329.81494975018524
1.3060883173908335 103.90892476193544 329.8149497501854
1.306094610986615 103.90892112108833 329.8149497501853
1.3061009387365727 103.90891746048297 329.8149497501854
1.3061073082981642 103.90891377568953 329.81494975018506
1.3061144950005497 103.90890961817982 329.8149497501854
1.306118856260608 103.9089070951894 329.81494975018524
1.3061228007415948 103.90890481330582 329.81494975018524
1.3061290903246296 103.90890117477987 329.81494975018524
1.3061352486763507 103.90889761217124 329.81494975018524
1.3061403061853414 103.90889468640049 329.81494975018524
1.3061454897174352 103.9088916877253 329.8149497501854
1.3061531734875442 103.90888724266148 329.81494975018524
1.3061582625878154 103.90888429861505 329.81494975018524
1.3061640322553616 103.90888096086019 329.81494975018524
1.3061689469474542 103.90887811770892 329.81494975018524
1.3061757896125068 103.90887415922452 329.81494975018524
1.3061805251387208 103.90887141972073 329.81494975018506
1.3061867826691251 103.90886779973687 329.81494975018506
1.3061941689744077 103.90886352675624 329.81494975018506
1.3061996982153368 103.90886032808808 329.81494975018506
1.3062067560800634 103.90885624511037 329.81494975018524
1.3062111272061523 103.90885371641205 329.8149497501854
1.306217290515481 103.90885015093495 329.8149497501854
1.3062234566085182 103.90884658384745 329.81494975018524
1.3062295219229998 103.90884307506032 329.81494975018506
1.3062339805948429 103.90884049571665 329.81494975018524
1.3062397658559028 103.9088371489405 329.81494975018506
1.3062457288250915 103.9088336993601 329.81494975018524
1.306252574443165 103.90882973916685 329.81494975018524
1.3062584137817657 103.9088263611067 329.81494975018524
1.3062656193742144 103.90882219266803 329.8149497501854
1.3062707082684013 103.90881924874027 329.8149497501853
1.3062747189858015 103.90881692853831 329.81494975018524
1.3062800563480759 103.90881384087159 329.81494975018506
1.306284998508415 103.90881098182936 329.8149497501854
1.3062918190286963 103.90880703615497 329.81494975018524
1.3062984677154437 103.90880318988627 329.81494975018524
1.30630555643131 103.90879908906048 329.8149497501854
1.3063101894697977 103.90879640884528 329.81494975018524
1.3063155124265335 103.90879332951201 329.81494975018524
1.3063202665871383 103.90879057922756 329.81494975018506
1.306324485536983 103.9087881385628 329.81494975018535
1.3063305667133163 103.908784620599 329.8149497501854
1.3063352483039492 103.90878191229625 329.8149497501854
1.306341112550931 103.90877851982613 329.8149497501854
1.306346071951103 103.90877565081036 329.81494975018524
1.3063500809011497 103.9087733316305 329.81494975018524
1.306354627033666 103.90877070169026 329.81494975018524
1.3063598599378443 103.90876767445218 329.81494975018506
1.3063660491217886 103.9087640940057 329.8149497501854
1.3063729532045667 103.90876009998979 329.8149497501854
1.3063779877310768 103.90875718751323 329.81494975018524
1.306385720899707 103.90875271387058 329.81494975018524
1.3063927653737917 103.90874863863806 329.8149497501853
1.3063990702855128 103.90874499124278 329.81494975018535
1.3064063457405721 103.90874078238755 329.81494975018524
1.3064129010652386 103.90873699012815 329.81494975018524
1.3064190249487508 103.90873344745768 329.8149497501853
1.3064252381216186 103.90872985313322 329.81494975018506
1.3064292060788478 103.90872755766743 329.81494975018524
1.3064358286142403 103.90872372652643 329.8149497501854
1.3064425710020697 103.90871982605066 329.81494975018524
1.306448013173939 103.90871667775066 329.81494975018524
1.306455223998416 103.90871250628389 329.81494975018524
1.306461761725839 103.9087087242042 329.8149497501853
1.306467475331477 103.90870541887946 329.81494975018506
1.3064740737428184 103.90870160169399 329.81494975018506
1.306479759498477 103.90869831248042 329.81494975018506
1.3064854273272846 103.90869503363753 329.81494975018524
1.306489792122411 103.90869250860048 329.81494975018524
1.30649679184172 103.90868845925793 329.8149497501854
1.306504280432836 103.90868412710263 329.8149497501853
1.3065089186467007 103.90868144389258 329.81494975018524
1.3065145303802506 103.90867819750066 329.81494975018506
1.306520546311948 103.90867471727978 329.81494975018524
1.3065267174744362 103.90867114725775 329.8149497501854
1.3065318293631472 103.90866819002635 329.81494975018524
1.306538764059521 103.90866417829932 329.81494975018506
1.306543368777453 103.90866151446653 329.8149497501853
1.3065479469422119 103.90865886599475 329.8149497501854
1.3065525421264172 103.90865620767718 329.81494975018524
1.3065568201321593 103.90865373284758 329.81494975018506
1.3065619919059712 103.90865074097246 329.8149497501854
1.3065682878730125 103.90864709875063 329.8149497501852
1.3065757154034126 103.90864280191849 329.81494975018506
1.3065807062738224 103.90863991469602 329.8149497501852
1.3065867036984706 103.90863644518107 329.8149497501853
1.306591398269455 103.90863372936802 329.8149497501852
1.3065964079309442 103.90863083127482 329.8149497501852
1.3066011604211962 103.90862808195536 329.81494975018524
1.306606408633773 103.9086250458601 329.8149497501852
1.3066105924825746 103.90862262550016 329.81494975018524
1.3066176858420955 103.90861852198583 329.8149497501853
1.3066226702407804 103.90861563850704 329.81494975018524
1.3066284655715672 103.90861228590335 329.8149497501852
1.3066346527538386 103.90860870661321 329.8149497501852
1.306639794668085 103.90860573201145 329.81494975018524
1.3066448472872294 103.90860280906696 329.8149497501852
1.3066515539178165 103.90859892927543 329.8149497501853
1.3066567552419805 103.9085959203049 329.8149497501853
1.306663395927575 103.90859207866252 329.81494975018524
1.3066708803393328 103.90858774892376 329.8149497501852
1.306678580084646 103.90858329461429 329.81494975018524
1.3066843562482116 103.90857995309854 329.81494975018524
1.306689323779896 103.90857707937698 329.8149497501853
1.3066961440030762 103.90857313387174 329.8149497501855
1.306702902657323 103.90856922398412 329.81494975018524
1.3067069159655886 103.90856690228163 329.81494975018524
1.3067128634829317 103.90856346163737 329.81494975018506
1.3067176254017343 103.90856070686296 329.8149497501852
1.3067218530809173 103.90855826114662 329.8149497501853
1.3067285328798366 103.90855439687672 329.8149497501853
1.3067352461074961 103.90855051326822 329.8149497501853
1.3067420314168698 103.90854658796033 329.8149497501853
1.3067491672992058 103.90854245984556 329.8149497501852
1.3067555475523565 103.908538768863 329.8149497501853
1.306761960777541 103.90853505880604 329.8149497501853
1.306766705947317 103.90853231372071 329.8149497501852
1.3067710238144215 103.90852981583038 329.8149497501853
1.3067778432200847 103.9085258707975 329.8149497501853
1.3067839899267184 103.90852231492164 329.8149497501853
1.306788886259916 103.90851948238803 329.81494975018524
1.3067945983231197 103.90851617795376 329.8149497501853
1.30680023580568 103.90851291666444 329.8149497501853
1.3068076326177482 103.90850863760119 329.8149497501852
1.306812755579694 103.90850567396248 329.8149497501852
1.3068167825496073 103.90850334435628 329.8149497501852
1.3068232028715843 103.90849963019343 329.8149497501852
1.3068271597594414 103.90849734112973 329.81494975018524
1.3068312744683828 103.90849496076633 329.8149497501854
1.3068377899869916 103.90849119153205 329.81494975018524
1.3068425628779674 103.90848843040962 329.8149497501851
1.3068498924864496 103.90848419022339 329.81494975018535
1.3068568297909542 103.90848017698539 329.8149497501853
1.3068613845657315 103.90847754204334 329.81494975018535
1.3068654194325693 103.90847520786856 329.81494975018535
1.306872313773144 103.90847121948514 329.81494975018506
1.3068771607240597 103.9084684155188 329.81494975018535
1.3068821067216636 103.90846555425382 329.8149497501854
1.3068882825128754 103.90846198155187 329.81494975018506
1.3068925204143582 103.9084595299212 329.8149497501853
1.3068973831900395 103.90845671680015 329.81494975018506
1.3069015942397357 103.90845428070324 329.81494975018506
1.3069079336450633 103.90845061335021 329.81494975018524
1.3069139336088722 103.90844714236447 329.81494975018524
1.3069216334502998 103.90844268799755 329.81494975018506
1.3069273914126167 103.90843935700984 329.8149497501854
1.3069328674724068 103.90843618910304 329.8149497501853
1.306938091146304 103.90843316720175 329.81494975018506
1.3069441010590215 103.90842969046035 329.8149497501854
1.3069496510526948 103.90842647978262 329.81494975018524
1.306954969591487 103.90842340300178 329.81494975018524
1.3069622957424052 103.90841916481497 329.81494975018535
1.3069664332687265 103.90841677125114 329.81494975018524
1.306970379560408 103.9084144883168 329.81494975018524
1.3069776177555688 103.90841030101237 329.81494975018524
1.3069831066722666 103.90840712566757 329.8149497501853
1.3069892690640685 103.90840356071658 329.81494975018524
1.3069968905848752 103.90839915165766 329.8149497501851
1.307004062547473 103.90839500266866 329.8149497501853
1.307008174521145 103.90839262388693 329.8149497501853
1.307013296074036 103.90838966106236 329.81494975018524
1.3070187332506893 103.90838651564906 329.81494975018524
1.307026054534971 103.90838228027712 329.81494975018524
1.307033683378411 103.9083778669818 329.8149497501854
1.3070403617893553 103.90837400351278 329.8149497501855
1.3070456305371205 103.90837095553562 329.81494975018524
1.3070499815115246 103.9083684384915 329.8149497501856
1.30705638499153 103.90836473407026 329.81494975018524
1.307060989203031 103.90836207052811 329.81494975018506
1.3070664420882434 103.90835891602713 329.81494975018524
1.307071503168465 103.90835598818579 329.8149497501853
1.307077843139482 103.90835232050445 329.81494975018506
1.3070832132028107 103.90834921391594 329.8149497501853
1.3070905683828895 103.90834495893479 329.81494975018506
1.307095763343264 103.90834195364347 329.8149497501856
1.307101814421971 103.90833845308657 329.81494975018506
1.3071083592970414 103.90833466686779 329.8149497501854
1.3071123178998898 103.90833237681086 329.81494975018506
1.307119898779762 103.90832799126187 329.81494975018524
1.307125333627651 103.90832484719517 329.8149497501849
1.307131386256263 103.90832134574147 329.81494975018506
1.3071380413998128 103.90831749573205 329.8149497501848
1.3071450228288073 103.908313456966 329.8149497501854
1.3071496386581838 103.9083107867025 329.81494975018506
1.3071548474556518 103.90830777340611 329.8149497501856
1.3071610706973105 103.90830417325235 329.8149497501856
1.3071665712973086 103.90830099114774 329.8149497501856
1.30717127950674 103.90829826744215 329.81494975018506
1.307179091834408 103.90829374799983 329.81494975018535
1.3071834720706854 103.90829121402712 329.8149497501853
1.307189090896135 103.90828796352879 329.81494975018524
1.307194590108497 103.9082847822268 329.81494975018524
1.3072003190267985 103.90828146803953 329.81494975018506
1.3072068903492207 103.90827766652032 329.81494975018524
1.3072118441388718 103.90827480074603 329.81494975018524
1.3072195861685902 103.90827032197087 329.81494975018535
1.3072268853938183 103.9082660993587 329.8149497501849
1.3072317315149389 103.9082632958707 329.81494975018506
1.3072359193173042 103.90826087322104 329.8149497501854
1.3072408731726906 103.90825800740858 329.81494975018506
1.3072473893687637 103.90825423777974 329.81494975018524
1.3072524900771358 103.90825128701256 329.8149497501853
1.3072601843657323 103.90824683585541 329.8149497501857
1.3072656494052475 103.90824367432207 329.8149497501856
1.307273377232231 103.9082392037628 329.8149497501849
1.3072806756312227 103.90823498162824 329.8149497501849
1.3072879893064888 103.90823075065626 329.8149497501857
1.3072927018533302 103.90822802444089 329.8149497501857
1.307300103072241 103.90822374282469 329.8149497501857
1.3073063055281644 103.90822015469463 329.8149497501849
1.3073102244594355 103.90821788758699 329.81494975018524
1.30731521029418 103.90821500327405 329.8149497501856
1.3073223049125584 103.90821089902657 329.81494975018524
1.3073268491704437 103.90820827016645 329.81494975018524
1.3073307602650683 103.90820600759224 329.8149497501854
1.3073376789214717 103.9082020051389 329.8149497501854
1.307343366882353 103.90819871464481 329.81494975018524
1.3073491218377529 103.90819538539422 329.81494975018524
1.3073549845656478 103.90819199379706 329.81494975018506
1.3073604365390823 103.90818883982195 329.8149497501853
1.3073646971644688 103.90818637504351 329.8149497501856
1.3073692654117122 103.90818373230535 329.8149497501849
1.3073763300470411 103.90817964540273 329.8149497501849
1.307380911801452 103.90817699485058 329.81494975018535
1.3073884497246713 103.90817263415006 329.81494975018506
1.3073931228058242 103.90816993076521 329.8149497501856
1.3073975687441668 103.90816735878282 329.81494975018535
1.3074040940139624 103.90816358390381 329.8149497501849
1.3074108498619863 103.9081596756349 329.81494975018506
1.3074170468460582 103.90815609066964 329.81494975018495
1.3074216386604143 103.90815343429762 329.8149497501849
1.3074281594625454 103.90814966200301 329.81494975018506
1.3074335312991503 103.9081465543868 329.81494975018506
1.3074377838934563 103.90814409425404 329.8149497501849
1.3074441257690084 103.90814042546866 329.8149497501854
1.307450702122061 103.90813662103761 329.81494975018506
1.3074584561325242 103.90813213532978 329.81494975018506
1.3074639561789638 103.90812895354381 329.81494975018506
1.3074705845805195 103.90812511900249 329.8149497501849
1.307474798314836 103.90812268135015 329.8149497501854
1.3074791225731737 103.90812017975946 329.8149497501857
1.307486142575812 103.90811611867619 329.8149497501856
1.3074927510397212 103.90811229566869 329.8149497501856
1.307497767096035 103.90810939387163 329.8149497501854
1.3075031389776854 103.90810628622899 329.81494975018506
1.3075072296222394 103.90810391978418 329.81494975018524
1.3075145629258653 103.90809967745551 329.81494975018524
1.307519801456685 103.90809664695647 329.8149497501856
1.3075271635913943 103.9080923879489 329.81494975018524
1.3075316794345628 103.90808977552584 329.8149497501853
1.3075368212854828 103.9080868009562 329.81494975018495
1.3075411135668749 103.90808431786397 329.81494975018535
1.307546457325007 103.90808122649062 329.81494975018524
1.3075530298139049 103.90807742429433 329.8149497501854
1.3075587261388033 103.9080741289604 329.81494975018535
1.3075640537341608 103.90807104693715 329.8149497501853
1.30756908587847 103.9080681358328 329.81494975018506
1.3075731953195342 103.9080657585139 329.81494975018535
