646872103
1.30822726942785 103.91044969888664 337.43948795742483
1.3082343526428548 103.91044677149826 337.43948795742483
1.3082417453375175 103.91044371620646 337.43948795742483
1.3082494424011992 103.9104405351234 337.43948795742483
1.3082548566852514 103.91043829747952 337.43948795742483
1.3082603678977234 103.91043601977651 337.4394879574254
1.3082659513756116 103.91043371220724 337.4394879574254
1.308272357466935 103.91043106466391 337.43948795742506
1.3082782925804466 103.9104286117688 337.43948795742483
1.30828285879663 103.91042672461874 337.43948795742483
1.3082871838844328 103.91042493712354 337.43948795742483
1.308294618669879 103.91042186443596 337.43948795742483
1.3083007089521308 103.91041934741176 337.4394879574254
1.3083077566652055 103.91041643469542 337.4394879574254
1.3083149739814286 103.91041345188455 337.43948795742483
1.308323283051542 103.91041001786779 337.43948795742483
1.3083300824197277 103.91040720778862 337.4394879574254
1.3083368003446458 103.91040443136875 337.43948795742483
1.3083416488017279 103.91040242757252 337.4394879574254
1.3083470696124218 103.91040018723088 337.43948795742483
1.308352224471627 103.91039805680307 337.43948795742483
1.308357697922862 103.91039579470585 337.43948795742483
1.3083638461425982 103.91039325373664 337.43948795742483
1.3083716411401534 103.91039003217823 337.43948795742483
1.308379137498284 103.9103869340431 337.4394879574254
1.3083835967568649 103.91038509109674 337.43948795742506
1.308390678154898 103.91038216445848 337.43948795742483
1.308396226336392 103.91037987147615 337.43948795742483
1.3084040875163914 103.91037662256532 337.43948795742506
1.3084104521823312 103.91037399214184 337.43948795742483
1.3084183855385072 103.91037071340159 337.43948795742483
1.3084226734466424 103.91036894127173 337.4394879574251
1.3084284534637107 103.91036655247501 337.43948795742483
1.3084350986846887 103.91036380610214 337.4394879574251
1.3084409251716547 103.91036139810004 337.4394879574251
1.3084455433793398 103.91035948946212 337.4394879574251
1.308452299449674 103.91035669727674 337.4394879574251
1.3084598387518422 103.910353581393 337.43948795742483
1.3084653445647405 103.91035130592071 337.43948795742483
1.308471647087941 103.91034870117963 337.4394879574251
