585646222#0
1.3083445571059318 103.90841060079958 335.9698255524624
1.3083493846633276 103.90840845972744 335.9698255524624
1.3083563363089048 103.90840537659994 335.9698255524627
1.30836414774656 103.9084019121456 335.9698255524624
1.3083704277726682 103.90839912688831 335.9698255524624
1.3083759429465085 103.90839668085096 335.9698255524624
1.3083805356809628 103.90839464392512 335.9698255524624
1.3083868922078057 103.90839182473887 335.9698255524627
1.3083940045150593 103.90838867035602 335.9698255524624
1.308399798061036 103.90838610085758 335.9698255524624
1.3084069686741628 103.9083830135907 336.077721614119
1.308412856037817 103.90838050606462 336.1979286403933
1.308420897853207 103.90837708092167 336.36212743976347
1.30842791136689 103.90837409374947 336.50533078854266
1.3084352040668714 103.90837098766715 336.65423314135387
1.308442690306976 103.90836779915284 336.80708354465145
1.3084477084703499 103.90836566183349 336.8213836112227
1.3084524194782055 103.90836365533674 336.8213836112226
1.3084587830330678 103.90836094499268 336.82138361122264
1.3084670125955178 103.90835743988485 336.8213836112229
1.3084747375536854 103.90835414969634 336.82138361122264
1.3084813463820852 103.90835133488609 336.8213836112227
1.308486100034846 103.90834931022606 336.8213836112227
1.3084926088276307 103.90834653802258 336.8213836112227
1.3084969428189048 103.90834469210334 336.8213836112227
1.3085024215717787 103.90834235861101 336.82138361122264
1.308508275969173 103.90833986512537 336.82138361122264
1.3085155815641314 103.90833675355043 336.8213836112227
1.308520844805702 103.90833451184788 336.8213836112227
1.3085251274335707 103.90833268780509 336.82138361122264
