655684809
1.4567487535891908 103.80057221923833 74.7284782686147
1.45674996609608 103.80057662257927 74.7284782686147
1.4567522645816549 103.80058496976132 74.72847826861478
1.456754348716633 103.80059253850766 74.72847826861494
1.4567559947224886 103.80059851614396 74.7284782686147
1.4567580528926147 103.80060599059645 74.72847826861478
1.4567604314308182 103.80061462849807 74.72847826861478
1.4567625627100278 103.80062236845377 74.7284782686147
1.4567644843711025 103.80062934716014 74.72847826861478
1.4567659669044646 103.80063473112986 74.72847826861485
1.4567672464713397 103.80063937800632 74.72847826861478
1.4567689042815324 103.8006453985117 74.72847826861478
1.4567706195132368 103.80065162754914 74.72847826861478
1.4567719151249336 103.8006563326941 74.72847826861478
1.456774075490521 103.80066417828043 74.7284782686147
1.4567757078083194 103.80067010620778 74.72847826861494
1.456777814711967 103.8006777576418 74.7284782686147
1.4567792571520326 103.80068299600906 74.7284782686147
1.4567814062080426 103.8006908005238 74.72847826861478
1.4567837464555047 103.80069929936978 74.7284782686147
1.4567859970613533 103.80070747267322 74.72847826861485
1.4567877465763275 103.80071382621442 74.7284782686147
1.4567894590975334 103.80072004540904 74.72847826861478
1.4567915076245974 103.80072748484312 74.72847826861478
1.4567929745873922 103.80073281226755 74.7284782686147
1.4567948538747566 103.8007396370906 74.72847826861478
1.4567970664016363 103.8007476721069 74.72847826861478
1.456798468326023 103.8007527633379 74.7284782686147
1.4568003057775254 103.80075943622994 74.72847826861478
1.456802334782287 103.80076680476722 74.72847826861478
1.4568039288182388 103.80077259367108 74.72847826861485
1.4568052820470434 103.80077750805928 74.72847826861494
1.4568071727836744 103.80078437446195 74.72847826861478
1.4568087508379957 103.80079010532704 74.72847826861478
1.456810502941778 103.80079646827052 74.7284782686147
1.4568124979541863 103.8008037133615 74.72847826861478
1.4568146748949569 103.80081161914399 74.72847826861478
1.4568169877856172 103.80082001864247 74.7284782686147
1.4568188002820517 103.8008266009083 74.72847826861494
1.456821119279098 103.80083502258293 74.7284782686147
1.4568234042671457 103.80084332075049 74.72847826861478
1.4568248342156718 103.80084851375472 74.72847826861485
1.4568263996784891 103.80085419889299 74.7284782686147
1.4568285198803443 103.8008618986229 74.72847826861478
1.4568302197663836 103.80086807193297 74.7284782686147
1.456832386591213 103.800875720209 74.65429308282904
1.4568347257801046 103.80088353026807 74.42412077405515
1.4568370814863256 103.80089139547508 74.19231239973895
1.456838771747294 103.8008970389006 74.02598333630468
1.4568413469603478 103.80090563699487 73.77257422971901
1.4568438970284887 103.80091415113569 73.52165177810052
1.4568453000995993 103.80091883569486 73.45736929771476
