706760218
1.455995307918786 103.80061522079288 347.85059593261695
1.456002951933015 103.80061358141603 347.85059593261695
1.4560113705399798 103.80061177591581 347.850595932617
1.456015911818289 103.80061080196853 347.850595932617
1.4560207493660375 103.8006097644817 347.850595932617
1.4560259525835886 103.80060864857133 347.85059593261667
1.4560305949983905 103.80060765293375 347.850595932617
1.456038191328273 103.80060602378342 347.850595932617
1.4560443941816235 103.80060469348561 347.85059593261667
1.4560513471754701 103.80060320230858 347.85059593261667
1.4560582166612397 103.8006017290411 347.850595932617
1.456063737499619 103.80060054501192 347.850595932617
1.4560700346440572 103.80059919449185 347.850595932617
1.456075234899522 103.80059807921658 347.850595932617
1.4560833585842157 103.80059633696665 347.850595932617
1.4560913790241172 103.80059461685912 347.850595932617
1.4560969869627438 103.80059341414982 347.850595932617
1.4561049810828781 103.80059169968689 347.85059593261667
1.4561107988452104 103.80059045197761 347.850595932617
1.4561157174219905 103.80058939711257 347.850595932617
1.45612331048655 103.80058776866217 347.85059593261695
1.4561318056402563 103.80058594674472 347.850595932617
1.4561362903340962 103.80058498493254 347.850595932617
1.456144905772372 103.80058313721813 347.850595932617
1.4561517114045532 103.8005816776447 347.85059593261695
1.4561567457501858 103.80058059795113 347.85059593261667
1.4561622893845978 103.80057940903265 347.85059593261695
1.4561683276475026 103.8005781140334 347.85059593261695
1.4561743635698834 103.80057681953608 347.85059593261695
1.4561805772096685 103.80057548692449 347.85059593261667
1.4561866961553735 103.80057417462149 347.85059593261667
1.4561945940962469 103.80057248078529 347.850595932617
1.4561993905883421 103.800571452103 347.85059593261695
1.4562047432672691 103.80057030413775 347.850595932617
1.4562120703903805 103.80056873272224 347.850595932617
1.456220152042434 103.80056699948621 347.850595932617
1.4562272874675952 103.80056546918323 347.85059593261695
1.4562354783282916 103.80056371252564 347.85059593261695
1.4562430429849076 103.80056209016723 347.85059593261695
1.4562477781111827 103.80056107464566 347.85059593261695
1.4562528044206011 103.80055999667529 347.85059593261695
1.4562588539008277 103.80055869926998 347.85059593261695
1.456266698991669 103.80055701676798 347.85059593261695
1.4562733434715596 103.80055559175568 347.850595932617
1.4562781391609758 103.8005545632453 347.850595932617
