481040664
1.3136544294125179 103.79219332579092 288.24296438875285
1.3136571675337212 103.79218505872173 288.24296438875297
1.3136594805431339 103.7921780751707 288.24296438875285
1.3136609425681807 103.79217366095321 288.24296438875285
1.3136627197783297 103.79216829511337 288.24296438875297
1.3136642134841887 103.79216378524353 288.24296438875285
1.3136665131599263 103.79215684194992 288.24296438875285
1.3136688401503074 103.7921498161865 288.24296438875285
1.3136703032773966 103.79214539864141 288.24296438875285
1.3136722194912507 103.7921396131145 288.24296438875285
1.3136745447536473 103.79213259256807 288.24296438875285
1.3136759856414817 103.79212824216869 288.24296438875297
1.3136776753901558 103.7921231403964 288.24296438875285
1.3136792600653404 103.7921183558671 288.24296438875285
1.3136811804043769 103.79211255788493 288.24296438875285
1.3136833452998173 103.79210602152597 288.24296438875285
1.3136861707518306 103.79209749078193 288.24296438875285
1.313688091758776 103.79209169078294 288.24296438875285
1.3136904723219547 103.79208450326901 288.24296438875234
1.3136923975269055 103.79207869059506 288.24296438875285
1.3136946418542998 103.79207191441078 288.24296438875285
1.3136963531166101 103.79206674768291 288.24296438875285
1.313698973241862 103.79205883687095 288.24296438875285
1.3137008771293956 103.79205308855931 288.2429643887522
1.313702971552382 103.79204676497353 288.2429643887522
1.3137055282099375 103.7920390457861 288.24296438875285
1.3137073825504806 103.79203344706902 288.24296438875285
1.3137089065043857 103.79202884587161 288.24296438875285
1.3137104845950047 103.79202408122191 288.24296438875285
1.313712673880181 103.79201747122313 288.2429643887522
1.3137150318976958 103.7920103517792 288.24296438875285
1.313716962748295 103.7920045220588 288.24296438875285
1.3137187551917595 103.79199911022407 288.2429643887522
1.3137206834163142 103.79199328843225 288.24296438875285
1.3137223768041728 103.79198817567105 288.24296438875285
1.313724487928373 103.79198180165935 288.24296438875285
1.3137266175857842 103.79197537169118 288.24296438875297
1.3137291511459506 103.79196772223949 288.24296438875285
1.3137314697394558 103.79196072182583 288.24296438875297
1.3137329340831687 103.79195630060588 288.24296438875285
1.3137345421565407 103.7919514454301 288.24296438875285
1.313736945007268 103.79194419062256 288.24296438875285
1.3137384318082332 103.79193970159842 288.24296438875285
1.3137405425156674 103.79193332884445 288.2429643887522
1.3137425235815576 103.79192734751068 288.24296438875285
1.3137445351037638 103.7919212742216 288.2429643887528
1.3137460003630141 103.79191685023709 288.24296438875285
1.3137480010192868 103.79191080975485 288.2429643887528
1.3137504298134906 103.79190347661694 288.2429643887522
1.313753000813909 103.79189571412272 288.2429643887528
1.3137548614279908 103.79189009646271 288.24296438875285
1.3137564639800758 103.79188525795647 288.24296438875285
1.3137578958035694 103.79188093492257 288.24296438875285
1.3137596522987212 103.79187563162355 288.24296438875285
1.3137623299341923 103.79186754717095 288.24296438875285
1.3137643286453504 103.79186151256097 288.24296438875285
1.3137670685257345 103.79185324017517 288.24296438875285
1.3137689682276672 103.79184750449868 288.24296438875285
1.313770423574845 103.79184311044057 288.24296438875285
1.313772927318955 103.79183555100914 288.24296438875285
1.3137745035105275 103.79183079209139 288.24296438875285
1.3137770233394277 103.79182318409576 288.2429643887528
1.3137793959269322 103.79181602065876 288.24296438875285
1.3137820534130904 103.79180799704108 288.24296438875285
1.3137836254684105 103.79180325061147 288.24296438875285
1.313785909304152 103.79179635513803 288.24296438875285
1.3137877617696372 103.79179076207963 288.24296438875285
1.3137896904530089 103.79178493890022 288.24296438875285
1.313792518020696 103.79177673510502 288.37525835860845
1.3137946638956004 103.79177176763858 288.97541501208445
1.313798085910186 103.79176384604783 289.9332338773616
1.313800674116528 103.7917578546322 290.65800282045825
1.3138034343721234 103.79175146494124 291.4309770853724
1.3138061957810006 103.79174507258048 292.20402633984844
1.313808211680466 103.79174040599275 292.76805399802754
1.3138105788793104 103.79173492618519 293.2571152936136
1.3138136601941386 103.79172779327679 293.2571152936141
1.3138159500063145 103.79172249261082 293.25711529361354
1.313818544213726 103.79171648730295 293.25711529361354
1.3138208093463393 103.79171124376738 293.2571152936141
1.3138238075833706 103.79170430317475 293.25711529361416
1.3138258923355086 103.79169947720025 293.25711529361354
1.3138277674214693 103.79169513658012 293.25711529361354
1.3138299274302707 103.79169013639456 293.2571152936141
1.3138324605130225 103.79168427258328 293.2571152936141
1.3138344975519292 103.79167955705958 293.25711529361354
1.3138374838174098 103.79167264417943 293.25711529361354
1.3138396352044477 103.79166766395211 293.25711529361354
1.313842203201753 103.7916617193172 293.2571152936141
1.3138447254080632 103.79165588068345 293.2571152936136
1.3138474085866305 103.79164966941632 293.2571152936136
1.3138500973578184 103.79164344520282 293.2571152936136
1.313852427405101 103.79163805139616 293.25711529361416
1.3138549396494015 103.79163223582313 293.25711529361354
1.3138574504261797 103.79162642364719 293.25711529361354
1.3138598119768607 103.79162095691343 293.25711529361354
1.3138633110068667 103.79161285703827 293.2571152936136
1.3138652131773227 103.79160845371985 293.25711529361354
1.313868059626206 103.79160186449911 293.2571152936141
1.3138706069951633 103.79159596761592 293.2571152936136
1.3138734522605398 103.79158938113476 293.25711529361405
1.3138761060796735 103.7915832378308 293.2571152936136
1.3138787211741216 103.79157718417028 293.2571152936134
1.3138808752358266 103.79157219775058 293.2571152936141
1.3138828970225376 103.79156751753312 293.25711529361416
1.3138852408136037 103.79156209191042 293.2571152936134
1.3138885940377527 103.79155432955923 293.2571152936141
1.3138908241836365 103.79154916701269 293.2571152936136
1.3138928652244388 103.79154444222391 293.2571152936141
1.313895748892513 103.79153776684407 293.25711529361354
1.313899093803104 103.79153002373755 293.2571152936136
1.3139013734909173 103.79152474650658 293.2571152936136
1.3139041347704568 103.79151835444273 293.2571152936141
1.31390711362592 103.79151145871406 293.25711529361354
1.3139106385340031 103.79150329893243 293.2571152936136
1.313912658019184 103.79149862404222 293.25711529361354
1.3139161645880757 103.79149050671366 293.25711529361354
1.31391852565766 103.7914850410923 293.25711529361354
1.3139212504045759 103.7914787335971 293.2571152936136
1.313923135255431 103.79147437037066 293.25711529361416
1.3139267916198107 103.79146638881733 293.4987491762215
1.3139306235756416 103.79145857440334 294.02775402839046
1.3139343978573639 103.79145087760266 294.548897841648
1.3139383472725552 103.79144282365644 295.0942366993159
1.3139404769544554 103.79143848064798 295.3882765543473
1.3139428328722917 103.79143367628203 295.71350510602167
1.313944868614777 103.79142952484185 295.9944788162871
1.3139473171457463 103.79142453161212 296.0038616107117
1.3139502117854769 103.79141862864357 296.0038616107117
1.3139528539860965 103.79141324046792 296.0038616107123
1.3139558656000363 103.7914070989566 296.0038616107123
1.3139587746464398 103.7914011666087 296.0038616107116
1.313960848948834 103.791396936534 296.0038616107117
1.3139630526053256 103.7913924426706 296.0038616107117
1.3139653938900886 103.79138766814516 296.0038616107117
1.3139685877439526 103.79138115499609 296.0038616107123
1.3139706363247576 103.79137697737468 296.0038616107118
1.3139745681864807 103.79136895922383 296.0038616107117
1.313977754046454 103.7913624623763 296.0038616107117
1.3139810247097703 103.79135579259129 296.0038616107117
1.3139843908439075 103.79134892811484 296.0038616107117
1.3139877399249638 103.79134209841426 296.0038616107117
1.3139913121890456 103.79133481358178 296.0038616107117
1.3139935053386995 103.79133034114427 296.0038616107117
1.3139956999404148 103.79132586574558 296.0038616107117
1.3139986525475877 103.79131984456441 296.0038616107117
1.3140021013448497 103.79131281151462 296.0038616107123
1.3140059076618236 103.79130504938333 296.0038616107123
1.3140094946307608 103.79129773456317 296.00386161071174
1.3140131884088873 103.79129020192947 296.0038616107117
1.3140165531392862 103.79128334031488 296.0038616107116
1.3140194626713373 103.7912774069754 296.0038616107117
1.3140231879920894 103.7912698100173 296.0038616107117
1.3140269988019655 103.79126203872318 296.00386161071174
1.3140304868981663 103.79125492553132 296.0038616107117
1.314032972573254 103.79124985655301 296.00386161071174
1.3140366260412693 103.79124240612218 296.00386161071174
1.314040012268145 103.79123550066977 296.0038616107123
1.3140439035466487 103.79122756527744 296.0038616107123
1.3140463559371818 103.79122256417531 296.0038616107117
1.3140502115161803 103.79121470158395 296.0038616107117
1.3140535715009383 103.79120784964617 296.0038616107117
1.3140568910346455 103.79120108019919 296.00386161071174
1.3140593228989887 103.7911961209554 296.00386161071174
1.314063190703752 103.79118823343198 296.0038616107123
1.31406636773476 103.79118175458721 296.0038616107117
1.3140687168667335 103.79117696405744 296.0038616107117
1.314070746201196 103.7911728256832 296.00386161071174
1.314073291922713 103.79116763425293 296.0038616107116
1.3140755648799654 103.79116299906437 296.0038616107117
1.3140792906385501 103.791155401212 296.0038616107118
1.3140829390435702 103.79114796110481 296.0038616107117
1.314086465246781 103.79114077020084 296.0038616107117
1.3140893430412757 103.79113490158157 296.0038616107117
1.3140931417134447 103.79112715503786 296.00386161071174
1.314095206097148 103.79112294518818 296.0038616107117
1.3140979623882298 103.79111732434784 296.0038616107123
1.3141000922277286 103.79111298101562 296.0038616107117
1.314103893047765 103.7911052300915 296.0038616107117
1.3141062063400197 103.79110051264824 296.0038616107117
1.3141098443004522 103.79109309383979 296.0038616107117
1.3141129457316114 103.79108676916299 296.0038616107123
1.3141167163330876 103.79107907986254 296.00386161071174
1.3141204815160108 103.79107140161194 296.0038616107123
1.3141236267663645 103.79106498757544 296.0038616107117
1.3141274427869651 103.79105720565255 296.0038616107117
1.3141298566581558 103.79105228310058 296.0038616107117
1.3141327774792402 103.79104632673733 296.0038616107116
1.3141365818359798 103.79103856860004 296.0038616107123
1.3141404776790668 103.79103062389663 296.0038616107117
1.314143374764986 103.79102471593573 296.00386161071174
1.3141469962886152 103.79101733064553 296.0038616107123
1.3141506366006521 103.79100990704049 296.0038616107117
1.3141533912602361 103.79100428952616 296.0038616107117
1.3141560903348337 103.79099878536496 296.0038616107123
1.3141589910967248 103.79099286990744 296.0038616107117
1.3141622328012654 103.79098625917324 296.0038616107123
1.3141647080724617 103.79098121140906 296.0038616107117
1.3141668378559395 103.7909768681901 296.0038616107118
1.3141700105123055 103.79097039826412 296.0038616107122
1.3141737703713916 103.7909627308689 296.0038616107117
1.3141775676355516 103.79095498719424 296.0038616107117
1.3141799493608481 103.79095013019585 296.0038616107117
1.3141832712816717 103.79094335587796 296.0038616107117
1.3141865367904815 103.79093669659973 296.0038616107117
1.314190420746733 103.79092877613552 296.0038616107123
1.314194071446826 103.79092133134523 296.00386161071174
1.3141967048490897 103.79091596110739 296.0038616107117
1.3141997296370231 103.79090979272551 296.0038616107117
1.3142020690376457 103.79090502203849 296.0038616107117
1.3142054489691364 103.79089812942024 296.0038616107117
1.314207537916756 103.7908938694763 296.0038616107117
1.3142099189137264 103.79088901396265 296.0038616107117
1.3142122564494838 103.79088424707845 296.0038616107117
1.3142154001697925 103.7908782655874 296.2426931621485
1.3142183445795108 103.79087362407101 297.00134198838543
1.314221756218041 103.79086824602322 297.8812916658518
1.314225996400381 103.79086156187327 298.9757170606739
1.3142300096404005 103.79085523547118 300.01168170267465
1.3142329824118923 103.79085054924563 300.7787282001347
1.314237408069106 103.7908435727161 301.9194754964356
1.314241106005902 103.79083774335238 302.250355609652
1.3142449480337715 103.79083168684593 302.25035560965256
1.314248046400267 103.7908268026344 302.250355609652
1.314251558355184 103.79082126644916 302.250355609652
1.3142540424037352 103.79081735063778 302.25035560965256
1.314258459769026 103.7908103871791 302.25035560965256
1.3142619827514075 103.7908048336102 302.25035560965205
1.3142666288011302 103.79079750965717 302.25035560965256
1.3142711285786193 103.79079041628508 302.25035560965256
1.3142740188064108 103.7907858601795 302.25035560965205
1.3142780691932936 103.79077947521894 302.25035560965205
1.3142823683953049 103.7907726980304 302.250355609652
