821307852
1.3115698831902551 103.79681349922308 194.25947264821065
1.3115654386749258 103.79681237332716 194.26673417120503
1.3115575556972778 103.7968087260653 196.3258486194906
1.3115504078649345 103.79680541893727 198.2004893746744
1.3115447626576557 103.79680280703728 199.68340447886254
1.3115377038753406 103.79679954111053 201.53730886288548
1.3115295463458512 103.79679576682024 203.67456988378743
1.311522236825629 103.79679238488316 204.99753597910671
1.3115156462200945 103.79678933557038 204.99753597910671
1.3115105616644749 103.79678698307026 204.99753597910671
1.3115061732108089 103.79678495263958 204.99753597910671
1.31150048751873 103.79678232200827 204.99753597910671
1.3114946048915204 103.79677960025985 204.99753597910686
1.3114901614098422 103.79677754436902 204.99753597910671
1.3114827521336152 103.79677411627728 204.99753597910671
1.3114771538711796 103.7967715260975 204.99753597910686
1.311469927950097 103.79676818283971 204.99753597910671
1.3114649808998902 103.79676589395999 204.99753597910671
1.3114576104113131 103.79676248381433 204.99753597910686
1.311449584204831 103.79675877028394 204.99753597910671
1.311441865436779 103.79675519899783 204.99753597910686
1.3114358652300493 103.79675242284824 204.99753597910686
1.3114299918986074 103.79674970540073 204.99753597910686
1.311422966187961 103.7967464547754 204.99753597910671
1.3114179350334558 103.79674412698269 204.99753597910671
1.311411489754025 103.79674114490875 204.99753597910686
1.3114039015829293 103.79673763404666 204.99753597910671
1.311399093486695 103.79673540945755 204.99753597910671
1.3113927916891355 103.7967324937692 204.99753597910671
1.311385832932782 103.796729274122 204.99753597910671
1.3113803659629304 103.79672674468812 204.99753597910671
1.311375724874949 103.79672459736966 204.99753597910671
1.3113692403284642 103.79672159712781 204.99753597910671
1.3113638281697944 103.79671909305371 204.99753597910671
1.3113578190840596 103.79671631279598 204.99753597910671
1.3113509769090836 103.79671314708813 204.99753597910671
1.3113435107852236 103.79670969269432 204.99753597910671
1.3113355784020972 103.7967060225737 204.99753597910686
1.3113294374112336 103.79670300444889 205.2020201408111
1.3113218807334142 103.79669857566252 206.28126457245375
1.3113144348771941 103.79669421182602 207.34572656454264
1.3113097752505554 103.7966914809314 208.01206749019306
1.3113046740373735 103.79668849123355 208.7414781694669
1.311297765152935 103.79668444210327 209.72882251856197
1.3112922259085344 103.7966811956859 210.51962504323467
