631883057
1.3113031758199496 103.79586638572047 5.896293094013291
1.3113105926286681 103.7958671431801 5.896293094013291
1.3113154625534984 103.79586764053303 5.896293094013291
1.3113207778349822 103.79586818336908 5.89629309401333
1.311326403074539 103.79586875786033 5.89629309401333
1.3113331354006585 103.79586944541548 5.89629309401333
1.3113404703113305 103.79587019451102 5.896293094013291
1.311346336238211 103.79587079358303 5.89629309401333
1.311352140396288 103.79587138634673 5.89629309401333
1.3113601736586635 103.7958722067631 5.896293094013291
1.3113659407022797 103.79587279573639 5.89629309401333
1.3113704418544536 103.79587325542742 5.89629309401333
1.3113789398528364 103.79587412330604 5.896293094013291
1.3113834713400814 103.79587458609511 5.89629309401333
1.3113914330892895 103.79587539920793 5.89629309401333
1.311397506342733 103.79587601945357 5.89629309401333
1.3114043901243269 103.79587672247634 5.89629309401333
1.3114123590104902 103.795877536318 5.89629309401333
1.3114206423771553 103.79587838227674 5.89629309401333
1.3114293816503781 103.795879274796 5.896293094013291
1.3114342527294507 103.79587977226662 5.896293094013291
1.311441833868122 103.79588054650858 5.89629309401333
1.3114471403574985 103.79588108844652 5.896293094013291
1.311453858558715 103.7958817745589 5.896293094011994
1.3114588874108832 103.79588228814245 5.89629309401333
1.3114636263995352 103.79588277212301 5.896293094011994
1.3114682689373327 103.79588324625327 5.896293094013291
1.3114755194035113 103.79588398672443 5.89629309401333
1.3114840605292415 103.79588485900726 5.896293094011994
1.3114885644380114 103.79588531897969 5.89629309401333
1.3114948387583807 103.79588595975959 5.89629309401333
1.3115016054406596 103.79588665082312 5.896293094013291
1.311507037387673 103.79588720557364 5.89629309401333
1.3115159553752564 103.7958881163443 5.89629309401333
1.311523598990843 103.79588889696667 5.89629309401333
1.311528438741093 103.79588939123767 5.896293094012031
1.3115341126261335 103.7958899706966 5.896293094013291
1.3115404465548821 103.79589061756408 5.89629309401333
1.3115488318673016 103.79589147393395 5.89629309401333
1.31155400085087 103.79589200182862 5.896293094012031
1.3115620836641815 103.79589282730504 5.89629309401333
1.3115681503524894 103.79589344687992 5.896293094013291
1.311575554537567 103.79589420304977 5.89629309401333
