813034200
1.3128129265586743 103.79414052055088 127.74650405416133
1.3128074431202645 103.79414756487459 127.74650405416133
1.3128019596818057 103.79415460919827 127.74650405416176
1.3127964762432982 103.79416165352193 127.74650405416133
1.312790992804742 103.79416869784555 127.74650405416133
1.3127855093661367 103.79417574216917 127.74650405416133
1.3127800259274827 103.79418278649275 127.74650405416133
1.3127745424887802 103.79418983081632 127.74650405416133
1.3127690590500292 103.79419687513986 127.74650405416133
1.3127635756112288 103.79420391946337 127.74650405416176
1.3127580921723798 103.79421096378687 127.74650405416133
1.312752608733482 103.79421800811033 127.74650405416084
1.3127471252945355 103.79422505243377 127.74650405416084
1.3127416418555407 103.7942320967572 127.74650405416084
1.3127361584164965 103.7942391410806 127.74650405416084
1.3127306749774033 103.79424618540396 127.74650405416084
1.312725191538262 103.79425322972732 127.74650405416133
1.3127197080990718 103.79426027405064 127.74650405416133
1.3127142246598327 103.79426731837397 127.74650405416133
1.3127087412205447 103.79427436269724 127.74650405416133
1.312703257781208 103.79428140702049 127.74650405416133
1.3126977743418227 103.79428845134375 127.74650405416176
1.3126922909023888 103.79429549566694 127.74650405416133
1.3126868074629061 103.79430253999016 127.74650405416133
1.3126813240233735 103.7943095843133 127.74650405416133
1.3126758405837935 103.79431662863645 127.74650405416133
1.3126703571441642 103.79432367295956 127.74650405416133
1.3126648737044861 103.79433071728266 127.74650405416133
1.3126593902647594 103.79433776160573 127.74650405416176
1.3126539068249843 103.79434480592877 127.74650405416133
1.3126484233851594 103.7943518502518 127.74650405416084
1.3126429399452868 103.79435889457481 127.74650405416084
1.3126374565053647 103.79436593889778 127.74650405416084
1.312631973065394 103.79437298322073 127.74650405416084
1.3126264896253748 103.79438002754368 127.74650405416084
1.3126210061853063 103.79438707186658 127.74650405416133
1.3126155227451894 103.79439411618948 127.74650405416133
1.3126100393050237 103.79440116051234 127.74650405416133
1.3126045558648092 103.79440820483518 127.74650405416133
1.312599072424546 103.79441524915799 127.74650405416133
1.3125935889842344 103.79442229348079 127.74650405416176
1.3125881055438735 103.79442933780355 127.74650405416133
1.3125826221034642 103.79443638212629 127.74650405416176
1.312577138663006 103.794443426449 127.74650405416133
1.3125716552585411 103.79445047079942 127.74644580153311
1.3125661720503115 103.7944575153006 127.7460703057854
1.3125606888420338 103.79446455980178 127.7456948100375
1.3125552056337064 103.79447160430294 127.74531931428972
1.3125497224253313 103.79447864880406 127.74494381854277
1.3125442392169069 103.79448569330516 127.74462657542371
1.312538756008434 103.79449273780625 127.74462657542318
1.312533272799912 103.7944997823073 127.74462657542371
1.312527789591341 103.79450682680834 127.7446265754241
1.3125223063827216 103.79451387130936 127.74462657542318
1.3125168231740538 103.79452091581034 127.74462657542318
1.3125113399653368 103.79452796031131 127.74462657542371
1.3125058567565715 103.79453500481225 127.74462657542371
1.312500373547757 103.79454204931318 127.74462657542318
1.3124948903388933 103.79454909381406 127.74462657542371
1.3124894071299817 103.79455613831495 127.74462657542371
1.312483923921021 103.79456318281578 127.74462657542358
1.3124784407120118 103.79457022731663 127.74462657542371
1.3124729575029535 103.79457727181742 127.74462657542371
1.3124674742938462 103.79458431631821 127.74462657542318
1.3124619910846902 103.79459136081894 127.74462657542358
1.3124565078754862 103.79459840531969 127.74462657542371
1.3124510246662329 103.7946054498204 127.74462657542371
1.3124455414569312 103.79461249432107 127.74462657542318
1.31244005824758 103.79461953882175 127.7446265754241
1.312434575038181 103.79462658332238 127.74462657542371
1.3124290918287322 103.79463362782299 127.74462657542318
1.3124236086192353 103.7946406723236 127.74462657542318
1.3124181254096896 103.79464771682414 127.74462657542371
1.3124126422000948 103.79465476132471 127.74462657542371
1.3124071589904516 103.79466180582521 127.74462657542318
1.3124016757807595 103.79466885032572 127.74462657542371
1.312396192571019 103.79467589482618 127.7446265754241
1.3123907093612286 103.79468293932665 127.74462657542358
1.3123853790033626 103.7946900932391 127.50387839164377
1.312380389859615 103.79469749139389 126.72533472719748
1.3123754007158177 103.79470488954868 125.94644844579506
1.3123704115719714 103.79471228770345 125.16750728183007
1.3123654224280759 103.7947196858582 124.3887990913396
1.3123604332841308 103.79472708401293 123.85129065262366
1.3123554441401353 103.79473448216763 123.85129065262366
1.3123504549960914 103.79474188032233 123.85129065262366
1.312345465851997 103.794749278477 123.85129065262366
1.3123404767078541 103.79475667663166 123.85129065262421
1.312335487563661 103.79476407478629 123.85129065262329
1.3123304984194188 103.79477147294092 123.85129065262329
1.3123255092751265 103.7947788710955 123.85129065262329
1.3123205201307857 103.7947862692501 123.85129065262329
1.3123155309863945 103.79479366740466 123.85129065262329
1.3123105418419543 103.79480106555921 123.85129065262329
1.3123055526974647 103.79480846371374 123.85129065262329
1.3123005635529246 103.79481586186826 123.85129065262366
1.312295574408336 103.79482326002274 123.85129065262366
1.3122905852636977 103.79483065817722 123.85129065262366
1.3122855961190099 103.79483805633167 123.85129065262366
1.3122810702387444 103.79484571772434 123.17015783695233
1.3122771823793327 103.79485374165613 121.54746162061278
1.3122732945198714 103.7948617655879 119.92194576443343
1.3122694066603617 103.79486978951968 118.29622225100455
1.3122655188008026 103.79487781345142 116.67290506349607
1.3122616309411943 103.79488583738319 115.73457083791963
1.3122577430815372 103.79489386131495 115.73457083791904
1.312253855221831 103.79490188524669 115.73457083791904
1.3122499673620753 103.79490990917841 115.73457083791904
1.3122460795022708 103.79491793311016 115.73457083791904
1.3122421916424174 103.79492595704188 115.73457083791904
1.3122383037825145 103.7949339809736 115.7345708379199
1.3122344159225632 103.79494200490531 115.73457083791963
1.3122305280625624 103.79495002883701 115.73457083791963
1.3122266402025122 103.79495805276872 115.73457083791963
1.3122227523424133 103.7949660767004 115.73457083791963
1.3122188644822654 103.79497410063209 115.73457083791935
1.3122149766220677 103.79498212456376 115.73457083791963
1.312211088761822 103.79499014849543 115.73457083791963
1.3122072009015264 103.79499817242711 115.73457083791963
1.312203313041182 103.79500619635877 115.73457083791963
1.312199425180789 103.79501422029041 115.73457083791963
1.3121955373203464 103.79502224422207 115.73457083791963
1.3121927784727865 103.79503067925732 114.20089710269953
1.3121905271890943 103.79503929911014 111.96797386653395
1.3121882759053582 103.79504791896294 109.72952974947933
1.3121860246215773 103.79505653881576 107.49238194340413
1.3121837733377524 103.79506515866856 105.263324032146
1.312181522053883 103.79507377852141 104.5746990384916
1.3121792707699693 103.79508239837426 104.57469903849177
1.312177019486012 103.79509101822711 104.5746990384916
1.3121747682020093 103.79509963807999 104.57469903849177
1.3121725169179632 103.79510825793287 104.57469903849224
1.3121702656338725 103.79511687778576 104.57469903849177
1.3121680143497374 103.79512549763864 104.5746990384916
1.3121657630655583 103.79513411749154 104.57469903849177
1.3121635117813353 103.79514273734446 104.5746990384916
1.3121612604970672 103.79515135719738 104.57469903849177
1.3121590092127549 103.79515997705033 104.5746990384916
1.3121567579283986 103.7951685969033 104.57469903849177
1.3121545066439981 103.79517721675623 104.5746990384916
1.3121522553595533 103.7951858366092 104.5746990384924
1.3121500040750642 103.79519445646218 104.5746990384916
1.3121477527905308 103.79520307631516 104.57469903849177
1.312145501505953 103.79521169616817 104.5746990384916
1.312143250221331 103.79522031602117 104.5746990384924
1.3121415640502339 103.79522904437162 103.83974329495851
1.3121404210789749 103.79523787701227 102.39580265806295
1.3121392781076775 103.79524670965293 100.9500414409924
1.3121381351363417 103.79525554229362 99.50429842466856
1.3121369921649666 103.79526437493432 98.06041225124218
1.312135849193552 103.79527320757504 97.35397547598845
1.3121347062220994 103.79528204021578 97.35397547598845
1.3121335632506075 103.79529087285654 97.35397547598845
1.3121324202790767 103.79529970549731 97.35397547598845
1.3121312773075076 103.79530853813813 97.35397547598845
1.3121301343358989 103.79531737077895 97.35397547598838
