190023276
1.3144847596074503 103.79149038253132 46.220729887625424
1.3144894781189136 103.79149527011914 46.22072988762495
1.314495461200595 103.79150146758997 46.22072988762495
1.3144987892245106 103.79150491486551 46.22072988762495
1.3145045311304464 103.7915108625187 46.22072988762495
1.3145080020850366 103.7915144578465 46.22072988762495
1.3145112784710002 103.79151804280157 46.38951487776924
1.3145148138395004 103.79152426843697 48.663647268984676
1.31451746314859 103.79152893375903 50.378091636419406
1.3145218990637906 103.79153674521942 53.25934420773757
1.3145253915691448 103.79154289537473 55.52908115225711
1.3145277992806772 103.79154713525368 57.0903831111165
1.3145307796387498 103.79155238353914 59.01521772280939
1.3145352023238617 103.79156017170206 60.59509591551633
1.3145386308080602 103.79156620911887 60.59509591551747
1.314542887544237 103.79157370505274 60.59509591551747
1.3145469264235439 103.79158126419199 60.87514715409729
1.314549181676212 103.79158690167304 61.92074556574252
1.3145514810535255 103.791592649453 62.988550820725095
1.314554229998154 103.79159952102158 64.26642152440643
1.314557239774871 103.79160704459522 65.66573200986714
1.3145595782329256 103.79161289006586 66.75203619296806
1.3145625368169398 103.7916202856726 68.12396982879655
1.314565741358476 103.79162829610225 68.35118673955186
1.3145676779507804 103.79163313702452 68.35118673955309
1.3145695648091076 103.7916378536262 68.35118673955301
1.3145712647975563 103.79164210310711 68.3511867395518
1.3145733696068418 103.7916473645234 68.3511867395518
1.3145750960301041 103.79165168008375 68.3511867395518
1.3145779275034506 103.79165875795071 68.35118673955301
1.3145806802031814 103.79166563890638 68.3511867395518
1.3145837247278684 103.79167324934038 68.3511867395518
1.3145858410061535 103.79167853942597 68.35118673955309
1.3145876967947214 103.79168317836243 68.3511867395518
1.31459014396388 103.7916892955799 68.3511867395518
1.314593230049366 103.79169700990406 68.3511867395518
1.3145960076616612 103.79170395313422 68.3511867395518
1.3145981800072446 103.79170938337207 68.3511867395518
1.3146009450528782 103.79171629518926 68.35118673955301
1.3146035187217449 103.79172272861972 68.3511867395518
1.3146057489875573 103.79172830364155 68.3511867395518
1.3146077341500462 103.79173326597572 68.35118673955186
1.3146098334011227 103.79173851349852 68.3511867395518
1.314612310150671 103.79174470465874 68.3511867395518
1.3146154831365642 103.79175263620927 68.3511867395518
1.3146185608830285 103.79176032968873 68.3511867395518
1.3146210437360324 103.79176653610595 68.3511867395518
1.3146238063521478 103.7917734418504 68.3511867395518
1.314626109159157 103.79177919820458 68.3511867395518
1.3146279666600142 103.79178384142166 68.3511867395518
1.3146306429411987 103.79179053135375 68.3511867395518
1.3146339262596483 103.79179873870423 68.35118673955301
1.3146365455483513 103.79180528617164 68.3511867395518
1.3146393855937781 103.79181238546731 68.35118673955186
1.3146419426063038 103.79181877726228 68.35118673955186
1.3146440960057602 103.79182416014083 68.3511867395518
1.314647294672772 103.79183215588733 68.35118673955301
1.3146496860332813 103.79183813360005 68.35118673955301
1.3146520527403958 103.79184404968645 68.35118673955296
1.3146551329376677 103.79185174929285 68.3511867395518
1.3146584304628555 103.79185999215653 68.3511867395518
1.3146606428060512 103.79186552237765 68.3511867395518
1.3146623292287904 103.79186973794907 68.3511867395518
1.3146647866464816 103.79187588078594 68.35118673955301
1.3146671196549942 103.79188171263571 68.35118673955301
1.3146692076748003 103.79188693208427 68.3511867395518
1.3146722290906108 103.79189448475421 68.3511867395518
1.3146750416681727 103.79190151538872 68.3511867395518
1.3146770620044268 103.79190656564795 68.35118673955309
1.314680052667025 103.79191404144385 68.3511867395518
1.3146819545065815 103.79191879549552 68.35118673955301
1.3146849980808553 103.79192640355545 68.3511867395518
1.314687782168229 103.79193336297287 68.3511867395518
1.3146903747559857 103.79193984369638 68.3511867395518
1.3146932112857197 103.7919469342047 68.3511867395518
1.3146962810684022 103.79195460777834 68.3511867395518
1.3146986723971037 103.79196058541221 68.3511867395518
1.3147015017521928 103.79196765798612 68.35118673955174
1.3147035239741993 103.79197271295949 68.3511867395518
1.3147057556996928 103.79197829163137 68.3511867395518
1.3147082610486516 103.79198455428322 68.3511867395518
1.3147110151617936 103.79199143877405 68.35118673955314
1.3147137966044413 103.7919983915808 68.3511867395518
1.3147164149575525 103.79200493671068 68.3511867395518
1.3147196424603838 103.79201300453974 68.35118673955301
1.3147214503608973 103.79201752377121 68.35118673955301
1.31472345817917 103.79202254273962 68.35118673955301
1.314725866191912 103.79202856207917 68.3511867395518
1.314727960296271 103.79203379673805 68.3511867395518
1.314730689432689 103.79204061879453 68.3511867395518
1.3147335627543273 103.79204780127269 68.3511867395518
1.3147354653131638 103.7920525571229 68.35118673955301
1.3147382334052893 103.79205947655758 68.3511867395518
1.3147405458355732 103.79206525696867 68.3511867395518
1.314743636247746 103.79207298211092 68.3511867395518
1.3147457092186752 103.7920781639425 68.3511867395518
1.3147486299685396 103.79208546497782 68.3511867395518
1.3147513607046704 103.79209229103344 68.3511867395518
1.3147544303311312 103.79209996421758 68.3511867395518
1.3147561050382408 103.79210415050416 68.3511867395518
1.314758183651065 103.792109346439 68.35118673955301
1.314760121217211 103.7921141897977 68.35118673955192
1.314762051985508 103.79211901616375 68.35118673955192
1.3147640281794903 103.79212395608099 68.3511867395518
1.3147660691509666 103.79212905792336 68.3511867395518
1.3147684486923492 103.79213500609328 68.35118673955192
1.3147706438676303 103.79214049340092 68.35118673955301
1.3147725849919438 103.79214534565415 68.3511867395518
1.3147755905037057 103.7921528585703 68.35118673955192
1.3147782164547863 103.79215942269383 68.3511867395518
1.3147815265917113 103.7921676970855 68.3511867395517
1.3147844848361048 103.79217509184697 68.35118673955301
1.3147867009327452 103.79218063145221 68.35118673955301
1.3147900014147804 103.79218888170959 68.35118673955192
1.3147926974904145 103.79219562112458 68.3511867395518
1.3147955437987795 103.7922027360783 68.3511867395529
1.3147983515420745 103.79220975463045 68.3511867395518
1.3148002972393646 103.79221461831511 68.3511867395518
1.3148030865852702 103.79222159087917 68.3511867395518
1.3148061853448372 103.79222933688858 68.35118673955301
1.3148090924634466 103.79223660385067 68.3511867395529
1.3148118732130525 103.79224355492657 68.35118673955192
1.3148150499967701 103.79225149597414 68.3511867395518
1.314816957022389 103.79225626299089 68.3511867395518
1.3148200677231991 103.79226403885025 68.35118673955192
1.3148226675672874 103.79227053771444 68.3511867395518
1.3148244399023994 103.79227496804366 68.3511867395518
1.3148264842649389 103.7922800783634 68.3511867395518
1.3148289505180282 103.79228624328852 68.35118673955301
1.3148321038850155 103.79229412580128 68.35118673955301
1.3148342461613278 103.79229948087749 68.3511867395518
1.3148367244064547 103.79230567577935 68.3511867395518
1.314838645532149 103.79231047804248 68.3511867395517
1.3148404968600447 103.79231510583116 68.35118673955192
1.314843354769164 103.79232224978419 68.3511867395518
1.314845543713904 103.79232772151822 68.35118673955192
1.3148478988473078 103.79233360867624 68.3511867395518
1.3148498441339922 103.79233847133506 68.3511867395518
1.3148521733678709 103.79234429375175 68.35118673955192
1.3148545393462523 103.7923502080192 68.3511867395518
1.3148568708735444 103.79235603616884 68.3511867395518
1.3148590257354613 103.79236142270574 68.3511867395518
1.3148622570461026 103.79236950005581 68.35118673955192
1.3148654041310204 103.79237736686581 68.3511867395529
1.3148677138048217 103.79238314038813 68.3511867395518
1.3148710261466192 103.79239142029303 68.3511867395518
1.314874261383887 103.79239950745875 68.3511867395518
1.3148774401365293 103.79240745342919 68.35118673955314
1.3148800845178525 103.79241406362455 68.3511867395518
1.3148824538571406 103.79241998629365 68.35118673955326
1.3148850899112854 103.79242657567352 68.3511867395518
1.3148873651134034 103.79243226302677 68.3511867395518
1.3148892721400147 103.79243703004678 68.35118673955314
1.314892437278549 103.79244494198612 68.35118673955192
1.3148942556724785 103.79244948744989 68.3511867395518
1.3148969220804108 103.7924561527057 68.3511867395518
1.3148995032635211 103.79246260492391 68.3511867395517
1.3149018392279728 103.79246844416576 68.3511867395518
1.3149046048275226 103.79247535737231 68.35118673955192
1.314906616991005 103.79248038720456 68.3511867395517
1.3149088910003397 103.79248607157648 68.35118673955301
1.3149114713859669 103.79249252180138 68.3511867395518
1.3149135279472233 103.79249766261545 68.35118673955301
1.3149160442036105 103.7925039525357 68.35118673955192
1.3149183315182529 103.79250967016718 68.3511867395518
1.3149202809160347 103.79251454310332 68.3511867395529
1.3149232477067814 103.79252195923053 68.35118673955301
1.314925630697159 103.79252791602404 68.35118673955301
1.314928431169338 103.79253491640256 68.3511867395518
1.3149301337537895 103.79253917237615 68.3511867395529
1.3149328334405972 103.79254592082016 68.3511867395518
1.3149346815632095 103.79255054059753 68.35118673955192
1.3149373424784163 103.79255719212371 68.35118673955192
1.3149405524039486 103.79256521601857 68.35118673955192
1.3149429496990335 103.79257120857 68.3511867395518
1.3149453089544674 103.7925771060332 68.35118673955192
1.3149472633891226 103.79258199156038 68.35118673955192
1.314949872184138 103.7925885128012 68.3511867395517
1.3149529912813582 103.7925963096515 68.3511867395517
1.3149556715609538 103.79260300958337 68.35118673955301
1.314958308336975 103.7926096007688 68.3511867395518
1.3149609191049052 103.7926161269415 68.35118673955205
1.3149637472351892 103.7926231964579 68.3511867395517
1.3149670198008805 103.7926313769357 68.35118673955192
1.3149693887623015 103.79263729866145 68.3511867395529
1.3149721184369343 103.79264412206703 68.3511867395518
1.3149738677218294 103.79264849477879 68.35118673955301
1.3149767264913703 103.79265564088479 68.3511867395518
1.3149795705277394 103.79266275016212 68.3511867395518
1.3149828282265492 103.79267089347728 68.3511867395518
1.3149850864468147 103.79267653838198 68.3511867395518
1.3149872069598485 103.79268183905806 68.3511867395518
1.3149903473811448 103.7926896892131 68.3511867395518
1.3149933592953194 103.79269721813714 68.35118673955192
1.3149956338121362 103.79270290377872 68.35118673955192
1.314997857011652 103.79270846114176 68.35118673955205
1.3150001146456374 103.79271410458114 68.3511867395518
1.3150034280243943 103.7927223870806 68.3511867395518
1.3150062626213241 103.79272947276247 68.3511867395517
1.3150094602816513 103.79273746599907 68.3511867395518
1.315011705733903 103.79274307898774 68.3511867395518
1.3150134691413062 103.79274748700213 68.3511867395518
1.315015382864551 103.79275227076319 68.3511867395518
1.3150183309493753 103.79275964013252 68.3511867395518
1.3150204303295208 103.79276488798278 68.3511867395518
1.3150231782125474 103.79277175690495 68.35118673955157
1.3150252046385038 103.79277682239065 68.35118673955205
1.3150274605639911 103.79278246155964 68.3511867395518
1.3150303675000419 103.79278972806901 68.3511867395518
1.315032465440103 103.79279497231963 68.35118673955205
1.3150343786072136 103.7927997546907 68.3511867395518
1.3150364570851973 103.79280495029174 68.3511867395518
1.315039089821901 103.79281153138123 68.3511867395518
1.3150409208138003 103.79281610833782 68.35118673955205
1.3150428267597019 103.79282087265803 68.3511867395518
1.3150448670897856 103.7928259729003 68.3511867395518
1.3150474571283732 103.79283244725684 68.3511867395518
