651034752
1.312507659999508 103.79698660128858 242.01537311337552
1.312504373379921 103.79698046295286 242.01537311337552
1.3125020081277043 103.79697604543152 242.01537311337552
1.3124979998956 103.79696855935853 242.01537311337614
1.3124946948316447 103.79696238657482 242.01537311337614
1.3124908860234328 103.79695527296082 242.01537311337552
1.3124881004447337 103.7969500704065 242.01537311337552
1.3124843193160292 103.79694300848887 242.01537311337674
1.312481163895219 103.79693711518993 242.01537311337552
1.3124785459251342 103.79693222567404 242.01537311337614
1.3124749648967997 103.79692553747886 242.01537311337614
1.3124711663031987 103.7969184429426 242.01537311337552
1.3124671631717508 103.79691096639628 242.01537311337614
1.3124648787649213 103.79690669986803 242.01537311337552
1.3124610604601978 103.7968995685179 242.01537311337614
1.3124583232734666 103.79689445634426 242.01537311337614
1.3124559040252581 103.79688993797626 242.01537311337552
1.3124525423357158 103.79688365943473 242.01537311337614
1.3124491166683532 103.79687726140348 242.01537311337614
1.3124454440015858 103.79687040205779 242.01537311337614
1.3124419641557543 103.79686390283887 242.01537311337614
1.3124385390278195 103.79685750581518 242.01537311337614
1.3124352504822818 103.79685136388296 242.01537311337614
1.3124315896832657 103.7968445267025 242.01537311337674
1.3124281890031881 103.79683817533954 242.01537311337614
1.3124253151075456 103.79683280783838 242.01537311337614
1.3124214601835567 103.79682560809577 242.01537311337552
1.312417985910834 103.79681911928581 242.01537311337614
1.312414402312643 103.79681242629151 242.01537311337614
1.312410260170882 103.79680469011976 242.01537311337552
1.3124074086137654 103.7967993643398 242.01537311337552
1.312403613423196 103.79679227615996 242.01537311337614
1.31239987064828 103.7967852858755 242.01537311337614
