631916970
1.3121252079822903 103.79625191632874 241.03331464274822
1.312120823505037 103.7962440555263 241.03331464274822
1.3121165266335004 103.79623635178966 241.03331464274822
1.3121122585771312 103.79622869971492 241.0333146427485
1.3121078815394054 103.7962208522507 241.03331464274822
1.3121040853023183 103.79621404608717 241.03331464274822
1.3121014831257738 103.79620938072024 241.03331464274913
1.3120986602994733 103.79620431975675 241.0333146427485
1.3120959751981773 103.79619950571644 241.03331464274882
1.3120922139021867 103.79619276219792 241.0333146427485
1.3120880984962233 103.79618538380588 241.03331464274822
1.3120849975357705 103.79617982418384 241.03331464274822
1.3120813505430955 103.79617328559647 241.0333146427485
1.3120789302643359 103.79616894634891 241.03331464274913
1.3120763167435703 103.7961642606434 241.03331464274822
1.3120724064316682 103.79615724995872 241.03331464274882
1.3120693958080516 103.79615185229905 241.0333146427485
1.3120655897740843 103.79614450400993 241.3552617321164
1.31206224899532 103.79613745713806 242.00444594989565
1.3120589964898008 103.7961305964654 242.63670401830825
1.3120565161676356 103.79612536459776 243.1189110092531
1.3120528448400948 103.79611762048292 243.83259307098186
