768471955
1.324078653187094 103.9327251859918 260.6622697516792
1.324077885941131 103.93272056238327 260.6622697516792
1.3240770333906524 103.9327154247093 260.6622697516792
1.3240762081430792 103.93271045156924 260.66226975167933
1.3240747642945458 103.93270175059138 260.6622697516792
1.3240735998039097 103.93269473309138 260.6622697516792
1.3240722327372774 103.93268649481998 260.6622697516792
1.3240708238575931 103.93267800457325 260.6622697516792
1.324069449621674 103.9326697230983 260.6622697516792
1.32406859873394 103.93266459544502 260.6622697516792
1.3240674339696037 103.93265757629622 260.6622697516792
1.324066205467373 103.93265017304775 260.66226975167956
1.324064755647638 103.93264143608715 260.6622697516792
1.3240637545413372 103.9326354031812 260.6622697516797
1.324062468354875 103.93262765231412 260.6622697516792
1.3240612909733729 103.93262055713186 260.66226975167956
1.3240604797610438 103.93261566857258 260.66226975167956
1.3240595260933843 103.93260992154353 260.6622697516792
1.3240582044354774 103.93260195691751 260.6622697516792
1.3240574168077213 103.93259721048472 260.6622697516792
1.324056505766094 103.93259172033055 260.66226975167956
1.3240554307397547 103.93258524196547 260.6622697516792
1.3240546932131172 103.93258079745414 260.6622697516792
1.3240535563225198 103.93257394628046 260.6622697516792
1.324052202103192 103.9325657854322 260.66226975167933
1.3240512454482318 103.93256002040162 260.6622697516797
1.3240504174397125 103.93255503062518 260.66226975167956
1.3240495372146661 103.93254972617959 260.6622697516792
1.3240483019487457 103.93254228217329 260.6622697516792
1.3240471092036374 103.93253509440764 260.6622697516792
1.3240459198411756 103.93252792702675 260.66226975167956
1.3240447222488139 103.93252071005064 260.66226975167956
1.3240438361331142 103.93251537010697 260.6622697516792
1.3240425984610507 103.93250791160126 260.6622697516792
1.324041145973983 103.93249915856948 260.6622697516792
1.324040292524332 103.93249401547943 260.6622697516792
1.324039509818129 103.93248929870623 260.66226975167933
1.3240385807597033 103.93248369997991 260.6622697516792
1.3240378355416373 103.93247920911921 260.6622697516792
1.324036618324172 103.93247187387837 260.6622697516792
1.3240356876320702 103.93246626530733 260.66226975167933
1.3240349201521777 103.93246164029176 260.6622697516792
1.3240341664071626 103.93245709804589 260.6622697516792
1.3240331946627673 103.9324512420842 260.6622697516792
1.3240317490173896 103.9324425302832 260.6622697516792
1.3240308306812412 103.9324369961724 260.6622697516792
1.3240295306373226 103.93242916180048 260.6622697516792
1.3240285072387485 103.93242299455889 260.6622697516792
1.3240272797349792 103.93241559733126 260.66226975167956
1.3240259648728132 103.93240767366146 260.6622697516792
1.3240248368829515 103.93240087612837 260.66226975167956
1.3240240035771373 103.93239585443096 260.6622697516792
1.3240226690382195 103.93238781218477 260.6622697516792
1.324021328525123 103.93237973393688 260.6622697516792
1.3240200162505489 103.93237182586117 260.6622697516795
1.3240187842622104 103.93236440160932 260.6622697516792
1.3240173167800346 103.93235555821633 260.6622697516792
1.324016190963837 103.93234877378305 260.66226975167956
1.3240151450395092 103.93234247079707 260.66226975167956
1.324014213485279 103.93233685703228 260.6622697516792
1.324012915822064 103.93232903700877 260.66226975167956
1.324012149512231 103.9323244190457 260.66226975167956
1.3240106891407046 103.93231561850394 260.66226975167956
1.3240092468972664 103.93230692720648 260.6622697516792
1.324008374389581 103.93230166927044 260.6622697516792
1.3240071949655425 103.93229456178459 260.66226975167933
1.3240057968738443 103.93228613655626 260.6622697516792
1.324004449938754 103.9322780196098 260.6622697516792
1.324003484066206 103.93227219903558 260.6622697516792
