1.3243700561880218 103.93470132861532 262.2526315536364 0.0 1.0
1.3243668756590075 103.93467817521031 262.2526315536362 2.6 2.0
1.3243605146004707 103.934631868401 262.2526315536364 5.2 3.0
1.3243509730113925 103.93456240818874 262.2526315536364 7.800000000000001 4.0
1.324338740202647 103.93447335663764 262.2526315536364 10.0 5.0
1.324326507391392 103.93438430508992 262.2526315536362 10.0 6.0
1.3243142745776264 103.93429525354564 262.2526315536364 10.0 7.0
1.324302041761351 103.93420620200477 262.2526315536364 10.0 8.0
1.3242898089425656 103.93411715046732 262.2526315536364 10.0 9.0
1.3242775761212697 103.93402809893327 262.2526315536364 10.0 10.0
1.3242653432974643 103.93393904740265 262.2526315536364 10.0 11.0
1.3242529145950146 103.9338500228707 262.0025265281958 10.0 12.0
1.3242425566910718 103.93376074560811 263.8866103960987 10.0 13.0
1.3242328845098648 103.93367138372663 263.8866103960991 10.0 14.0
1.3242232123259776 103.9335820218484 263.8866103960987 10.0 15.0
1.3242135401394128 103.93349265997345 263.8866103960992 10.0 16.0
1.3242017716532446 103.93340354891934 262.42951244414235 10.0 17.0
1.3241898155629974 103.93331446031479 262.4295124441424 10.0 18.0
1.324177859470223 103.9332253717136 262.42951244414235 10.0 19.0
1.3241659033749207 103.93313628311586 262.4295124441424 10.0 20.0
1.3241539472770916 103.93304719452148 262.4295124441424 10.0 21.0
1.3241419911767345 103.93295810593052 262.4295124441421 10.0 22.0
1.3241298682313063 103.93286903968942 262.2650346883515 10.0 23.0
1.3240937089964133 103.93278999599788 231.7135135911607 10.0 24.0
1.3240748418136739 103.93270221774024 260.66226975167956 10.0 25.0
1.3240601260847096 103.93261353723452 260.6622697516792 10.0 26.0
1.324045410353403 103.93252485673236 260.66226975167956 10.0 27.0
1.3240306946197564 103.93243617623375 260.6622697516792 10.0 28.0
1.3240159788837695 103.93234749573868 260.66226975167956 10.0 29.0
1.3240034204522757 103.93225859659393 263.4100752928701 10.0 30.0
1.3240274825293172 103.93217427471261 277.9427949023741 10.0 31.0
1.3240174226447108 103.93208490160322 263.67258609519956 10.0 32.0
1.3240085584451762 103.93200435744959 263.78436410029747 9.009666666666671 33.0
1.324004121589299 103.93196404216498 263.7843641002975 4.509666666666671 34.0
1.324004112078705 103.93196395574742 263.78436410029747 0.009666666666671375 35.0
1.324004112078705 103.93196395574742 263.78436410029747 0.0 36.0
1.324004112078705 103.93196395574742 263.78436410029747 0.0 37.0
1.324004112078705 103.93196395574742 263.78436410029747 0.0 38.0
1.324004112078705 103.93196395574742 263.78436410029747 0.0 39.0
1.324004112078705 103.93196395574742 263.78436410029747 0.0 40.0
1.324004112078705 103.93196395574742 263.78436410029747 0.0 41.0
1.324004112078705 103.93196395574742 263.78436410029747 0.0 42.0
1.324004112078705 103.93196395574742 263.78436410029747 0.0 43.0
1.324004112078705 103.93196395574742 263.78436410029747 0.0 44.0
1.3240017183597947 103.93194046235752 264.024544106577 2.6 45.0
1.3239971366341732 103.93189316251421 264.52728832874936 5.2 46.0
1.323990264044303 103.93182221275092 264.52728832874936 7.800000000000001 47.0
1.323978692210528 103.93173424415355 262.5266329150564 10.0 48.0
1.3239670492936089 103.93164635260854 262.52663291505644 10.0 49.0
1.3239572807713176 103.93155741564637 263.958473320422 10.0 50.0
1.3239469673339035 103.93146834165063 262.9668842240548 10.0 51.0
1.3239349271922525 103.9313792624072 262.375994937576 10.0 52.0
1.3239228870480815 103.93129018316719 262.3759949375761 10.0 53.0
1.32391084690139 103.93120110393056 262.3759949375761 10.0 54.0
1.3238988067521789 103.93111202469738 262.37599493757574 10.0 55.0
1.323886945119057 103.93102266627145 262.6252121232301 10.0 56.0
1.323875589979171 103.93093317022073 263.0548680613882 10.0 57.0
1.3238653614686682 103.93084398592106 263.5237404055846 10.0 58.0
1.323855132955534 103.93075480162472 263.5237404055846 10.0 59.0
1.323842139828027 103.93066597522578 261.6788705910525 10.0 60.0
1.323829026889941 103.93057716434016 261.67887059105243 10.0 61.0
1.3238159139494161 103.93048835345799 261.6788705910525 10.0 62.0
1.3238028010064513 103.9303995425793 261.6788705910525 10.0 63.0
1.3237896880610467 103.93031073170404 261.6788705910525 10.0 64.0
