642629216
1.4115644115957973 103.75730101917345 261.48436471198136 0.0 1.0
1.4115644115957973 103.75730101917345 261.48436471198136
1.4115630656659972 103.75729212003212 261.484364711982 1.0 2.0
1.4115630656659972 103.75729212003212 261.484364711982
1.4115617197361727 103.75728322089083 261.484364711982 1.0 3.0
1.4115617197361727 103.75728322089083 261.484364711982
1.411560373806323 103.75727432174958 261.484364711982 1.0 4.0
1.411560373806323 103.75727432174958 261.484364711982
1.4115590278764478 103.75726542260836 261.484364711982 1.0 5.0
1.4115590278764478 103.75726542260836 261.484364711982
1.4115576819465478 103.75725652346718 261.48436471198204 1.0 6.0
1.4115576819465478 103.75725652346718 261.48436471198204
1.4115563360166221 103.75724762432604 261.48436471198136 1.0 7.0
1.4115563360166221 103.75724762432604 261.48436471198136
1.4115549900866717 103.75723872518493 261.48436471198204 1.0 8.0
1.4115549900866717 103.75723872518493 261.48436471198204
1.411553644156696 103.75722982604388 261.48436471198204 1.0 9.0
1.411553644156696 103.75722982604388 261.48436471198204
1.411552298226695 103.75722092690286 261.48436471198204 1.0 10.0
1.411552298226695 103.75722092690286 261.48436471198204
1.4115509522966685 103.7572120277619 261.48436471198204 1.0 11.0
1.4115509522966685 103.7572120277619 261.48436471198204
1.4115496063666177 103.75720312862094 261.484364711982 1.0 12.0
1.4115496063666177 103.75720312862094 261.484364711982
1.4115482604365412 103.75719422948006 261.48436471198136 1.0 13.0
1.4115482604365412 103.75719422948006 261.48436471198136
1.4115469145064399 103.7571853303392 261.484364711982 1.0 14.0
1.4115469145064399 103.7571853303392 261.484364711982
1.4115455685763123 103.75717643119836 261.484364711982 1.0 15.0
1.4115455685763123 103.75717643119836 261.484364711982
1.411544222646161 103.7571675320576 261.484364711982 1.0 16.0
1.411544222646161 103.7571675320576 261.484364711982
1.4115428767159834 103.75715863291687 261.48436471198204 1.0 17.0
1.4115428767159834 103.75715863291687 261.48436471198204
1.4115415307857815 103.75714973377616 261.484364711982 1.0 18.0
1.4115415307857815 103.75714973377616 261.484364711982
1.4115401848555538 103.75714083463549 261.48436471198136 1.0 19.0
1.4115401848555538 103.75714083463549 261.48436471198136
1.4115388389253014 103.75713193549488 261.48436471198136 1.0 20.0
1.4115388389253014 103.75713193549488 261.48436471198136
1.4115374929950237 103.75712303635429 261.48436471198204 1.0 21.0
1.4115374929950237 103.75712303635429 261.48436471198204
1.4115361470647212 103.75711413721376 261.48436471198204 1.0 22.0
1.4115361470647212 103.75711413721376 261.48436471198204
1.4115348011343924 103.75710523807327 261.484364711982 1.0 23.0
1.4115348011343924 103.75710523807327 261.484364711982
1.4115334552040388 103.75709633893278 261.484364711982 1.0 24.0
1.4115334552040388 103.75709633893278 261.484364711982
1.4115321092736608 103.75708743979237 261.484364711982 1.0 25.0
1.4115321092736608 103.75708743979237 261.484364711982
1.411530763343257 103.75707854065197 261.48436471198136 1.0 26.0
1.411530763343257 103.75707854065197 261.48436471198136
1.4115294174128283 103.75706964151165 261.484364711982 1.0 27.0
1.4115294174128283 103.75706964151165 261.484364711982
1.4115280714823741 103.75706074237135 261.48436471198204 1.0 28.0
1.4115280714823741 103.75706074237135 261.48436471198204
1.4115267255518953 103.7570518432311 261.48436471198204 1.0 29.0
1.4115267255518953 103.7570518432311 261.48436471198204
1.4115253796213905 103.75704294409086 261.48436471198204 1.0 30.0
1.4115253796213905 103.75704294409086 261.48436471198204
1.411524033690861 103.75703404495069 261.48436471198204 1.0 31.0
1.411524033690861 103.75703404495069 261.48436471198204
1.4115226877603064 103.75702514581053 261.48436471198136 1.0 32.0
1.4115226877603064 103.75702514581053 261.48436471198136
1.4115213418297266 103.75701624667043 261.48436471198136 1.0 33.0
1.4115213418297266 103.75701624667043 261.48436471198136
1.4115199958991216 103.75700734753036 261.484364711982 1.0 34.0
1.4115199958991216 103.75700734753036 261.484364711982
1.4115186499684913 103.75699844839035 261.48436471198204 1.0 35.0
1.4115186499684913 103.75699844839035 261.48436471198204
1.411517304037836 103.75698954925036 261.484364711982 1.0 36.0
1.411517304037836 103.75698954925036 261.484364711982
1.411515958107155 103.7569806501104 261.484364711982 1.0 37.0
1.411515958107155 103.7569806501104 261.484364711982
1.4115146121764492 103.7569717509705 261.484364711982 1.0 38.0
1.4115146121764492 103.7569717509705 261.484364711982
1.4115132662457186 103.75696285183064 261.48436471198136 1.0 39.0
1.4115132662457186 103.75696285183064 261.48436471198136
1.4115119203149626 103.75695395269081 261.484364711982 1.0 40.0
1.4115119203149626 103.75695395269081 261.484364711982
1.4115105743841811 103.75694505355102 261.48436471198204 1.0 41.0
1.4115105743841811 103.75694505355102 261.48436471198204
1.4115092284533748 103.75693615441129 261.48436471198204 1.0 42.0
1.4115092284533748 103.75693615441129 261.48436471198204
1.4115078825225431 103.75692725527159 261.48436471198204 1.0 43.0
1.4115078825225431 103.75692725527159 261.48436471198204
1.4115065365916863 103.7569183561319 261.48436471198204 1.0 44.0
1.4115065365916863 103.7569183561319 261.48436471198204
1.4115051906608043 103.75690945699228 261.48436471198136 1.0 45.0
1.4115051906608043 103.75690945699228 261.48436471198136
1.4115038447298975 103.75690055785269 261.48436471198136 1.0 46.0
1.4115038447298975 103.75690055785269 261.48436471198136
1.4115024987989653 103.75689165871316 261.484364711982 1.0 47.0
1.4115024987989653 103.75689165871316 261.484364711982
1.4115011528680075 103.75688275957364 261.484364711982 1.0 48.0
1.4115011528680075 103.75688275957364 261.484364711982
1.4114998069370246 103.75687386043417 261.484364711982 1.0 49.0
1.4114998069370246 103.75687386043417 261.484364711982
1.4114984610060168 103.75686496129475 261.484364711982 1.0 50.0
1.4114984610060168 103.75686496129475 261.484364711982
1.4114971150749844 103.75685606215535 261.484364711982 1.0 51.0
1.4114971150749844 103.75685606215535 261.484364711982
1.411495769143926 103.756847163016 261.48436471198136 1.0 52.0
1.411495769143926 103.756847163016 261.48436471198136
1.4114944232128428 103.7568382638767 261.48436471198204 1.0 53.0
1.4114944232128428 103.7568382638767 261.48436471198204
1.4114930772817342 103.75682936473741 261.48436471198204 1.0 54.0
1.4114930772817342 103.75682936473741 261.48436471198204
1.4114917313506006 103.7568204655982 261.484364711982 1.0 55.0
1.4114917313506006 103.7568204655982 261.484364711982
1.411490385419442 103.75681156645902 261.48436471198204 1.0 56.0
1.411490385419442 103.75681156645902 261.48436471198204
1.4114890394882578 103.75680266731986 261.48436471198204 1.0 57.0
1.4114890394882578 103.75680266731986 261.48436471198204
1.4114876935570484 103.75679376818074 261.4843647119817 1.0 58.0
1.4114876935570484 103.75679376818074 261.4843647119817
1.4114863476258146 103.75678486904168 261.4843647119817 1.0 59.0
1.4114863476258146 103.75678486904168 261.4843647119817
1.4114850016945546 103.75677596990265 261.4843647119817 1.0 60.0
1.4114850016945546 103.75677596990265 261.4843647119817
1.41148365576327 103.75676707076366 261.48436471198204 1.0 61.0
1.41148365576327 103.75676707076366 261.48436471198204
1.4114823098319604 103.7567581716247 261.484364711982 1.0 62.0
1.4114823098319604 103.7567581716247 261.484364711982
1.4114809639006254 103.75674927248579 261.48436471198175 1.0 63.0
1.4114809639006254 103.75674927248579 261.48436471198175
1.4114796179692652 103.75674037334693 261.484364711982 1.0 64.0
1.4114796179692652 103.75674037334693 261.484364711982
1.4114782720378798 103.7567314742081 261.48436471198204 1.0 65.0
1.4114782720378798 103.7567314742081 261.48436471198204
1.4114769261064692 103.7567225750693 261.4843647119817 1.0 66.0
1.4114769261064692 103.7567225750693 261.4843647119817
1.4114755801750338 103.75671367593054 261.484364711982 1.0 67.0
1.4114755801750338 103.75671367593054 261.484364711982
1.4114742342435729 103.75670477679182 261.484364711982 1.0 68.0
1.4114742342435729 103.75670477679182 261.484364711982
1.411472888312087 103.75669587765316 261.4843647119817 1.0 69.0
1.411472888312087 103.75669587765316 261.4843647119817
1.4114715423805755 103.75668697851452 261.4843647119817 1.0 70.0
1.4114715423805755 103.75668697851452 261.4843647119817
1.4114701964490393 103.75667807937593 261.484364711982 1.0 71.0
1.4114701964490393 103.75667807937593 261.484364711982
1.4114688505174775 103.75666918023737 261.4843647119817 1.0 72.0
1.4114688505174775 103.75666918023737 261.4843647119817
1.4114675045858913 103.75666028109885 261.4843647119817 1.0 73.0
1.4114675045858913 103.75666028109885 261.4843647119817
1.4114661586542792 103.75665138196038 261.484364711982 1.0 74.0
1.4114661586542792 103.75665138196038 261.484364711982
1.4114648127226426 103.75664248282195 261.484364711982 1.0 75.0
1.4114648127226426 103.75664248282195 261.484364711982
1.4114634667909798 103.75663358368355 261.4843647119817 1.0 76.0
1.4114634667909798 103.75663358368355 261.4843647119817
1.411462120859293 103.7566246845452 261.484364711982 1.0 77.0
1.411462120859293 103.7566246845452 261.484364711982
1.4114607749275807 103.7566157854069 261.48436471198204 1.0 78.0
1.4114607749275807 103.7566157854069 261.48436471198204
1.4114596109441933 103.75660686138495 261.71673549058636 1.0 79.0
1.4114596109441933 103.75660686138495 261.71673549058636
1.4114584871319389 103.75659793186914 262.00043036292897 1.0 80.0
1.4114584871319389 103.75659793186914 262.00043036292897
1.4114573633196583 103.75658900235337 262.28413470679334 1.0 81.0
1.4114573633196583 103.75658900235337 262.28413470679334
1.4114562395073498 103.75658007283764 262.567834610859 1.0 82.0
1.4114562395073498 103.75658007283764 262.567834610859
1.4114551156950148 103.75657114332196 262.8515161651128 1.0 83.0
1.4114551156950148 103.75657114332196 262.8515161651128
1.4114539918826532 103.75656221380629 262.9028180160262 1.0 84.0
1.4114539918826532 103.75656221380629 262.9028180160262
1.4114528680702647 103.75655328429069 262.9028180160262 1.0 85.0
1.4114528680702647 103.75655328429069 262.9028180160262
1.4114517442578491 103.75654435477512 262.9028180160262 1.0 86.0
1.4114517442578491 103.75654435477512 262.9028180160262
1.411450620445407 103.75653542525959 262.9028180160262 1.0 87.0
1.411450620445407 103.75653542525959 262.9028180160262
1.4114494966329376 103.75652649574408 262.9028180160262 1.0 88.0
1.4114494966329376 103.75652649574408 262.9028180160262
1.4114483728204417 103.75651756622864 262.9028180160262 1.0 89.0
1.4114483728204417 103.75651756622864 262.9028180160262
1.4114472490079184 103.7565086367132 262.9028180160262 1.0 90.0
1.4114472490079184 103.7565086367132 262.9028180160262
1.4114461251953685 103.75649970719782 262.9028180160262 1.0 91.0
1.4114461251953685 103.75649970719782 262.9028180160262
1.4114450013827915 103.75649077768249 262.9028180160262 1.0 92.0
1.4114450013827915 103.75649077768249 262.9028180160262
1.411443877570188 103.75648184816718 262.9028180160262 1.0 93.0
1.411443877570188 103.75648184816718 262.9028180160262
1.4114427537575578 103.75647291865191 262.9028180160262 1.0 94.0
1.4114427537575578 103.75647291865191 262.9028180160262
1.4114416299449002 103.75646398913669 262.9028180160262 1.0 95.0
1.4114416299449002 103.75646398913669 262.9028180160262
1.4114405061322162 103.7564550596215 262.9028180160262 1.0 96.0
1.4114405061322162 103.7564550596215 262.9028180160262
1.4114393823195048 103.75644613010635 262.9028180160262 1.0 97.0
1.4114393823195048 103.75644613010635 262.9028180160262
1.411438258506767 103.75643720059124 262.9028180160262 1.0 98.0
1.411438258506767 103.75643720059124 262.9028180160262
1.4114371346940018 103.75642827107617 262.9028180160262 1.0 99.0
1.4114371346940018 103.75642827107617 262.9028180160262
1.4114360108812103 103.75641934156114 262.90281801602646 1.0 100.0
1.4114360108812103 103.75641934156114 262.90281801602646
1.4114348870683913 103.75641041204614 262.9028180160262 1.0 101.0
1.4114348870683913 103.75641041204614 262.9028180160262
1.411433763255546 103.75640148253119 262.9028180160262 1.0 102.0
1.411433763255546 103.75640148253119 262.9028180160262
1.4114326394426735 103.75639255301627 262.9028180160262 1.0 103.0
1.4114326394426735 103.75639255301627 262.9028180160262
1.4114315156297745 103.75638362350139 262.9028180160262 1.0 104.0
1.4114315156297745 103.75638362350139 262.9028180160262
1.411430391816848 103.75637469398654 262.9028180160262 1.0 105.0
1.411430391816848 103.75637469398654 262.9028180160262
1.4114292680038951 103.75636576447172 262.9028180160262 1.0 106.0
1.4114292680038951 103.75636576447172 262.9028180160262
1.411428344634013 103.7563568129692 263.1579549880626 1.0 107.0
1.411428344634013 103.7563568129692 263.1579549880626
1.4114274809401786 103.75634785492046 263.4890839049357 1.0 108.0
1.4114274809401786 103.75634785492046 263.4890839049357
1.4114266172463146 103.75633889687177 263.8202289576685 1.0 109.0
1.4114266172463146 103.75633889687177 263.8202289576685
1.4114257535524215 103.75632993882311 264.1513680245294 1.0 110.0
1.4114257535524215 103.75632993882311 264.1513680245294
1.4114248898584996 103.75632098077449 264.48247898618683 1.0 111.0
1.4114248898584996 103.75632098077449 264.48247898618683
1.4114240261645494 103.75631202272592 264.55843558967103 1.0 112.0
1.4114240261645494 103.75631202272592 264.55843558967103
1.4114231624705695 103.75630306467737 264.55843558967103 1.0 113.0
1.4114231624705695 103.75630306467737 264.55843558967103
1.411422298776562 103.75629410662887 264.55843558967103 1.0 114.0
1.411422298776562 103.75629410662887 264.55843558967103
1.4114214350825247 103.75628514858039 264.55843558967103 1.0 115.0
1.4114214350825247 103.75628514858039 264.55843558967103
1.4114205713884589 103.75627619053196 264.55843558967103 1.0 116.0
1.4114205713884589 103.75627619053196 264.55843558967103
1.411419707694364 103.75626723248355 264.55843558967103 1.0 117.0
1.411419707694364 103.75626723248355 264.55843558967103
1.4114188440002404 103.7562582744352 264.55843558967103 1.0 118.0
1.4114188440002404 103.7562582744352 264.55843558967103
1.4114179803060878 103.75624931638687 264.55843558967103 1.0 119.0
1.4114179803060878 103.75624931638687 264.55843558967103
1.4114171166119063 103.75624035833859 264.55843558967103 1.0 120.0
1.4114171166119063 103.75624035833859 264.55843558967103
1.4114162529176966 103.75623140029035 264.55843558967103 1.0 121.0
1.4114162529176966 103.75623140029035 264.55843558967103
1.4114153892234576 103.75622244224213 264.5584355896714 1.0 122.0
1.4114153892234576 103.75622244224213 264.5584355896714
1.4114145255291897 103.75621348419395 264.55843558967103 1.0 123.0
1.4114145255291897 103.75621348419395 264.55843558967103
1.411413661834893 103.75620452614581 264.55843558967103 1.0 124.0
1.411413661834893 103.75620452614581 264.55843558967103
1.4114127981405675 103.7561955680977 264.55843558967103 1.0 125.0
1.4114127981405675 103.7561955680977 264.55843558967103
1.4114119344462133 103.75618661004965 264.55843558967103 1.0 126.0
1.4114119344462133 103.75618661004965 264.55843558967103
1.4114110707518301 103.75617765200163 264.55843558967103 1.0 127.0
1.4114110707518301 103.75617765200163 264.55843558967103
1.411410207057418 103.75616869395361 264.55843558967103 1.0 128.0
1.411410207057418 103.75616869395361 264.55843558967103
