745687348
1.3008065962901108 103.76624820948867 158.24474301558013
1.3007997490226542 103.76625092827278 158.24474301558013
1.3007918939659469 103.76625404721084 158.24474301558013
1.3007859952866765 103.76625638934736 158.24474301558095
1.3007791790789054 103.76625909579877 158.24474301558095
1.300771197215709 103.76626226508665 158.24474301558072
1.3007630972006805 103.76626548128799 158.24474301558072
1.300757520886791 103.7662676954256 158.24474301558072
1.3007495400168967 103.76627086431891 158.24474301558013
1.3007435447197289 103.76627324481845 158.24474301558072
1.3007356656915283 103.76627637327434 158.24474301558013
1.3007285409025426 103.76627920225108 158.24474301558013
1.300721002444797 103.76628219547958 158.24474301558013
1.30071529645661 103.76628446110563 158.24474301558013
1.3007077567670626 103.76628745482314 158.24474301558038
1.3007010769824703 103.76629010710582 158.24474301558013
1.3006968736391897 103.76629177608991 158.24474301558013
1.3006885342001557 103.76629508735674 158.24474301558072
1.300680612075175 103.76629823292434 158.24474301558095
1.300676369946468 103.76629991730857 158.24474301558013
1.3006716112995103 103.76630180678208 158.24474301558013
1.3006661908946384 103.7663039590139 158.24474301558013
1.3006581211157442 103.76630716320898 158.24474301558013
1.3006497354216044 103.76631049284165 158.24474301558095
1.3006441124484251 103.76631272550536 158.24474301558038
1.3006398150263259 103.76631443184431 158.24474301558072
1.3006336086351888 103.76631689616053 158.24474301558013
1.3006268279354243 103.76631958851229 158.24474301558072
1.300622032166519 103.76632149272533 158.24474301558013
1.3006146398611047 103.76632442792179 158.24474301558013
1.3006088229889798 103.76632673757506 158.24474301558038
1.30060417114984 103.76632858463911 158.24474301558013
1.3005981882713213 103.76633096020699 158.24474301558013
1.3005917354489003 103.76633352237127 158.24474301558013
1.300585702510284 103.76633591781601 158.24474301558013
1.3005787307839978 103.76633868601671 158.24474301558013
1.3005711815394054 103.76634168352736 158.24474301558072
1.3005651702437078 103.76634407037845 158.24474301558013
1.3005608167416594 103.76634579898432 158.24474301558038
1.3005553166572483 103.7663479828533 158.24474301558072
1.3005507818191742 103.7663497834606 158.24474301558072
1.3005430326454335 103.76635286035516 158.24474301558013
1.300536870938431 103.76635530692859 158.24474301558013
1.3005288476735317 103.76635849265395 158.24474301558013
1.3005226498499243 103.76636095356781 158.24474301558072
1.3005169860165444 103.76636320245494 158.24474301558013
1.3005122293151183 103.7663650911554 158.24474301558072
1.3005039301626358 103.76636838642479 158.24474301558072
