243309369
1.2993754420293093 103.7634249745305 125.99522087472275
1.2993726736050801 103.76342876498245 125.99522087472275
1.2993695973798438 103.76343297686724 125.99522087472275
1.2993666196706473 103.7634370538665 125.99522087472275
1.2993614098873352 103.76344418696145 125.99522087472275
1.2993572081004376 103.76344993993479 125.99522087472275
1.2993524734449855 103.76345682323361 125.69489864294862
1.2993480495917404 103.76346421501223 124.69377001785715
1.299343734519228 103.76347142502995 123.7164804723597
1.299341062749258 103.7634758892675 123.11123632084075
1.2993374054132316 103.76348200027884 122.28285311917283
1.2993335479415433 103.7634884456951 121.40964305022182
1.2993301247197635 103.76349649507674 119.23999955730686
1.299328810277838 103.76350246469231 116.74726093051652
1.2993271215286835 103.76351013424613 113.51692021561402
1.2993255756392768 103.76351715499388 110.54843494216867
1.2993245105261004 103.76352199226801 108.50537373161707
1.2993232583705818 103.76352767900583 106.11383849153762
1.2993215230477642 103.76353556007625 102.83239871137587
1.2993204889008676 103.76354025671498 102.36831574931655
1.299319292712861 103.76354568927285 102.36831574931688
