0
6
10
16
20
20
20
20
20
20
20
20
20
20
20
20
20
20
20
20
20
20
20
20
20
20
20
20
20
20
20
20
20
20
20
20
20
20
20
20
20
20
20
20
20
20
20
20
20
20
20
20
20
20
20
20
20
20
20
20
20
20
20
20
20
20
20
20
20
20
20
20
20
20
20
20
20
20
20
20
20
20
20
20
20
20
20
20
20
20
20
20
20
20
20
20
18
2
9
14
8
3
13
13
14
13
15
14
14
12
15
13
13
13
1
10
14
14
2
1
2
0
1
15
13
14
3
1
6
14
14
13
14
13
14
14
13
13
14
13
13
14
14
13
13
14
13
13
14
12
13
13
14
12
14
14
13
12
14
12
13
14
14
9
1
18
20
16
8.904913466408715e-05
8
8.924523611883463e-05
10
12
14
14
13
14
14
