638459994
1.4160229346271742 103.80081305588784 76.73926951479706 0.0 1.0
1.4160229346271742 103.80081305588784 76.73926951479706
1.4160250041146407 103.80082176105743 76.73926951479841 1.0 2.0
1.4160250041146407 103.80082176105743 76.73926951479841
1.4160270736020872 103.8008304662271 76.73926951479706 1.0 3.0
1.4160270736020872 103.8008304662271 76.73926951479706
1.4160291430895142 103.80083917139679 76.73926951479713 1.0 4.0
1.4160291430895142 103.80083917139679 76.73926951479713
1.416031212576922 103.80084787656651 76.73926951479706 1.0 5.0
1.416031212576922 103.80084787656651 76.73926951479706
1.4160332820643098 103.80085658173627 76.73926951479841 1.0 6.0
1.4160332820643098 103.80085658173627 76.73926951479841
1.416035351551678 103.80086528690609 76.73926951479706 1.0 7.0
1.416035351551678 103.80086528690609 76.73926951479706
1.4160374210390256 103.80087399207595 76.73926951479713 1.0 8.0
1.4160374210390256 103.80087399207595 76.73926951479713
1.4160394905263542 103.80088269724584 76.73926951479706 1.0 9.0
1.4160394905263542 103.80088269724584 76.73926951479706
1.416041560013663 103.80089140241576 76.73926951479841 1.0 10.0
1.416041560013663 103.80089140241576 76.73926951479841
1.416043629500952 103.80090010758576 76.73926951479706 1.0 11.0
1.416043629500952 103.80090010758576 76.73926951479706
1.4160456989882215 103.80090881275578 76.73926951479706 1.0 12.0
1.4160456989882215 103.80090881275578 76.73926951479706
1.416047768475471 103.80091751792582 76.73926951479834 1.0 13.0
1.416047768475471 103.80091751792582 76.73926951479834
1.4160498379627011 103.80092622309593 76.73926951479841 1.0 14.0
1.4160498379627011 103.80092622309593 76.73926951479841
1.4160519074499116 103.80093492826607 76.73926951479706 1.0 15.0
1.4160519074499116 103.80093492826607 76.73926951479706
1.416053976937102 103.80094363343626 76.73926951479713 1.0 16.0
1.416053976937102 103.80094363343626 76.73926951479713
1.4160560464242733 103.80095233860649 76.73926951479834 1.0 17.0
1.4160560464242733 103.80095233860649 76.73926951479834
1.4160581159114247 103.80096104377677 76.73926951479713 1.0 18.0
1.4160581159114247 103.80096104377677 76.73926951479713
1.416060185398556 103.80096974894708 76.73926951479713 1.0 19.0
1.416060185398556 103.80096974894708 76.73926951479713
1.4160622548856678 103.80097845411743 76.73926951479713 1.0 20.0
1.4160622548856678 103.80097845411743 76.73926951479713
1.4160643243727598 103.80098715928783 76.73926951479834 1.0 21.0
1.4160643243727598 103.80098715928783 76.73926951479834
1.4160663938598321 103.80099586445826 76.73926951479713 1.0 22.0
1.4160663938598321 103.80099586445826 76.73926951479713
1.4160684633468852 103.80100456962874 76.73926951479713 1.0 23.0
1.4160684633468852 103.80100456962874 76.73926951479713
1.4160703664129657 103.8010133094548 76.95566322941907 1.0 24.0
1.4160703664129657 103.8010133094548 76.95566322941907
