480874199
1.412367394229864 103.80644193866911 337.62283057832894
1.4123757343088685 103.80643852198165 337.62283057832883
1.412384074387847 103.80643510529413 337.62283057832883
1.412392414466799 103.80643168860657 337.62283057832883
1.4124007545457236 103.80642827191895 337.62283057832883
1.4124090946246222 103.80642485523128 337.62283057832894
1.4124174347034943 103.80642143854358 337.62283057832894
1.4124257747823399 103.80641802185583 337.62283057832894
1.4124341148611594 103.80641460516804 337.62283057832894
1.4124424549399515 103.80641118848021 337.62283057832894
1.412450795018718 103.80640777179232 337.62283057832883
1.4124591350974578 103.80640435510439 337.62283057832883
1.4124674751761708 103.80640093841643 337.62283057832883
1.4124758152548575 103.8063975217284 337.62283057832883
1.4124841553335177 103.80639410504034 337.62283057832883
1.4124924954121514 103.80639068835224 337.62283057832894
1.4125008354907589 103.80638727166406 337.62283057832894
1.4125091755693393 103.80638385497585 337.62283057832894
1.4125175156478937 103.80638043828763 337.62283057832894
1.4125258557264218 103.80637702159933 337.62283057832894
1.4125341958049227 103.80637360491099 337.62283057832883
1.4125425358833972 103.8063701882226 337.62283057832883
1.4125508759618453 103.80636677153419 337.62283057832894
1.4125592160402674 103.80636335484573 337.62283057832894
1.4125675561186624 103.8063599381572 337.62283057832894
1.4125758961970312 103.80635652146864 337.62283057832894
1.412584236275373 103.80635310478003 337.62283057832894
1.412592576353689 103.80634968809137 337.62283057832883
1.4126009164319786 103.80634627140269 337.62283057832883
1.412609256510241 103.80634285471395 337.62283057832883
1.4126175965884769 103.80633943802515 337.62283057832883
1.4126259366666871 103.80633602133632 337.62283057832883
1.4126342767448703 103.80633260464744 337.62283057832894
1.4126426168230268 103.80632918795851 337.62283057832894
1.4126509569011574 103.80632577126953 337.62283057832894
1.412659296979261 103.80632235458054 337.62283057832894
1.4126676370573383 103.80631893789148 337.6228305783277
1.4126759771353892 103.80631552120236 337.62283057832883
1.4126843172134131 103.80631210451321 337.6228305783276
1.412692657291411 103.80630868782401 337.6228305783276
1.4127009973693823 103.80630527113479 337.6228305783277
1.4127093374473267 103.80630185444548 337.62283057832894
1.4127176775252452 103.80629843775617 337.6228305783277
1.4127260176031369 103.80629502106679 337.62283057832894
1.412734357681002 103.80629160437736 337.62283057832894
1.412742697758841 103.8062881876879 337.62283057832883
1.412751037836653 103.80628477099837 337.62283057832883
1.4127593779144392 103.80628135430882 337.62283057832883
1.412767717992199 103.80627793761923 337.62283057832883
1.4127760580699313 103.80627452092959 337.62283057832894
1.4127843981476373 103.80627110423988 337.62283057832883
1.4127927382253171 103.80626768755015 337.62283057832894
1.4128010783029705 103.80626427086038 337.62283057832894
1.4128094183805975 103.80626085417053 337.62283057832894
1.4128177584581971 103.80625743748067 337.62283057832883
1.4128260985357712 103.80625402079075 337.62283057832894
1.4128344386133187 103.80625060410078 337.62283057832883
1.4128427786908393 103.80624718741078 337.62283057832894
1.4128511187683337 103.80624377072071 337.62283057832894
1.4128594588458014 103.8062403540306 337.62283057832894
1.4128677989232425 103.80623693734046 337.62283057832894
1.4128761390006577 103.80623352065028 337.62283057832894
1.4128844790780457 103.80623010396005 337.62283057832894
1.4128928191554075 103.80622668726977 337.62283057832883
1.412901159232743 103.80622327057944 337.62283057832883
1.4129094993100515 103.80621985388906 337.62283057832883
1.4129178393873336 103.80621643719864 337.62283057832883
1.4129261794645893 103.80621302050818 337.62283057832883
1.412934519541819 103.80620960381768 337.62283057832883
1.4129428596190217 103.80620618712713 337.62283057832883
1.4129511996961976 103.80620277043653 337.62283057832883
1.4129595397733477 103.80619935374588 337.62283057832894
1.4129678798504708 103.8061959370552 337.62283057832894
1.4129762199275675 103.80619252036448 337.62283057832894
1.4129845600046378 103.80618910367369 337.62283057832906
1.4129929000816817 103.80618568698287 337.62283057832894
1.4130012401586989 103.806182270292 337.62283057832894
1.4130095802356895 103.80617885360108 337.62283057832894
1.4130179203126536 103.80617543691011 337.62283057832894
1.4130262603895916 103.80617202021911 337.62283057832883
1.413034600466503 103.80616860352806 337.62283057832894
1.4130429405433875 103.80616518683698 337.62283057832883
1.4130512806202458 103.80616177014583 337.62283057832883
1.4130596206970776 103.80615835345465 337.62283057832883
1.4130679607738827 103.8061549367634 337.62283057832883
1.413076300850662 103.80615152007213 337.62283057832883
1.4130846409274136 103.80614810338082 337.62283057832883
1.4130929810041397 103.80614468668946 337.62283057832883
1.4131013210808392 103.80614126999804 337.62283057832883
1.4131096611575114 103.80613785330658 337.62283057832883
1.413118001234158 103.80613443661507 337.62283057832894
1.4131263413107773 103.80613101992353 337.6228305783277
1.4131346813873709 103.80612760323193 337.62283057832894
1.4131430214639373 103.80612418654032 337.6228305783277
1.4131513615404774 103.80612076984862 337.6228305783277
1.4131597016169917 103.80611735315689 337.6228305783277
1.4131680416934789 103.80611393646511 337.62283057832894
1.4131763817699392 103.8061105197733 337.6228305783277
1.4131847218463736 103.80610710308143 337.62283057832894
1.413193061922781 103.80610368638952 337.62283057832894
1.413201401999162 103.80610026969757 337.62283057832883
1.413209742075517 103.80609685300557 337.62283057832883
1.4132180821518454 103.80609343631352 337.62283057832883
1.4132264222281468 103.80609001962144 337.62283057832883
1.4132347623044221 103.80608660292928 337.62283057832883
1.4132431023806709 103.80608318623712 337.62283057832883
1.413251442456893 103.80607976954488 337.62283057832883
1.4132597825330886 103.80607635285263 337.62283057832894
1.4132681226092578 103.8060729361603 337.62283057832894
1.4132764626854009 103.80606951946793 337.62283057832894
1.4132848027615168 103.80606610277553 337.62283057832894
1.4132931428376059 103.80606268608308 337.62283057832894
1.4133014829136692 103.80605926939059 337.62283057832894
1.4133098229897059 103.80605585269804 337.62283057832894
1.4133181630657161 103.80605243600546 337.62283057832894
1.4133265031416995 103.80604901931282 337.62283057832894
1.4133348432176567 103.80604560262015 337.62283057832894
1.4133431832935874 103.80604218592741 337.62283057832883
1.4133515233694918 103.80603876923465 337.62283057832883
1.413359863445369 103.80603535254183 337.62283057832883
1.4133682035212205 103.80603193584896 337.62283057832883
1.4133765435970453 103.80602851915606 337.62283057832883
1.4133848836728429 103.8060251024631 337.62283057832883
1.4133932237486144 103.80602168577012 337.62283057832883
1.4134015638243593 103.80601826907709 337.62283057832883
1.413409903900078 103.806014852384 337.62283057832906
1.4134182439757705 103.80601143569086 337.62283057832883
1.4134265840514355 103.80600801899769 337.62283057832906
1.413434924127075 103.80600460230445 337.62283057832883
1.413443264202687 103.80600118561121 337.62283057832906
1.4134516042782732 103.80599776891789 337.62283057832855
1.4134599443538332 103.80599435222453 337.62283057832906
1.4134682844293658 103.80599093553113 337.62283057832883
1.4134766245048724 103.80598751883768 337.62283057832906
1.4134849645803524 103.80598410214418 337.62283057832855
1.413493304655806 103.80598068545065 337.62283057832906
1.4135016447312327 103.80597726875708 337.62283057832883
1.4135099848066333 103.80597385206345 337.62283057832883
1.4135183248820073 103.80597043536976 337.62283057832883
1.4135266649573548 103.80596701867604 337.62283057832906
1.4135350050326756 103.80596360198227 337.62283057832883
1.4135433451079704 103.80596018528847 337.62283057832883
1.4135516851832384 103.80595676859461 337.62283057832883
1.4135600252584797 103.80595335190071 337.62283057832883
1.4135683653336943 103.80594993520677 337.62283057832786
1.4135767054088826 103.80594651851277 337.62283057832883
1.4135850454840453 103.80594310181874 337.62283057832786
1.4135933855591805 103.80593968512464 337.62283057832786
1.413601725634289 103.80593626843053 337.62283057832786
1.4136100657093718 103.80593285173634 337.62283057832883
1.4136184057844272 103.80592943504213 337.62283057832786
1.413626745859457 103.80592601834788 337.62283057832883
1.4136350859344593 103.80592260165356 337.62283057832883
1.4136434084429732 103.80591914772367 337.57031400197235
1.4136513866769373 103.80591496403655 336.4876909953745
1.4136593649108686 103.8059107803494 335.4039433239638
1.413667343144768 103.80590659666218 334.3198453659174
1.4136753213786348 103.80590241297493 333.23617300188755
1.4136832996124686 103.80589822928764 332.20621230991
1.41369127784627 103.80589404560028 332.2062123099091
1.4136992560800385 103.80588986191292 332.20621230991
1.413707234313775 103.80588567822548 332.20621230991026
1.413715212547479 103.80588149453801 332.2062123099088
1.41372319078115 103.80587731085048 332.20621230991026
1.4137311690147893 103.80587312716291 332.20621230991026
1.4137391472483951 103.8058689434753 332.2062123099091
1.4137471254819685 103.80586475978764 332.20621230991026
1.4137551037155096 103.80586057609995 332.20621230991054
1.413763081949018 103.80585639241221 332.20621230991026
1.4137710601824935 103.8058522087244 332.20621230991026
1.4137790384159372 103.80584802503657 332.20621230991026
1.413787016649348 103.8058438413487 332.20621230991026
1.4137949948827258 103.80583965766077 332.20621230991
1.4138029731160715 103.80583547397279 332.2062123099091
1.4138109513493846 103.80583129028477 332.20621230991
1.4138189295826649 103.8058271065967 332.20621230991026
1.413826907815913 103.80582292290859 332.20621230991026
1.413834886049128 103.80581873922046 332.20621230991026
1.4138428642823115 103.80581455553225 332.20621230991026
1.4138508425154612 103.805810371844 332.20621230991026
1.4138588207485792 103.80580618815571 332.20621230991026
1.4138667989816642 103.80580200446738 332.2062123099088
1.4138747772147167 103.80579782077899 332.20621230991026
1.4138827554477365 103.80579363709057 332.20621230991
1.4138907336807238 103.80578945340211 332.2062123099091
1.4138987119136788 103.80578526971358 332.20621230991026
1.4139066901466009 103.80578108602502 332.20621230991026
1.4139146683794908 103.80577690233643 332.20621230991026
1.4139226466123478 103.80577271864777 332.20621230991054
1.4139306248451724 103.80576853495909 332.20621230991026
1.4139386030779644 103.80576435127035 332.20621230991026
1.4139465813107237 103.80576016758155 332.20621230991026
1.413954559543451 103.80575598389272 332.2062123099091
1.4139625377761453 103.80575180020384 332.20621230991
1.413970516008807 103.80574761651492 332.20621230991026
1.4139784942414362 103.80574343282596 332.2062123099088
1.4139864724740323 103.80573924913695 332.20621230991026
1.4139944507065967 103.80573506544788 332.20621230991
1.414002428939128 103.80573088175879 332.2062123099091
1.4140104071716268 103.80572669806963 332.20621230991026
1.4140183854040933 103.80572251438045 332.20621230991026
1.4140263636365273 103.80571833069122 332.20621230991026
1.4140343418689283 103.80571414700192 332.20621230991054
1.4140423201012966 103.8057099633126 332.20621230991026
1.414050298333633 103.80570577962322 332.20621230991026
1.4140582765659364 103.80570159593381 332.20621230991026
1.4140662547982075 103.80569741224434 332.2062123099091
1.4140742330304457 103.80569322855483 332.20621230991
1.4140822112626517 103.80568904486528 332.20621230991026
1.4140901894948248 103.80568486117568 332.20621230991026
1.4140981677269653 103.80568067748604 332.20621230991026
1.4141061459590734 103.80567649379635 332.20621230991026
1.414114124191149 103.80567231010662 332.20621230991026
1.4141221024231918 103.80566812641683 332.20621230991026
1.4141300806552024 103.80566394272701 332.2062123099091
1.4141380588871804 103.80565975903714 332.20621230991026
1.4141460371191252 103.80565557534723 332.20621230991026
1.414154015351038 103.80565139165728 332.2062123099091
1.4141619935829182 103.80564720796724 332.20621230991026
1.414169971814766 103.8056430242772 332.20621230991
1.4141779500465805 103.80563884058712 332.20621230991026
1.414185928278363 103.80563465689697 332.20621230991
1.414193906510113 103.80563047320678 332.20621230991026
1.4142018847418298 103.80562628951655 332.20621230991026
1.4142098629735147 103.80562210582627 332.20621230991026
1.414217841205167 103.80561792213597 332.2062123099091
1.4142258194367867 103.8056137384456 332.20621230991054
1.4142337976683736 103.80560955475518 332.20621230991026
1.4142417758999282 103.80560537106471 332.2062123099088
1.4142497541314498 103.80560118737422 332.20621230991026
1.4142577323629388 103.80559700368367 332.20621230991026
1.4142657105943957 103.80559281999307 332.20621230991
1.41427368882582 103.80558863630245 332.20621230991026
1.4142816670572114 103.80558445261174 332.20621230991054
1.414289645288571 103.80558026892102 332.20621230991026
1.4142976235198967 103.80557608523024 332.20621230991
1.4143056017511908 103.80557190153942 332.2062123099091
1.414313579982452 103.80556771784858 332.20621230991026
1.4143215582136806 103.80556353415766 332.20621230991
1.4143295364448767 103.8055593504667 332.2062123099091
1.4143375146760409 103.8055551667757 332.20621230991054
1.4143454929071715 103.80555098308464 332.20621230991026
1.4143534711382697 103.80554679939357 332.2062123099091
1.4143614493693357 103.80554261570242 332.20621230991026
1.414368957326833 103.80553767833008 331.07385809901456
1.4143762765297059 103.80553243845124 329.4834614575051
1.414383595732537 103.80552719857236 327.8911330690263
1.4143909149353286 103.80552195869343 326.2993297984025
1.4143982341380787 103.80551671881446 324.7105036577559
1.4144055533407898 103.80551147893546 324.2563322466631
1.4144128725434593 103.80550623905641 324.25633224666205
1.4144201917460881 103.80550099917733 324.25633224666205
1.4144275109486775 103.8054957592982 324.25633224666205
1.4144348301512257 103.80549051941902 324.2563322466631
1.414442149353735 103.8054852795398 324.25633224666205
1.4144494685562017 103.80548003966054 324.2563322466624
1.4144567877586296 103.80547479978122 324.2563322466634
1.414464106961016 103.8054695599019 324.25633224666205
1.4144714261633624 103.80546432002251 324.2563322466624
1.4144787453656678 103.80545908014307 324.25633224666205
1.4144860645679336 103.80545384026358 324.2563322466631
1.4144933837701585 103.80544860038407 324.25633224666166
1.414500702972343 103.80544336050453 324.2563322466631
1.414508022174487 103.80543812062491 324.25633224666205
1.414515341376591 103.80543288074527 324.2563322466624
1.4145226605786538 103.8054276408656 324.25633224666205
1.4145299797806765 103.80542240098589 324.2563322466624
1.4145372989826588 103.80541716110612 324.2563322466624
1.414544618184601 103.8054119212263 324.25633224666205
1.4145519373865019 103.80540668134644 324.2563322466631
1.414559256588363 103.80540144146657 324.25633224666205
1.4145665757901835 103.80539620158662 324.2563322466631
1.4145738949919635 103.80539096170664 324.25633224666205
1.4145812141937029 103.80538572182661 324.2563322466631
1.414588533395402 103.80538048194656 324.25633224666205
1.4145958525970608 103.80537524206646 324.2563322466624
1.4146031717986787 103.80537000218631 324.2563322466624
1.4146104910002564 103.80536476230614 324.25633224666205
1.4146178102017937 103.8053595224259 324.2563322466624
1.414625129403291 103.80535428254562 324.25633224666205
1.4146324486047475 103.80534904266531 324.2563322466631
1.414639767806163 103.80534380278495 324.25633224666166
1.4146470870075385 103.80533856290455 324.2563322466631
1.4146544062088733 103.8053333230241 324.25633224666205
1.4146617254101677 103.80532808314362 324.2563322466624
1.4146690446114218 103.8053228432631 324.25633224666205
1.4146763638126358 103.80531760338253 324.2563322466634
1.4146836830138088 103.80531236350191 324.2563322466624
1.414691002214942 103.80530712362126 324.2563322466624
1.4146983214160338 103.80530188374057 324.2563322466627
1.414705640617086 103.80529664385985 324.25633224666205
1.4147129598180972 103.80529140397906 324.25633224666205
1.4147202790190685 103.80528616409825 324.25633224666205
1.4147275982199987 103.80528092421739 324.2563322466627
1.4147349174208887 103.80527568433648 324.2563322466624
1.4147422366217384 103.80527044445553 324.2563322466624
1.4147495558225471 103.80526520457452 324.2563322466624
1.4147568750233157 103.8052599646935 324.2563322466631
1.4147641942240443 103.80525472481243 324.2563322466624
1.414771513424732 103.80524948493131 324.2563322466624
1.414778832625379 103.80524424505015 324.2563322466631
1.4147861518259863 103.80523900516897 324.25633224666166
1.4147934710265526 103.80523376528771 324.25633224666205
1.4148007902270785 103.80522852540643 324.25633224666205
1.4148081094275637 103.8052232855251 324.2563322466631
1.4148154286280092 103.80521804564373 324.25633224666205
1.4148227478284128 103.80521280576231 324.2563322466634
1.4148300670287777 103.80520756588086 324.2563322466624
1.414836988072404 103.80520182315746 323.4386756742839
1.4148438360376727 103.8051959881416 322.4701267995932
1.414850684002897 103.80519015312574 321.50121506427007
1.414857531968077 103.80518431810982 320.532494421695
1.4148643799332126 103.80517848309384 319.56451817026397
1.414871227898303 103.80517264807784 319.4145082364865
1.4148780758633497 103.80516681306182 319.41450823648694
1.4148849238283518 103.80516097804575 319.41450823648694
1.4148917717933092 103.80515514302962 319.4145082364865
1.4148986197582227 103.80514930801347 319.41450823648694
1.4149054677230917 103.80514347299727 319.41450823648694
1.4149123156879155 103.80513763798105 319.41450823648694
1.4149191636526957 103.80513180296477 319.4145082364875
1.4149260116174307 103.80512596794846 319.4145082364879
1.4149328595821222 103.80512013293212 319.4145082364879
1.414939707546769 103.80511429791574 319.4145082364879
1.4149465555113705 103.8051084628993 319.4145082364875
1.4149534034759288 103.80510262788283 319.41450823648694
1.414960251440442 103.80509679286635 319.41450823648694
1.4149670994049104 103.8050909578498 319.41450823648694
1.4149739473693346 103.80508512283322 319.4145082364865
1.414980795333715 103.8050792878166 319.41450823648694
1.4149876432980497 103.80507345279995 319.41450823648694
1.4149944912623411 103.80506761778325 319.41450823648694
1.4150013392265877 103.80506178276651 319.4145082364865
1.4150081871907896 103.80505594774974 319.41450823648694
1.4150150351549478 103.80505011273293 319.41450823648694
1.4150218831190606 103.80504427771606 319.41450823648694
1.4150287310831298 103.80503844269919 319.4145082364875
1.4150355790471538 103.80503260768225 319.4145082364879
1.415042427011134 103.8050267726653 319.41450823648694
1.4150492749750696 103.8050209376483 319.41450823648694
1.4150561229389604 103.80501510263124 319.4145082364875
1.4150629709028069 103.80500926761415 319.41450823648694
1.415069818866609 103.80500343259703 319.41450823648694
1.415076666830367 103.80499759757987 319.4145082364879
1.41508351479408 103.80499176256268 319.4145082364875
1.4150903627577487 103.80498592754543 319.41450823648694
1.4150972107213737 103.80498009252817 319.41450823648694
1.415104058684953 103.80497425751084 319.41450823648694
1.4151109066484886 103.80496842249349 319.4145082364865
1.4151177546119795 103.8049625874761 319.41450823648694
1.4151246025754258 103.80495675245865 319.41450823648694
1.4151314505388282 103.80495091744119 319.41450823648694
1.4151382985021856 103.80494508242369 319.4145082364865
1.4151451464654992 103.80493924740612 319.41450823648694
1.4151519944287678 103.80493341238855 319.41450823648694
1.4151588423919919 103.80492757737092 319.41450823648694
1.4151656903551721 103.80492174235326 319.4145082364875
1.4151725383183074 103.80491590733557 319.4145082364879
1.415179386281398 103.80491007231782 319.4145082364879
1.4151862342444448 103.80490423730004 319.4145082364879
1.4151930822074468 103.8048984022822 319.4145082364875
1.4151999301704048 103.80489256726435 319.41450823648694
1.415206778133318 103.80488673224646 319.41450823648694
1.4152136260961863 103.80488089722853 319.41450823648694
1.4152204740590106 103.80487506221056 319.4145082364865
1.4152273220217904 103.80486922719254 319.41450823648694
1.415234169984526 103.80486339217448 319.41450823648694
1.4152410179472168 103.80485755715641 319.41450823648694
1.4152478659098635 103.80485172213825 319.4145082364865
1.415254713872465 103.8048458871201 319.41450823648694
1.4152615618350226 103.8048400521019 319.4145082364865
1.4152684097975363 103.80483421708365 319.41450823648694
1.4152752577600043 103.80482838206537 319.4145082364875
1.4152821057224292 103.80482254704705 319.4145082364879
1.4152889536848088 103.80481671202868 319.4145082364879
1.415295801647144 103.80481087701028 319.4145082364879
1.4153026496094347 103.80480504199184 319.4145082364875
1.4153094975716811 103.80479920697336 319.41450823648694
1.415316345533883 103.80479337195484 319.4145082364865
1.4153231934960404 103.8047875369363 319.4145082364865
1.4153300414581538 103.8047817019177 319.41450823648694
1.415336889420222 103.80477586689906 319.41450823648694
1.4153437373822464 103.8047700318804 319.41450823648694
1.4153505853442263 103.80476419686168 319.41450823648694
1.4153574333061612 103.80475836184294 319.41450823648694
1.4153642812680522 103.80475252682415 319.41450823648694
1.415371129229898 103.80474669180532 319.4145082364865
1.4153779771917003 103.80474085678645 319.4145082364875
1.4153848251534575 103.80473502176756 319.4145082364879
1.4153916731151708 103.80472918674862 319.4145082364879
1.415398521076839 103.80472335172963 319.4145082364879
1.4154053690384631 103.80471751671061 319.4145082364879
1.4154122170000427 103.80471168169156 319.4145082364865
1.4154190649615774 103.80470584667246 319.4145082364865
1.4154259129230686 103.80470001165332 319.4145082364865
1.4154327608845148 103.80469417663414 319.4145082364865
1.4154396088459167 103.80468834161492 319.41450823648694
1.4154464568072738 103.80468250659567 319.41450823648694
1.4154533047685862 103.80467667157639 319.41450823648734
1.415460152729855 103.80467083655707 319.4145082364865
1.4154670006910794 103.80466500153769 319.4145082364865
1.4154738486522582 103.80465916651828 319.4145082364865
1.415480696613393 103.80465333149883 319.41450823648694
1.4154875445744837 103.80464749647935 319.4145082364875
1.4154943925355297 103.80464166145983 319.41450823648836
1.4155012404965317 103.80463582644028 319.4145082364879
1.4155080884574887 103.80462999142065 319.41450823648694
1.4155149364184016 103.80462415640102 319.4145082364875
1.4155217843792696 103.80461832138134 319.4145082364865
1.4155286323400933 103.80461248636163 319.4145082364865
1.4155352846792963 103.8046064458128 319.05318679126947
1.4155415298814888 103.80459997750704 317.9387765812474
1.4155477750836334 103.80459350920124 316.8233734060664
1.4155540202857302 103.80458704089538 315.7078218627372
1.4155602654877781 103.80458057258951 314.5929672222438
1.4155665106897786 103.80457410428362 313.84075133996816
1.4155727558917306 103.80456763597768 313.8407513399677
1.4155790010936349 103.80456116767171 313.84075133996726
1.4155852462954905 103.8045546993657 313.84075133996726
1.4155914914972987 103.80454823105966 313.84075133996765
1.4155977366990584 103.80454176275359 313.84075133996726
1.41560398190077 103.80453529444748 313.84075133996816
1.4156102271024338 103.80452882614134 313.8407513399686
1.415616472304049 103.80452235783518 313.84075133996816
1.4156227175056162 103.80451588952897 313.8407513399686
1.415628962707136 103.80450942122272 313.84075133996726
1.4156352079086068 103.80450295291645 313.8407513399677
1.4156414531100299 103.80449648461015 313.84075133996726
1.4156476983114048 103.80449001630382 313.84075133996726
1.4156539435127318 103.80448354799744 313.8407513399677
1.4156601887140103 103.80447707969103 313.8407513399686
1.415666433915241 103.80447061138459 313.84075133996765
1.4156726791164236 103.8044641430781 313.8407513399686
1.415678924317558 103.80445767477161 313.8407513399686
1.4156851695186448 103.80445120646507 313.8407513399686
1.415691414719683 103.8044447381585 313.8407513399686
1.415697659920673 103.8044382698519 313.8407513399686
1.4157039051216147 103.80443180154523 313.8407513399677
1.415710150322509 103.80442533323857 313.8407513399686
1.4157163955233547 103.80441886493188 313.84075133996674
1.4157226407241525 103.80441239662514 313.84075133996674
1.415728885924902 103.80440592831836 313.8407513399677
1.4157351311256037 103.80439946001155 313.84075133996765
1.4157413763262572 103.8043929917047 313.84075133996674
1.4157476215268625 103.80438652339784 313.8407513399686
1.4157538667274199 103.80438005509093 313.8407513399686
1.4157601119279288 103.80437358678398 313.84075133996765
1.4157663571283896 103.80436711847702 313.8407513399686
1.4157726023288024 103.80436065017001 313.8407513399677
1.415778847529167 103.80435418186296 313.8407513399677
1.4157850927294837 103.80434771355588 313.8407513399677
1.4157913379297524 103.80434124524878 313.8407513399677
1.4157975831299732 103.80433477694164 313.8407513399677
1.4158038283301455 103.80432830863448 313.8407513399686
1.4158100735302694 103.80432184032726 313.84075133996765
1.4158163187303456 103.80431537202003 313.84075133996765
1.4158225639303739 103.80430890371274 313.8407513399686
1.4158288091303537 103.80430243540543 313.84075133996765
1.4158350543302853 103.8042959670981 313.84075133996765
1.415841299530169 103.80428949879072 313.8407513399686
1.4158475447300052 103.80428303048332 313.8407513399677
1.415853789929792 103.80427656217587 313.8407513399677
1.4158600351295316 103.8042700938684 313.8407513399677
1.415866280329223 103.80426362556089 313.8407513399677
1.4158725255288664 103.80425715725335 313.8407513399677
1.4158787707284615 103.80425068894577 313.8407513399686
1.415885015928008 103.80424422063817 313.84075133996765
1.415891261127507 103.80423775233054 313.8407513399686
1.4158975063269579 103.80423128402283 313.8407513399686
1.4159037515263606 103.80422481571513 313.84075133996674
1.4159099967257145 103.80421834740739 313.84075133996765
1.415916241925021 103.80421187909961 313.8407513399677
1.4159224871242795 103.80420541079181 313.84075133996674
1.4159287323234897 103.80419894248395 313.8407513399677
1.4159349775226517 103.80419247417608 313.8407513399686
1.4159412227217656 103.80418600586817 313.8407513399677
1.415947467920831 103.80417953756023 313.8407513399686
1.4159537131198492 103.80417306925226 313.8407513399686
1.4159599583188187 103.80416660094424 313.84075133996765
1.4159662035177403 103.8041601326362 313.8407513399686
1.4159724487166132 103.80415366432813 313.8407513399686
1.4159786939154388 103.80414719602001 313.84075133996674
1.415984939114216 103.80414072771187 313.8407513399686
1.415991184312945 103.8041342594037 313.8407513399677
1.4159974295116262 103.8041277910955 313.84075133996674
1.4160036747102587 103.80412132278724 313.8407513399677
1.4160099199088436 103.80411485447897 313.8407513399686
1.416016068255341 103.8041082995698 313.6753130432942
1.4160218858700406 103.8041014489347 312.9446398208164
1.4160277034846898 103.80409459829957 312.2136636737832
1.4160335210992891 103.80408774766441 311.48262243904276
1.4160393387138388 103.80408089702925 310.7517540805175
1.4160451563283383 103.80407404639404 310.18670405175186
1.4160509739427882 103.80406719575879 310.18670405175186
1.4160567915571882 103.80406034512353 310.18670405175186
1.416062609171538 103.80405349448823 310.18670405175186
1.4160684267858386 103.8040466438529 310.18670405175186
1.4160742444000889 103.80403979321756 310.1867040517528
1.416080062014289 103.80403294258217 310.1867040517527
1.4160858796284395 103.80402609194675 310.18670405175186
1.4160916972425401 103.80401924131131 310.1867040517528
1.4160975148565906 103.80401239067584 310.1867040517527
1.4161033324705918 103.80400554004034 310.18670405175186
1.416109150084543 103.8039986894048 310.18670405175186
1.4161149676984441 103.80399183876924 310.18670405175186
1.4161207853122948 103.80398498813365 310.18670405175084
1.4161266029260962 103.80397813749805 310.18670405175186
1.4161324205398471 103.80397128686238 310.1867040517527
1.416138238153549 103.8039644362267 310.1867040517528
1.4161440557672007 103.80395758559101 310.1867040517527
1.4161498733808024 103.80395073495528 310.1867040517537
1.4161556909943545 103.80394388431951 310.18670405175186
1.416161508607856 103.80393703368372 310.18670405175186
1.416167326221308 103.8039301830479 310.18670405175186
1.4161731438347103 103.80392333241203 310.18670405175186
1.4161789614480627 103.80391648177614 310.18670405175186
1.416184779061365 103.80390963114023 310.1867040517527
1.4161905966746176 103.8039027805043 310.18670405175186
1.41619641428782 103.80389592986833 310.1867040517527
1.4162022319009726 103.80388907923233 310.18670405175186
1.4162080495140756 103.80388222859631 310.18670405175186
1.4162138671271285 103.80387537796025 310.18670405175203
1.4162196847401312 103.80386852732416 310.1867040517528
1.4162255023530843 103.80386167668804 310.18670405175186
1.4162313199659882 103.80385482605192 310.1867040517527
1.4162371375788407 103.80384797541574 310.18670405175186
1.4162429551916444 103.80384112477954 310.1867040517527
1.416248772804398 103.8038342741433 310.18670405175084
1.4162545904171013 103.80382742350704 310.18670405175186
1.4162604080297554 103.80382057287075 310.18670405175203
1.4162662256423588 103.80381372223441 310.1867040517528
1.4162720432549132 103.80380687159807 310.18670405175186
1.4162778608674171 103.80380002096169 310.1867040517527
1.4162836784798707 103.8037931703253 310.18670405175186
1.4162894960922754 103.80378631968885 310.1867040517527
1.4162953137046295 103.80377946905239 310.18670405175084
1.4163011313169338 103.8037726184159 310.18670405175186
1.4163069489291884 103.80376576777937 310.18670405175203
1.4163127665413935 103.80375891714283 310.1867040517528
1.416318584153548 103.80375206650622 310.18670405175186
1.4163244017656529 103.80374521586963 310.1867040517527
1.4163302193777079 103.80373836523299 310.18670405175186
1.4163360369897127 103.80373151459632 310.1867040517527
1.4163418546016682 103.8037246639596 310.18670405175084
1.4163476722135733 103.80371781332288 310.18670405175186
1.4163534898254286 103.80371096268614 310.1867040517528
1.416359307437234 103.80370411204933 310.1867040517528
1.4163651250489895 103.80369726141252 310.18670405175186
1.416370942660695 103.80369041077569 310.1867040517527
1.416376760272351 103.8036835601388 310.18670405175186
1.4163825778839565 103.8036767095019 310.18670405175186
1.4163883954955125 103.80366985886496 310.1867040517527
1.4163942131070186 103.803663008228 310.18670405175186
1.4164000307184748 103.80365615759102 310.1867040517528
1.4164058483298805 103.80364930695399 310.1867040517528
1.4164116659412374 103.80364245631692 310.18670405175186
1.4164174835525438 103.80363560567986 310.18670405175084
1.4164233011637999 103.80362875504275 310.1867040517527
1.4164291187750067 103.8036219044056 310.18670405175186
1.4164349363861635 103.80361505376843 310.1867040517527
1.4164407539972703 103.80360820313123 310.18670405175186
1.416446571608327 103.80360135249401 310.1867040517528
1.4164523892193341 103.80359450185676 310.18670405175203
1.4164582068302911 103.80358765121947 310.1867040517527
1.4164640244411986 103.80358080058217 310.18670405175084
1.4164698420520554 103.80357394994482 310.1867040517527
1.4164756596628632 103.80356709930744 310.18670405175186
1.4164814772736207 103.80356024867005 310.1867040517527
1.4164872948843281 103.80355339803262 310.186704051751
1.416493112494985 103.80354654739517 310.1867040517528
1.4164989301055935 103.80353969675767 310.18670405175186
