33795727#1
1.416415617567298 103.80109503473756 31.009433120409074
1.4164218738431362 103.80109876689554 31.009433120409074
1.416426688344477 103.80110163896832 31.009433120409074
1.4164336949755814 103.80110581874791 31.00943312040935
1.4164404463852227 103.80110984627613 31.009433120408676
1.4164458962149236 103.80111309735169 31.0094331204084
1.4164533329934637 103.80111753373414 31.00943312040935
1.4164575895701303 103.80112007297907 31.009433120409074
1.4164641150449575 103.80112396572672 31.00943312040935
1.4164695489236803 103.8011272072868 31.00943312040935
1.4164764897343758 103.80113134780152 31.009433120409074
1.4164817750765402 103.80113450075267 31.00943312040935
1.416488137640963 103.80113829631674 31.00943312040935
1.416495886924885 103.80114291912318 31.009433120409074
1.4165000472558869 103.80114540095312 31.009433120409074
1.4165053477181422 103.80114856292411 31.009433120409074
1.4165093408816694 103.80115094503094 31.009433120409632
1.4165142741711894 103.80115388796642 31.009433120409074
1.4165190412568096 103.80115673175358 31.009433120409074
1.4165235172797976 103.80115940190841 31.009433120409632
1.416529649741193 103.80116306020541 31.009433120409074
1.4165370349685071 103.80116746583526 31.0094331204084
1.4165437959071645 103.80117149904805 31.009433120409074
1.4165488036911453 103.80117448642294 31.009433120409074
1.4165552307065539 103.80117832043504 31.009433120409074
1.416559871774877 103.8011810890471 31.009433120409074
1.4165656234500121 103.8011845201875 31.009433120409074
1.416572674714327 103.801188726593 31.009433120409074
1.4165801485827103 103.80119318510137 31.009433120409074
1.4165841480199537 103.8011955709508 31.009433120409632
1.4165914240754698 103.80119991145466 31.009433120409074
1.4165979523454972 103.80120380586987 31.009433120409074
1.4166054806912514 103.80120829687657 31.009433120409074
1.4166113200256398 103.8012117803098 31.009433120409074
1.4166162458430562 103.80121471878788 31.0094331204084
1.4166207824605666 103.8012174250902 31.009433120409074
1.4166266263394487 103.80122091123445 31.0094331204084
1.4166307654065013 103.80122338037953 31.009433120409074
1.416637446244518 103.80122736580863 31.009433120409074
1.41664419901077 103.80123139414628 31.009433120409074
1.4166518941246566 103.80123598463791 31.009433120409074
1.4166592704590009 103.80124038496281 31.0094331204084
1.416664138303031 103.80124328885711 31.009433120409074
1.4166705565873419 103.8012471176608 31.009433120409074
1.416677411952931 103.80125120720373 31.0094331204084
1.4166821846776365 103.80125405435497 31.009433120409074
1.416687933662808 103.80125748389075 31.009433120408957
1.4166933526344008 103.80126071655818 31.009433120409074
1.416699404730899 103.80126432691391 31.0094331204084
1.4167068790077562 103.8012687856661 31.009433120409074
1.416711302657416 103.8012714245779 31.009433120409074
1.416718251212471 103.80127556971269 31.009433120409632
1.4167258726519143 103.80128011625416 31.009433120409074
1.4167322637760278 103.8012839288556 31.009433120409074
1.4167381751190762 103.80128745524543 31.009433120409074
1.4167437902274664 103.80129080491754 31.009433120409074
1.4167510731453272 103.80129514951525 31.009433120409074
1.41675519101212 103.80129760601346 31.009433120409074
1.416760923916757 103.80130102595652 31.009433120409074
1.4167669357493484 103.80130461229302 31.009433120408957
1.416772495790195 103.80130792911481 31.009433120409632
1.4167791216937353 103.8013118817731 31.009433120409074
1.4167845955104619 103.80131514715823 31.009433120409074
1.4167897341007814 103.8013182125653 31.009433120409074
1.4167966968849788 103.8013223661885 31.009433120408957
1.4168033215824345 103.8013263181273 31.009433120409632
1.4168076704717512 103.80132891244116 31.009433120409074
1.416813025377887 103.80133210689064 31.009433120409074
1.4168198194710193 103.80133615988183 31.009433120409632
1.4168273435045657 103.80134064831626 31.009433120409074
1.4168322402162616 103.80134356943157 31.009433120409632
1.4168373566750943 103.8013466216362 31.0094331204084
1.416842352656995 103.80134960197078 31.009433120409074
1.4168494324621086 103.8013538254024 31.009433120409632
1.416853959755833 103.80135652614277 31.0094331204084
1.4168581502816384 103.8013590259855 31.009433120409074
1.416862323074156 103.80136147771549 30.968403669906024
1.4168675568561517 103.8013645198989 30.880941678161157
1.4168752082217657 103.80136896732479 30.75307778128584
1.4168802645373697 103.80137190635425 30.668579957840535
1.4168858007834797 103.8013751243477 30.576061937855314
1.416890762987623 103.801378008674 30.49313738196982
1.41689628995671 103.80138122127511 30.40077586002966
1.4169020112522352 103.80138454683023 30.357070996973274
1.4169082370129156 103.8013881656103 30.357070996972052
1.4169143848214618 103.80139173907999 30.357070996973274
1.416918293687149 103.80139401114377 30.357070996973274
1.4169229006224875 103.80139668896688 30.357070996972613
1.416928265266259 103.80139980721492 30.357070996972613
1.4169341022321886 103.80140320000451 30.357070996973274
1.4169417372559647 103.80140763793163 30.357070996973274
1.4169488818622586 103.80141179079912 30.357070996972613
1.4169538849792833 103.80141469890646 30.357070996972613
1.4169590623504065 103.80141770830058 30.3570709969727
1.4169646483382425 103.8014209552069 30.357070996972613
1.4169692081956966 103.8014236056656 30.357070996973274
1.4169760998601542 103.80142761150833 30.357070996973274
1.4169812987181434 103.80143063339192 30.357070996972613
1.4169867522918043 103.8014338033313 30.357070996973274
1.4169906716281218 103.80143608148124 30.357070996972613
1.4169977570224521 103.80144019993128 30.357070996973274
1.4170040406330686 103.80144385233721 30.357070996973274
1.4170101251629839 103.8014473890257 30.357070996972613
1.417015756200677 103.80145066211767 30.357070996973274
1.417020406578422 103.80145336519213 30.357070996972613
1.4170244647820038 103.80145572405996 30.357070996972613
1.4170302382962563 103.80145907996776 30.357070996973274
1.4170370712899523 103.80146305170764 30.357070996972613
1.417042974863484 103.80146648321359 30.357070996972613
1.4170474115271157 103.80146906206478 30.357070996973274
1.4170541757393105 103.8014729938248 30.357070996973274
1.417058796817219 103.80147567986847 30.357070996972613
1.4170656085064144 103.80147963922495 30.357070996972052
1.4170726682286834 103.8014837427529 30.357070996972613
1.4170784073116454 103.80148707864723 30.357070996972613
1.4170835941403235 103.8014900935387 30.357070996972613
1.4170913057061594 103.80149457595671 30.357070996973274
1.4170971387282307 103.80149796645398 30.357070996973274
1.4171018119724141 103.8015006828198 30.357070996972613
1.4171065758058592 103.80150345184148 30.357070996973274
1.4171113743673827 103.80150624104915 30.357070996972613
1.417116606024289 103.80150928199745 30.357070996972613
1.4171234221892328 103.80151324395554 30.357070996972052
1.417130776462827 103.80151751869418 30.357070996972613
1.417135825592506 103.80152045354689 30.357070996972613
1.417139856089116 103.80152279630985 30.357070996973274
1.4171469272977697 103.80152690651443 30.357070996972613
1.4171541625175368 103.80153111205196 30.357070996972613
1.4171615732738356 103.80153541962171 30.357070996973274
1.4171676436888072 103.80153894810586 30.3570709969727
1.4171716647003243 103.80154128535553 30.357070996973274
1.4171770575838654 103.80154442001832 30.357070996973274
1.4171833468917379 103.80154807573595 30.357070996973274
1.417190457282468 103.8015522087155 30.357070996973274
1.417198140858029 103.80155667486397 30.357070996972613
1.4172044213067356 103.80156032543216 30.357070996972613
1.417209717224247 103.80156340373259 30.357070996973274
1.4172152918968501 103.80156664406196 30.357070996972613
1.4172201290881965 103.80156945572364 30.357070996972613
1.4172244795362332 103.80157198446129 30.357070996972613
1.417228820904987 103.80157450792154 30.357070996973274
1.4172337668735655 103.80157738281099 30.357070996973274
1.4172407193277867 103.80158142398854 30.357070996972613
1.4172463232812684 103.8015846813377 30.357070996973274
1.4172539792807899 103.80158913145739 30.357070996973274
1.4172594180006493 103.80159229276302 30.357070996972613
1.4172657750491415 103.80159598785556 30.357070996973274
1.4172727694382456 103.80160005340818 30.3570709969727
1.4172772683509312 103.8016026684423 30.357070996972613
1.4172832113352034 103.80160609296736 30.32417734358788
1.417289097119418 103.80160933509403 30.127131097604114
1.4172969833010896 103.80161367912005 29.863099679578358
1.4173021573815483 103.80161652921167 29.68986553856728
1.4173084141738062 103.8016199757045 29.480381385242488
1.417314732241067 103.80162345595005 29.268851518013708
1.417320621199766 103.80162669982535 29.07169861243785
1.4173272888632333 103.80163037264256 29.032784525147378
1.417333574557203 103.80163383505563 29.032784525147378
1.4173397186108305 103.80163721944749 29.032784525146745
1.4173449628444057 103.80164010818228 29.032784525147378
1.4173523342427572 103.80164416864498 29.032784525146745
1.4173575761532458 103.80164705610011 29.032784525147378
1.4173649499976293 103.80165111791021 29.032784525147378
1.4173704913163374 103.80165417029146 29.032784525146745
1.4173763142530635 103.80165737779922 29.032784525147378
1.4173832120778342 103.80166117739856 29.032784525146745
1.4173895893119934 103.80166469023567 29.032784525146745
1.4173964155785348 103.80166845041788 29.032784525146745
1.4174035837113965 103.8016723989138 29.032784525146745
1.417408664201323 103.80167519745203 29.032784525146745
1.4174149989494191 103.8016786868861 29.032784525147378
1.4174216292814141 103.80168233913969 29.032784525146745
1.4174273868951528 103.80168551066497 29.032784525147378
1.417431977613998 103.80168803941757 29.032784525146745
1.4174393480242604 103.80169209933605 29.032784525147378
1.4174456164315434 103.80169555222696 29.032784525147378
1.4174523773483385 103.80169927641192 29.032784525147378
1.4174568981293647 103.80170176664 29.032784525146745
1.4174621349943188 103.80170465131589 29.032784525146745
1.417469870433234 103.80170745716417 27.40587449508899
1.417475571256109 103.80170922648506 25.866847407889352
1.4174803766276778 103.80171071789157 24.566478199734373
1.4174847093239666 103.80171206259745 23.392776540982727
1.4174899889617842 103.80171370119834 21.962437487737283
1.4174946016103034 103.80171513279086 20.714001101077017
1.4175030592516733 103.80171775772445 18.431876179869477
1.4175116589124122 103.8017193710627 16.089841858435335
1.417520455847346 103.80172093219946 14.662567345947382
1.4175270917468472 103.80172210983085 13.585081202147656
1.4175343703476642 103.80172340151836 12.403413727572596
1.4175405295396535 103.80172449455141 11.404344870394542
1.4175491132132474 103.80172524920552 9.190359962145115
1.4175574536868394 103.8017255646747 7.723885484125926
1.4175655050700338 103.80172586920932 6.306301705408016
1.4175744361252864 103.80172620701654 4.733733849973011
1.4175802831837556 103.801726428175 3.7052258792618074
1.417586036553207 103.80172664578977 2.694751549097594
1.4175943264659185 103.80172695934642 2.209673461743814
1.4175996373559572 103.80172716022489 2.2096734617431526
1.4176049650268379 103.80172736173805 2.2096734617431526
1.4176107453024376 103.80172758037045 2.209673461743814
1.4176195422892668 103.80172791310655 2.209673461743865
1.4176259240411906 103.8017281544891 2.2096734617431526
1.417634173866666 103.80172793100044 1.527043762386864
1.4176399241421394 103.80172764948476 0.8904910249222954
1.417645352365838 103.80172738373574 0.2893188658105015
1.4176535433291915 103.8017269827315 359.38197584525875
1.417660833387309 103.80172662583277 358.5745534104941
1.4176685153330537 103.80172624974843 357.7242204531024
1.4176738608676203 103.80172598804752 357.2088782947236
1.417681140546554 103.80172563165686 357.2088782947229
1.4176862299378215 103.80172538249595 357.2088782947229
1.417691282235582 103.80172513515099 357.2088782947235
1.4177000501672758 103.80172470590001 357.2088782947235
1.4177069314255137 103.80172436901474 357.2088782947235
1.4177140806052098 103.80172288498684 355.76180984440873
1.4177210419928346 103.80172129121128 354.1576329528227
1.4177272055434924 103.80171988009658 352.7345717281026
1.4177345494288423 103.80171819875 351.03816567316784
1.4177393553830622 103.80171709845028 349.9288624472365
1.4177446339074142 103.80171588995795 348.7124131689541
1.4177531916400627 103.80171393070688 347.05422037620207
1.417760148428087 103.80171233798421 347.05422037620275
1.4177662110350873 103.80171094997992 347.05422037620207
1.4177722347457924 103.80170957088072 347.05422037620207
1.417776791702611 103.80170852758765 347.05422037620207
1.4177824816221962 103.80170722490827 347.05422037620207
1.4177888595250645 103.80170520654718 346.36015214591555
1.4177943185551714 103.8017031033906 345.29717991226505
1.41779914673399 103.80170124327695 344.3556705958706
1.4178061958174943 103.80169852753322 342.97984933069256
1.4178127882932088 103.80169598770306 341.6930805326323
1.417817565945762 103.8016941470552 340.76125704472247
1.4178250909062446 103.80169124797403 339.2961350573247
1.4178296477959573 103.80168949237768 338.83644394321186
1.4178355766117705 103.80168720823033 338.83644394321124
1.4178412025117175 103.80168504078493 338.83644394321186
1.417846719247809 103.80168291539617 338.83644394321186
1.4178516485081645 103.80168030787651 337.99314946708074
1.4178555542497941 103.8016778975611 336.9124308778469
1.4178605887242852 103.80167479068085 335.5159186168065
1.4178664930424516 103.8016711470017 333.8752017127473
1.4178719416221512 103.80166778456832 332.3605360305247
1.417878467538584 103.80166375728773 330.5486753759867
1.4178842881891045 103.80166016524153 328.93750259426713
1.4178882305256892 103.80165773234245 328.18576130218696
1.4178957252050353 103.80165310721766 328.18576130218764
1.417903394258556 103.80164837448285 328.18576130218753
1.4179102887718373 103.80164358081046 327.6017269742878
1.417915799977323 103.80163922204093 326.56253648476815
1.4179215590855632 103.80163466720701 325.4754058657218
1.4179257219817454 103.80163137480477 324.68926135656653
1.4179321444138528 103.80162629535305 323.47663588087994
1.4179371268652596 103.80162235477086 322.53668441345854
1.4179412759204013 103.80161907331527 321.75488244831695
1.41794804015193 103.80161372353687 321.51073189770807
1.4179526191660936 103.80161010202998 321.5107318977086
1.4179573943316854 103.80160632538839 321.5107318977094
1.4179613291990296 103.80160321333216 321.5107318977086
1.4179673486167468 103.80159845262109 321.5107318977086
1.4179743795323043 103.80159289192409 321.51073189770807
1.4179780251967664 103.80159000859611 321.5107318977086
1.4179837221530196 103.80158550291718 321.5107318977086
1.4179882513871267 103.80158192078068 321.5107318977086
1.4179951980328325 103.80157642673186 321.51073189770807
1.4180005622512488 103.80157218421257 321.51073189770887
1.4180053738280307 103.80156837877331 321.5107318977086
1.4180106460765758 103.80156420899223 321.51073189770887
1.4180152080887756 103.8015605044929 321.4145155836696
1.4180206981684829 103.80155458610105 319.83875649376375
1.4180242817832833 103.80155072290817 318.8078021111008
1.4180299892951957 103.80154457012091 317.16382455548813
1.418034080419766 103.80154015982447 315.9852090005516
1.4180376350273793 103.80153632790169 314.96189166742454
1.4180427978270926 103.80153076232256 313.4782052309596
1.4180476277998022 103.80152555553607 312.6966257636059
1.418052568686975 103.80152022918203 312.6966257636073
1.4180572596409058 103.8015151722599 312.6966257636073
1.418063009543338 103.80150897377453 312.69662576360633
1.418066411990241 103.80150530588318 312.6966257636073
1.4180721395712577 103.80149913146056 312.69662576360685
1.4180770833982363 103.80149380193706 312.69662576360685
1.4180831727575616 103.80148723751157 312.69662576360685
1.4180882602228966 103.80148175314355 312.69662576360685
1.4180914405830705 103.80147832466498 312.69662576360633
1.418095942534547 103.80147347149006 312.69662576360685
1.418100449298038 103.80146861312768 312.6966257636073
1.4181051227824362 103.80146357503746 312.6966257636073
1.4181107034413052 103.80145755899875 312.69662576360685
1.4181165122300983 103.80145129703226 312.6966257636073
1.4181218345016688 103.80144555953899 312.6966257636073
1.4181278310327052 103.80143909518324 312.69662576360633
1.418133444470423 103.8014330438081 312.6966257636073
1.4181366302677156 103.80142960946792 312.6966257636073
1.4181402943951178 103.80142565948024 312.69662576360685
1.418144131216084 103.80142152332611 312.6966257636073
1.4181475750396377 103.80141781082942 312.6966257636073
1.4181525173638634 103.80141248292509 312.69662576360633
1.4181574693496952 103.80140714460534 312.6966257636073
1.4181621731010685 103.80140207388624 312.6966257636059
1.4181672490778099 103.80139660190217 312.6966257636073
1.4181729441833941 103.80139046248728 312.6966257636073
1.4181783899086402 103.80138459190829 312.6966257636073
1.418183128635183 103.80137948348518 312.6966257636073
1.4181862610690024 103.80137610667131 312.6966257636073
1.4181903547476693 103.80137169362007 312.6966257636073
1.4181953101093023 103.8013663516607 312.6966257636073
1.418198982595833 103.80136239266129 312.69662576360685
1.4182046062174456 103.80135633030682 312.6966257636073
1.4182096761460923 103.80135086484223 312.6966257636073
1.4182157322334632 103.8013443362826 312.6966257636073
1.418219353827863 103.80134043214552 312.6966257636073
1.418223479431179 103.80133598467867 312.69662576360685
1.4182295406296113 103.80132945060905 312.69662576360685
1.4182340081977494 103.80132463449853 312.6966257636073
1.4182381041965997 103.80132021894563 312.6966257636073
1.4182433027679253 103.80131461480177 312.69662576360685
1.4182493741868927 103.80130806971397 312.6966257636073
1.4182529859311237 103.80130417619526 312.69662576360633
1.418258757393795 103.80129795446507 312.6966257636073
1.4182648248012084 103.80129141370156 312.6966257636073
1.4182693337172223 103.801286553017 312.6966257636073
1.4182748800302665 103.80128057400154 312.6966257636073
1.4182804218072085 103.80127459987602 312.6966257636073
1.4182835174489368 103.80127126272392 312.69662576360685
1.4182869884768252 103.80126752089943 312.6966257636073
1.4182926569311225 103.80126141021351 312.6966257636073
1.418296466782822 103.80125730313137 312.6966257636073
1.4182999055197931 103.80125359611691 312.69662576360633
1.4183048362704809 103.80124828068732 312.6966257636073
1.4183092745965826 103.80124349609943 312.6966257636073
1.4183139431306881 103.80123846334348 312.6966257636073
1.4183185012212718 103.80123354964742 312.69662576360685
1.418323898566601 103.801227731221 312.69662576360685
1.4183290096894516 103.80122222134699 312.6966257636073
1.4183344473396122 103.80121635947116 312.69662576360633
1.418337934332898 103.8012126004353 312.69662576360685
1.4183417613915728 103.80120847480337 312.69662576360685
1.4183466522557604 103.80120320237162 312.69662576360633
1.418350132428649 103.80119945068819 312.6966257636073
1.4183549665795427 103.8011942393942 312.6966257636073
1.4183581208645586 103.80119083902316 312.6966257636073
1.4183624234322103 103.80118620078457 312.6966257636073
1.4183677266034302 103.80118048387882 312.6966257636073
1.4183712095088876 103.80117672924946 312.6966257636073
1.418375646555126 103.8011719460406 312.69662576360633
1.4183793417446693 103.80116796256543 312.6966257636073
1.418382948715961 103.80116407419098 312.6966257636073
1.418388561261113 103.80115802377478 312.6966257636073
1.4183940588592638 103.80115209727327 312.6966257636073
1.4183995208725684 103.80114620913278 312.6966257636073
1.4184041901172364 103.80114117560989 312.6966257636073
1.4184080708566873 103.80113699210862 312.6966257636073
1.418413413677552 103.80113123245933 312.69662576360633
1.418418754776425 103.80112547466635 312.6966257636073
1.4184244807253967 103.80111930199853 312.69662576360633
1.4184293262352914 103.80111407845851 312.6966257636071
1.418434850361711 103.80110812335859 312.6966257636073
1.4184408345357349 103.80110167231966 312.6966257636071
1.418445421639486 103.8010967273456 312.6966257636073
1.4184499489140685 103.80109184686835 312.6966257636071
1.4184552029735202 103.80108618290485 312.6966257636073
1.418459271759066 103.80108179668632 312.69662576360633
1.4184642864217678 103.8010763907964 312.69662576360633
1.4184693861708848 103.80107089318184 312.6966257636061
1.4184733711712603 103.80106659728499 312.6966257636073
1.4184786165079062 103.80106094272455 312.6966257636073
1.418483541015334 103.80105563402329 312.69662576360633
1.418488238054806 103.80105057053625 312.69662576360633
1.418491983004419 103.80104653341796 312.6966257636073
1.4184967172551577 103.80104142981645 312.6966257636073
1.4184999767115738 103.80103791606787 312.6966257636071
1.4185037618699994 103.8010338356037 312.6966257636073
1.418509379571139 103.80102777962774 312.6966257636073
1.4185133010640798 103.80102355219259 312.6966257636071
1.4185191444009217 103.80101725297742 312.6966257636073
1.4185242787626777 103.80101171804924 312.6966257636071
1.4185274495519729 103.8010082998851 312.69662576360633
1.4185333491221372 103.80100194004928 312.6966257636071
1.4185372054888246 103.80099778282111 312.69662576360685
1.4185416870224132 103.80099295165247 312.6966257636073
1.4185477519239762 103.80098641358643 312.6966257636071
1.4185509941397645 103.80098291842316 312.6966257636061
1.4185543239917537 103.80097932878655 312.6966257636073
1.4185577329950678 103.80097565382349 312.6966257636073
1.4185633957319417 103.80096954929755 312.6966257636071
1.4185678044231707 103.80096479665394 312.69662576360685
1.4185722534621945 103.80096000051465 312.6966257636073
1.4185775991495684 103.80095423777328 312.69662576360633
1.4185827290253938 103.8009487076803 312.6966257636073
1.418586736135934 103.80094438794728 312.69662576360633
1.4185917788240066 103.80093895184409 312.6966257636073
1.4185953697195648 103.8009350807978 312.6966257636073
1.4186013954376306 103.80092858497147 312.6966257636071
1.418605708468146 103.80092393545137 312.69662576360633
1.4186107234691363 103.8009185291951 312.6966257636073
1.418616412286748 103.80091239655302 312.6966257636073
1.418622149792667 103.800906211424 312.6966257636073
1.4186259355565798 103.80090213030607 312.69662576360633
1.418630347056968 103.8008973746335 312.6966257636073
1.4186338113117924 103.80089364010776 312.69662576360633
1.4186376318215597 103.8008895215331 312.6966257636073
1.41864271441709 103.80088404240838 312.69662576360685
1.4186471397862306 103.8008792717849 312.6966257636073
1.4186525445715519 103.80087344533399 312.6966257636073
1.4186561470626942 103.80086956178697 312.6966257636073
1.4186612121926847 103.80086410149022 312.6966257636073
1.4186649219126197 103.80086010234864 312.6966257636071
1.4186703814220285 103.800854216904 312.6966257636073
1.4186763462172096 103.8008477867526 312.6966257636073
1.4186811115400701 103.80084264965284 312.6966257636071
1.4186846419081447 103.80083884385546 312.6966257636071
1.4186880820788264 103.80083513529242 312.69662576360633
1.4186924468869377 103.80083042995432 312.6966257636073
1.41869660355014 103.80082594899994 312.69662576360685
1.4187026525561348 103.80081942806747 312.6966257636071
1.4187062499261647 103.8008155500407 312.69662576360804
1.4187103776862082 103.80081110024427 312.69662576360633
1.4187162358354308 103.8008047850585 312.6966257636071
1.418719777593195 103.80080096698259 312.6966257636071
1.4187235656237203 103.80079688342036 312.6966257636073
1.4187280188597995 103.80079208275501 312.6966257636073
1.4187325658316163 103.80078718104089 312.6966257636073
1.4187361476996814 103.80078331972524 312.6966257636073
1.4187398444580521 103.80077933455583 312.6966257636073
1.418744030936944 103.80077482145919 312.6966257636073
1.4187496368945214 103.80076877813993 312.6966257636061
1.418754541147002 103.80076349127083 312.6966257636073
1.4187593014374063 103.8007583595953 312.6966257636073
1.4187633436896128 103.80075400197734 312.69662576360633
1.4187676483004807 103.80074936153217 312.6966257636071
1.4187714163891911 103.80074529946714 312.6966257636073
1.4187770251746612 103.800739253099 312.69662576360685
1.4187803513592567 103.80073566741422 312.6966257636071
1.4187840879815188 103.80073163927047 312.6966257636073
1.4187886717874714 103.80072669784794 312.69662576360685
1.418792926177017 103.80072211154196 312.6966257636073
1.4187960341921955 103.80071876104746 312.6966257636071
1.4188000122442415 103.80071447263808 312.6966257636073
1.4188050329718445 103.8007090602062 312.6966257636073
1.4188102753427296 103.80070340883897 312.6966257636073
1.4188155608034878 103.80069771102 312.69662576360633
1.4188189365649395 103.80069407189022 312.6966257636071
1.4188227844780217 103.8006899237727 312.69662576360633
1.4188277699602119 103.80068454933574 312.6966257636073
1.4188325478448156 103.80067939869255 312.6966257636071
1.4188371314028594 103.80067445753676 312.6966257636073
1.4188412340261796 103.80067003483697 312.69662576360685
1.418845351473557 103.80066559615653 312.6966257636073
1.4188506215219678 103.80065991495196 312.6966257636073
1.418856251333594 103.80065384591626 312.6966257636073
1.4188612312887725 103.80064847743714 312.6966257636061
1.418864350477363 103.80064511489705 312.6966257636071
1.4188675306947893 103.80064168656676 312.6966257636073
1.4188718059254548 103.80063707779294 312.6966257636073
1.418875302056409 103.80063330890229 312.6966257636071
1.4188808546720997 103.80062732308484 312.6966257636073
1.4188841797695066 103.80062373857128 312.6966257636073
1.4188882972223502 103.80061929988454 312.6966257636073
1.418893184837023 103.80061403094976 312.6966257636073
1.418896449229657 103.80061051187693 312.69662576360633
1.4189016774442176 103.80060488924406 312.70826947779653
1.4189052836503955 103.80060120911746 312.8875184394699
1.4189109292197852 103.80059544782452 313.1681573517622
1.4189162793511203 103.80058998802546 313.4341242247599
1.4189197404650014 103.80058645596517 313.60618564934066
1.4189232359235806 103.80058288885616 313.77995213785175
1.4189283393400358 103.80057768082908 314.03364278307595
1.4189320614239722 103.80057388244923 314.21865433692386
1.418936175214711 103.80056968433328 314.2649830572521
1.4189424566623154 103.8005632741274 314.2649830572523
1.4189470335985015 103.80055860337225 314.2649830572523
1.4189527913637607 103.80055272758314 314.2649830572523
1.4189582617187801 103.80054714509556 314.2649830572518
1.4189628822651725 103.80054242983614 314.2649830572523
