1.412367394229864 103.80644193866911 337.62283057832894 0.0 1.0
1.412389078435221 103.80643305528159 337.62283057832894 2.6 2.0
1.4124324468453973 103.80641528850559 337.6228305783277 5.2 3.0
1.4124974994593187 103.80638863833933 337.62283057832883 7.800000000000001 4.0
1.4125809002440397 103.80635447145548 337.62283057832883 10.0 5.0
1.4126643010261104 103.8063203045671 337.62283057832883 10.0 6.0
1.4127477018055314 103.8062861376742 337.62283057832894 10.0 7.0
1.4128311025823028 103.80625197077677 337.62283057832894 10.0 8.0
1.4129145033564239 103.80621780387482 337.62283057832894 10.0 9.0
1.4129979041278955 103.80618363696836 337.62283057832883 10.0 10.0
1.4130813048967161 103.80614947005735 337.6228305783277 10.0 11.0
1.4131647056628867 103.80611530314184 337.62283057832883 10.0 12.0
1.413248106426407 103.80608113622179 337.62283057832894 10.0 13.0
1.4133315071872774 103.80604696929721 337.62283057832883 10.0 14.0
1.4134149079454965 103.80601280236813 337.62283057832906 10.0 15.0
1.4134983087010653 103.8059786354345 337.6228305783276 10.0 16.0
1.4135817094539835 103.80594446849635 337.62283057832855 10.0 17.0
1.413664151851212 103.80590827013707 334.75347692205327 10.0 18.0
1.4137439341885434 103.80586643326271 332.20621230991 10.0 19.0
1.4138237165226175 103.80582459638384 332.2062123099091 10.0 20.0
1.4139034988534356 103.80578275950046 332.20621230991026 10.0 21.0
1.4139832811809976 103.80574092261256 332.20621230991026 10.0 22.0
1.4140630635053026 103.80569908572012 332.20621230991 10.0 23.0
1.4141428458263516 103.8056572488232 332.20621230991026 10.0 24.0
1.4142226281441423 103.80561541192174 332.20621230991026 10.0 25.0
1.4143024104586772 103.80557357501576 332.2062123099094 10.0 26.0
1.4143806680514095 103.80552929452392 328.52813913053376 10.0 27.0
1.4144538600776633 103.80547689573295 324.2563322466624 10.0 28.0
1.4145270520998723 103.80542449693777 324.25633224666205 10.0 29.0
1.414600244118036 103.80537209813839 324.2563322466624 10.0 30.0
1.4146734361321551 103.80531969933476 324.2563322466634 10.0 31.0
1.4147466281422287 103.80526730052692 324.2563322466624 10.0 32.0
1.414819820148257 103.80521490171489 324.2563322466634 10.0 33.0
1.4148890326073316 103.80515747703608 319.41450823648694 10.0 34.0
1.4149575122546423 103.80509912687296 319.4145082364879 10.0 35.0
1.4150259918975074 103.80504077670594 319.4145082364865 10.0 36.0
1.415094471535929 103.80498242653508 319.41450823648694 10.0 37.0
1.4151629511699053 103.80492407636034 319.4145082364875 10.0 38.0
1.415231430799437 103.8048657261817 319.41450823648694 10.0 39.0
1.4152999104245236 103.80480737599923 319.4145082364875 10.0 40.0
1.415368390045165 103.80474902581285 319.41450823648694 10.0 41.0
1.4154368696613608 103.80469067562264 319.4145082364875 10.0 42.0
1.415505349273111 103.80463232542851 319.4145082364865 10.0 43.0
1.415570257810956 103.80457022330005 313.8407513399677 10.0 44.0
1.4156327098280237 103.80450554023895 313.84075133996726 10.0 45.0
1.4156951618402829 103.80444085717455 313.8407513399677 10.0 46.0
1.4157576138477308 103.80437617410676 313.8407513399677 10.0 47.0
1.4158200658503683 103.80431149103565 313.84075133996765 10.0 48.0
1.4158825178481953 103.80424680796119 313.8407513399686 10.0 49.0
1.415944969841211 103.80418212488343 313.8407513399686 10.0 50.0
1.4160074218294154 103.80411744180228 313.8407513399686 10.0 51.0
1.416066099740124 103.80404938410703 310.18670405175186 10.0 52.0
1.4161242758805817 103.80398087775228 310.18670405175186 10.0 53.0
1.41618245201605 103.8039123713946 310.18670405175186 10.0 54.0
1.4162406281465292 103.80384386503403 310.1867040517527 10.0 55.0
1.416298804272018 103.8037753586705 310.18670405175186 10.0 56.0
1.416356980392518 103.80370685230406 310.1867040517528 10.0 57.0
1.4164151565080272 103.80363834593469 310.1867040517527 10.0 58.0
1.4164733326185464 103.80356983956241 310.1867040517527 10.0 59.0
1.4165293891564343 103.80350191193891 308.62497093804626 10.0 60.0
1.416583716076685 103.80343131047395 306.9909416087188 10.0 61.0
1.4166381121138052 103.80335948477548 306.9909416087181 10.0 62.0
1.4166942817860766 103.80328686996486 308.13791538220215 10.0 63.0
1.4167538372530628 103.80321864056845 311.11899413223017 10.0 64.0
1.4168132677873762 103.80315092387228 311.11899413223017 10.0 65.0
1.4168728325038906 103.80308332367368 311.2325059651422 10.0 66.0
1.4169323979311388 103.80301572409338 311.23250596514265 10.0 67.0
1.4169919633534165 103.80294812451001 311.2325059651422 10.0 68.0
1.417051528770723 103.80288052492357 311.2325059651422 10.0 69.0
1.4171110941830587 103.80281292533408 311.2325059651413 10.0 70.0
1.417170659590423 103.80274532574153 311.2325059651422 10.0 71.0
1.4172302249928155 103.80267772614589 311.2325059651422 10.0 72.0
1.4172897903902362 103.80261012654722 311.2325059651422 10.0 73.0
1.4173493557826848 103.80254252694546 311.2325059651422 10.0 74.0
1.4174089211701606 103.80247492734065 311.2325059651413 10.0 75.0
1.417468486552665 103.80240732773275 311.2325059651422 10.0 76.0
1.4175273204347492 103.80233911378889 310.01866150107026 10.0 77.0
1.4175844815300989 103.8022694949873 309.23770993776895 10.0 78.0
1.4176416426203915 103.80219987618288 309.2377099377704 10.0 79.0
1.417698803705627 103.80213025737564 309.23770993776895 10.0 80.0
1.4177559647858056 103.80206063856558 309.23770993776895 10.0 81.0
1.417813125860926 103.8019910197527 309.23770993776895 10.0 82.0
1.4178702869309892 103.801921400937 309.23770993777 10.0 83.0
1.417927447995994 103.80185178211849 309.2377099377704 10.0 84.0
1.4179846090559398 103.80178216329715 309.23770993776895 10.0 85.0
1.4180417701108277 103.80171254447299 309.23770993776895 10.0 86.0
1.4180989311606564 103.80164292564601 309.23770993776935 10.0 87.0
1.4181560922054264 103.8015733068162 309.23770993777 10.0 88.0
1.4182132532451364 103.80150368798357 309.23770993776895 10.0 89.0
1.4182704142797866 103.80143406914812 309.23770993776935 10.0 90.0
1.418327575309378 103.80136445030985 309.23770993776935 10.0 91.0
1.4183847363339084 103.80129483146875 309.23770993776895 10.0 92.0
1.418441897353378 103.80122521262483 309.2377099377704 10.0 93.0
1.4184990583677872 103.80115559377809 309.23770993776895 10.0 94.0
1.4185562193771355 103.80108597492853 309.23770993776895 10.0 95.0
1.418613380381423 103.80101635607615 309.23770993776935 10.0 96.0
1.4186705413806489 103.80094673722093 309.23770993777015 10.0 97.0
1.4187277023748128 103.8008771183629 309.23770993776935 10.0 98.0
1.418784863363915 103.80080749950204 309.2377099377692 10.0 99.0
1.4188420243479547 103.80073788063837 309.2377099377692 10.0 100.0
1.418899185326932 103.80066826177186 309.2377099377704 10.0 101.0
1.4189563463008465 103.80059864290254 309.23770993776935 10.0 102.0
1.4190115049735677 103.80052977202902 307.8167984663817 10.0 103.0
1.4190641589971071 103.80045668690092 305.62659153465864 10.0 104.0
1.4191168130154685 103.80038360177048 305.62659153465864 10.0 105.0
1.4191694670286517 103.80031051663767 305.62659153465864 10.0 106.0
1.4192221210366562 103.80023743150251 305.62659153465864 10.0 107.0
1.4192747750394819 103.800164346365 305.62659153465864 10.0 108.0
1.4193274290371287 103.80009126122515 305.62659153465864 10.0 109.0
1.4193800830295955 103.80001817608294 305.62659153465864 10.0 110.0
1.4194327370168838 103.7999450909384 305.62659153465864 10.0 111.0
1.4194853909989913 103.79987200579149 305.62659153465864 10.0 112.0
1.4195380429052693 103.79979894118252 305.6376121897857 10.0 113.0
1.4195906864597687 103.79972586863619 305.6228847539767 10.0 114.0
1.4196433282202587 103.79965279043614 305.6228847539767 10.0 115.0
1.4196959699755691 103.79957971223374 305.6228847539776 10.0 116.0
1.4197486117256997 103.79950663402899 305.6228847539767 10.0 117.0
1.4198012534706506 103.79943355582188 305.6228847539767 10.0 118.0
1.4198538952104205 103.79936047761244 305.62288475397656 10.0 119.0
1.4199065369450108 103.79928739940063 305.6228847539767 10.0 120.0
1.419959178674419 103.7992143211865 305.6228847539765 10.0 121.0
1.4200118203986467 103.79914124297 305.62288475397673 10.0 122.0
1.4200644621176939 103.79906816475116 305.6228847539777 10.0 123.0
1.4201171038315585 103.79899508652996 305.6228847539767 10.0 124.0
1.4201697455402416 103.79892200830642 305.6228847539767 10.0 125.0
1.420222387243743 103.79884893008052 305.62288475397673 10.0 126.0
