0
13
8
7
7
8
6
6
7
6
7
7
6
6
7
5
6
7
6
8
6
7
7
7
6
6
7
6
7
7
7
7
6
6
7
6
6
7
6
6
6
7
7
7
6
7
6
7
6
7
8
7
6
7
6
6
7
6
7
6
7
6
6
6
6
7
7
7
8
7
6
7
6
6
6
7
6
7
7
6
8
6
6
7
6
6
7
7
7
6
8
7
7
7
7
6
7
7
6
7
7
6
6
6
6
6
7
6
6
7
7
7
7
7
6
7
7
7
7
6
6
6
6
6
7
6
7
7
6
7
7
6
7
7
7
6
7
6
7
7
5
7
7
7
6
6
4.538638253559294e-05
6
7
6
0
4.527566733155419e-05
2
8
7
7
7
7
7
8
6
7
6
8
7
7
7
7
7
4.516665831453427e-05
5
4.5166657946678376e-05
4.516665776165366e-05
6
6
4.516665721542137e-05
2
1
0
6
7
7
6
7
6
7
6
7
6
6
7
6
7
6
7
7
6
7
6
6
7
7
6
7
7
8
6
6
7
7
7
7
7
7
6
6
7
6
6
7
6
6
7
7
6
7
7
6
6
8
5
7
6
6
6
7
7
7
8
7
8
7
7
1
5
6
8
7
6
6
6
7
7
7
8
6
7
8
7
6
6
6
7
7
6
6
5
7
6
0
0
4.3801169506992924e-05
6
4.37419339066611e-05
0
0
6
7
6
6
7
6
7
7
6
7
8
6
1
6
7
7
7
7
7
1
1
2
6
7
