655039278
1.328824055782372 103.95075069361425 219.19577833908593
1.3288187878811324 103.95074642915935 219.19577833908576
1.3288140601709535 103.95074260199823 219.19577833908576
1.3288085632595512 103.95073815215578 219.19577833908576
1.3288018606235665 103.95073272625893 219.19577833908593
1.3287958220926313 103.95072783796637 219.19577833908548
1.3287906549773334 103.95072365509945 219.19577833908525
1.328784432430186 103.95071861784265 219.19577833908525
1.328779253242171 103.95071442520269 219.19577833908525
1.3287723207202422 103.95070881320939 219.19577833908593
1.3287675556647396 103.95070495581668 219.19577833908576
1.3287627238721695 103.9507010443992 219.19577833908525
1.328756980353679 103.95069639492424 219.19577833908593
1.3287523600852196 103.95069265473911 219.19577833908593
1.3287476633213446 103.95068885262965 219.19577833908525
1.3287420231952962 103.95068382923571 219.64031799335464
1.328738434231294 103.95068047933347 220.07237109486996
1.3287350109069263 103.95067728403757 220.4846057719337
1.328731383686764 103.95067389842743 220.92147512554146
1.3287278773732674 103.95067062567031 221.34381529200405
1.3287235408151308 103.9506665779714 221.86613525316767
1.328719915129921 103.95066319379399 222.3027542549875
1.3287138394283973 103.95065752279646 223.0341050955931
1.3287100401182936 103.95065397655937 223.23534802969115
1.3287045296610829 103.95064883315511 223.23534802969093
1.3287005592273762 103.95064512719303 223.23534802969115
1.328695807697782 103.95064069216404 223.2353480296914
1.328689278575121 103.95063459794797 223.2353480296914
1.328682829530679 103.9506285784761 223.23534802969093
1.3286766673480672 103.9506228267581 223.2353480296916
1.3286707116215237 103.95061719738084 223.29959190527276
1.3286648444092306 103.95061154452465 223.4607097243438
1.3286607481266695 103.95060759789804 223.57319884784496
1.3286541655603665 103.95060125582306 223.75396598605025
1.3286478689243535 103.95059518923205 223.92687989054895
1.3286418273340388 103.95058936836875 224.09278587343212
1.3286371353878281 103.95058484784089 224.1428559969758
1.3286321433395076 103.95058003817503 224.1428559969758
1.32862845260703 103.95057648228197 224.1428559969758
1.3286234130728478 103.95057162686516 224.1428559969758
1.328619985469114 103.95056832448755 224.14285599697558
1.328615076135567 103.95056359451456 224.1428559969758
1.3286102838841798 103.9505589773462 224.14285599697538
1.3286064945409017 103.9505553264451 224.14285599697558
1.3286011200422805 103.95055014830169 224.14285599697538
1.3285948354466042 103.95054368940079 224.50624060225863
1.3285908742418098 103.95053878910464 225.48250059876173
1.3285857185869205 103.95053241118758 226.75498433370683
1.3285827739658682 103.9505287684789 227.4822541626887
1.328579102508258 103.95052422662098 228.3891104629454
1.3285756022067474 103.9505198964955 229.2533753919128
1.3285720811644086 103.95051554071215 230.12204725011253
1.3285668151221208 103.95050902623801 231.25403274391644
1.3285637400954702 103.95050522220825 231.25403274391684
1.3285594923607893 103.95049996745409 231.25403274391627
1.3285564648844719 103.95049622224755 231.25403274391627
1.3285513648914775 103.95048991318845 231.25403274391644
1.328547829377825 103.9504855395031 231.25403274391644
1.328543317916069 103.95047995849961 231.25403274391644
1.3285402738750356 103.95047619280137 231.25403274391667
1.3285354030407703 103.95047016722819 231.25403274391627
