1.3280089318643684 103.94791896504174 72.78099423196012 0.0 1.0
1.3280159039554722 103.94794128369233 72.78099423196012 2.6 2.0
1.3280298481373713 103.94798592099434 72.78099423196014 5.2 3.0
1.3280507644094488 103.94805287694939 72.78099423196012 7.800000000000001 4.0
1.3293272808201408 103.95120622563658 230.60590901165472 10.0 5.0
1.3281043958720808 103.94822455889651 72.78099423196014 10.0 6.0
1.328131211601113 103.94831039987606 72.78099423196012 10.0 7.0
1.3281580273286222 103.94839624085962 72.78099423196014 10.0 8.0
1.3281848430546093 103.94848208184715 72.78099423196012 10.0 9.0
1.3282116587790727 103.9485679228387 72.7809942319601 10.0 10.0
1.3282384745020135 103.94865376383426 72.78099423195988 10.0 11.0
1.32826529022343 103.94873960483379 72.7809942319601 10.0 12.0
1.32831774813247 103.94881054446573 45.75402073028514 10.0 13.0
1.3283470937477533 103.94889554281565 71.53523206130525 10.0 14.0
1.328375782782701 103.94898078822082 71.53523206130525 10.0 15.0
1.328404471816258 103.94906603363006 71.53523206130525 10.0 16.0
1.3284331608484234 103.94915127904335 71.53523206130515 10.0 17.0
1.328461849879198 103.94923652446067 71.53523206130494 10.0 18.0
1.3284975537478037 103.94931851880135 61.69875024277826 10.0 19.0
1.3285676841781937 103.94937357545959 31.616686459321066 10.0 20.0
1.3286529406284089 103.94940098149544 12.297951007576566 10.0 21.0
1.3287275469498288 103.94940331216021 1.153161579458741 8.254499999999998 22.0
1.3288172378858512 103.94939325888285 351.42849555030847 10.0 23.0
1.3289119388480959 103.94937811384499 359.1453679618282 9.664833333333332 24.0
1.3289796574865966 103.94931958193615 314.1945117386642 10.0 25.0
1.3290467512040751 103.94926023942166 322.7923183651562 10.0 26.0
1.3291187765536638 103.94920585724556 322.7923183651562 10.0 27.0
1.3291908018994825 103.94915147506559 322.7923183651562 10.0 28.0
1.3292628272415306 103.94909709288177 322.7923183651562 10.0 29.0
1.329334852579808 103.94904271069413 322.7923183651562 10.0 30.0
1.3294068779143147 103.9489883285026 322.79231836515606 10.0 31.0
1.3294789032450505 103.94893394630724 322.7923183651562 10.0 32.0
1.3295509285720148 103.94887956410804 322.7923183651558 10.0 33.0
1.329622953895208 103.94882518190498 322.79231836515606 10.0 34.0
1.3296949792146293 103.94877079969807 322.79231836515606 10.0 35.0
