176204444
1.388615728911178 103.75453460163186 274.957230927882
1.3886161479754868 103.7545297715258 274.957230927882
1.3886167601581256 103.75452271555108 274.957230927882
1.3886172515914714 103.75451705132416 274.95723092788194
1.3886178946935612 103.75450963897346 274.95723092788194
1.3886186076394351 103.75450142160774 274.957230927882
1.3886191199639382 103.7544955165901 274.957230927882
1.3886195405588395 103.75449066884151 274.957230927882
1.3886202918477253 103.75448200953598 274.957230927882
1.3886210501281233 103.7544732696463 274.957230927882
1.3886217273254868 103.75446546431397 274.957230927882
1.3886224035623769 103.75445767005168 274.95723092788194
1.3886229992379169 103.75445080433398 274.95723092788194
1.38862351097769 103.75444490605429 274.95723092788194
1.3886241514888362 103.7544375235638 274.95723092788194
1.3886246499320454 103.75443177853903 274.95723092788194
1.3886250863283622 103.75442674866267 274.957230927882
1.388625666234248 103.75442006470388 274.9572309278826
1.3886261084910645 103.75441496727944 274.95723092788194
1.3886268039288374 103.75440695170684 274.95723092788194
1.3886275228446574 103.75439866552736 274.95723092788194
1.3886279987006562 103.75439318084022 274.95723092788194
1.388628400117587 103.75438855413312 274.957230927882
1.3886288634924486 103.7543832133025 274.95723092788194
1.388629590266435 103.75437483654922 274.957230927882
1.3886300298839542 103.75436976954394 274.95723092788194
1.3886305808020298 103.75436341969488 274.95723092788194
1.3886313037749374 103.75435508675172 274.957230927882
1.3886318870062464 103.75434836446172 274.957230927882
1.3886323579325996 103.7543429365919 274.957230927882
1.3886330006645866 103.75433552850008 274.95723092788194
1.388633807544948 103.75432771379222 275.11956720470926
1.3886346858190437 103.7543203528549 275.4214610270442
1.3886354384398718 103.75431404503495 275.6801840305048
1.3886361299347112 103.75430824952022 275.91790142882616
1.3886370721447023 103.75430035272667 276.2418039745623
1.3886380195935526 103.75429241202521 276.5674837594711
1.388638953605657 103.75428458393877 276.79116889022464
1.3886397800466013 103.75427765742111 276.79116889022464
1.3886405321325863 103.75427135408263 276.79116889022464
1.388641073504147 103.7542668167713 276.79116889022464
1.3886416961765793 103.7542615980658 276.79116889022464
1.3886423048453056 103.75425649672722 276.79116889022464
1.3886428525098216 103.75425190667349 276.79116889022464
1.3886435587961594 103.75424598718769 276.79116889022464
1.3886442337971256 103.75424032990885 276.79116889022464
1.3886451359437464 103.75423276888993 276.79116889022464
1.3886460743431412 103.75422490403109 276.79116889022464
1.3886470586247632 103.7542166546265 276.79116889022464
1.3886476838939197 103.75421141415642 276.79116889022464
1.3886484664521266 103.75420485542419 276.79116889022464
1.38864903915871 103.75420005548834 276.79116889022464
1.3886498909937453 103.75419291613676 276.79116889022464
1.3886505732128835 103.75418719836021 276.79116889022464
1.3886514477697238 103.75417986857356 276.79116889022464
1.3886523532565975 103.75417227955761 276.79116889022464
1.3886530318173727 103.75416659244183 276.79116889022464
1.3886540627895056 103.75415795171537 276.79116889022464
1.388654854955183 103.75415131246012 276.79116889022464
1.3886557990027082 103.75414340026089 276.79116889022464
1.3886564609949177 103.754137852008 276.79116889022464
1.3886571798931542 103.7541318268173 276.79116889022464
1.3886581633465032 103.75412358435149 276.79116889022464
1.3886592260935389 103.7541146773134 276.79116889022464
1.388659866853435 103.75410945420573 276.8132190505393
1.3886606866615105 103.75410309287616 276.88955928500485
1.3886612634922149 103.75409861693794 276.9432739318639
1.3886619550729808 103.75409325059246 277.0076744001274
1.3886630453519035 103.75408479053428 277.10920211379187
1.3886640066465314 103.7540773313341 277.1987184617024
1.3886650709254105 103.75406907302369 277.29782395687175
1.3886662183353802 103.75406016965428 277.32716129869993
1.3886668983841266 103.75405489279116 277.32716129869993
1.3886675902977368 103.75404952386207 277.3271612987006
1.3886682937950492 103.7540440650487 277.3271612987006
1.3886688795488082 103.7540395198707 277.32716129870056
1.3886694723230522 103.7540349202169 277.3271612987006
1.3886704561069432 103.75402728650904 277.32716129869993
1.3886714491498557 103.75401958095522 277.32716129869993
1.3886722627768129 103.75401326758609 277.32716129869993
1.3886732625487108 103.75400550981803 277.32716129869993
1.3886740224031022 103.75399961369885 277.3271612987006
1.3886748066552073 103.75399352826454 277.32716129869993
1.3886757284195235 103.75398637579876 277.32716129870005
1.3886764223686088 103.75398099107392 277.3271612987006
1.3886773145823135 103.75397406790692 277.32716129869993
1.3886778959642978 103.75396955665069 277.32716129869993
1.3886789501584573 103.75396137658964 277.32716129869993
1.3886799564933878 103.75395356789396 277.32716129869993
1.3886810906799658 103.75394476712808 277.3271612987006
1.3886821931746411 103.75393621227649 277.32716129869993
1.3886829654043957 103.75393022012862 277.32716129870005
1.3886835549330687 103.75392564565706 277.3271612987006
1.3886842567538191 103.75392019985047 277.32716129869993
1.3886851415143782 103.75391333451486 277.32716129869993
1.3886858502521988 103.75390783503474 277.3271612987006
1.3886869624272837 103.75389920506643 277.3271612987006
1.3886880778847077 103.75389054962835 277.3271612987006
1.3886888309597951 103.75388470611088 277.32716129870005
1.3886895408191429 103.75387919792763 277.32716129869993
1.388690379718573 103.75387268845232 277.32716129869993
1.388691349365596 103.75386516443535 277.32716129869993
1.3886919680182364 103.753860363974 277.32716129870056
1.3886930198346354 103.75385220235991 277.32716129869993
1.388694074073617 103.75384402194743 277.32716129869993
1.3886948972457513 103.75383763450787 277.32716129869993
1.388696034057983 103.75382881336425 277.32716129869993
1.3886967892781672 103.75382295320043 277.32716129869993
1.3886978457840662 103.75381475519681 277.32716129869993
1.3886986704618633 103.75380835607326 277.3271612987006
1.3886995326857656 103.75380166560892 277.32716129869993
1.3887002456845605 103.75379613306325 277.3271612987006
1.3887010521630143 103.75378987515788 277.32716129870005
1.3887016664617307 103.75378510847962 277.3271612987006
1.3887022793900987 103.75378035243455 277.32716129869993
1.388702966154297 103.75377502345695 277.32716129870056
1.3887039329641735 103.75376752145216 277.32716129869993
1.3887048779932019 103.75376018845664 277.3271612987006
1.3887055193019613 103.75375521219219 277.32716129869993
1.3887063231280354 103.75374897486712 277.32716129869993
1.3887068991007987 103.7537445055801 277.3271612987006
1.3887079198947687 103.75373658468239 277.3271612987006
1.3887085413442266 103.75373176251664 277.32716129869993
1.388709304352368 103.75372584191965 277.32716129869993
1.3887103589899814 103.75371765841005 277.32716129869993
1.3887110334223227 103.7537124251208 277.32716129869993
1.38871173012314 103.75370701903816 277.32716129869993
1.3887128038019694 103.75369868777676 277.32716129869993
1.3887138403770904 103.75369064442309 277.32716129869993
1.388714749253236 103.75368359195542 277.3271612987006
1.3887157707470876 103.75367566562511 277.3271612987006
1.3887164898311821 103.75367008585762 277.32716129870056
1.3887171509381682 103.75366495596616 277.32716129869993
1.388718239637665 103.75365650814983 277.32716129870056
1.3887191488067192 103.75364945340841 277.32716129869993
1.3887197794360246 103.75364456000962 277.3271612987006
1.3887208434845795 103.75363630347283 277.32716129869993
1.3887219784048348 103.7536283748883 277.4690470673483
1.3887233980573923 103.75361961146521 277.8331314156893
1.3887247081238598 103.75361152450971 278.1691418951747
1.3887261452525725 103.75360265320698 278.5377473490722
1.3887272729835072 103.75359569179656 278.826981062455
1.3887286561514018 103.75358715359006 279.1741630446284
1.388729759889285 103.7535803402869 279.17416304462904
1.3887311845639865 103.75357154586109 279.174163044629
1.3887321532364119 103.75356556630804 279.17416304462904
1.3887335605451725 103.75355687908069 279.1741630446284
1.3887343915765504 103.75355174917681 279.174163044629
1.388735782709641 103.75354316180045 279.17416304462904
1.388736626522708 103.75353795299579 279.17416304462904
1.3887376540510032 103.75353161012852 279.17416304462904
1.3887386810782922 103.75352527035382 279.17416304462836
1.3887399356665389 103.75351752585948 279.1741630446284
1.3887407936282459 103.75351222971574 279.17416304462836
1.3887418557752431 103.75350567314888 279.1741630446284
1.3887427450329253 103.75350018381683 279.174163044629
1.3887441203406024 103.75349169412839 279.174163044629
1.388745440245433 103.75348354643802 279.17416304462904
1.388746683644888 103.7534758710104 279.17416304462904
1.3887475425968017 103.75347056875347 279.174163044629
1.388748401295018 103.75346526806248 279.174163044629
1.388749250690728 103.75346002479525 279.17416304462836
1.3887504356786189 103.75345270993802 279.17416304462904
1.3887516278166607 103.7534453509432 279.17416304462904
1.388753044322175 103.75343660694156 279.17416304462904
1.3887538545195686 103.75343160564263 279.17416304462904
1.3887551031833014 103.75342389771767 279.1741630446284
1.3887561521530891 103.7534174224911 279.17416304462904
1.3887573590517874 103.75340997237883 279.1741630446284
1.38875855212289 103.75340260762329 279.1741630446284
1.3887599872921543 103.75339374841025 279.17416304462904
1.388761010725344 103.75338743081893 279.17416304462904
1.388762083302398 103.75338080986539 279.174163044629
1.3887633251554474 103.75337314398115 279.174163044629
1.388764686165115 103.75336474255003 279.1741630446284
1.388765579656511 103.75335922708108 279.1741630446284
1.388766380328853 103.7533542845785 279.17416304462904
1.3887672694569426 103.7533487960438 279.174163044629
1.3887681785424266 103.75334318431318 279.174163044629
1.3887690602124085 103.75333774181674 279.17416304462904
1.3887704364532776 103.75332924636339 279.1741630446284
1.388771509907845 103.75332261999178 279.1741630446284
1.388772233212012 103.75331815507782 279.17416304462904
1.3887732667558037 103.75331177507286 279.1741630446289
1.3887740706848575 103.75330681246605 279.17416304462904
1.3887752097586947 103.75329978103005 279.1741630446284
1.3887766352571522 103.75329098151148 279.1741630446284
1.3887777893941429 103.75328385709116 279.17416304462904
1.3887787896525263 103.75327768255441 279.17416304462904
1.3887801727727997 103.75326914463328 279.17416304462904
1.3887812021912298 103.75326279009293 279.17416304462904
1.3887821651817174 103.75325684560832 279.17416304462904
1.3887834294884618 103.75324904111571 279.174163044629
1.3887842992019928 103.75324367242412 279.1741630446284
1.388785048204824 103.75323904887267 279.174163044629
1.3887861239153454 103.75323284921286 279.2632684749782
1.3887876043357092 103.75322570154029 279.66592382976273
1.3887894281647617 103.75321689584324 280.1620796911419
1.3887910452060768 103.75320908854562 280.60201514437244
1.3887926546999927 103.75320131768771 281.03987561599337
1.3887942981857369 103.75319338271242 281.4869080389014
1.388796092097959 103.75318472145725 281.6589967279411
1.3887977839995391 103.75317655272327 281.6589967279411
1.3887988116931023 103.75317159087705 281.6589967279411
1.3888002549984222 103.75316462239985 281.65899672794103
1.3888019005598615 103.75315667740206 281.6589967279411
1.388803666901432 103.75314814926094 281.6589967279411
1.3888050649818644 103.75314139913532 281.6589967279411
1.3888062889471384 103.75313548966167 281.6589967279411
1.388807270316837 103.75313075147295 281.6589967279411
1.388809084053173 103.75312199450275 281.6589967279411
1.3888106420265207 103.75311447239152 281.6589967279411
1.3888117843434116 103.75310895712717 281.65899672794114
1.3888135784340965 103.7531002950084 281.6589967279411
1.3888152663860847 103.75309214534178 281.65899672794103
1.3888169086429933 103.75308421629721 281.6589967279411
1.388818663512297 103.75307574354416 281.6589967279411
1.3888197138028144 103.75307067259538 281.65899672794103
1.3888213407917385 103.75306281726631 281.65899672794046
1.3888223542985334 103.75305792391431 281.6589967279411
1.3888238660991745 103.75305062473007 281.6589967279411
1.3888252288660219 103.75304404510165 281.6589967279411
1.3888263034856592 103.75303885668806 281.6589967279411
1.3888279754344384 103.75303078428587 281.6589967279411
1.3888297609238272 103.75302216369359 281.6589967279411
1.3888309656777476 103.75301634697317 281.6589967279411
1.3888321719198107 103.75301052306773 281.65899672794103
1.3888334205192214 103.75300449465497 281.65899672794103
1.3888344407382551 103.75299956889458 281.6589967279411
1.3888358940591672 103.75299255205756 281.65899672794103
1.3888370125318086 103.75298715191482 281.6589967279411
1.3888382365662293 103.75298124210492 281.65899672794046
1.3888399907258149 103.75297277277619 281.6589967279411
1.388841239652847 103.75296674278104 281.6589967279411
1.3888422439355077 103.7529618939632 281.6589967279411
1.3888439761319311 103.7529535306753 281.6589967279411
1.3888453964977088 103.75294667294945 281.6589967279411
1.3888469306069458 103.75293926605401 281.65899672794103
1.3888485572091998 103.75293141258913 281.65899672794103
1.3888499589805046 103.7529246446396 281.6589967279411
1.3888512325463513 103.75291849568401 281.65899672794103
1.388852685817706 103.75291147908476 281.6589967279411
1.3888538899476495 103.75290566537534 281.6589967279411
1.3888556338917775 103.75289724536658 281.65899672794103
1.3888566574853791 103.75289230331192 281.6589967279411
1.3888584736814134 103.75288353446044 281.6589967279411
1.3888595620067197 103.75287827987177 281.6589967279411
1.3888605529798717 103.752873495313 281.6589967279411
1.388862227982715 103.75286540816185 281.65899672794114
1.3888637604243292 103.75285800931637 281.65899672794046
1.3888646841207406 103.75285354957902 281.65899672794103
1.3888662161244336 103.75284615284762 281.6589967279411
1.3888677276968493 103.75283885476124 281.6589967279411
1.388869523393704 103.75283018488149 281.65899672794046
1.3888712374484236 103.7528219091814 281.6589967279411
1.388872491920421 103.75281585241197 281.65899672794103
1.3888734219029155 103.75281136232401 281.65899672794103
1.3888748715313415 103.75280436331136 281.6589967279411
1.388876227363669 103.7527978171595 281.6589967279411
1.3888773932297123 103.7527921881919 281.6589967279411
1.3888784367018279 103.75278715015956 281.6589967279411
1.388879652150117 103.75278128180162 281.6589967279411
1.3888814338283793 103.75277267960432 281.65899672794103
1.3888831390077252 103.75276444675455 281.6589967279411
1.3888848266422622 103.75275629861345 281.6589967279411
1.3888857644766859 103.75275177061455 281.65899672794046
1.3888874930237318 103.75274342494173 281.6589967279411
1.3888886470717368 103.75273785303249 281.65899672794103
1.3888900410548135 103.7527311226822 281.65899672794103
1.3888912545373442 103.75272526381436 281.6589967279411
1.388892391779255 103.7527197730471 281.65899672794103
1.3888940336382134 103.75271184591612 281.6589967279411
1.388894957757278 103.7527073841364 281.65899672794103
1.3888966710822672 103.75269911195687 281.6589967279411
1.388897703371464 103.75269412791604 281.6589967279411
1.3888989914459235 103.75268790890706 281.6589967279411
1.3889004614650033 103.75268081144311 281.65899672794103
1.3889017664466168 103.75267451080374 281.6589967279411
1.3889034759434677 103.7526662571063 281.65899672794103
1.388905136460709 103.75265823988931 281.65899672794103
1.3889060946636576 103.75265361354705 281.6589967279411
1.388907898129336 103.75264490615407 281.6589967279411
1.388909093138602 103.7526391364765 281.6589967279411
1.3889104720538508 103.75263247887413 281.65899672794103
1.3889121551889623 103.75262435245409 281.6589967279411
1.3889132550712189 103.75261904206319 281.6589967279411
1.3889141801859084 103.75261457547536 281.65899672794103
1.3889155738670333 103.75260784658077 281.6589967279411
1.3889167706042438 103.75260206855987 281.6589967279411
1.3889181752296984 103.75259528682425 281.65899672794046
1.3889195354169668 103.7525887196425 281.658996727941
1.388920696885306 103.75258311190456 281.65899672794103
1.388922493353296 103.75257443829584 281.65899672794103
1.3889242638874189 103.75256588989937 281.6589967279411
1.388925796135858 103.75255849198075 281.6589967279411
1.3889268282602385 103.75255350873383 281.65899672794103
1.3889277854735942 103.7525488871682 281.65899672794103
1.3889287438568054 103.75254425995428 281.65899672794103
1.3889303203784218 103.75253664827785 281.6589967279411
1.3889316812715942 103.7525300776869 281.6589967279411
1.3889331990768337 103.75252274950145 281.65899672794103
1.3889342910108147 103.75251747748456 281.6589967279411
1.3889356232738983 103.75251104512355 281.6589967279411
1.3889369082490133 103.75250484107565 281.6589967279411
1.3889381169820345 103.75249900513565 281.6589967279411
1.3889392905308588 103.75249333907001 281.6589967279411
1.38894095179132 103.752485318261 281.6589967279411
1.3889419000044365 103.75248074014901 281.65899672794046
1.3889435775260865 103.75247264082834 281.6589967279411
1.388944559632774 103.75246789907305 281.65899672794103
1.388946085304721 103.75246053290479 281.65899672794114
1.3889475636087956 103.75245339543542 281.6589967279411
1.388948770915904 103.75244756637916 281.6589967279411
1.388949773397794 103.7524427262491 281.6589967279411
1.3889509482932485 103.75243705368088 281.6589967279411
1.388952201306544 103.75243100394816 281.6589967279411
1.388953180560805 103.75242627596428 281.65899672794103
1.388954955527544 103.75241770616317 281.65899672794046
1.388956076849338 103.75241229225614 281.6589967279411
1.3889578316816253 103.75240381966682 281.6589967279411
1.3889593290403661 103.75239659019766 281.6589967279411
1.3889607363736225 103.7523897953847 281.65899672794103
1.3889617863187158 103.75238472609455 281.6589967279411
1.3889628136455785 103.75237976600847 281.65899672794046
1.3889643428216845 103.7523723829199 281.6589967279416
1.3889658512367662 103.75236510006846 281.6589967279411
1.3889673493771506 103.75235786682467 281.6589967279411
1.388968921562959 103.75235027607845 281.65899672794114
1.3889704657470907 103.75234282052831 281.6589967279411
1.3889719546846722 103.75233563171658 281.6589967279411
1.3889732753501816 103.7523292553473 281.6589967279411
1.3889743695464742 103.75232397240497 281.6589967279411
1.3889753054553005 103.75231945369798 281.6589967279411
1.388976597605006 103.75231321500696 281.6589967279411
1.3889776050042701 103.75230835113337 281.65899672794103
1.3889789501214065 103.75230185670752 281.65899672794114
1.3889807759073654 103.75229304154085 281.6589967279411
1.388982378981371 103.75228530166049 281.6589967279411
1.388983756196049 103.75227865226255 281.65899672794103
1.3889855371190676 103.75227005370031 281.65899672794103
1.3889867831104565 103.75226403786773 281.6589967279411
1.3889878755779153 103.75225876327154 281.6589967279411
1.3889892643663766 103.75225205799316 281.6589967279411
1.38899064821476 103.7522453765661 281.6589967279411
1.388991917781069 103.7522392469099 281.6589967279411
1.3889932677928047 103.752232728851 281.658996727941
1.3889949105986659 103.75222479713807 281.6589967279411
1.3889961442546321 103.75221884086206 281.6589967279411
1.3889973682690047 103.752212931137 281.6589967279411
1.3889988900177217 103.75220558390573 281.6589967279411
1.3890004134225389 103.75219822867842 281.6589967279411
1.3890020704128847 103.75219022847995 281.65899672794046
1.389003484262207 103.75218340220275 281.6589967279411
1.389004715667104 103.75217745679457 281.6589967279409
