634149440#0
1.3861957304260113 103.75654792841334 324.0101437678869
1.3862016605379368 103.75654364437374 324.0101437678869
1.386206224040633 103.7565403476018 324.0101437678869
1.3862128653888188 103.75653554974981 324.01014376788635
1.3862192648211837 103.75653092666293 324.0101437678869
1.3862244305300073 103.7565271948443 324.01014376788686
1.3862314796002315 103.75652210244503 324.0101437678869
1.386235514264905 103.75651918771683 324.0101437678869
1.3862416995411682 103.7565147193407 324.0101437678869
1.3862468501304765 103.75651099844458 324.0101437678869
1.3862534290894408 103.75650624566356 324.0101437678869
1.386258438885922 103.7565026264791 324.01014376788686
1.3862644697447906 103.75649826965724 324.01014376788686
1.3862718150279545 103.756492963267 324.0101437678869
1.3862757584644554 103.75649011444378 324.0101437678869
1.386280782592637 103.75648648490564 324.0101437678869
1.3862845675767295 103.7564837505518 324.01014376788635
1.3862892436743002 103.75648037243842 324.01014376788686
1.3862937622328178 103.75647710813458 324.0101437678864
1.3862980049029336 103.75647404313844 324.0101437678869
1.386303817654707 103.7564698438815 324.01014376788686
1.3863108178606767 103.75646478678208 324.01014376788635
1.3863172263246004 103.75646015716976 324.0101437678869
1.3863219730327745 103.75645672804553 324.0101437678869
1.3863280649821297 103.75645232709006 324.0101437678869
1.3863324640929493 103.7564491490776 324.01014376788686
1.386337915910165 103.7564452105673 324.0101437678869
1.386344599563716 103.75644038215184 324.0101437678864
1.386351683789232 103.75643526435448 324.01014376788635
1.386355474719679 103.75643252570448 324.01014376788686
1.3863623714450302 103.75642754336118 324.01014376788686
1.3863685593699282 103.7564230730706 324.01014376788686
1.3863756952325075 103.75641791796926 324.0101437678869
1.3863812301386915 103.7564139194334 324.01014376788635
1.3863858991532256 103.75641054643631 324.01014376788635
1.3863901992584062 103.75640743994734 324.01014376788686
1.3863957384720746 103.7564034382995 324.01014376788686
1.3863996617526793 103.7564006040367 324.0101437678869
1.3864059942913263 103.75639602927367 324.01014376788686
1.3864123950082523 103.75639140525715 324.0101437678864
1.3864196889443223 103.75638613595967 324.0101437678869
1.3864266807200802 103.7563810849493 324.01014376788686
1.3864312947833919 103.75637775164992 324.0101437678869
1.3864373784561246 103.75637335667275 324.01014376788686
1.3864438764232452 103.75636866240029 324.01014376788635
1.3864484003261102 103.75636539423466 324.01014376788686
1.3864538495929248 103.75636145756597 324.01014376788635
1.3864589860511025 103.75635774687701 324.01014376788686
1.386464722626731 103.75635360265012 324.01014376788686
1.3864718072385143 103.75634848457256 324.01014376788686
1.3864760002649326 103.7563454554391 324.0101437678869
1.3864825865628954 103.75634069735418 324.0101437678869
1.38648981066493 103.75633547850566 324.01014376788635
1.3864958685930577 103.75633110212648 324.01014376788686
1.3865014717530764 103.75632705428166 324.01014376788686
1.3865067941223572 103.75632320928612 324.01014376788686
1.3865136973511722 103.75631822224317 324.01014376788686
1.3865176005362803 103.75631540249714 324.01014376788635
1.3865230345605013 103.75631147683956 324.0101437678864
1.3865287329709564 103.75630736018351 324.0101437678864
1.3865340031434412 103.75630355289591 324.01014376788686
1.3865402836106657 103.75629901574926 324.01014376788686
1.386545472054194 103.75629526750434 324.01014376788686
1.386550342748057 103.75629174880869 324.01014376788686
1.3865569425328128 103.75628698097995 324.01014376788686
1.3865632218566772 103.75628244465912 324.01014376788686
1.3865673440199155 103.75627946671825 324.01014376788686
1.3865724197520166 103.75627579989833 324.0101437678864
1.386578859640135 103.75627114758224 324.0101437678869
1.3865859914137126 103.75626599543287 324.01014376788686
1.386590632838908 103.75626264236568 324.01014376788686
1.386595581742138 103.75625928588079 324.23465709893014
1.386600566509296 103.75625623437404 324.7990868787329
