136807062
1.3885431736957379 103.7562961718244 271.7632847713261
1.3885434375191883 103.75628750856087 271.7632847713261
1.3885436638988335 103.7562800748519 271.7632847713261
1.3885438087618545 103.75627531793292 271.7632847713261
1.388544059535634 103.75626708318359 271.7632847713261
1.388544222126613 103.75626174412427 271.7632847713261
1.3885444111772587 103.75625553619872 271.7632847713261
1.3885446214309882 103.75624863201902 271.7632847713261
1.3885448197019572 103.75624212132105 271.7632847713261
1.3885450547928455 103.75623440155283 271.7632847713261
1.388545320687157 103.75622567027996 271.7632847713261
1.3885455850326431 103.75621698986538 271.7632847713261
1.3885457614684018 103.75621119617578 271.7632847713261
1.3885459721462592 103.75620427806442 271.7632847713261
1.388546112043303 103.75619968420999 271.7632847713261
1.3885463171882892 103.75619294778261 271.7632847713261
1.388546528154953 103.75618602018578 271.7632847713261
1.3885466987339263 103.75618041881522 271.7632847713261
1.3885469444946477 103.75617234867049 271.7632847713261
1.3885471508228877 103.75616557338546 271.7632847713261
1.3885472954635967 103.75616082375879 271.7632847713261
1.388547457534687 103.75615550176309 271.7632847713261
1.3885476532344951 103.75614907548672 271.7632847713261
1.3885478639582025 103.75614215586357 271.7632847713261
1.388548005785284 103.75613749862758 271.7632847713261
1.388548256029353 103.75612928125624 271.7632847713261
1.3885484296603146 103.75612357966166 271.7632847713261
1.3885486858081593 103.75611516842385 271.7632847713261
1.3885488811839037 103.75610875278512 271.7632847713261
1.3885490330280221 103.75610376661304 271.7632847713261
1.3885492010947695 103.75609824773093 271.7632847713261
1.3885493573583256 103.75609311643503 271.7632847713261
1.3885496131098518 103.7560847182076 271.76328477132546
1.3885498349521026 103.75607743347342 271.7632847713261
1.3885500752288504 103.75607155535681 271.8408731394529
1.3885504184469393 103.75606363191129 271.96994621090806
1.3885506575726543 103.75605811151547 272.0598745914718
1.3885510108370454 103.75604995614243 272.1927277856124
1.3885512416150734 103.75604462845847 272.2795168923709
1.3885514414984501 103.75604001400048 272.3546868522551
1.3885516841939032 103.75603441119321 272.44595604611345
1.388551886868396 103.75602973229972 272.49461483377206
1.388552176743284 103.75602304031895 272.4946148337727
1.3885525584432847 103.75601422848538 272.4946148337727
1.3885528612790548 103.75600723729175 272.49461483377274
1.388553144735995 103.75600069347263 272.49461483377274
1.3885535229685873 103.75599196168483 272.4946148337727
1.3885537525922338 103.75598666064747 272.49461483377274
1.3885540526096452 103.75597973451582 272.49461483377274
1.3885543922759027 103.75597189305958 272.49461483377274
1.3885547624745151 103.7559633467398 272.49461483377274
1.388555008662695 103.75595766329586 272.49461483377274
1.388555289459319 103.75595118088889 272.4946148337727
1.3885554901383481 103.75594654805822 272.49461483377206
1.3885557469657213 103.75594061899926 272.49461483377274
1.3885559844998276 103.75593513534 272.4946148337727
1.3885563209664655 103.75592736774591 272.4946148337727
1.3885566996551877 103.7559186254214 272.49461483377274
1.3885569517214715 103.75591280627422 272.4946148337727
1.3885571670736683 103.75590783470018 272.49461483377274
1.3885574823358393 103.75590055662569 272.49461483377274
1.3885578028234966 103.75589315791618 272.49461483377274
1.3885580338436798 103.75588782463329 272.49461483377274
1.3885582763935889 103.7558822251773 272.49461483377274
1.388558545791221 103.75587600592006 272.49461483377274
1.3885588983648016 103.7558678664797 272.49461483377274
1.3885591563825186 103.75586190993594 272.49461483377274
1.3885594296899297 103.75585560041704 272.49461483377274
1.3885597617902699 103.75584793361611 272.49461483377274
1.388560017445463 103.75584203161186 272.49461483377274
1.3885603127837867 103.75583521349041 272.49461483377206
1.3885605547239026 103.75582962810897 272.49461483377274
1.3885607677541743 103.75582471013416 272.4946148337727
1.3885609954628768 103.75581945329576 272.49461483377274
1.3885613191532478 103.75581198064289 272.49461483377274
1.3885616348970773 103.75580469144172 272.49461483377274
1.3885620220138999 103.75579575453675 272.4946148337727
1.3885623759581598 103.75578758344646 272.49461483377206
1.3885626306467747 103.7557817037528 272.49461483377274
1.3885629746061208 103.75577376317122 272.49461483377274
1.388563308129743 103.75576606350623 272.49461483377206
1.3885636250542146 103.75575874704556 272.49461483377274
1.388563930693751 103.75575169110637 272.4946148337727
1.3885642980700452 103.75574320992284 272.49461483377274
1.3885644978703808 103.75573859736765 272.49461483377274
1.388564745787163 103.75573287400438 272.4946148337727
1.3885649786842407 103.75572749738309 272.49461483377206
1.3885651910191603 103.75572259545594 272.49461483377274
1.3885654723285457 103.75571610119583 272.49461483377274
1.3885656698571627 103.75571154108385 272.49461483377274
1.3885660292852087 103.75570324338877 272.49461483377274
1.3885663158441612 103.75569662793674 272.49461483377274
1.3885666966131465 103.75568783756695 272.49461483377206
1.388566994926741 103.75568095074811 272.4946148337727
1.3885672452505522 103.7556751718132 272.49461483377274
1.3885674751418322 103.7556698645801 272.49461483377274
1.3885677970227617 103.75566243368824 272.49461483377274
1.3885680643650484 103.75565626186638 272.49461483377274
1.3885683170176017 103.755650429169 272.49461483377274
1.388568672854292 103.7556422143782 272.49461483377274
1.3885689178416223 103.75563655863817 272.49461483377274
1.3885691294067617 103.75563206193236 272.515857837332
1.3885695173429915 103.75562419703073 272.57567081601064
1.3885698618855244 103.7556172118793 272.6287934174403
1.3885702090707261 103.75561017315076 272.682323540167
1.3885704808033261 103.7556046641253 272.7242201263431
1.3885708905851397 103.75559635633084 272.7874014446627
1.3885712958466947 103.75558814017815 272.8359449423519
1.3885717032478027 103.75557988064817 272.8359449423519
1.3885720095905971 103.75557366994424 272.8359449423519
1.3885722455780292 103.75556888560408 272.8359449423519
1.38857250118801 103.75556370344184 272.8359449423512
1.388572845110583 103.75555673085546 272.8359449423519
1.3885732514430666 103.75554849298811 272.8359449423512
1.388573689568459 103.75553961055985 272.8359449423519
1.3885740366624304 103.75553257367592 272.8359449423519
1.3885744519917465 103.75552415340756 272.8359449423519
1.3885746985541845 103.75551915467055 272.8359449423519
1.3885749369432472 103.75551432163802 272.8359449423519
1.3885753405185015 103.75550613966679 272.8359449423519
1.3885756095292807 103.75550068581757 272.8359449423512
1.3885760252022288 103.75549225858006 272.8359449423519
1.3885762920055948 103.75548684948264 272.8359449423519
1.388576676454459 103.75547905527257 272.8359449423512
1.3885770173801455 103.75547214343892 272.8359449423519
1.3885772543458417 103.75546733926126 272.8359449423519
1.388577561316006 103.75546111583188 272.8359449423512
1.3885778149666697 103.75545597338724 272.8359449423519
1.3885782379955305 103.75544739701454 272.8359449423519
1.3885785236750179 103.75544160522551 272.8359449423519
1.3885789375807904 103.75543321381075 272.8359449423519
1.3885792403589192 103.75542707536763 272.8359449423519
1.3885796387102918 103.75541899929756 272.8359449423519
1.388580015499954 103.75541136036334 272.8359449423519
1.3885803470762477 103.75540463807258 272.8359449423512
1.3885807623460489 103.75539621900104 272.8359449423519
1.3885811727553028 103.75538789847035 272.8359449423519
1.3885814087624664 103.75538311372208 272.8359449423519
1.3885816667387865 103.75537788357657 272.8359449423512
1.388581919244183 103.75537276434692 272.8359449423519
1.3885821476145497 103.75536813442446 272.8359449423512
1.3885824138581795 103.75536273666889 272.8359449423512
1.388582839114915 103.75535411512158 272.8359449423519
1.388583281645557 103.75534514336674 272.8359449423519
1.3885835645811293 103.75533940720179 272.8359449423519
1.3885839571841887 103.75533144766516 272.8359449423519
1.3885843561615432 103.75532335889707 272.8359449423519
1.3885846748017059 103.7553168988649 272.8359449423519
1.3885849868364635 103.75531057274871 272.8359449423519
1.3885852560901557 103.75530511396508 272.8359449423519
1.3885854964107205 103.75530024176439 272.8359449423512
1.3885857755780506 103.75529458199354 272.8359449423519
1.388586013743512 103.75528975348438 272.8359449423519
1.3885863872483712 103.75528218113654 272.8359449423519
1.3885868097727336 103.75527361497842 272.8359449423519
1.3885872449324794 103.75526479265284 272.8359449423512
1.3885874677062662 103.7552602761896 272.8359449423519
1.3885878904149616 103.75525170629265 272.8359449423512
1.3885883111044774 103.75524508310396 272.9549005077061
1.3885891362193883 103.755237678719 273.5370631980424
1.388589884545274 103.75523096342029 274.0652388393297
1.388590845886543 103.75522233657183 274.7438817630864
1.3885917306385653 103.75521439701683 275.36842465669133
1.388592582712376 103.75520675070811 275.9697275545343
1.3885933731718676 103.75519965731148 276.3483905218394
1.3885943249476682 103.75519111630014 276.3483905218401
1.3885952598291271 103.75518272689432 276.3483905218401
1.3885962487170604 103.75517385284681 276.3483905218394
1.3885969967019425 103.75516714060633 276.3483905218394
1.3885978367076788 103.75515960259212 276.3483905218401
1.3885986899227696 103.75515194604 276.3483905218394
1.3885996250235224 103.75514355466488 276.3483905218395
1.3886004334473185 103.75513630005887 276.3483905218394
1.388601247927485 103.75512899110416 276.34839052183935
1.3886021758971892 103.75512066372058 276.34839052184003
1.3886029437259748 103.75511377340398 276.3483905218394
1.3886036939869757 103.75510704073642 276.3483905218401
1.388604402113726 103.75510068617163 276.34839052183935
1.3886051733760438 103.75509376504274 276.34839052183935
1.3886061517973254 103.75508498491713 276.3483905218394
1.3886069149025284 103.75507813698785 276.3483905218394
1.388607583037151 103.75507214130236 276.34839052184014
1.3886082489969724 103.7550661651329 276.3483905218394
1.388608853655922 103.75506073906314 276.3483905218394
1.3886095590112137 103.75505440936752 276.3483905218394
1.3886101658389174 103.75504896383559 276.34839052183935
1.3886110458231278 103.75504106705993 276.3483905218401
1.3886118743555098 103.75503363200085 276.3483905218401
1.3886126102449254 103.75502702829827 276.3483905218394
1.3886132321560425 103.75502144741063 276.34839052183935
1.3886138008095996 103.75501634444396 276.3483905218401
1.388614317140436 103.75501171100933 276.3483905218394
1.3886148695897926 103.75500675345525 276.34839052184003
1.3886154970690567 103.75500112259984 276.34839052183935
1.3886162636881396 103.7549942431353 276.3483905218394
1.3886168752503845 103.75498875511526 276.3483905218394
1.3886176898841245 103.7549814447778 276.3483905218394
1.3886185126386534 103.75497406156596 276.3483905218394
1.3886193631878656 103.75496642893073 276.3483905218395
1.388619941136889 103.75496124254747 276.3483905218394
1.3886207134815693 103.75495431170154 276.34839052183935
1.3886213686931739 103.7549484319811 276.34839052183935
1.3886218816607931 103.75494382872587 276.3483905218394
1.3886226547239067 103.75493689143237 276.3483905218394
1.3886235703479373 103.75492867482919 276.3483905218394
1.3886244885254375 103.75492043531145 276.3483905218401
1.388625162200857 103.75491438990005 276.3483905218394
1.388626058873842 103.7549063433585 276.3483905218401
1.3886269018445514 103.75489877872882 276.3483905218401
1.3886275920781153 103.75489258472777 276.3483905218394
1.3886281100117506 103.75488793690751 276.3483905218394
1.388628734321349 103.75488233449308 276.34839052183935
1.3886296793234256 103.75487385425593 276.3483905218394
1.3886304526354358 103.75486691472682 276.3483905218394
1.3886313995872026 103.75485841699305 276.3483905218394
1.388631913137956 103.7548538085031 276.34839052183935
1.388632871622717 103.75484520727433 276.3483905218401
1.3886337281934524 103.75483752059905 276.3483905218394
1.388634118680251 103.75483176884255 276.03282898058524
1.3886335178445477 103.75482547018184 274.3864822009459
1.3886329073658223 103.75481907043192 272.7070897293214
1.3886322677650051 103.75481236539044 270.94352214138246
1.3886317785705582 103.75480723708402 269.593901998599
1.3886309745017653 103.75479880789791 267.37842174389857
1.388630427449465 103.75479307305837 265.8759983377863
1.3886299167406944 103.75478771921415 264.6158233440828
1.388629121539731 103.75477938299164 264.6158233440828
1.388628413424919 103.75477195970785 264.61582334408337
1.3886278199456052 103.75476573816694 264.6158233440828
1.3886273220906873 103.75476051907239 264.6158233440828
1.3886265177630326 103.75475208717423 264.61582334408337
1.3886258768565254 103.75474536844685 264.6158233440827
1.3886253786975502 103.75474014616525 264.6158233440834
1.388624937351985 103.75473551946799 264.6158233440828
1.3886241303204314 103.75472705922527 264.6158233440828
1.3886234593201605 103.75472002502084 264.6158233440828
1.388622772659828 103.75471282664961 264.6158233440828
1.3886220801851688 103.7547055673261 264.6158233440827
1.3886216287539714 103.75470083490018 264.6158233440828
1.3886210343441996 103.75469460360698 264.6158233440834
1.3886205829806886 103.75468987189086 264.61582334408337
1.3886200612547959 103.75468440255469 264.6158233440828
1.3886193842399157 103.75467730529935 264.6158233440828
1.3886188514041757 103.7546717194972 264.6158233440834
1.3886181817923342 103.75466469984947 264.6158233440834
1.3886174579435153 103.7546571116271 264.6158233440828
1.388616697208424 103.75464913672032 264.6158233440834
1.3886162683799883 103.75464464124386 264.6158233440834
1.3886157065251528 103.75463875123066 264.6158233440828
1.3886148537931362 103.7546298119062 264.6158233440834
1.3886142970791273 103.75462397578549 264.6158233440834
1.3886138330573021 103.75461911137162 264.6158233440834
1.3886129912206722 103.75461028626596 264.6158233440828
