719252111
1.388937091890518 103.7550078700463 336.64112443710326
1.3889454003224646 103.75500431354064 336.66714833117743
1.3889537087543826 103.75500075703495 336.6931722214594
1.3889620171862722 103.75499720052922 336.71919609720896
1.3889703256181327 103.75499364402343 336.7230130366261
1.3889786340499652 103.75499008751758 336.7230130366261
1.3889869424817693 103.75498653101171 336.7230130366267
1.3889952509135448 103.75498297450578 336.7230130366267
1.3890035593452914 103.7549794179998 336.7230130366261
1.3890118677770098 103.7549758614938 336.7230130366261
1.3890201762086998 103.75497230498775 336.7230130366261
1.3890284834456579 103.75496874572958 336.71919219230585
1.389036788733669 103.75496518198196 336.7091384065547
1.3890450940216517 103.7549616182343 336.69908462011097
1.3890533993096057 103.7549580544866 336.68903083359237
1.389061704597531 103.75495449073884 336.6789770476184
1.3890700098854278 103.75495092699103 336.6727441069053
1.389078315173296 103.75494736324319 336.6727441069053
1.3890866204611354 103.7549437994953 336.6727441069053
