133983834
1.3889877179970427 103.75362081073592 97.66496059030489
1.3889869105498553 103.75362679586328 97.66496059030489
1.388986031365723 103.75363331273394 97.66496059030489
1.388985067531833 103.7536404570629 97.66496059030486
1.3889843373185993 103.75364586970036 97.66496059030489
1.3889836026951434 103.75365131502807 97.66496059030489
1.3889826398101357 103.75365845232304 97.66496059030489
1.3889818369978209 103.75366440309405 97.66496059030486
1.3889808747943224 103.75367153533703 97.66496059030489
1.3889798767800943 103.75367893302352 97.66496059030489
1.3889789694543901 103.75368565848969 97.66496059030489
1.3889780821409077 103.753692235617 97.66496059030489
1.3889771679134237 103.75369901224161 97.66496059030489
1.3889765195576946 103.75370381811693 97.66496059030489
1.3889759066944758 103.75370836090732 97.66496059030489
1.3889750433799506 103.75371476014409 97.66496059030489
1.3889744312159897 103.7537192977511 97.66496059030486
1.3889735554640195 103.753725789179 97.66496059030489
1.3889725739844272 103.75373306430261 97.66496059030489
1.3889717976677607 103.7537388186755 97.66496059030486
1.3889706538003548 103.75374729748283 97.66496059030489
1.3889697048089151 103.75375433179056 97.66496059030489
1.388968892488256 103.75376035303916 97.66496059030486
1.3889682692501153 103.75376497273169 97.66496059030489
1.3889671066242995 103.7537735905831 97.66496059030489
1.3889663403966883 103.753779270171 97.66496059030489
1.3889651427948588 103.75378814727827 97.66496059030489
1.3889642055924403 103.75379509419996 97.66496059030489
1.3889630363353838 103.75380376120386 97.66496059030489
1.3889620226457147 103.75381127507941 97.66496059030489
1.3889612859657425 103.75381673564758 97.66496059030554
1.3889602506926388 103.75382440950787 97.66496059030489
1.3889596192606144 103.7538290899357 97.66496059030489
1.3889585056842093 103.75383734421116 97.66496059030489
1.3889576561897303 103.75384364100516 97.66496059030489
1.3889564979369842 103.75385222643915 97.66496059030489
1.3889557064749751 103.7538580930729 97.66496059030489
1.3889545391334255 103.7538667458763 97.66496059030489
1.3889536853341917 103.7538730745782 97.66496059030489
1.3889527119806313 103.75388028946448 97.66496059030489
1.3889521016823188 103.75388481323981 97.66496059030489
1.3889510990856653 103.75389224488728 97.66496059030489
1.388950052064929 103.75390000582361 97.66496059030486
1.3889490277618364 103.75390759836748 97.66496059030489
1.388948097601653 103.75391449308628 97.66496059030494
1.3889470894701175 103.7539219657597 97.66496059030489
1.38894608562785 103.75392940663916 97.66496059030489
1.3889451069468057 103.7539366610134 97.66496059030486
1.38894444552579 103.75394156372964 97.66496059030486
1.388943688060795 103.75394717836207 97.66496059030489
1.3889428751265993 103.75395320415417 97.66496059030489
1.388942064216166 103.7539592149452 97.66496059030489
1.3889409164810802 103.75396772241446 97.66496059030489
1.3889402725327922 103.75397249561536 97.66496059030489
1.3889390877621897 103.75398127760617 97.66496059030486
1.3889383162131406 103.75398699663437 97.66496059030554
1.388937341034466 103.75399422504613 97.66496059030489
1.3889366981470135 103.75399899038322 97.66496059030489
1.3889355550749545 103.75400746328704 97.66496059030489
1.3889344449805914 103.75401569174683 97.66496059030489
1.3889337036892808 103.75402118649195 97.66496059030489
1.3889330235841895 103.75402622770046 97.66496059030486
1.3889322960972623 103.75403162012184 97.66496059030486
1.3889315071827975 103.75403746786832 97.66496059030489
1.3889308149433697 103.75404259902103 97.66496059030489
1.3889296697373097 103.75405108774156 97.66496059030489
1.388928807854345 103.75405747635901 97.66496059030554
1.388928100088233 103.75406272260128 97.66496059030489
1.3889271963915875 103.75406942115795 97.66496059030489
1.3889265076509028 103.754074526376 97.66496059030489
1.3889257047423298 103.75408047785145 97.66496059030554
1.388925037050622 103.75408542704595 97.66496059030489
1.3889244317650262 103.75408991366167 97.66496059030489
1.388923454434254 103.75409715802287 97.66496059030489
1.3889225568879906 103.75410381098969 97.66496059030489
1.3889214107027843 103.7541123069661 97.66496059030489
1.388920418622363 103.75411966065697 97.66496059030489
1.3889196279180922 103.7541255216683 97.66496059030489
1.3889187057716577 103.75413235698055 97.66496059030486
1.3889177765520628 103.75413924472169 97.66496059030486
1.3889170874211167 103.7541443528312 97.66496059030489
1.3889159964203066 103.75415243975796 97.66496059030489
1.3889152615770688 103.75415880547816 97.5089849169345
1.3889147109685862 103.7541647048512 97.20030200700155
1.388913977666917 103.75417256164982 96.78913704274628
1.3889132237981647 103.75418063880959 96.36640906877986
1.3889126670076128 103.7541866044184 96.05419821271477
1.3889121576603218 103.75419206170677 95.76861292113858
1.3889116974922906 103.75419699207475 95.51063260570407
1.3889112269879946 103.75420203318825 95.32844116995881
1.3889106158815632 103.75420858075178 95.3284411699582
1.3889101748472772 103.75421330611513 95.32844116995815
1.3889097469457516 103.75421789077033 95.32844116995815
1.3889092934390348 103.75422274976654 95.32844116995884
1.3889088169096684 103.75422785543363 95.32844116995884
1.388908116093915 103.75423536416669 95.3284411699582
1.3889076219341854 103.75424065873003 95.32844116995884
1.3889069497397342 103.75424786080612 95.32844116995815
1.3889063312894074 103.75425448705265 95.32844116995881
1.3889059061884856 103.75425904170046 95.3284411699582
1.3889050991304148 103.75426768874162 95.3284411699582
1.3889045859635338 103.75427318695192 95.32844116995815
1.388904028651979 103.75427915814012 95.32844116995815
1.388903443354707 103.75428542917476 95.3284411699582
1.3889029595210813 103.75429061310005 95.3284411699582
1.3889021612434977 103.75429916606329 95.32844116995881
1.3889014387073972 103.75430690751138 95.32844116995884
1.3889006370703096 103.75431549646858 95.32844116995881
1.3888999368316448 103.75432299901524 95.32844116995815
1.3888992389761412 103.75433047602782 95.32844116995815
1.3888984523931556 103.75433890369027 95.32844116995884
1.3888976781101736 103.75434719956681 95.32844116995881
1.3888968935821209 103.75435560521147 95.32844116995881
1.3888963676633281 103.75436124004672 95.32844116995884
1.388895833087586 103.75436696763471 95.32844116995881
1.3888950755500868 103.75437508409448 95.3284411699582
1.3888945446441687 103.7543807723626 95.32844116995884
1.3888937374483978 103.7543894208738 95.32844116995815
1.3888931273804035 103.75439595730509 95.32844116995881
1.3888923423801796 103.75440436800666 95.32844116995815
1.388891817982041 103.75440998654781 95.32844116995884
1.388891075617751 103.75441890341138 95.214822619338
1.3888906009673114 103.7544248350701 95.11498879651599
1.3888899994607302 103.75443235203691 94.9884718255751
1.3888894611585627 103.75443907914435 94.87524852758386
1.3888890000499912 103.75444484157103 94.7782621229756
1.3888883812141952 103.7544525750984 94.64810213129536
1.38888778040362 103.75446008336613 94.5760962836073
1.3888873897588252 103.7544649652136 94.57609628360669
1.3888868798018295 103.7544713380931 94.5760962836073
1.3888862160058406 103.7544796334821 94.57609628360733
1.3888855835032783 103.75448753780007 94.5760962836073
1.3888852111191354 103.75449219144535 94.57609628360669
1.3888847914498292 103.75449743600818 94.5760962836073
1.3888842672043933 103.75450398744758 94.57609628360728
1.3888835704248867 103.7545126950265 94.57609628360665
1.3888828865234524 103.75452124166911 94.5760962836073
1.3888824290805897 103.75452695828311 94.57609628360728
1.388881954341794 103.75453289104229 94.57609628360728
1.3888812436381703 103.75454177262793 94.57609628360728
1.3888807115475923 103.75454842210553 94.57609628360733
1.3888801794626364 103.75455507151261 94.57609628360728
1.3888795955789024 103.75456236824304 94.57609628360663
1.3888788871485198 103.75457122141874 94.57609628360733
1.388878208912923 103.75457969725312 94.57609628360728
1.388877554047937 103.75458788102722 94.57609628360663
1.3888768968574958 103.75459609386185 94.57609628360669
1.3888764918460383 103.75460115524406 94.57609628360733
1.388875844707676 103.75460924245839 94.57609628360733
1.3888751707437432 103.75461766490844 94.57609628360733
1.388874478418082 103.75462631682245 94.57609628360728
1.3888737934873567 103.75463487632238 94.57609628360733
1.3888732430708524 103.75464175481336 94.57609628360733
1.388872535131198 103.75465060185243 94.57609628360669
1.388871948434 103.75465793373834 94.57609628360728
1.3888714624257041 103.75466400732667 94.57609628360728
1.3888709604667053 103.7546702802488 94.57609628360733
1.388870386272284 103.75467745588817 94.57609628360733
1.388869926314857 103.75468320392122 94.57609628360669
1.3888693132966332 103.75469086473645 94.57609628360728
1.3888687231260601 103.75469824002703 94.57609628360728
1.3888682684952576 103.75470392149319 94.57609628360728
1.3888678347431582 103.75470934204054 94.57609628360669
1.3888671478166448 103.75471792647751 94.57609628360728
1.3888665137858314 103.75472584988294 94.57609628360733
1.3888658807320091 103.75473376107871 94.57609628360669
1.3888654998644132 103.75473852073404 94.57609628360728
1.3888648786840232 103.75474628354839 94.57609628360733
1.3888642234709228 103.75475447166495 94.57609628360728
1.3888637379226167 103.75476053950145 94.57609628360733
1.388863093242613 103.75476859598653 94.57609628360728
1.388862623532037 103.75477446590043 94.57609628360733
1.3888621430867876 103.75478046996396 94.57609628360733
1.3888615056521283 103.75478843590398 94.57609628360728
1.3888608956465076 103.75479605906645 94.57609628360728
1.3888602341192322 103.75480432608808 94.57609628360663
1.3888598363335032 103.7548092971652 94.57609628360733
1.3888593322099139 103.75481559713268 94.57609628360728
1.388858716228233 103.75482329497598 94.57609628360663
1.3888582982046087 103.75482851896291 94.57609628360728
1.3888576756048177 103.75483629951131 94.57609628360728
1.38885731152019 103.75484084942926 94.57609628360728
1.3888569083215723 103.75484588814949 94.57609628360728
1.3888564757171113 103.75485129435053 94.57609628360663
1.388856048963564 103.7548566274333 94.57609628360663
1.3888553821777825 103.75486496016687 94.57609628360733
1.388854843514801 103.75487169176654 94.57609628360733
1.3888542326024949 103.75487932625606 94.57609628360733
1.3888538341799204 103.75488677969463 94.325488531783
1.3888536347399283 103.75489300705972 93.94713123109263
1.3888533654299957 103.75490141606083 93.43612851952926
1.388853169202559 103.75490754311504 93.06376954474636
1.388852884223337 103.75491644137617 92.523027343414
1.3888526427866912 103.75492398005234 92.06499886122782
1.388852485930608 103.75492887776417 91.85280386455851
1.388852316666209 103.75493416291586 91.85280386455851
1.3888520560845 103.7549422993801 91.85280386455851
1.3888517893230417 103.75495062880138 91.85280386455851
1.3888515592871147 103.75495781149542 91.85280386455851
1.3888513543893517 103.7549642092691 91.85280386455851
1.38885117721046 103.75496974154208 91.85280386455784
1.3888509886237865 103.75497563001372 91.85280386455851
1.3888507770732954 103.75498223551206 91.85280386455851
1.388850539959764 103.75498963919561 91.85280386455784
1.3888503219773634 103.75499644552397 91.85280386455847
1.3888501700674918 103.75500118878942 91.85280386455784
1.3888499113203567 103.75500926796309 91.85280386455851
1.3888496705934341 103.75501678446913 91.85280386455784
1.3888494816349481 103.75502268454652 91.85280386455851
1.3888492349799253 103.75503038615136 91.85280386455851
1.3888490655321335 103.75503567702195 91.85280386455781
1.3888488056203927 103.75504379255568 91.85280386455847
1.3888485477698236 103.75505184373009 91.85280386455847
1.388848358124766 103.75505776524228 91.85280386455851
1.3888481491334173 103.75506429082607 91.85280386455784
1.3888479560125644 103.75507032086608 91.85280386455851
1.3888477499439666 103.75507675518828 91.85280386455851
1.38884756823063 103.75508242903702 91.85280386455851
1.3888473777714025 103.75508837596848 91.85280386455851
1.3888471746272673 103.75509471897516 91.85280386455851
1.3888469216788388 103.7551026170787 91.85280386455851
1.3888467456641027 103.75510811299144 91.85280386455851
1.388846459667872 103.75511704298331 91.85280386455851
1.3888463076308648 103.75512179021062 91.85280386455847
1.3888460536148886 103.75512972164451 91.85280386455851
1.3888458724123856 103.75513537953877 91.85280386455851
1.3888456463168457 103.7551424391794 91.85280386455847
1.3888454063218312 103.75514993281853 91.85280386455851
1.3888452037433021 103.75515625815927 91.85280386455851
1.3888450321839123 103.7551616149536 91.85280386455851
1.3888448005973575 103.75516884604387 91.85280386455847
1.3888445349798715 103.75517713971972 91.85280386455851
1.3888442748990895 103.75518526051587 91.85280386455851
1.388844128462992 103.7551898328552 91.85280386455851
1.3888439371807988 103.7551958054743 91.85280386455851
1.388843732890942 103.75520255339276 91.83780212074625
1.3888437223650314 103.75520713767764 91.66485039069848
1.3888437048995759 103.75521474429091 91.37785007538123
1.3888436880510682 103.75522208219907 91.10097029812107
1.3888436700718088 103.75522991256435 90.80550420967944
1.388843650518782 103.75523842832685 90.48418844836877
1.3888436313569348 103.75524677370925 90.16933321249113
1.3888436178318435 103.75525266415953 90.16088960878689
1.3888436015899004 103.75525973784526 90.1608896087869
1.388843584470026 103.75526719387705 90.1608896087869
1.388843566418519 103.75527505564172 90.1608896087869
1.388843551295717 103.75528164189255 90.16088960878689
1.3888435396298446 103.75528672258284 90.16088960878756
1.3888435287357286 103.75529146715557 90.16088960878756
1.3888435087317483 103.7553001792182 90.1608896087869
1.3888434952943105 103.7553060314357 90.16088960878689
1.3888434770906921 103.75531395939045 90.16088960878756
1.3888434577297621 103.7553223913592 90.16088960878689
1.3888434415095845 103.75532945547383 90.16088960878756
1.3888434269551222 103.75533579413846 90.1608896087869
1.3888434130622975 103.75534184464384 90.16088960878756
1.388843397834089 103.75534847671858 90.16088960878689
1.388843381710717 103.75535549863922 90.16088960878689
1.3888433650910563 103.75536273668985 90.16088960878756
1.3888433491233036 103.75536969081787 90.16088960878756
1.388843329667816 103.75537816388021 90.16088960878756
1.3888433104200077 103.75538654648264 90.1608896087869
1.388843292857973 103.75539419490327 90.1608896087869
1.388843280686945 103.7553994954867 90.16088960878756
1.3888432703249685 103.75540400820933 90.1608896087869
1.3888432512710536 103.7554123063296 90.16088960878756
1.3888432320217625 103.7554206895248 90.16088960878756
1.388843219237247 103.75542625725956 90.1608896087869
1.3888432061412148 103.75543196065598 90.16088960878689
1.3888431925032578 103.75543790005706 90.16088960878756
1.388843181163383 103.75544283862628 90.1608896087869
1.3888431678897537 103.75544861934947 90.1608896087869
1.3888431530076306 103.75545510057113 90.1608896087869
1.3888431402986228 103.7554606353865 90.16088960878689
1.3888431264796741 103.75546665357832 90.1608896087869
1.3888431121256788 103.7554729047773 90.16088960878689
1.388843095490364 103.75548014948752 90.1608896087869
1.3888430757944503 103.75548872708144 90.16088960878689
1.388843062046033 103.75549471452533 90.16088960878756
1.388843047713406 103.75550095638586 90.16088960878756
1.3888430288553015 103.75550916908148 90.1608896087869
1.3888430089817114 103.75551782400683 90.16088960878689
1.3888429927418946 103.75552489641792 90.1608896087869
1.3888429800120823 103.75553044022185 90.1608896087869
1.3888429643363331 103.75553726696667 90.16088960878756
1.3888429494964152 103.75554372970113 90.1608896087869
1.3888429358104315 103.75554968989425 90.16088960878689
1.3888429231899875 103.75555518604322 90.16088960878756
1.388842903368854 103.75556381804992 90.16088960878689
1.3888428878277301 103.75557058612392 90.1608896087869
1.3888428697390407 103.75557846363786 90.16088960878689
1.388842856733191 103.75558412759888 90.16088960878689
1.3888428401803865 103.75559133622654 90.16088960878689
1.388842829128812 103.7555961491026 90.16088960878756
1.3888428096989593 103.75560461064403 90.1608896087869
1.3888427987352745 103.75560938523326 90.16088960878689
1.3888427845019184 103.75561558372931 90.16088960878756
1.3888427655690474 103.75562382880982 90.16088960878689
1.3888427485453227 103.75563124246491 90.16088960878756
1.3888427319055732 103.75563848889307 90.16088960878689
1.388842711546827 103.75564735489031 90.16088960878689
1.388842691495564 103.75565608696738 90.16088960878756
1.3888426758182728 103.75566291422425 90.16088960878689
1.388842662102317 103.75566888733792 90.16088960878689
1.3888426477390405 103.755675142344 90.16088960878689
1.388842630168191 103.75568279419296 90.16088960878756
1.3888426173945958 103.75568835690108 90.1608896087869
1.38884260225745 103.75569494889224 90.16088960878756
1.388842586930222 103.75570162365297 90.16088960878689
1.3888425696837234 103.75570913421505 90.1608896087869
1.3888425515324256 103.75571703879096 90.1608896087869
1.388842534102236 103.75572462932571 90.16088960878689
1.388842523277076 103.75572934348342 90.16088960878756
1.3888425092008252 103.75573547342462 90.1608896087869
1.3888424938583692 103.75574215476689 90.16088960878689
1.38884262343351 103.75575046575362 89.97214848678806
1.3888428039911793 103.7557559513557 89.72689051739016
1.3888430640844522 103.75576385336463 89.37356218229598
1.3888433294645035 103.75577191599432 89.01303525791049
1.3888435563409371 103.75577880882909 88.70482471531284
1.3888437580236257 103.75578493624187 88.43086124332696
1.3888440031811669 103.75579238448442 88.15701591829448
1.388844211334627 103.75579870848973 88.15701591829449
1.3888444447056885 103.7558057986431 88.15701591829448
1.3888446857726415 103.75581312260955 88.15701591829514
1.388844912608963 103.75582001422923 88.15701591829449
1.388845163448353 103.75582763509796 88.15701591829512
1.3888454408094568 103.75583606173615 88.15701591829514
1.38884562996803 103.75584180865228 88.15701591829449
1.3888458104062171 103.75584729063063 88.15701591829448
1.388846007899605 103.75585329077153 88.15701591829449
1.3888462530645211 103.75586073924454 88.15701591829449
1.3888465074280556 103.75586846718595 88.15701591829514
1.3888467947185292 103.75587719549748 88.15701591829449
1.3888470512421367 103.75588498906671 88.15701591829449
1.3888472251896207 103.75589027385075 88.15701591829449
1.388847508516904 103.75589888175705 88.15701591829449
1.3888476866145667 103.75590429263067 88.15701591829448
1.3888479445461668 103.7559121289795 88.15701591829448
1.388848153930348 103.7559184903855 88.15701591829445
1.3888483977268327 103.75592589728963 88.15701591829449
1.388848548304753 103.7559304720738 88.15701591829449
1.388848800521707 103.75593813480563 88.15701591829449
1.388848975105914 103.75594343893783 88.15701591829449
1.3888491429214027 103.75594853742648 88.15701591829514
1.388849415762556 103.75595682675453 88.15701591829448
1.388849679716287 103.75596484607003 88.15701591829449
1.3888499576108229 103.75597328892924 88.15701591829449
1.3888501657073724 103.75597961121991 88.15701591829514
1.388850438981401 103.7559879137026 88.15701591829445
1.3888506433628898 103.7559941231252 88.15701591829514
1.3888508355806448 103.75599996299542 88.15701591829449
1.3888510762105748 103.75600727370232 88.15701591829512
1.3888512822113763 103.75601353232365 88.15701591829449
1.3888514719155163 103.75601929582777 88.15701591829449
1.3888517272122176 103.75602705213565 88.15701591829448
1.388851879216039 103.75603167024673 88.15701591829449
1.388852063189 103.75603725963008 88.15701591829449
1.3888522707856568 103.75604356673831 88.15701591829448
1.388852519128828 103.7560511117895 88.15701591829449
1.388852723227049 103.75605731261095 88.15701591829449
1.3888530175778102 103.75606625544577 88.15701591829448
1.38885317271947 103.75607096889158 88.15701591829512
1.388853435225165 103.756078944225 88.15701591829449
1.3888536165144199 103.75608445207646 88.15701591829514
1.3888538357149565 103.75609111173253 88.15701591829449
1.3888540065971111 103.75609630340081 88.15701591829448
1.3888542772747476 103.7561045270132 88.15701591829448
1.3888544749285747 103.75611053204794 88.15701591829448
1.3888546819472483 103.75611682160198 88.15701591829449
1.3888548747169902 103.75612267825146 88.15701591829449
1.3888551333671038 103.75613053645137 88.15701591829448
1.388855281934134 103.7561350501533 88.15701591829449
1.3888554307201129 103.75613957050751 88.15701591829448
1.3888555982218604 103.75614465947677 88.15701591829512
1.3888557817592346 103.75615023563424 88.15701591829449
1.3888559422116304 103.75615511043365 88.15701591829512
1.388856162635499 103.75616180726243 88.15701591829448
1.388856432682575 103.75617001172421 88.15701591829449
1.388856685300673 103.75617768666653 88.15701591829449
1.3888569664199597 103.75618622752145 88.15701591829448
1.3888571350584171 103.75619135102879 88.15701591829509
1.3888573297720415 103.756197266742 88.15701591829514
1.3888575762937632 103.75620475646922 88.15701591829449
1.3888577931605832 103.75621134523333 88.15701591829514
1.3888580794543475 103.75622004330087 88.15701591829449
1.388858277446642 103.75622605862753 88.15701591829449
1.3888585618269047 103.75623469856144 88.15701591829449
1.3888587645915818 103.75624085888197 88.15701591829514
1.3888589428417986 103.75624627441371 88.15701591829448
1.3888591788962525 103.75625344613287 88.15701591829449
1.3888594049530667 103.75626031410805 88.15701591829449
1.3888596677860388 103.75626829940367 88.15701591829448
1.3888598699756907 103.75627444225661 88.15701591829449
1.38886004214436 103.75627967302327 88.15701591829449
1.388860317060241 103.7562880254195 88.15701591829448
1.3888605295597507 103.75629448150443 88.15701591829449
1.3888607353500302 103.75630073375235 88.15701591829514
1.3888610018485088 103.75630883041622 88.15701591829449
1.3888612041595336 103.7563149769598 88.15701591829448
1.3888613782758399 103.75632026690155 88.15701591829445
1.3888616300573877 103.7563279164426 88.15701591829449
1.388861815930718 103.75633356358317 88.15701591829449
1.3888620819659283 103.7563416461755 88.15701591829448
1.3888623371658662 103.75634939957502 88.15701591829448
1.3888626268238502 103.7563581998683 88.15701591829449
1.3888627941490936 103.75636328348908 88.15701591829448
1.3888630331753824 103.75637054550815 88.15701591829449
1.3888632770701566 103.7563779554406 88.15701591829448
1.3888635218652214 103.7563853927261 88.15701591829449
1.3888636745317837 103.7563900309932 88.15701591829448
1.388863916893894 103.75639739436258 88.15701591829449
1.388864104425849 103.7564030918999 88.15701591829514
1.388864360900694 103.75641088403923 88.15701591829449
1.388864617582538 103.75641868246832 88.15701591829449
1.3888649053366227 103.75642742492562 88.15701591829512
1.3888652460052708 103.75643367123317 87.98561848152599
1.388865519829856 103.7564385902163 87.8435971190137
1.3888658416992095 103.75644437227557 87.67665183723472
1.3888661395248174 103.75644972241336 87.52217484269241
1.388866554420709 103.75645717560151 87.30697571799261
1.3888669980139894 103.75646514430989 87.07689826678065
1.388867485253476 103.7564738970791 86.86430115522761
1.3888677945248136 103.75647945282913 86.86430115522695
1.3888681310320916 103.7564854978458 86.864301155227
1.3888685172984097 103.75649243673423 86.86430115522761
1.3888689756945278 103.75650067136287 86.864301155227
1.3888692748155576 103.75650604477381 86.86430115522695
1.3888696773507136 103.75651327591673 86.864301155227
1.3888701074009984 103.75652100134194 86.86430115522761
1.388870471962608 103.75652755032863 86.864301155227
1.388870899558527 103.7565352316644 86.86430115522765
1.3888711720597844 103.75654012687892 86.86430115522765
1.3888715527887874 103.75654696629773 86.864301155227
1.3888719347250906 103.75655382740483 86.86430115522765
1.3888723315780616 103.75656095647544 86.86430115522761
1.388872683857771 103.75656728483186 86.86430115522765
1.388873092237014 103.75657462096126 86.86430115522695
1.3888734982298345 103.75658191422133 86.86430115522695
1.3888737768889963 103.75658692005821 86.86430115522765
1.3888741334956307 103.75659332614477 86.86430115522761
1.3888746259873224 103.75660217327291 86.86430115522761
1.388875041601506 103.75660963937277 86.86430115522695
1.3888753962540505 103.7566160103571 86.86430115522765
1.388875816871349 103.75662356633377 86.86430115522765
1.388876203067086 103.75663050396128 86.86430115522765
1.3888764678352092 103.75663526026102 86.86430115522695
1.3888767709206085 103.75664070489329 86.86430115522758
1.3888771947740666 103.75664681556397 86.75821089710882
1.3888777317617849 103.75665448168367 86.6184653557022
1.3888782822618762 103.75666234070844 86.47520136723348
1.3888787184281697 103.75666856748643 86.3616917316381
1.3888791418165654 103.75667461184536 86.25150816718245
1.3888796669737962 103.75668210907237 86.11484224144564
1.3888801986620316 103.75668969953736 86.04885111961592
1.388880786191867 103.75669808720623 86.04885111961597
1.388881386332312 103.75670665490658 86.04885111961592
1.388881962556191 103.75671488117062 86.04885111961592
1.3888823076695305 103.7567198080639 86.04885111961592
1.3888827073659085 103.75672551419358 86.04885111961597
1.3888832668582267 103.75673350159603 86.04885111961592
1.388883850220068 103.75674182976405 86.04885111961592
1.3888843552657935 103.75674903987887 86.04885111961597
1.3888848687248916 103.75675637010464 86.04885111961592
1.3888853983918825 103.75676393171727 86.04885111961597
1.3888860074763438 103.7567726271071 86.04885111961597
1.3888866010435155 103.75678110097 86.04885111961597
1.3888869530500936 103.75678612627418 86.04885111961597
1.3888873116588265 103.75679124583196 86.04885111961589
1.3888879271564833 103.75680003277901 86.04885111961589
1.3888884078991763 103.75680689594208 86.048851119616
1.3888889822666453 103.75681509570845 86.04885111961592
1.38888955054034 103.75682320847945 86.04885111961597
1.3888899293130792 103.75682861590309 86.04885111961589
1.3888905120029365 103.75683693448231 86.048851119616
1.388891096806959 103.75684528324413 86.04885111961592
1.3888915551748513 103.75685182698247 86.04885111961592
1.3888918732752955 103.75685636823894 86.04885111961526
1.3888924885956728 103.75686515265839 86.04885111961526
1.388892816113361 103.75686982835741 86.048851119616
1.3888934328995948 103.75687863370437 86.04885111961592
1.388894041164456 103.75688731739919 86.048851119616
1.3888946161959355 103.7568955266489 86.04885111961592
1.3888952085012392 103.75690398250313 86.04885111961592
1.3888955629018884 103.75690861470387 86.01094478255935
1.3888962125659867 103.75691487534363 85.74353177871906
1.3888968759048979 103.75692126776408 85.47046095785981
1.3888975624261368 103.7569278835866 85.1878291126112
1.388898027237954 103.75693236285451 84.99646876843597
1.3888986569041732 103.7569384307806 84.73724316449129
1.388899349540875 103.75694510553666 84.45211078266026
1.3888998375899786 103.75694980873642 84.25121770904532
1.388900699215488 103.75695811199314 84.14341939909802
1.3889015316351216 103.75696613380084 84.1434193990979
1.3889022280599785 103.75697284506305 84.14341939909802
1.3889028751872754 103.75697908125785 84.14341939909802
1.3889036685503848 103.75698672668875 84.1434193990979
1.3889041565069988 103.75699142899798 84.1434193990979
1.388904849238612 103.75699810467 84.14341939909802
1.3889055968442958 103.75700530914922 84.14341939909802
1.388906178589926 103.75701091527884 84.14341939909802
1.3889069997314045 103.75701882840352 84.14341939909802
1.3889078480424921 103.75702700335485 84.1434193990979
1.3889087546311778 103.75703573991237 84.14341939909802
1.388909565725127 103.75704355621238 84.14341939909802
1.3889102358455843 103.75705001398795 84.1434193990979
1.3889111523742723 103.75705884633543 84.14341939909802
1.3889116902489125 103.75706402969296 84.14341939909802
1.3889122801248837 103.75706971417381 84.14341939909802
1.388912925784204 103.75707593622442 84.1434193990979
1.3889137449506113 103.75708383031782 84.1434193990979
1.3889146403535566 103.75709245908317 84.14341939909802
1.3889155399073805 103.75710112784971 84.1434193990979
1.3889163299710396 103.75710874148821 84.14341939909802
1.3889170297953393 103.75711548551362 84.14341939909802
1.388917826330381 103.7571231615156 84.1434193990979
1.3889183956239606 103.75712864765056 84.1434193990979
1.388919069594872 103.75713514253407 84.1434193990979
1.3889199187075059 103.75714195962473 83.96445481269832
1.3889208787947591 103.757148771498 83.6446141691306
1.3889217130813645 103.7571546908087 83.3666541472591
1.3889224098958504 103.75715963474698 83.13448569094277
1.3889231170551402 103.75716465208232 82.89886940162366
1.388924324059305 103.75717321584558 82.49673140032989
1.3889254497688535 103.75718120281911 82.12173117711728
1.3889261875467778 103.75718643739569 82.05819487875134
1.3889269110895288 103.757191570973 82.05819487875134
1.3889277399190365 103.75719745156594 82.05819487875134
1.388928674410896 103.75720408183949 82.05819487875115
1.3889293710733686 103.7572090246999 82.05819487875134
1.3889303071556953 103.7572156662581 82.05819487875134
1.3889309338985938 103.75722011303525 82.05819487875115
1.388931566329787 103.75722460017123 82.05819487875115
1.3889326105895117 103.75723200925464 82.05819487875134
1.3889334600963794 103.75723803655532 82.05819487875115
1.3889345475026649 103.75724575176639 82.05819487875115
1.3889352609025667 103.75725081338041 82.05819487875115
1.38893643323831 103.75725913117122 82.05819487875134
1.3889374085402348 103.7572660509957 82.05819487875134
1.3889384776413665 103.7572736363312 82.05819487875134
1.3889394905503274 103.75728082298009 82.05819487875134
1.3889404756851167 103.75728781256973 82.05819487875196
1.3889412424531256 103.75729325283423 82.05819487875134
1.3889422260517965 103.75730023152525 82.0581948787505
1.3889428869354221 103.75730492053393 82.05819487875134
1.388943938832416 103.75731238380585 82.05819487875115
1.3889449196230594 103.75731934257412 82.05819487875134
1.3889460238803575 103.75732717734586 82.05819487875134
1.3889469196506536 103.75733353288993 82.05819487875134
1.3889481056482829 103.75734194761455 82.05819487875134
1.3889489467748055 103.75734791545803 82.05819487875115
1.3889501644405866 103.7573565548704 82.05819487875134
1.3889512045928365 103.75736393481374 82.05819487875115
1.3889520703330784 103.7573700772934 82.05819487875134
1.3889527663683956 103.75737501570636 82.05819487875134
1.388953573455381 103.75738074203777 82.05819487875134
1.388954281872971 103.75738576830386 82.05819487875134
1.3889553510820296 103.75739335440763 82.05819487875134
1.388956522752615 103.75740166748237 82.05819487875134
1.3889572451875767 103.75740679320288 82.05819487875134
1.3889580182354047 103.75741227802486 82.05819487875134
1.3889591992130286 103.75742065713406 82.05819487875134
1.3889598907074694 103.75742556332992 82.0581948787518
1.3889607775733774 103.75743185569853 82.05819487875115
1.388961443641309 103.75743658149187 82.05819487875134
1.3889624301012042 103.75744358048622 82.05819487875134
1.3889635291043791 103.75745137798229 82.05819487875134
1.3889645948470228 103.75745893949299 82.05819487875134
1.3889652243525985 103.75746340587449 82.05819487875134
1.3889663940510322 103.75747170495829 82.05819487875115
1.388967602385066 103.75748027816431 82.05819487875134
1.3889684409113303 103.75748622756105 82.05819487875115
1.388969243566479 103.7574917786423 82.03271129700862
1.3889701936040089 103.75749783217793 81.91096148996229
1.3889711111840395 103.757503678898 81.79336862585089
1.388972120519719 103.75751011027518 81.66401505497842
1.3889732887907777 103.75751755437143 81.51429221147552
1.3889740591303614 103.75752246289164 81.41556792692597
1.388974982172328 103.75752834441492 81.29727537893332
1.3889759996379856 103.75753482759583 81.16707690277674
1.3889768391929849 103.75754017714938 81.16707690277674
1.388978072960101 103.75754803857997 81.16707690277674
1.3889789959645449 103.75755391986455 81.1670769027761
1.3889798272066114 103.75755921644924 81.16707690277694
1.3889807005065864 103.75756478102244 81.16707690277674
1.38898182182438 103.75757192593856 81.16707690277674
1.388982929364256 103.75757898306338 81.16707690277674
1.3889839354064473 103.75758539345598 81.16707690277674
1.3889851282527756 103.75759299414459 81.16707690277674
1.3889864332265398 103.75760130929733 81.16707690277674
1.388987240726541 103.75760645460075 81.16707690277674
1.3889882231957251 103.75761271478912 81.1670769027761
1.388989088521087 103.75761822854967 81.1670769027761
1.3889904435175309 103.75762686244211 81.16707690277674
1.3889918147964992 103.75763560008521 81.16707690277674
1.388992944935781 103.75764280121216 81.16707690277674
1.3889939820385981 103.75764940952077 81.16707690277674
1.3889947046564943 103.75765401396504 81.16707690277654
1.3889958620264722 103.75766138860342 81.16707690277674
1.3889969200635655 103.7576681303033 81.16707690277694
1.388997726746586 103.75767327040185 81.16707690277674
1.3889986958088325 103.75767944516366 81.1670769027761
1.3890000192764729 103.75768787815919 81.16707690277674
1.3890012491878194 103.75769571502408 81.16707690277674
1.3890021277155609 103.75770131290994 81.1670769027761
1.3890031378373013 103.75770774929893 81.16707690277674
1.3890040123718417 103.75771332174071 81.1670769027761
1.3890049766659522 103.75771946612106 81.1670769027761
1.389005937371214 103.75772558763374 81.16707690277674
1.3890066450633123 103.75773009697329 81.1670769027761
1.389007996668638 103.75773870926022 81.16707690277629
1.3890091479408546 103.75774604504582 81.16707690277674
1.3890103585534774 103.7577537589424 81.16707690277674
1.3890116935005794 103.75776226508539 81.1670769027761
1.3890128347442765 103.75776953697073 81.16707690277674
1.3890136292491848 103.75777459947291 81.16707690277674
1.3890143874199403 103.75777943045769 81.16707690277674
1.3890156215503053 103.75778729420752 81.16707690277674
1.389016893892417 103.75779540143873 81.16707690277674
1.3890178186483835 103.7578012938874 81.16707690277674
1.3890185997684699 103.75780627110326 81.1670769027761
1.3890199075716179 103.75781460428891 81.16707690277674
1.3890210817594284 103.75782208609164 81.1670769027761
1.389022158867566 103.75782894931295 81.16707690277694
1.389023230018431 103.7578357745752 81.16707690277674
1.3890244767454771 103.75784371859085 81.16707690277674
1.3890256884494314 103.75785143944313 81.16707690277674
1.389026440899312 103.75785623397601 81.16707690277674
1.3890273405074312 103.75786196618608 81.1670769027761
1.3890281750321745 103.75786728369165 81.1670769027761
1.389029302836521 103.75787446994472 81.16707690277674
1.3890301697151075 103.7578799936058 81.16707690277674
1.389031367294555 103.75788762445887 81.16707690277674
1.3890320954343183 103.75789226409061 81.1670769027761
1.3890330554989747 103.75789838152403 81.1670769027761
1.3890337781336375 103.75790298607795 81.1670769027761
1.3890345130821995 103.7579076384359 81.16104128162412
1.3890358400025977 103.75791599057017 81.14079062021672
1.3890370062070116 103.75792333109794 81.12299270345954
1.3890382160113712 103.75793094606026 81.10452938812976
1.3890392987111722 103.75793776097893 81.08800586827168
1.3890405107261872 103.75794538985623 81.06950882147245
1.389041608498131 103.75795229964487 81.0596824796765
1.3890426520205927 103.75795886796699 81.05968247967714
1.3890436452445094 103.75796511969133 81.0596824796763
1.3890446762951492 103.75797160951136 81.05968247967695
1.3890458383687219 103.75797892403904 81.0596824796765
1.38904708591085 103.75798677653809 81.05968247967714
1.3890482816233314 103.75799430280199 81.0596824796765
1.389049418739509 103.75800146023886 81.05968247967695
1.3890503170611668 103.75800711461329 81.05968247967695
1.3890516016188232 103.75801520010255 81.0596824796765
1.3890525023311964 103.75802086952525 81.0596824796763
1.389053354079147 103.7580262307475 81.05968247967695
1.3890546699171036 103.7580345131271 81.05968247967695
1.3890559501102406 103.75804257114497 81.0596824796765
1.3890573467248795 103.75805136196378 81.05968247967714
1.3890582977063426 103.75805734779958 81.05968247967695
1.3890591037500193 103.75806242134239 81.05968247967695
1.3890599017660064 103.75806744435593 81.0596824796763
1.3890612065850763 103.75807565737935 81.05968247967695
1.3890623836439564 103.75808306623207 81.05968247967695
1.389063376026242 103.75808931266073 81.0596824796765
1.3890644037433688 103.75809578150033 81.05968247967714
1.3890656936243733 103.75810390049847 81.05968247967695
1.389066760297705 103.75811061454336 81.0596824796765
1.3890675788259148 103.75811576666919 81.05968247967695
1.3890685781655099 103.75812205689027 81.05968247967695
1.3890695038882206 103.75812788373896 81.0596824796765
1.3890704872978628 103.75813407369108 81.05968247967695
1.3890716864732295 103.75814162175439 81.05968247967695
1.3890728241667323 103.7581487828277 81.05968247967714
1.3890737515993974 103.75815462043987 81.0596824796765
1.3890744887184803 103.75815926014639 81.05968247967714
1.3890754329419757 103.75816520344654 81.0596824796763
1.3890766653191142 103.75817296049496 81.05968247967695
1.3890780200220934 103.7581814875087 81.05968247967714
1.3890790700878959 103.75818809702076 81.05968247967714
1.3890798440062078 103.75819296835594 81.05968247967714
1.389080934752266 103.75819983392515 81.05968247967695
1.389081946162914 103.7582062001273 81.05968247967714
1.389082899646415 103.75821220171412 81.05968247967714
1.3890842582840168 103.75822075349468 81.05968247967695
1.389085356076727 103.75822766341864 81.0596824796765
1.3890863116816445 103.75823367835876 81.05968247967695
1.3890872806431933 103.7582397773707 81.05968247967695
1.3890885391170387 103.7582476986831 81.0596824796765
1.3890894305713222 103.75825330983506 81.05968247967695
1.3890904341020074 103.75825962643856 81.0596824796765
1.3890917779001837 103.75826808481511 81.0596824796765
1.3890931804685156 103.75827691311356 81.05968247967695
1.389094554981116 103.75828556481873 81.05968247967714
1.389095731691809 103.75829297148361 81.05968247967695
1.389097094865272 103.75830155181627 81.0596824796765
1.3890978590177063 103.75830636168267 81.05968247967695
1.3890988066193026 103.758312326248 81.05968247967714
1.3890997409225123 103.75831820710829 81.05968247967714
1.3891007589989295 103.75832461526916 81.0596824796765
1.3891014839034084 103.75832917809421 81.05968247967714
1.3891023214473486 103.75833444991505 81.05968247967695
1.3891036486442414 103.75834280379831 81.05968247967695
1.3891043856506426 103.75834744279769 81.0596824796767
1.3891054544369232 103.75835417014626 81.0596824796763
1.3891068975956902 103.75836133262884 80.67684559848637
1.3891083338814028 103.75836819402366 80.24252771650015
1.3891097397380956 103.75837491005366 79.81734720128023
1.3891113867908147 103.75838277832051 79.31920330968981
1.3891125309941696 103.75838824438564 78.9731707288404
1.3891140748596607 103.75839561970874 78.50635664718354
1.3891156475660167 103.75840313280993 78.28071692375654
1.3891173807468862 103.75841141252687 78.28071692375654
1.3891183447894941 103.75841601793196 78.28071692375627
1.3891197404862379 103.75842268542664 78.28071692375565
1.3891213699731197 103.75843046977903 78.28071692375592
1.3891226789541933 103.75843672301747 78.28071692375627
1.3891240272549994 103.75844316409346 78.28071692375592
1.3891249897435765 103.75844776207492 78.28071692375627
1.3891261708220957 103.75845340430003 78.28071692375592
1.3891276939716632 103.75846068066029 78.28071692375592
1.3891287887472255 103.7584659106007 78.28071692375592
1.3891297121443553 103.75847032183547 78.28071692375654
1.3891311185553235 103.75847704051459 78.28071692375565
1.389132133589245 103.75848188951495 78.28071692375592
1.3891332231780686 103.75848709467759 78.28071692375592
1.3891347526478524 103.75849440123112 78.28071692375627
1.3891356776735406 103.75849882024602 78.28071692375565
1.3891369736491663 103.75850501135588 78.28071692375654
1.389138605091201 103.75851280504953 78.28071692375654
1.3891396765170838 103.75851792344481 78.28071692375565
1.389141141110704 103.75852492007357 78.28071692375627
1.389142806161497 103.75853287432263 78.28071692375627
1.389144107255053 103.75853908988215 78.28071692375627
1.389145404402174 103.75854528658893 78.28071692375627
1.3891464488483458 103.75855027609754 78.28071692375565
1.3891476739931405 103.75855612883626 78.28071692375654
1.3891490492262732 103.75856269857425 78.28071692375627
1.389150001665731 103.75856724855026 78.28071692375654
1.3891510150451458 103.75857208964754 78.28071692375627
1.3891528208979467 103.75858071653403 78.28071692375627
1.3891542183502916 103.7585873924175 78.28071692375627
1.3891553546412423 103.75859282068568 78.28071692375627
1.3891564082381649 103.7585978539095 78.28071692375627
1.3891577002747473 103.75860402620296 78.28071692375627
1.389159374529284 103.75861202442113 78.28071692375592
1.3891603297907094 103.75861658787859 78.28071692375592
1.389161384692107 103.75862162733435 78.28071692375592
1.3891628829074096 103.75862878458133 78.28071692375627
1.3891644798911502 103.75863641366318 78.28071692375592
1.3891657743594936 103.75864259757405 78.28071692375654
1.3891674003341075 103.75865036515079 78.28071692375627
1.3891686454013616 103.75865631306378 78.28071692375565
1.3891698982836418 103.75866229831067 78.28071692375565
1.3891711071213302 103.75866807314856 78.28071692375565
1.3891723737135104 103.75867412389024 78.28071692375565
1.3891735188454044 103.7586795943941 78.28071692375627
1.3891752339012575 103.75868778752866 78.28071692375627
1.3891766948620423 103.75869476680487 78.28071692375654
1.3891784088850436 103.75870295500556 78.28071692375592
1.389179345256568 103.75870742822326 78.28071692375592
1.3891809579529868 103.75871513236856 78.28071692375627
1.389182130603402 103.75872073433379 78.28071692375654
1.389183105462291 103.75872539141281 78.28071692375627
1.3891840808828242 103.75873005117496 78.28071692375592
1.38918508220565 103.75873483467714 78.28071692375592
1.3891861456914263 103.75873991514312 78.28071692375627
1.3891871067997414 103.75874450653332 78.28071692375592
1.3891882754974785 103.75875008961619 78.28071692375592
1.389189498376082 103.75875593153103 78.28071692375565
1.389191268190103 103.75876438625654 78.28071692375627
1.389192736330435 103.75877130321385 78.25557822771229
1.3891948571466801 103.75877999859766 77.88187649599057
1.3891964419213905 103.75878649620188 77.60259717766635
1.3891982271714103 103.75879381575844 77.28797475376862
1.3891993089558436 103.75879825109374 77.09732758402338
1.3892004892331171 103.75880309025148 76.88932900955996
1.3892020377144814 103.75880943905253 76.61646139905399
1.38920392823208 103.75881719020832 76.40761687563857
1.3892056776604507 103.75882436289584 76.4076168756392
1.3892070635698874 103.75883004514931 76.40761687563888
1.389208268841989 103.75883498678651 76.40761687563888
1.3892097189075223 103.75884093208123 76.40761687563857
1.3892110789919174 103.75884650845171 76.40761687563888
1.3892129586455764 103.75885421506558 76.40761687563857
1.3892146819048248 103.75886128045964 76.40761687563857
1.3892165852119285 103.75886908405325 76.40761687563857
1.3892185281103366 103.75887704997201 76.40761687563857
1.389219879781144 103.75888259184696 76.4076168756392
1.3892219498759697 103.75889107927352 76.40761687563857
1.3892231327760427 103.75889592918548 76.4076168756392
1.3892252202599245 103.75890448790767 76.40761687563857
1.3892267340673898 103.75891069454613 76.40761687563888
1.3892278982352522 103.7589154676558 76.40761687563857
1.3892297605799493 103.75892310330345 76.40761687563888
1.3892313980101167 103.75892981679745 76.40761687563857
1.3892328303572052 103.75893568944707 76.4076168756392
1.3892341685480065 103.75894117605424 76.40761687563888
1.3892359651675326 103.75894854222774 76.40761687563857
1.3892373488506466 103.75895421535434 76.40761687563857
1.3892389552769548 103.75896080173224 76.40761687563857
1.3892408372922969 103.75896851803044 76.40761687563888
1.3892426396004685 103.75897590752783 76.40761687563857
1.3892439251836894 103.75898117844326 76.40761687563857
1.3892450162550176 103.7589856518563 76.40761687563857
1.3892471263037074 103.75899430309582 76.40761687563825
1.3892484174110724 103.7589995966605 76.40761687563919
1.3892501849516827 103.75900684361058 76.40761687563825
1.3892522839142123 103.75901544939693 76.40761687563919
1.3892537860834389 103.75902160831944 76.40761687563857
1.3892557584484604 103.75902969505378 76.40761687563888
1.3892575076597837 103.75903686685378 76.4076168756392
1.389258948786127 103.75904277549948 76.40761687563857
1.389260638820014 103.75904970467099 76.40761687563888
1.389262682672373 103.75905808450516 76.40761687563919
1.3892645224648075 103.75906562768976 76.40761687563857
1.3892666842758696 103.75907333007402 76.05814996820273
1.3892686614264622 103.75907978625686 75.56131465065388
1.3892707807036235 103.75908670653952 75.0286321581591
1.3892725962472474 103.75909263501146 74.57225252990082
1.389274267221088 103.75909809140559 74.15223325644473
1.389276476104482 103.75910530428841 73.59711111546325
1.3892782131606773 103.7591109764678 73.16071319004261
1.3892802678125058 103.7591176857233 73.10603165205318
1.389282683678487 103.75912557448679 73.10603165205279
1.3892847025695383 103.75913216696927 73.10603165205342
1.389286029836116 103.75913650102271 73.1060316520538
1.389287905090657 103.75914262447489 73.10603165205342
1.3892901218809592 103.75914986317731 73.10603165205342
1.389291484690221 103.75915431329186 73.1060316520538
1.3892928859655043 103.75915888901329 73.10603165205303
1.3892952654413355 103.75916665894884 73.1060316520538
1.3892978224793837 103.7591750086958 73.10603165205342
1.3893000356312972 103.75918223551771 73.10603165205318
1.3893021602415236 103.75918917321583 73.10603165205318
1.3893035208560995 103.75919361616405 73.10603165205342
1.3893055589532761 103.75920027136273 73.1060316520538
1.3893079077033776 103.75920794096696 73.10603165205303
1.389309704500342 103.75921380822446 73.10603165205342
1.3893110791588166 103.75921829703175 73.10603165205318
1.3893132433095068 103.75922536384554 73.1060316520538
1.3893156405579157 103.75923319181629 73.10603165205342
1.389317771639941 103.75924015064786 73.10603165205342
1.3893199007541297 103.7592471030537 73.10603165205342
1.3893216362191814 103.75925277003837 73.10603165205318
1.3893236642886955 103.75925939249322 73.10603165205342
1.3893253663213048 103.75926495030774 73.10603165205279
1.389326783664543 103.75926957849806 73.10603165205318
1.3893287901419131 103.7592761304461 73.10603165205279
1.3893313003020877 103.75928432711923 73.10603165205303
1.389333087846359 103.75929016416356 73.10603165205342
1.3893345296927917 103.75929487236675 73.10603165205342
1.3893361774812787 103.75930025305284 73.10603165205318
1.3893384864701985 103.75930779282187 73.10603165205342
1.3893402786961198 103.75931364515384 73.10603165205318
1.389341839766705 103.75931874267154 73.10603165205303
1.3893441593136582 103.75932631691695 73.10603165205342
1.389346452378675 103.75933380468835 73.10603165205318
1.3893482281079284 103.75933960315231 73.1060316520538
1.3893497348962487 103.75934452341693 73.10603165205342
1.389351908801459 103.75935162208422 73.10603165205342
1.3893538954601428 103.759358109317 73.10603165205342
