1.3892114357410135 103.75236788381174 94.40456732981558 0.0 1.0
1.3892096420160702 103.75239118272835 94.40456732981494 2.6 2.0
1.3892061925442851 103.75243598833768 94.40456732981558 5.0 3.0
1.3892027430715268 103.75248079394764 94.40456732981558 5.0 4.0
1.3891992935977944 103.75252559955823 94.40456732981492 5.0 5.0
1.3891958441230887 103.75257040516946 94.40456732981558 5.0 6.0
1.3891923946474092 103.75261521078131 94.40456732981492 5.0 7.0
1.3891889451707562 103.75266001639382 94.40456732981558 5.0 8.0
1.389185495693129 103.75270482200695 94.40456732981558 5.0 9.0
1.3891820462145288 103.7527496276207 94.40456732981494 5.0 10.0
1.3891784174602477 103.75279441164113 94.63316451897451 5.0 11.0
1.3891709920709971 103.75283873835068 99.48010350298176 5.0 12.0
1.3891635666806568 103.75288306506069 99.48010350298176 5.0 13.0
1.3891561412892282 103.75292739177114 99.4801035029824 5.0 14.0
1.3891487158967097 103.75297171848204 99.48010350298176 5.0 15.0
1.3891427498572049 103.75301625653533 97.61155514416136 5.0 16.0
1.3891371322772785 103.7530608450528 97.16546280104302 5.0 17.0
1.3891315146963137 103.75310543357081 97.16546280104302 5.0 18.0
1.3891258971143097 103.75315002208936 97.16546280104302 5.0 19.0
1.3891215036173485 103.75319473447024 95.60649298885333 5.0 20.0
1.3891179595320298 103.7532395328014 94.5247684728344 5.0 21.0
1.3891144154457349 103.75328433113317 94.52476847283373 5.0 22.0
1.3891108713584628 103.75332912946558 94.5247684728344 5.0 23.0
1.389108349699671 103.75337399080304 93.22689803059738 5.0 24.0
1.389106295571931 103.75341888095153 92.63345375647685 5.0 25.0
1.3891042414432633 103.7534637711007 92.63345375647685 5.0 26.0
1.3891021873136657 103.75350866125055 92.63345375647685 5.0 27.0
1.3890999812567009 103.75355354422457 92.82614387642414 5.0 28.0
1.3890977400588063 103.75359842553934 92.8707122729942 5.0 29.0
1.3890954988599764 103.75364330685483 92.87071227299485 5.0 30.0
1.3890932576602122 103.75368818817095 92.8707122729942 5.0 31.0
1.3890910164595116 103.7537330694878 92.8707122729942 5.0 32.0
1.3890888675132125 103.75377795504205 92.75371111688521 5.0 33.0
1.3890869325202317 103.7538228504227 92.48236669608491 5.0 34.0
1.3890849975263264 103.75386774580402 92.48236669608556 5.0 35.0
1.389083062531495 103.75391264118605 92.48236669608491 5.0 36.0
1.3890811275357393 103.75395753656875 92.48236669608556 5.0 37.0
1.389079192539058 103.75400243195217 92.48236669608491 5.0 38.0
1.3890787465111745 103.75404735860968 90.59537878969707 5.0 39.0
1.3890787703557654 103.75409229513691 90.0 5.0 40.0
1.389078794199497 103.75413723166487 90.0 5.0 41.0
1.3890788180423688 103.75418216819365 90.0 5.0 42.0
1.3890796618170769 103.7542270913377 88.96104958343594 5.0 43.0
1.3890811237295473 103.7542720043914 88.17781438929049 5.0 44.0
1.389082585641208 103.75431691744593 88.17781438928982 5.0 45.0
1.3890840475520592 103.75436183050128 88.17781438928982 5.0 46.0
1.389085750809451 103.75440673400105 87.87181298352805 5.0 47.0
1.3890878905372326 103.75445162021916 87.31841043912894 5.0 48.0
1.3890900302642297 103.75449650643809 87.31841043912956 5.0 49.0
1.3890921699904415 103.75454139265788 87.31841043912895 5.0 50.0
1.3890943097158686 103.75458627887852 87.31841043912956 5.0 51.0
1.3890964494405096 103.75463116510001 87.31841043912956 5.0 52.0
1.3890990288788072 103.75467602723158 86.76049141563404 5.0 53.0
1.3891018689636883 103.75472087508386 86.42977991399579 5.0 54.0
1.3891047090478097 103.75476572293701 86.42977991399513 5.0 55.0
1.3891075491311708 103.75481057079104 86.42977991399579 5.0 56.0
1.3891103892137726 103.75485541864592 86.42977991399579 5.0 57.0
1.3891132292956148 103.7549002665017 86.42977991399579 5.0 58.0
1.3891172601534205 103.75494501984095 84.91629662847086 5.0 59.0
1.38912162191089 103.75498974691604 84.49576570193635 5.0 60.0
1.3891259836676557 103.75503447399204 84.49576570193635 5.0 61.0
1.3891303454237176 103.75507920106895 84.49576570193635 5.0 62.0
1.3891351848729037 103.75512387511675 83.88681340663811 5.0 63.0
1.389140865507597 103.75516845578318 82.81444762231177 5.0 64.0
1.3891465461416357 103.75521303645056 82.81444762231185 5.0 65.0
1.3891522267750211 103.75525761711891 82.81444762231129 5.0 66.0
1.3891579074077527 103.75530219778821 82.81444762231185 5.0 67.0
1.389163230236301 103.7553468218731 83.27111074995251 5.0 68.0
1.3891685138364187 103.75539145071873 83.3211764523918 5.0 69.0
1.389173797435867 103.75543607956527 83.32117645239187 5.0 70.0
1.3891790810346474 103.75548070841279 83.3211764523918 5.0 71.0
1.3891843646327589 103.75552533726123 83.32117645239245 5.0 72.0
1.3891896482302006 103.75556996611066 83.32117645239187 5.0 73.0
1.3891949318269743 103.75561459496099 83.3211764523918 5.0 74.0
1.3892002154230785 103.75565922381227 83.3211764523918 5.0 75.0
1.3892054990185139 103.75570385266452 83.32117645239187 5.0 76.0
1.3892107826132802 103.75574848151771 83.3211764523918 5.0 77.0
1.3892160662073776 103.75579311037185 83.32117645239245 5.0 78.0
1.3892213498008061 103.75583773922695 83.3211764523918 5.0 79.0
1.3892266333935654 103.75588236808298 83.3211764523918 5.0 80.0
1.3892319169856566 103.75592699693996 83.3211764523918 5.0 81.0
1.3892372005770774 103.75597162579788 83.32117645239187 5.0 82.0
1.38924248416783 103.75601625465677 83.32117645239245 5.0 83.0
1.3892502526363122 103.7560603960628 80.11145451793219 5.0 84.0
1.3892669132222897 103.7561018349584 68.25447283706451 5.0 85.0
1.389273592313502 103.75614666612563 81.6098201167339 5.0 86.0
1.3892796232853686 103.75619170023201 82.45072465853048 5.0 87.0
1.389285654256578 103.75623673433935 82.45072465853113 5.0 88.0
1.3892916852271298 103.75628176844772 82.45072465853048 5.0 89.0
1.3892977161970241 103.75632680255704 82.45072465853048 5.0 90.0
1.389303747166261 103.75637183666736 82.45072465853113 5.0 91.0
1.3893097781348407 103.75641687077866 82.45072465853048 5.0 92.0
1.3893158091027633 103.75646190489097 82.45072465853113 5.0 93.0
1.3893218400700278 103.75650693900425 82.45072465853048 5.0 94.0
1.3893255782173062 103.75655218112846 85.33688445203008 5.0 95.0
1.3893278553237272 103.75659755580254 87.1755533578282 5.0 96.0
1.3893301324293497 103.75664293047748 87.17555335782882 5.0 97.0
1.3893324095341735 103.7566883051533 87.17555335782885 5.0 98.0
1.389334686638199 103.75673367982999 87.17555335782818 5.0 99.0
1.3893369637414257 103.75677905450755 87.17555335782885 5.0 100.0
1.389339240843854 103.75682442918597 87.17555335782882 5.0 101.0
1.3893403380060587 103.75686981254415 88.65412373012862 5.0 102.0
1.3893387372352894 103.75691521574734 92.0364645830084 5.0 103.0
1.3893371364635865 103.75696061895127 92.0364645830084 5.0 104.0
1.3893355356909496 103.7570060221559 92.03646458300845 5.0 105.0
1.389331575042398 103.75705125446792 95.00247544989418 5.0 106.0
1.3893265332674993 103.75709640848946 96.36080915398476 5.0 107.0
1.3893214914915584 103.75714156251156 96.36080915398476 5.0 108.0
1.3893161996808978 103.75718667267856 96.67842183041198 5.0 109.0
1.3893053769874735 103.75723081273401 103.72187880889344 5.0 110.0
1.3892945542928539 103.75727495278976 103.72187880889344 5.0 111.0
1.389283731597039 103.75731909284579 103.72187880889405 5.0 112.0
1.3892682819699809 103.75736184711594 109.78063497313826 5.0 113.0
1.3892527505930403 103.75740457690209 109.88748174846967 5.0 114.0
1.38923702512145 103.75744722589631 110.15090609858306 5.0 115.0
1.3892172660417117 103.75748819588888 115.63367923254637 5.0 116.0
1.3891975069606384 103.75752916588128 115.63367923254694 5.0 117.0
1.3891738334540016 103.75756797548576 121.24967432597188 5.0 118.0
1.389149268088953 103.75760629287001 122.52727297066798 5.0 119.0
1.3891208042117444 103.75764148158947 128.81953550972625 5.0 120.0
1.389088271232318 103.75767340474046 135.38832034785872 5.0 121.0
1.3890548500615936 103.75770430351615 137.09253007387812 5.0 122.0
1.3890182609368533 103.75773154860225 143.1815810280966 5.0 123.0
1.3889815657678506 103.7577586021645 143.45473838777076 5.0 124.0
1.3889388180451725 103.75777472431358 159.24460069544332 5.0 125.0
1.3888960703218438 103.75779084646149 159.24460069544332 5.0 126.0
1.3888533225978648 103.75780696860822 159.24460069544358 5.0 127.0
1.388810574873234 103.75782309075379 159.24460069544332 5.0 128.0
1.3887678271479529 103.7578392128982 159.24460069544332 5.0 129.0
1.3887250794220214 103.75785533504146 159.24460069544332 5.0 130.0
1.3886817355364776 103.75786942947387 161.90833525571085 5.0 131.0
1.3886369754422003 103.75787870696993 168.24682430112549 5.0 132.0
1.3885922153475532 103.75788798446492 168.24682430112676 5.0 133.0
1.3885472684969555 103.7578960060826 169.84731655660494 5.0 134.0
1.3885017207052948 103.75789998654948 175.0036572462271 5.0 135.0
1.3884561729134728 103.75790396701542 175.00365724622833 5.0 136.0
1.3884105877850865 103.75790624640032 177.14913103978873 5.0 137.0
1.3883649086487828 103.75790424270019 182.5579045501924 5.0 138.0
1.3883192295125306 103.75790223899935 182.55790455019238 5.0 139.0
1.3882737170105333 103.75789845781324 184.80977818241945 5.0 140.0
1.3882284512680128 103.75789204444844 188.1454782674224 5.0 141.0
1.3881831855256794 103.75788563108314 188.14547826742373 5.0 142.0
1.3881385782136966 103.75787663604969 191.5023442774153 5.0 143.0
1.3880957012984405 103.75786085622899 200.35453095504363 5.0 144.0
1.3880528243835784 103.75784507640824 200.35453095504474 5.0 145.0
1.38800994746911 103.75782929658747 200.3545309550433 5.0 146.0
1.3879670705550362 103.75781351676669 200.35453095504485 5.0 147.0
1.3879242232940696 103.75779767408386 200.44179130154782 5.0 148.0
1.3878845855720732 103.75777502736833 209.92994454068813 5.0 149.0
1.3878448068071292 103.75775252974958 209.67909766901093 5.0 150.0
1.3878037883364982 103.7577314357166 207.39476895773925 5.0 151.0
1.3877629275169727 103.7577101621796 207.68405177004718 5.0 152.0
1.3877263572024532 103.75768229042656 217.5200958637051 5.0 153.0
1.3876925743595574 103.75765207156049 222.0256658657141 5.0 154.0
1.3876593690684071 103.75762156146644 222.7911918112142 5.0 155.0
1.387626163777623 103.75759105137318 222.79119181121538 5.0 156.0
1.3875939255807408 103.75755954456147 224.556604786863 5.0 157.0
1.3875620249830551 103.75752768980985 225.1728001898167 5.0 158.0
1.3875301243857023 103.75749583505903 225.17280018981765 5.0 159.0
1.387500108580306 103.75746232997994 228.35699253017833 5.0 160.0
1.3874723147945467 103.75742687929497 232.111656685689 5.0 161.0
1.387444521008997 103.75739142861103 232.11165668568802 5.0 162.0
1.3874167272236568 103.75735597792811 232.11165668568879 5.0 163.0
1.387388933438526 103.7573205272462 232.111656685689 5.0 164.0
1.387361551947809 103.75728477629038 232.75916762966287 5.0 165.0
1.3873358935253806 103.75724777042065 235.46620763957114 5.0 166.0
1.3873102351030873 103.75721076455201 235.4662076395702 5.0 167.0
1.3872845766809287 103.75717375868444 235.46620763957097 5.0 168.0
1.387258918258906 103.75713675281794 235.46620763957034 5.0 169.0
1.3872332598370185 103.7570997469525 235.4662076395702 5.0 170.0
1.387207754253911 103.75706263775402 235.70040555560175 5.0 171.0
1.3871825270764302 103.75702534032678 236.12701500050082 5.0 172.0
1.3871572998990696 103.7569880429006 236.1270150005015 5.0 173.0
1.3871320727218286 103.75695074547552 236.1270150005006 5.0 174.0
1.3871068455447075 103.75691344805153 236.1270150005015 5.0 175.0
1.3870816183677066 103.7568761506286 236.12701500050082 5.0 176.0
1.387056391190825 103.75683885320676 236.1270150005015 5.0 177.0
1.3870311640140647 103.756801555786 236.12701500050088 5.0 178.0
1.387005936837424 103.75676425836633 236.12701500050088 5.0 179.0
1.3869807096609033 103.75672696094772 236.12701500050122 5.0 180.0
1.386955482484503 103.75668966353021 236.12701500050125 5.0 181.0
1.3869302553082226 103.75665236611377 236.12701500050082 5.0 182.0
1.3869039771888696 103.75661574177832 234.5445448092979 5.0 183.0
1.3868731754496175 103.7565827627145 227.16873063832188 5.0 184.0
1.386848239133285 103.75654500009057 236.76049733865796 5.0 185.0
1.3868237292594483 103.75650693258676 237.42172583196407 5.0 186.0
1.3868117243232763 103.75648828712382 237.42172583196407 2.449000000000044 187.0
1.3868117243232763 103.75648828712382 237.42172583196407 0.0 188.0
1.3868117243232763 103.75648828712382 237.42172583196407 0.0 189.0
1.3868117243232763 103.75648828712382 237.42172583196407 0.0 190.0
1.3868117243232763 103.75648828712382 237.42172583196407 0.0 191.0
1.3868117243232763 103.75648828712382 237.42172583196407 0.0 192.0
1.3868117243232763 103.75648828712382 237.42172583196407 0.0 193.0
1.3868117243232763 103.75648828712382 237.42172583196407 0.0 194.0
1.3868117243232763 103.75648828712382 237.42172583196407 0.0 195.0
1.3868117243232763 103.75648828712382 237.42172583196407 0.0 196.0
1.3868117243232763 103.75648828712382 237.42172583196407 0.0 197.0
1.3868117243232763 103.75648828712382 237.42172583196407 0.0 198.0
1.3868117243232763 103.75648828712382 237.42172583196407 0.0 199.0
1.3868117243232763 103.75648828712382 237.42172583196407 0.0 200.0
1.3868117243232763 103.75648828712382 237.42172583196407 0.0 201.0
1.3868117243232763 103.75648828712382 237.42172583196407 0.0 202.0
1.3868117243232763 103.75648828712382 237.42172583196407 0.0 203.0
1.3868117243232763 103.75648828712382 237.42172583196407 0.0 204.0
1.3868117243232763 103.75648828712382 237.42172583196407 0.0 205.0
1.3868117243232763 103.75648828712382 237.42172583196407 0.0 206.0
1.3868117243232763 103.75648828712382 237.42172583196407 0.0 207.0
1.3868117243232763 103.75648828712382 237.42172583196407 0.0 208.0
1.3868117243232763 103.75648828712382 237.42172583196407 0.0 209.0
1.3868117243232763 103.75648828712382 237.42172583196407 0.0 210.0
1.3868117243232763 103.75648828712382 237.42172583196407 0.0 211.0
1.3868117243232763 103.75648828712382 237.42172583196407 0.0 212.0
1.3868003013421386 103.75646783584597 239.27882865888355 2.6 213.0
1.3867799257810742 103.75642771651023 243.2535060742054 5.0 214.0
1.3867595502199452 103.75638759717565 243.25350607420546 5.0 215.0
1.3867491882967877 103.75634421367775 256.67984589118737 5.0 216.0
1.3867416848661112 103.75629989839254 260.48033424530286 5.0 217.0
1.3867508220519038 103.75625663984134 281.8828004578877 5.0 218.0
1.3867661048763953 103.75621492779898 290.03384189244554 5.0 219.0
1.386798215607612 103.7561832815793 315.26362902688544 5.0 220.0
1.3868318445721408 103.75615349309616 318.3129915542592 5.0 221.0
1.3868695825602426 103.75612873248407 326.5915370563238 5.0 222.0
1.3869073205473597 103.7561039718709 326.5915370563238 5.0 223.0
1.3869450585334906 103.75607921125663 326.5915370563238 5.0 224.0
1.3869827965186377 103.75605445064126 326.5915370563238 5.0 225.0
1.3870205345027984 103.75602969002483 326.5915370563237 5.0 226.0
1.387042808205943 103.75598058781422 326.5936095855462 5.0 227.0
1.3870806352281406 103.75595577072698 326.59360958554606 5.0 228.0
1.387118462249349 103.75593095363867 326.59360958554663 5.0 229.0
1.3871562892695672 103.75590613654926 326.593609585546 5.0 230.0
1.3871941162887957 103.75588131945875 326.5936095855462 5.0 231.0
1.3872319433070341 103.75585650236715 326.5936095855466 5.0 232.0
1.387269770324283 103.75583168527444 326.5936095855462 5.0 233.0
1.3873083092711076 103.75580800833087 328.3007613537404 5.0 234.0
1.387347487581514 103.75578535532254 329.83386170308967 5.0 235.0
1.3873866658910128 103.75576270231308 329.8338617030902 5.0 236.0
1.3874258441996028 103.75574004930249 329.8338617030902 5.0 237.0
1.3874650225072855 103.75571739629078 329.8338617030902 5.0 238.0
1.3875042008140592 103.75569474327793 329.8338617030897 5.0 239.0
1.3875433791199256 103.75567209026396 329.8338617030902 5.0 240.0
1.387582599422692 103.75564951197663 329.9427294904186 5.0 241.0
1.3876225619834566 103.75562825440872 331.86719250388956 5.0 242.0
1.3876625245433678 103.75560699683967 331.8671925038897 5.0 243.0
1.387702487102425 103.75558573926946 331.8671925038897 5.0 244.0
1.387742449660629 103.7555644816981 331.8671925038903 5.0 245.0
1.3877824122179785 103.75554322412563 331.86719250388956 5.0 246.0
1.3878223747744745 103.755521966552 331.8671925038899 5.0 247.0
1.3878630983774363 103.75550219218336 333.9852785064628 5.0 248.0
1.3879038868366937 103.75548254421363 334.16574275207324 5.0 249.0
1.387944675295161 103.75546289624275 334.16574275207313 5.0 250.0
1.3879854637528386 103.75544324827072 334.16574275207313 5.0 251.0
1.3880262522097273 103.75542360029753 334.16574275207324 5.0 252.0
1.388067040665826 103.75540395232319 334.16574275207313 5.0 253.0
1.3881078389358728 103.75538432449355 334.1942157305456 5.0 254.0
1.3881486510647816 103.75536472511125 334.2344231795207 5.0 255.0
1.3881894631929037 103.75534512572779 334.2344231795207 5.0 256.0
1.3882302753202376 103.7553255263432 334.23442317952015 5.0 257.0
1.388271087446784 103.75530592695742 334.2344231795207 5.0 258.0
1.3883090107112954 103.75528204375908 327.66230009702997 5.0 259.0
1.388344373933046 103.75525465824128 322.09752781453216 5.0 260.0
1.3883850956348076 103.75523495224301 334.0624489373969 5.0 261.0
1.3884258173357766 103.75521524624357 334.062448937397 5.0 262.0
1.3884665390359552 103.755195540243 334.0624489373969 5.0 263.0
1.3885072607353417 103.75517583424127 334.062448937397 5.0 264.0
1.3885479824339362 103.75515612823837 334.0624489373967 5.0 265.0
1.3885887041317395 103.75513642223434 334.062448937397 5.0 266.0
1.3886294258287515 103.75511671622917 334.062448937397 5.0 267.0
1.3886701475249714 103.75509701022281 334.06244893739614 5.0 268.0
1.3887108692204004 103.75507730421533 334.062448937397 5.0 269.0
1.3887516057257625 103.75505762846544 334.10528566982157 5.0 270.0
1.388793860694623 103.75507120733661 337.3849450603698 5.0 271.0
1.3888160028021013 103.7550638796021 341.60868847215283 5.0 272.0
1.388839313590762 103.75506313567493 358.1905311542471 5.0 273.0
1.3888626490747185 103.75506282712934 359.26777140273373 5.0 274.0
1.3888853714273244 103.75505838308695 348.89446028481683 5.0 275.0
1.3889092206164757 103.75505117001595 343.10030898816245 5.0 276.0
1.3889507518992306 103.75503336244671 336.6882426144797 5.0 277.0
1.3889922940554875 103.75501557991956 336.7230130366265 5.0 278.0
1.3890338362110317 103.75499779739123 336.72301303662596 5.0 279.0
1.3890753550948542 103.75497996129445 336.6486337250293 5.0 280.0
1.3891150515344013 103.75495952780872 332.6433955853811 5.0 281.0
1.3891480252639075 103.75493129818356 319.2807552039022 5.0 282.0
1.3891908494671568 103.75491685120825 341.2764098933891 5.0 283.0
1.3892336736698294 103.75490240423183 341.27640989338886 5.0 284.0
1.389276497871926 103.75488795725428 341.2764098933891 5.0 285.0
1.389319322073446 103.75487351027557 341.2764098933891 5.0 286.0
1.3893531906051444 103.75483172235474 341.27201754943917 5.0 287.0
1.3893960712675584 103.75481725268281 341.27201754943934 5.0 288.0
1.3894389519293937 103.75480278300972 341.27201754943917 5.0 289.0
1.3894820934541052 103.7547891257658 342.3579579377307 5.0 290.0
1.3895254851268917 103.75477624758078 343.39928879213323 5.0 291.0
1.3895688767991652 103.75476336939467 343.399288792133 5.0 292.0
1.3896122684709256 103.75475049120745 343.399288792133 5.0 293.0
1.389655660142173 103.75473761301909 343.39928879213323 5.0 294.0
1.3896990518129084 103.75472473482962 343.399288792133 5.0 295.0
1.3897424434831298 103.75471185663903 343.39928879213244 5.0 296.0
1.389785835152839 103.75469897844735 343.39928879213323 5.0 297.0
1.3898292268220347 103.75468610025453 343.399288792133 5.0 298.0
1.3898726354923554 103.75467327883806 343.47471816358285 5.0 299.0
1.3899160549885285 103.75466049357543 343.52275033653893 5.0 300.0
1.3899594744841934 103.75464770831168 343.52275033653956 5.0 301.0
1.3900028939793485 103.75463492304681 343.52275033653956 5.0 302.0
1.3900463134739944 103.75462213778084 343.5227503365391 5.0 303.0
1.3900897329681317 103.75460935251375 343.52275033653956 5.0 304.0
1.3901331524617588 103.75459656724554 343.52275033653893 5.0 305.0
1.3901765719548775 103.75458378197622 343.52275033653956 5.0 306.0
1.3902199156488053 103.75457075419361 343.19940753761887 5.0 307.0
1.3902629858467546 103.75455685138178 342.0326534090541 5.0 308.0
1.3903060560441478 103.75454294856884 342.03265340905494 5.0 309.0
1.390349126240987 103.75452904575477 342.0326534090541 5.0 310.0
1.3903921964372712 103.75451514293958 342.03265340905494 5.0 311.0
1.390435266633 103.75450124012323 342.0326534090541 5.0 312.0
1.3904783368281737 103.75448733730578 342.0326534090543 5.0 313.0
1.3905214070227927 103.7544734344872 342.0326534090547 5.0 314.0
1.390564487072089 103.75445956506599 342.0769538598658 5.0 315.0
1.3906082940542879 103.7544481591578 345.3463800064692 5.0 316.0
1.3906521010360338 103.7544367532485 345.346380006469 5.0 317.0
1.3906959080173265 103.75442534733811 345.3463800064692 5.0 318.0
1.3907397149981666 103.75441394142665 345.34638000646953 5.0 319.0
1.3907835219785536 103.75440253551405 345.346380006469 5.0 320.0
1.3908273289584874 103.75439112960038 345.3463800064692 5.0 321.0
1.3908711359379684 103.75437972368562 345.34638000646936 5.0 322.0
1.3909149429169962 103.75436831776975 345.34638000646936 5.0 323.0
1.3909587498955711 103.7543569118528 345.346380006469 5.0 324.0
1.3910025568736932 103.75434550593474 345.34638000646936 5.0 325.0
1.391046445965286 103.75433445488459 345.8099298049983 5.0 326.0
1.3910908677022809 103.75432570575076 348.81817273798964 5.0 327.0
1.3911352894389295 103.7543169566159 348.8181727379893 5.0 328.0
1.3911797111752329 103.75430820747998 348.8181727379895 5.0 329.0
1.3912241329111896 103.75429945834303 348.81817273798964 5.0 330.0
1.3912685546468013 103.75429070920504 348.8181727379893 5.0 331.0
1.3913129763820664 103.75428196006601 348.8181727379893 5.0 332.0
1.391357398116986 103.75427321092594 348.81817273798964 5.0 333.0
1.3914018198515596 103.7542644617848 348.8181727379893 5.0 334.0
1.3914462415857876 103.75425571264266 348.81817273798964 5.0 335.0
1.3914906633196695 103.75424696349945 348.8181727379893 5.0 336.0
1.3915350850532051 103.7542382143552 348.8181727379893 5.0 337.0
1.3915795067863956 103.75422946520992 348.81817273798964 5.0 338.0
1.3916239285192398 103.75422071606359 348.8181727379893 5.0 339.0
1.391668350251738 103.75421196691622 348.8181727379893 5.0 340.0
1.3917127719838907 103.75420321776781 348.81817273798964 5.0 341.0
1.391757193715697 103.75419446861835 348.8181727379895 5.0 342.0
1.3918016154471573 103.75418571946784 348.81817273798964 5.0 343.0
