-635245736
1.2908952374867495 103.76660364887991 299.8723890898501
1.290898283372794 103.76659835677421 299.8545649309531
1.2909025613678633 103.76659092392809 299.8295306193603
1.2909059400751044 103.76658505355871 299.80975883835646
1.2909101418053364 103.76657775321956 299.79073625274856
1.2909125940601565 103.76657349252429 299.79073625274873
1.2909150375733467 103.76656924701723 299.79073625274873
1.290917626628484 103.76656474863681 299.79073625274884
1.2909218888535945 103.76655734318997 299.79073625274884
1.2909250597775286 103.76655183383549 299.79073625274873
1.2909295447180673 103.76654404142927 299.79073625274873
1.2909333298041585 103.76653746499228 299.79073625274856
1.2909360877186704 103.76653267322514 299.79073625274884
1.2909388837788056 103.76652781518146 299.79073625274884
1.2909418322668875 103.76652269230021 299.79073625274873
1.2909457269988038 103.76651592535772 299.79073625274884
1.2909480871650583 103.76651182466227 299.79073625274856
1.2909513466366251 103.76650616145939 299.79073625274873
1.2909549301510794 103.76649993524475 299.79073625274856
1.2909590293287914 103.76649281308553 299.79073625274873
1.2909626232304383 103.76648656882341 299.79073625274856
1.290966828533515 103.7664792622754 299.79073625274873
1.2909705323862684 103.76647282697743 299.79073625274884
1.2909744274512145 103.76646605945577 299.79073625274873
1.2909771967203967 103.76646124795975 299.79073625274873
1.2909797907656855 103.76645674090834 299.79073625274884
1.2909822539649527 103.7664524611967 299.79073625274884
1.2909846737004347 103.76644825700164 299.79073625274873
1.2909877341960743 103.76644293951101 299.7907362527486
1.2909915678955968 103.766436278609 299.7907362527488
1.2909949931415754 103.7664303273789 299.79073625274856
1.2909981889617308 103.76642477441314 299.7905122451241
1.2910016863489162 103.76641868653921 299.7833597190906
1.2910041688146294 103.76641436533095 299.77828281427423
1.2910065598887353 103.76641020320729 299.7733928147691
1.2910092928410957 103.76640544597883 299.76780363793375
1.2910122612155888 103.7664002789529 299.7617329978789
1.2910160607126242 103.7663936651985 299.75396262439966
1.2910193749361238 103.76638789615583 299.74718468699376
