512870360
1.291915720723147 103.76901005889067 288.70190502522314
1.2919179625273567 103.76900347583164 288.71821962748305
1.2919199906530925 103.76899752023947 288.7209486747171
1.2919216956310715 103.7689925135708 288.7209486747171
1.2919243932443742 103.76898459202789 288.7209486747169
1.2919260007141364 103.76897987169203 288.7209486747172
1.2919279635602865 103.76897410779313 288.7209486747169
1.2919295540187092 103.76896943741099 288.7209486747171
1.29193169541377 103.76896314920299 288.7209486747174
1.2919340895065237 103.76895611894797 288.7209486747171
1.291935789266156 103.76895112760256 288.7209486747169
1.291937428502923 103.76894631398258 288.7209486747169
1.2919399754330316 103.76893883492032 288.7209486747171
1.2919422336627164 103.768932203627 288.7209486747171
1.2919448149519273 103.76892462366904 288.7209486747169
1.2919462927565644 103.7689202840944 288.7209486747171
1.2919482712032317 103.76891447438393 288.7209486747169
1.2919503880917649 103.76890825813875 288.7209486747169
1.291952158774256 103.76890305852787 288.7209486747174
1.2919538211989272 103.76889817681614 288.7209486747171
1.2919565014273184 103.76889030632266 288.7209486747171
1.2919584977187633 103.76888444421068 288.7209486747171
1.2919605349574348 103.76887846185704 288.7209486747171
1.2919633328047735 103.76887024597511 288.7209486747169
1.2919653614865925 103.76886428874855 288.7209486747172
1.2919676658056882 103.7688575221127 288.7209486747171
1.2919697843177231 103.76885130109942 288.7209486747171
1.2919713524519352 103.76884669627128 288.7209486747172
1.2919732680760065 103.76884107103868 288.7209486747171
1.2919753616855096 103.76883492315153 288.7209486747169
1.2919769202294387 103.76883034648513 288.7209486747172
1.2919787313856095 103.76882502802248 288.7209486747172
1.2919803246663757 103.76882034935123 288.7209486747174
1.2919822700366825 103.76881463676848 288.7209486747171
1.2919840353484586 103.76880945292783 288.7209486747172
1.2919865896510865 103.76880196312872 288.72541877512293
1.2919886200935613 103.76879631461912 288.8539760602175
1.291990224638594 103.76879185091809 288.95557022655584
1.2919927226057415 103.76878490179648 289.1137355922693
1.2919945624807838 103.76877978342827 289.23023311579334
1.291996150252494 103.76877536638901 289.3307677623663
1.2919980161325342 103.76877017567713 289.448910630048
1.291999582889748 103.76876581709827 289.548112204035
1.2920017307700793 103.76875984188663 289.68199191821816
1.2920043915805293 103.76875243974901 289.68199191821816
1.2920064772834747 103.7687466375092 289.68199191821816
1.2920091129909395 103.76873930520568 289.68199191821816
1.2920117533737332 103.76873195989572 289.6819919182181
1.2920139524955756 103.76872584213439 289.6819919182181
1.292016511236237 103.76871872394544 289.6819919182179
1.2920183490513457 103.76871361130716 289.6819919182184
1.292021180925979 103.76870573328358 289.6819919182181
1.2920231020493829 103.76870038888894 289.6819919182184
1.2920254702415177 103.76869380078872 289.6819919182184
1.2920284952180856 103.76868538557241 289.6819919182184
1.2920303795262174 103.76868014359437 289.6819919182181
1.2920324224507083 103.76867446035965 289.6819919182181
1.2920347379962758 103.76866801871721 289.6819919182181
