512870348#0
1.2924084951046344 103.76815473749323 129.31507701289422
1.2924055204499745 103.76815835004732 129.31507701289397
1.2924009552001938 103.76816389607464 129.31364685973077
1.2923974190209557 103.76816819708571 129.30842057504074
1.2923932970787084 103.76817321055307 129.30232856353618
1.2923876873806173 103.76818003355937 129.29403772776655
1.2923837912330567 103.76818477239533 129.28827942866522
1.292379865285339 103.76818954747682 129.28247708666248
1.2923757147850494 103.76819459567875 129.27634286818716
1.2923702804591897 103.76820120538174 129.27250711482998
1.292365945216665 103.76820647828326 129.27250711482998
1.2923613198191268 103.76821210409666 129.27250711482975
1.292356947173516 103.768217422491 129.27250711482975
1.2923538210059338 103.76822122480961 129.27250711482998
1.2923508578906753 103.76822482880969 129.2725071148304
1.2923457305295045 103.768231065155 129.2725071148304
1.2923408439349051 103.7682370086589 129.27250711482998
1.2923361752772442 103.76824268708873 129.27250711482998
1.2923329812237083 103.76824657197602 129.27250711482975
1.292328172576474 103.76825242067332 129.27250711482998
1.2923242204460677 103.76825722759992 129.27250711482998
1.2923199759386106 103.76826239982437 129.2647478977807
1.2923164222003853 103.76826746458876 128.669654138992
1.292312812249974 103.76827260946634 128.06479905548562
1.2923086928127743 103.76827848046108 127.37432086557016
1.2923047284968183 103.76828413037798 126.70976322745724
1.29229974536847 103.76829123229952 125.87458433972519
1.2922962645531288 103.76829619313445 125.29148052055879
1.2922921669040097 103.76830203307674 124.90974346236344
1.292287793143152 103.76830826653156 124.90974346236305
1.2922827392340683 103.76831546932904 124.90974346236305
1.292277860453243 103.7683224225348 124.90974346236305
1.2922748454980566 103.7683267194287 124.90974346236305
1.2922696500552313 103.76833412393889 124.90974346236344
1.2922645181125085 103.76834143794906 124.90974346236344
1.2922603704633446 103.76834734915063 124.90974346236344
1.2922557576929168 103.7683539232398 124.90974346236344
1.2922531187991497 103.7683576841733 124.90974346236305
1.2922482326631708 103.76836464786109 124.90974346236305
1.2922438845182522 103.76837084480759 124.90974346236344
1.2922402806201219 103.76837598105861 124.90974346236344
1.292235272335499 103.76838311883161 124.90974346236344
1.2922317236584773 103.76838817638176 124.90974346236305
1.292228282853879 103.76839308019285 124.90974346236305
1.292223195139666 103.76840033116814 124.90974346236344
1.2922192976138243 103.76840588589508 124.90974346236317
1.2922142175536535 103.76841312596173 124.90974346236344
1.2922103906712636 103.76841896880103 124.62798409637625
1.2922082111148059 103.7684239924186 123.2348407892722
1.292205898185725 103.76842932344414 121.75114706268832
1.2922030524233885 103.76843588258666 119.92102234807327
1.2922005186448624 103.7684417226437 118.29005912884665
1.2921981857351197 103.76844709972208 116.78953134912726
1.2921956028249646 103.76845305302153 115.13202380336311
1.2921920140472976 103.76846132472537 113.34713479438594
1.2921898766911697 103.76846625107586 113.34713479438624
1.2921875254780946 103.76847167034104 113.34713479438594
1.2921846061852325 103.7684784446722 113.32421632914081
1.2921827211576202 103.76848289224607 113.27266806206605
1.2921792260665101 103.76849113863764 113.1770900886165
1.2921770455355328 103.76849628342828 113.11746029754447
1.2921747921266908 103.76850160016843 113.05583753017882
1.2921712673793428 103.7685099165313 112.9594484335585
1.2921691057805849 103.76851501665269 112.90033689746186
1.2921668940288142 103.76852023510612 112.86393068899953
1.2921635942401055 103.76852802069658 112.86393068899957
1.2921607951953535 103.76853462482121 112.86393068899957
1.292158673674515 103.76853963038172 112.86393068899928
1.2921560086053496 103.76854591840143 112.86393068899983
1.2921534625770665 103.76855192555352 112.86393068899928
1.2921513495495989 103.76855691107446 112.86393068899957
1.292148712114384 103.76856313389386 112.86393068899953
