370372739
1.332210170326474 103.76537150758452 286.74100065102454
1.3322119344648746 103.76536566971927 286.74100065102493
1.3322144122251143 103.7653574703453 286.74100065102454
1.33221636912929 103.76535099458174 286.74100065102454
1.332218802717879 103.7653429413798 286.7410006510248
1.3322202230326041 103.76533824129142 286.74100065102493
1.3322216382842829 103.76533355795756 286.74100065102454
1.3322231378319955 103.76532859567223 286.74100065102493
1.3322256064584028 103.76532042652319 286.7410006510252
1.3322274430170808 103.76531434900505 286.7410006510248
1.3322300406373933 103.76530575299067 286.7410006510248
1.3322322329109288 103.76529849834493 286.74100065102454
1.332233830259793 103.76529321241684 286.74100065102493
1.3322354497021072 103.76528785337729 286.74100065102454
1.3322371574287346 103.76528220218829 286.7410006510252
1.3322394132076896 103.7652747373908 286.74100065102454
1.3322407801858163 103.76527021380262 286.74100065102493
1.3322426680300783 103.76526396657022 286.74100065102493
1.3322447435558262 103.7652570982643 286.74100065102454
1.3322471177471253 103.76524924161765 286.74100065102454
1.3322491992889782 103.76524235340312 286.74100065102493
1.3322516349467022 103.76523429335226 286.74100065102493
1.3322537801708036 103.76522719440092 286.74100065102454
1.3322560361425455 103.76521972896465 286.74100065102493
1.3322576400677888 103.76521442127324 286.74100065102493
1.3322591425055905 103.76520944942287 286.7410006510252
1.3322605691590472 103.76520472835719 286.74100065102454
1.332261970638832 103.76520009059585 286.74100065102493
1.3322637432386808 103.7651942247281 286.74100065102493
1.3322659636682972 103.76518687690694 286.74100065102454
1.3322679475268464 103.76518031194404 286.74100065102493
1.3322697985938232 103.76517418641349 286.74100065102493
1.3322718270751952 103.76516747378507 286.74100065102454
1.332273266903034 103.76516270912245 286.74100065102493
1.3322746537238188 103.76515811987014 286.74100065102454
1.332276238833671 103.76515287444177 286.74100065102493
1.3322779604881372 103.76514717716135 286.74100065102493
1.3322801641928979 103.76513988468521 286.74100065102454
1.3322820864394473 103.76513352360747 286.7410006510248
1.332283660393427 103.76512831509572 286.7410006510252
1.3322859524663426 103.76512073019235 286.74100065102493
1.3322882646048875 103.76511307888788 286.74100065102454
1.3322903275567088 103.76510625218937 286.7410006510248
1.332291639558907 103.76510191052544 286.74100065102493
1.3322933824918084 103.76509629110765 286.79537280093433
1.3322960360223979 103.76508802912237 286.98570990483194
1.3322975920279296 103.76508318437136 287.0973246240029
1.3322990611488559 103.76507861014267 287.20270794218504
1.3323007874567607 103.76507323514114 287.3265400748645
1.332302313779504 103.76506848280981 287.4360261196309
1.3323037773343487 103.76506392591145 287.5410083294562
1.3323060624244147 103.76505681109555 287.7049156757635
1.3323084022336202 103.76504952590697 287.72716435671714
1.332309870658935 103.76504495384384 287.72716435671646
1.3323117225441183 103.76503918784675 287.72716435671674
1.332314067681612 103.76503188606787 287.72716435671686
1.3323161759707498 103.76502532173578 287.72716435671714
1.332318092460534 103.76501935458673 287.72716435671674
1.332320351453491 103.7650123210257 287.72716435671646
1.3323217677857466 103.76500791115826 287.72716435671714
1.3323233986514387 103.76500283332322 287.72716435671674
1.3323258365324313 103.76499524277928 287.72716435671674
1.3323283372557937 103.7649874565703 287.72716435671646
1.332330556537759 103.76498054665227 287.72716435671674
1.3323327833511607 103.76497361328443 287.72716435671686
1.3323350385195842 103.76496659163077 287.72716435671674
1.3323368613818432 103.76496091599807 287.72716435671646
1.332338551413442 103.76495565394463 287.72716435671674
1.3323399669886788 103.76495124643372 287.72716435671686
1.3323418541134107 103.76494537071434 287.72716435671674
1.3323439373778356 103.76493888429766 287.72716435671686
1.3323460584441293 103.76493228018164 287.72716435671686
1.3323476206124034 103.76492741624097 287.72716435671674
1.3323491506311802 103.76492265240037 287.72716435671714
1.332351420821047 103.7649155839755 287.72716435671646
1.3323532333756545 103.764909940436 287.72716435671686
1.332355822290513 103.76490187963417 287.72716435671674
1.3323583357962057 103.7648940536249 287.72716435671674
1.3323599088438005 103.76488915581021 287.72716435671674
1.3323618837104738 103.76488300689824 287.72716435671686
1.3323635732187065 103.76487774647352 287.72716435671686
1.332366075084734 103.76486995670498 287.72716435671714
1.3323683675900158 103.76486281879846 287.72716435671674
1.3323698960906019 103.7648580596843 287.72716435671674
1.3323718830215825 103.76485187320874 287.72716435671646
1.3323735249583417 103.76484676090145 287.72716435671686
1.3323761655178834 103.76483853929858 287.72716435671674
1.332378601032841 103.76483095611907 287.72716435671686
1.3323808141236584 103.7648240654756 287.72716435671686
1.3323822364004376 103.76481963709776 287.72716435671714
1.3323842869909865 103.76481325241235 287.72716435671686
1.3323857577286407 103.76480867314744 287.72716435671686
1.3323876134423098 103.76480289522739 287.72716435671714
1.3323896010781031 103.76479670655667 287.72716435671674
1.3323921677285826 103.76478871507507 287.72716435671674
1.3323936448800096 103.76478411584011 287.72716435671674
1.332395765431286 103.76477751332565 287.72716435671674
1.3323973788072148 103.76477248994418 287.72716435671674
1.3323994986357905 103.76476588967975 287.72716435671646
1.332401817477389 103.76475866977147 287.72716435671674
1.332404435239062 103.76475051915025 287.72716435671674
1.3324071558792985 103.76474204820786 287.7271643567169
1.3324091719501143 103.76473577100158 287.72716435671646
1.332411510749924 103.76472848895129 287.7271643567169
1.3324135943064426 103.76472200162242 287.72716435671674
1.3324162335173153 103.76471378421674 287.7271643567166
1.3324185004943014 103.76470672579256 287.7271643567166
1.3324198980586006 103.76470237435812 287.72716435671646
1.3324225062962771 103.76469425338979 287.72716435671674
1.3324249172129832 103.76468674679687 287.7271643567166
1.3324273137171359 103.76467928507853 287.72716435671674
1.3324297600666788 103.76467166816225 287.7271643567169
1.3324322192274691 103.76466401135696 287.7271643567169
1.3324337390581737 103.76465927923533 287.72716435671674
1.3324354751263674 103.76465387383992 287.72716435671674
1.3324377614331486 103.76464675522995 287.72716435671674
1.3324403166572676 103.76463879932297 287.72716435671674
1.332442981160537 103.76463050316593 287.7271643567169
1.3324450732398239 103.76462398929945 287.72716435671674
1.332446585215976 103.76461928163327 287.7271643567169
1.332449331000812 103.76461073239885 287.7271643567169
1.3324510953545876 103.76460523893337 287.72716435671646
1.332452470719659 103.76460095661726 287.72716435671646
1.3324539034431957 103.76459649571063 287.72716435671674
1.3324564992219385 103.76458841353258 287.7271643567169
1.3324591777875965 103.7645800735903 287.7271643567166
1.3324611298779734 103.76457399559057 287.72716435671674
1.3324628934117324 103.76456850467787 287.7271643567166
1.3324643859056788 103.76456385767072 287.72716435671674
1.332466127153919 103.76455843614578 287.7271643567166
1.3324675519043296 103.76455400006381 287.7271643567169
1.3324689818654103 103.76454954775791 287.7271643567166
1.3324711815350376 103.76454269889868 287.7271643567166
1.3324725692936328 103.76453837799374 287.72716435671646
1.3324744372334676 103.76453256200344 287.7271643567169
1.3324759497420575 103.76452785267863 287.72716435671674
1.3324780409399508 103.76452151892633 287.7959258705519
1.3324799519447617 103.76451677181603 288.2624208341739
1.3324827309472593 103.76450986852022 288.9411446398102
1.3324845060497275 103.76450545900366 289.37481803515453
1.3324876026420711 103.76449776678552 290.13142431711213
1.3324900789054588 103.76449161552107 290.73638646643724
1.332491939402822 103.76448699387564 291.19078104987494
1.3324941211842285 103.76448157413124 291.723413238367
1.3324968746967176 103.7644747341545 291.8289787273433
1.3325000923446797 103.76446674122272 291.82897872734395
1.3325021552737868 103.76446161671812 291.82897872734355
1.3325053497121613 103.76445368144087 291.82897872734355
1.332507962652017 103.76444719065911 291.8289787273433
1.3325104758551143 103.7644409476325 291.8289787273442
1.3325126853112141 103.76443545914117 291.82897872734355
1.3325159112074314 103.76442744571939 291.82897872734355
1.3325179330240904 103.76442242334153 291.82897872734355
1.3325204749347135 103.7644161090025 291.8289787273433
1.332522859056967 103.76441018662419 291.82897872734355
1.3325259935548415 103.76440240024395 291.8289787273442
1.332528551926736 103.7643960450134 291.82897872734355
1.3325306053891905 103.76439094402417 291.82897872734355
1.3325331366780904 103.76438465607013 291.82897872734355
1.332534924501536 103.7643802149525 291.8289787273442
1.3325381535035392 103.76437219381489 291.82897872734355
1.332540878033622 103.7643654258318 291.82897872734355
1.3325433688953485 103.76435923830229 291.8289787273442
1.3325465523292774 103.76435133035966 291.8289787273433
1.3325483902422015 103.76434676481489 291.8289787273433
1.3325515111219202 103.76433901226252 291.8289787273433
1.3325540136966612 103.7643327956365 291.8289787273442
1.3325571305709079 103.76432505303389 291.82897872734355
1.3325603820512262 103.76431697605729 291.8289787273433
1.3325625848780853 103.7643115040324 291.8289787273442
1.3325648364583809 103.76430591089944 291.82897872734355
1.332567681008028 103.76429884477587 291.82897872734355
1.332570756485901 103.7642912050052 291.8289787273433
1.3325727865595922 103.76428616211486 291.8289787273433
1.3325746181418587 103.7642816122955 291.8289787273442
1.3325773603405024 103.76427480042095 291.8289787273442
1.3325801436155518 103.76426788650878 291.82897872734355
1.3325825807327312 103.76426195508813 291.88703852228656
1.3325854427423316 103.76425516077326 292.0362984140126
1.3325885843787757 103.76424770263354 292.2001452417879
1.3325918345164076 103.7642399869155 292.36965218640466
1.33259476969008 103.76423301891131 292.5227313716094
1.3325965562189728 103.76422877775138 292.61590333965364
1.3325990464073731 103.76422286612724 292.7395513448517
1.3326018659941508 103.76421617252227 292.73955134485107
1.3326050829221372 103.76420853564241 292.7395513448517
1.3326085246641672 103.7642003650614 292.73955134485107
1.3326112802194117 103.7641938234649 292.73955134485107
1.3326144120684795 103.76418638855927 292.73955134485107
1.332616777337258 103.76418077348971 292.73955134485107
1.3326194445491855 103.76417444161707 292.73955134485107
1.3326215030618036 103.76416955477636 292.73955134485107
1.332624642506089 103.76416210183963 292.7395513448517
1.3326280601447174 103.76415398847863 292.73955134485107
1.3326309088367871 103.76414722577783 292.73955134485084
1.3326341046737495 103.76413963896647 292.73955134485107
1.3326359288871 103.76413530834418 292.73955134485107
1.3326389566380796 103.76412812056323 292.73955134485107
1.3326415703210968 103.76412191576587 292.73955134485107
1.3326440332083014 103.76411606895276 292.73955134485135
1.3326470544612576 103.76410889659765 292.73955134485107
1.3326493563986617 103.76410343187393 292.73955134485084
1.332652353618519 103.76409631657245 292.73955134485107
1.3326553482680537 103.76408920737273 292.73955134485107
1.332657856091496 103.76408325388212 292.7395513448517
1.3326597876165318 103.764078668505 292.7395513448517
1.3326621970651409 103.76407294855291 292.73955134485107
1.3326656285953706 103.76406480221242 292.73955134485107
1.3326682118030742 103.76405866976178 292.73955134485107
1.3326707973229024 103.76405253182216 292.73955134485107
1.332674276116102 103.76404427328065 292.73955134485107
1.3326769013915354 103.76403804096236 292.73955134485135
1.3326787426461724 103.76403366988384 292.73955134485107
1.332682154123063 103.76402557114878 292.73955134485107
1.3326839560765082 103.76402129336992 292.7395513448517
1.332687159051514 103.76401368961137 292.73955134485107
1.332689138194547 103.7640089911901 292.73955134485107
1.3326914187113543 103.76400357731723 292.73955134485107
1.3326938343917456 103.76399784257033 292.73955134485135
1.3326967069760638 103.76399102314825 292.73955134485107
1.3326999261866832 103.76398338084648 292.73955134485107
1.3327016905583187 103.76397919228532 292.73955134485107
1.332704613572599 103.76397225314392 292.73955134485107
1.3327075514619562 103.76396527868948 292.73955134485107
1.3327110069773405 103.76395707540749 292.7395513448517
1.3327130216111502 103.76395229273177 292.73955134485107
1.3327149837514063 103.76394763467404 292.73955134485107
1.3327176789740371 103.76394123630232 292.7395513448517
1.33272086898794 103.76393366331193 292.73955134485107
1.3327232399522397 103.76392803471889 292.73955134485107
1.3327266032448288 103.7639200503703 292.7395513448517
1.3327297944847163 103.76391247446921 292.73955134485107
1.3327329059061408 103.76390508805446 292.73955134485107
1.332734899128341 103.76390035620881 292.73955134485107
1.3327382904059524 103.76389230542428 292.7395513448517
1.33274130653936 103.76388514521999 292.73955134485107
1.332743082063011 103.76388093018356 292.73955134485107
1.3327460053626317 103.76387399036358 292.73955134485107
1.332748362790442 103.76386839390514 292.73955134485135
1.3327506845567612 103.76386288210591 292.7395513448517
1.332753723167797 103.76385566854006 292.73955134485107
1.3327567109123708 103.76384857572951 292.73955134485107
1.3327593515978944 103.76384230682602 292.73955134485107
1.3327615901473502 103.76383699258072 292.73955134485107
1.3327640772824412 103.76383108820096 292.73955134485107
1.3327675453812153 103.76382285504444 292.73955134485107
1.3327702833969564 103.76381635508183 292.73955134485107
1.3327724588673346 103.763811190584 292.73955134485135
1.3327757747714803 103.76380331873243 292.7395513448517
1.3327783232004429 103.76379726884262 292.73955134485107
1.332780965502344 103.76379099610133 292.73955134485107
1.3327833441123573 103.76378534935621 292.73955134485107
1.3327859107433238 103.76377984921602 293.03153157598723
1.3327884563498804 103.76377500253287 293.62102593166117
1.332791211987818 103.76376975596243 294.2595223517678
1.3327940359150596 103.76376437937319 294.9140733590909
1.332797063516709 103.76375861499993 295.61590120553694
1.3327995249945181 103.76375392849272 296.18640553615774
1.3328035716975442 103.76374622381101 297.1238289131263
1.3328077116659005 103.76373834155753 297.58672184443293
1.3328114607259849 103.76373120357007 297.58672184443265
1.3328140724749504 103.7637262309553 297.58672184443293
1.3328178802868367 103.76371898110776 297.5867218444332
1.3328214029537226 103.76371227415926 297.58672184443265
1.33282467546077 103.76370604350016 297.58672184443293
1.3328285899159478 103.76369859060988 297.58672184443265
1.3328313663517735 103.7636933044408 297.58672184443293
1.3328350691636583 103.76368625450667 297.5867218444332
1.3328382185482093 103.76368025826521 297.58672184443293
1.3328415287256254 103.76367395588363 297.58672184443293
1.3328453222961913 103.76366673315007 297.58672184443293
1.3328488446967204 103.76366002670812 297.5867218444335
1.3328521571939869 103.76365371990948 297.58672184443293
1.332855339638508 103.7636476607235 297.58672184443293
1.3328578623812368 103.76364285757063 297.5867218444335
1.332860730246912 103.76363739732405 297.5867218444335
1.332864448139362 103.7636303186767 297.58672184443265
1.332867435688452 103.76362463055987 297.58672184443265
1.3328711800572208 103.76361750150302 297.58672184443293
1.332874461927126 103.76361125301659 297.58672184443265
1.3328772019845547 103.76360603610908 297.5867218444335
1.33288076693898 103.76359924864634 297.5867218444332
1.3328839163454111 103.76359325236236 297.58672184443265
1.3328863629585364 103.76358859415534 297.58672184443293
1.3328893407365634 103.76358292464163 297.58672184443293
1.3328923000212505 103.76357729033806 297.5867218444332
1.3328951357085066 103.7635718913567 297.5867218444335
1.33289857120209 103.76356535037938 297.58672184443293
1.3329024474018827 103.7635579703233 297.58672184443293
1.3329063318567909 103.76355057454991 297.58672184443293
1.3329092674321774 103.76354498538716 297.5867218444332
1.332912153447997 103.76353949058286 297.5867218444335
1.3329147190045574 103.76353460591412 297.58672184443265
1.3329177099432148 103.76352891134283 297.5867218444332
1.3329211101086516 103.76352243762771 297.58672184443293
1.3329233224809829 103.76351822540086 297.58672184443293
1.3329254673287045 103.7635141417368 297.5867218444335
1.3329285179785924 103.76350833347865 297.5867218444332
1.3329318956821046 103.76350190252953 297.58672184443265
1.332934605031381 103.76349674408755 297.58672184443293
1.3329370381379075 103.76349211159554 297.5867218444335
1.3329399612922233 103.76348654608125 297.58672184443265
1.3329440045563627 103.76347884794346 297.58672184443293
1.3329469862688326 103.76347317093776 297.58672184443293
1.3329494351050806 103.76346850849707 297.5867218444332
1.3329519198712714 103.76346377764787 297.58672184443265
1.332954577008238 103.76345876060745 297.61149512780537
1.3329581040550158 103.7634522018597 297.7038471273128
1.3329618319361218 103.76344526964883 297.80145866739065
1.3329646288675627 103.76344006859273 297.8746943229538
1.3329677073765454 103.7634343439268 297.95530284322416
1.3329710421707155 103.76342814268367 298.0426215956072
1.3329743243540848 103.76342203927331 298.1285619794349
1.3329777582802307 103.76341565368838 298.14475021711723
1.332980771591832 103.76341005026055 298.1447502171178
1.3329836098658339 103.76340477232525 298.1447502171169
