173767982
1.3344597823145914 103.76189495346995 123.53330791845663
1.3344549679619246 103.76190217923201 123.53330791845681
1.3344509010698933 103.76190828314586 123.53330791845629
1.3344483304369816 103.7619121413554 123.53330791845681
1.3344452056239147 103.7619168313224 123.53330791845663
1.3344425792875412 103.76192077313605 123.53330791845681
1.3344385358394213 103.76192684186321 123.53330791845607
1.3344344519630789 103.76193298752807 123.5218640477531
1.3344319829074573 103.76193691479632 123.36595439598564
1.334428749258994 103.76194205822235 123.16175134077105
1.3344248253330102 103.76194829960046 122.91394501481827
1.334422393806433 103.76195216717512 122.76038450186576
1.3344195423222476 103.7619567027323 122.58030246823483
1.3344168681516029 103.76196095625541 122.41142191701556
1.3344136275415313 103.76196611075432 122.20677808734874
1.3344099742376219 103.76197192168202 122.02014277698022
1.3344052062313048 103.76197950564993 122.02014277697967
1.334401964493904 103.76198466194181 122.02014277697967
1.3343979472461447 103.76199105175667 122.02014277697967
1.3343946984243913 103.76199621931676 122.02014277697967
1.3343909110770735 103.76200224345295 122.02014277697967
1.3343880232876788 103.76200683675665 122.02014277697967
1.3343836017737905 103.76201386959497 122.02014277697967
1.3343803889253383 103.76201897993593 122.02014277697967
1.3343768545444148 103.7620246017048 122.02014277698022
1.3343725401332605 103.76203146418582 122.02014277697967
1.3343694108961524 103.76203644153483 122.02014277698022
1.334366839193124 103.76204053207289 122.02014277698022
1.3343641761332576 103.7620447679226 122.02014277697967
1.3343604816701338 103.76205064431718 122.02014277697984
1.3343565024676793 103.76205697361665 122.02014277698022
1.3343532441180044 103.76206215633123 122.02014277698039
1.3343502193331316 103.7620669675388 122.02014277697984
1.3343469654148428 103.76207214320475 122.02014277697967
1.3343441077882208 103.76207668853117 122.02014277698022
1.3343405452229193 103.76208235512941 122.02014277697967
1.3343369513823706 103.76208807147384 122.02014277697967
1.334332675947543 103.7620948719586 122.02014277697967
1.33432876327328 103.76210109543818 122.02014277698022
1.3343262921630792 103.76210502597334 122.02014277698022
1.3343235785060759 103.76210934230217 122.02014277698022
1.334319523645803 103.76211579194192 122.02014277697984
1.334317014638392 103.76211978275609 122.02014277697967
1.3343134527758358 103.76212544823615 122.02014277697967
1.3343101096860068 103.76213076573738 122.02014277698022
1.3343067152004453 103.76213616498835 122.02014277698022
1.334304242544942 103.76214009798123 122.02014277697967
1.3343008663957565 103.76214546806636 122.02014277697967
1.3342967677547939 103.76215198734307 122.02014277697967
1.3342924291377685 103.76215888832436 122.02014277698022
1.334289289312489 103.76216388251379 122.02014277697967
1.334286584972195 103.76216818402307 122.02014277697967
1.3342841687399478 103.7621720272692 122.02014277698022
1.3342812046174064 103.76217674198668 122.02014277698039
1.3342766860510897 103.76218392919405 122.02014277697967
1.33427331318379 103.76218929405866 122.02014277698022
1.3342686895776585 103.76219664834163 122.02014277697967
1.334265483790373 103.76220174744954 122.02014277697967
1.3342630278611154 103.76220565383733 122.02014277697967
1.3342588027396984 103.76221237429247 122.02014277697967
1.3342561428828568 103.76221660504626 122.02014277697984
1.3342518906178455 103.76222336867575 122.02014277697984
1.3342478868257348 103.76222973708553 122.02014277697967
1.3342434022609488 103.76223687020962 122.02014277697967
1.3342407493838853 103.76224108986125 122.02014277697967
1.3342368953620254 103.7622472200471 122.02014277697967
1.3342337692866748 103.76225219236521 122.02014277697967
1.33423051459194 103.76225736926459 122.02014277698022
1.3342259086951203 103.76226469537836 122.02014277697967
1.3342230387474932 103.76226926030103 122.02014277697967
1.3342184620581399 103.76227653995744 122.02014277697967
1.3342150005250688 103.76228204585247 122.02014277698022
1.3342113088888778 103.76228791774818 122.02014277697967
1.3342076157101879 103.76229379209732 122.02014277697967
1.3342049195947634 103.76229808052322 122.02014277697967
1.3342017536425295 103.76230311626887 122.02014277697967
1.33419763261325 103.76230967115457 122.02014277698004
1.3341945701598115 103.7623145422755 122.02014277697967
1.3341911006003302 103.76232006093694 122.02014277697967
1.3341880711538683 103.7623248795571 122.02014277697951
1.3341840612346785 103.76233125771148 122.02014277698022
1.334181273033592 103.76233569260805 122.02014277698022
1.3341787652454054 103.76233968148144 122.02014277697967
1.3341758763940426 103.76234427647168 122.02014277697967
1.3341724885839226 103.76234966510279 122.02014277697951
1.3341697641955754 103.76235399849904 122.02014277697984
1.3341657702870686 103.76236035118662 122.02014277698022
1.3341628929664824 103.76236492783589 122.02014277698022
1.334159458460509 103.76237039074097 122.02014277697967
1.3341560851965368 103.76237575623482 122.02014277697967
1.3341524966440395 103.76238146416529 122.02014277697967
1.3341489006117595 103.76238718399298 122.02014277697967
1.3341457843460751 103.76239214070674 122.02014277697984
1.3341424244053162 103.76239748500855 122.02014277697951
1.3341390664272008 103.76240282618858 122.02014277697967
1.3341359080278938 103.76240784991967 122.02014277697967
1.3341312283340563 103.76241529341269 122.02014277697967
1.334128684321712 103.76241933990349 122.02014277697967
1.334124877406726 103.76242539515958 122.02014277698022
1.3341214704889715 103.76243081418244 122.02014277698004
1.3341176651566975 103.76243686692096 122.02014277697967
1.3341141158695646 103.76244251239558 122.02014277698022
1.3341106183737748 103.76244807549116 122.02014277697967
1.3341077374752006 103.76245265783089 122.02014277697984
1.3341050334846323 103.76245695878181 122.02014277697967
1.3341018988369455 103.76246194473327 122.02014277698004
1.3340974415463034 103.76246909489852 121.97932547963714
1.3340944996551183 103.76247386415379 121.91859759007627
1.3340918072213712 103.76247822900038 121.86301883388253
1.334088003237954 103.76248439583883 121.784494580786
1.3340835908075466 103.76249154906274 121.69341035823248
1.3340805835630327 103.76249642426556 121.63133309779118
1.334076941027927 103.76250232937143 121.55614227558648
1.334073011477998 103.76250869977211 121.53228072610352
1.334068361603981 103.7625162379281 121.53228072610352
1.334065697604913 103.7625205566774 121.53228072610352
1.3340610719228188 103.76252805561442 121.53228072610385
1.334057957323374 103.76253310485569 121.53228072610352
1.3340543629797617 103.76253893183542 121.53228072610385
1.334051876583061 103.76254296266404 121.53228072610385
1.334047283107808 103.76255040938857 121.53228072610352
1.3340427311875303 103.76255778874605 121.53228072610385
1.3340382477773216 103.76256505703817 121.53228072610352
1.3340335563286974 103.7625726625922 121.53228072610352
1.3340310265127833 103.76257676380978 121.53228072610352
1.334028227954692 103.76258130069935 121.53228072610295
1.33402580972788 103.7625852210139 121.53228072610352
1.3340229011560143 103.76258993625251 121.53228072610352
1.3340194626584339 103.76259551058152 121.53228072610352
1.3340163240293 103.76260059877798 121.53228072610352
1.3340127465797535 103.7626063983692 121.53228072610385
1.3340092909685335 103.76261200044186 121.53228072610385
1.3340068269367729 103.762615995013 121.53228072610352
1.3340042092472448 103.7626202386868 121.53228072610328
1.33400142807118 103.76262474739713 121.53228072610352
1.3339976341413653 103.76263089793561 121.53228072610295
1.3339952006637417 103.76263484297371 121.53228072610352
1.333990530065602 103.76264241472505 121.53228072610295
1.333986745631402 103.76264854986951 121.53228072610352
1.3339828604605355 103.76265484832341 121.53228072610385
1.333978861881264 103.76266133062951 121.53228072610295
1.3339748835590084 103.76266778009588 121.53228072610328
1.3339706401209563 103.76267465935523 121.53228072610352
1.333968034911867 103.7626788827959 121.53228072610352
1.3339654279778626 103.76268310903288 121.53228072610352
1.3339619206206483 103.76268879499295 121.53228072610352
1.3339578238466843 103.76269543648725 121.53228072610385
1.3339533023803816 103.76270276647239 121.53228072610352
1.3339490414741948 103.76270967404984 121.53228072610352
1.3339446536908923 103.76271678731433 121.53228072610352
1.3339406567783363 103.76272326691776 121.53228072610385
1.3339372005889771 103.76272886992658 121.53228072610352
1.3339327753364039 103.76273604393423 121.53228072610352
1.3339282485324817 103.76274338257195 121.53228072610352
1.3339241050752069 103.7627500997464 121.53228072610295
1.3339211523789174 103.7627548865161 121.53228072610328
1.333916812478783 103.76276192215416 121.53228072610295
1.3339127900303258 103.7627684431547 121.53228072610352
1.3339081676384648 103.7627759367546 121.53228072610385
1.3339052544801688 103.76278065942701 121.53228072610328
1.3339006744950466 103.76278808427901 121.53228072610352
1.3338966832188879 103.76279455474423 121.53228072610295
1.3338927399938556 103.76280094731118 121.53228072610328
1.3338898512180932 103.7628056304556 121.53228072610385
1.333885256709812 103.76281307885154 121.53228072610385
1.333881482761416 103.76281919699515 121.53228072610352
1.3338786922620585 103.76282372081845 121.53228072610385
1.3338762816454333 103.76282762879411 121.53228072610352
1.3338732576201646 103.76283253119831 121.53228072610352
1.3338705576075285 103.76283690832881 121.53228072610328
1.3338661318333829 103.76284408318068 121.53228072610352
1.333861797946313 103.76285110906957 121.53228072610385
1.3338576092208978 103.76285789962931 121.53228072610328
1.3338541907306845 103.7628634415208 121.53228072610352
1.3338496783431888 103.76287075678576 121.53228072610385
1.3338472260917296 103.76287473225749 121.53228072610352
1.3338439519334835 103.76288004016482 121.53228072610385
1.333841421927961 103.7628841416876 121.53228072610352
1.333836906988756 103.76289146108903 121.53228072610295
1.3338341590622607 103.7628959158947 121.53228072610352
1.3338298375814728 103.76290292167053 121.53228072610352
1.3338261534360047 103.76290889422904 121.53228072610352
1.3338216743926492 103.76291615543752 121.53228072610385
1.3338172017858152 103.76292340621134 121.53228072610352
1.3338134655879195 103.76292946315453 121.53228072610385
1.3338089325915505 103.76293681182877 121.53228072610352
1.333806033301431 103.76294144042282 121.5799816705705
1.3338024397830035 103.76294698783501 121.76536053355002
1.33379775924081 103.76295421331534 122.00682761639845
1.3337929661418453 103.7629616125525 122.25410715334509
1.3337894018248313 103.76296711488551 122.4379912410343
1.3337849462239644 103.76297399311754 122.66784851291462
1.3337804675074154 103.76298090703382 122.79506643449324
1.3337770784189047 103.76298613886165 122.79506643449271
1.3337737577171727 103.76299126511893 122.79506643449271
1.333770188877244 103.7629967744338 122.79506643449234
1.3337662005716737 103.7630029312891 122.79506643449234
1.3337631552176192 103.76300763248454 122.79506643449291
1.333760534920964 103.76301167750738 122.79506643449234
1.3337566315659615 103.76301770322202 122.79506643449291
1.3337520057687184 103.7630248441902 122.79506643449271
1.3337473339514865 103.7630320562006 122.79506643449324
1.3337444036877448 103.76303657972781 122.79506643449234
1.3337403166906778 103.76304288893542 122.79506643449271
1.3337362990978763 103.76304909100172 122.79506643449271
1.3337315206220215 103.7630564676636 122.79506643449271
1.33372702912379 103.76306340131032 122.79506643449324
1.333723789218697 103.76306840283897 122.79506643449271
1.3337200677872514 103.76307414771276 122.79506643449271
1.333717189595665 103.76307859085446 122.79506643449234
1.3337130312268737 103.76308501024006 122.79506643449271
1.3337104611704242 103.76308897770518 122.79506643449324
1.3337075318022384 103.76309349984948 122.79506643449291
1.3337046559048467 103.76309793944942 122.79506643449271
1.3337009919581224 103.76310359558221 122.79506643449271
1.333698016282532 103.76310818921235 122.79506643449271
1.3336945684167092 103.76311351177517 122.79506643449234
1.3336902832089157 103.76312012696515 122.79506643449271
1.3336862273532144 103.76312638809812 122.79506643449324
1.3336832230144937 103.76313102597611 122.79506643449271
1.333678750362094 103.76313793052914 122.79506643449271
1.333675013157566 103.76314369975158 122.79506643449324
1.3336711303318245 103.7631496937733 122.79506643449271
1.3336679990642284 103.76315452759462 122.79506643449271
1.3336644498163257 103.76316000666324 122.79506643449234
1.3336619393899574 103.76316388207532 122.79506643449324
1.333657475117121 103.76317077369222 122.79506643449291
1.3336539147244932 103.7631762699651 122.79506643449271
1.3336492193386846 103.76318351835708 122.79506643449324
1.333644671778274 103.76319053854698 122.79506643449271
1.3336417508592453 103.7631950476473 122.79506643449324
1.3336376574613704 103.76320136673431 122.79506643449271
1.3336333126061246 103.76320807400266 122.79506643449271
1.3336285709784037 103.7632153937791 122.79506643449324
1.3336252379804856 103.76322053901633 122.79506643449271
1.3336205861701305 103.7632277201392 122.79506643449271
1.3336158909731726 103.763234968239 122.79506643449271
1.3336134087209357 103.76323880015744 122.79506643449271
1.3336097693729718 103.76324441831514 122.79506643449271
1.3336060157791279 103.76325021283715 122.79506643449271
1.333601216648526 103.76325762138181 122.79506643449234
1.3335985265032921 103.76326177422999 122.79506643449291
1.333594521462849 103.76326794498172 122.803302127482
1.3335915953617008 103.76327243337236 122.82311279210826
1.3335880228872543 103.76327791324469 122.84729963324786
1.3335843406794494 103.76328356143863 122.87222941702821
1.3335809527525482 103.7632887582306 122.89516682231616
1.333576708547872 103.76329526847985 122.92390150757605
1.3335735571352951 103.76330010247885 122.94523761059943
1.3335706999930066 103.76330448509223 122.96153761753938
1.3335668568956647 103.76331038007676 122.96153761753902
1.3335619958568288 103.76331783649692 122.96153761753902
1.333557837598893 103.76332421491087 122.96153761753902
1.333554258481936 103.76332970497177 122.96153761753938
1.3335503499216974 103.76333570037056 122.96153761753882
1.3335470562443992 103.76334075259122 122.96153761753938
1.333543014177529 103.76334695277771 122.96153761753938
1.3335383330583188 103.76335413321601 122.9615376175385
1.3335342935661725 103.76336032945296 122.96153761753938
1.3335296328410233 103.76336747860836 122.96153761753938
1.3335256112264253 103.76337364742253 122.96153761753938
1.3335220246815005 103.76337914887684 122.96153761753938
1.3335187423786323 103.7633841836497 122.96153761753938
1.3335139526646642 103.76339153066266 122.96153761753902
1.3335113560359908 103.76339551366966 122.96153761753938
1.3335074297876668 103.76340153619982 122.96153761753938
1.3335048485469934 103.76340549560288 122.96153761753938
1.3335015055504582 103.76341062347441 122.96153761753938
1.3334981130840187 103.76341582722854 122.96153761753938
1.3334932837817774 103.76342323496613 122.96153761753882
1.3334903105538796 103.763427795644 122.96153761753882
1.3334854016203759 103.763435325529 122.96153761753882
1.3334816996798493 103.7634413633319 122.71234175204614
1.3334789015622297 103.76344862598798 120.6448079696682
1.3334768395718468 103.76345397798845 119.11473623110226
1.3334741671595325 103.76346091436986 117.12746582602595
1.3334715960447998 103.76346758782819 115.21510502437684
1.3334689835586762 103.76347436866799 113.27598922617705
1.3334668051003253 103.7634800229667 111.66529288207884
1.3334643528917687 103.76348638779781 110.97565595055272
1.3334624865838178 103.76349123189429 110.97565595055272
1.3334593898100198 103.76349926972688 110.97565595055272
1.3334569581201645 103.76350558130045 110.97565595055272
1.3334552396662736 103.76351004163409 110.97565595055212
1.3334527909249887 103.7635163974654 110.97565595055212
1.3334498197774645 103.76352410922829 110.97565595055212
1.3334468583812045 103.76353179568119 110.97565595055212
1.3334440391922164 103.76353911302787 110.97565595055272
1.333441056164097 103.76354685562711 110.97565595055212
1.3334383787871769 103.76355380489325 110.97565595055212
1.333435820673519 103.76356044460553 110.97565595055212
1.3334331606028795 103.76356734895218 110.97565595055272
1.3334299460656218 103.7635756924446 110.97565595055188
1.3334274048573365 103.76358228827789 110.97565595055272
1.3334246926652744 103.76358932790802 110.97565595055272
1.3334223290485439 103.76359546279336 110.97565595055272
1.3334191292692736 103.76360376798029 110.97565595055212
1.3334166154214726 103.7636102927977 110.9756559505525
