1.335267990142298 103.76019835313176 119.10681532944476 26.5 1.0
1.3351713270274426 103.7603710639136 119.1068153294459 22.0 2.0
1.335094435895517 103.76050844748603 119.1068153294459 17.5 3.0
1.3350373167587133 103.76061050385181 119.1068153294459 13.0 4.0
1.3349999696260886 103.76067723301297 119.10681532944476 8.5 5.0
1.3349780007228025 103.76071648546032 119.1068153294459 5.0 6.0
1.3349560318182272 103.76075573790739 119.10681532944584 5.0 7.0
1.3349340629123618 103.76079499035414 119.1068153294447 5.0 8.0
1.3349120940052066 103.7608342428006 119.10681532944601 5.0 9.0
1.334890125096761 103.7608734952468 119.1068153294447 5.0 10.0
1.3348681561870264 103.76091274769267 119.10681532944592 5.0 11.0
1.3348461872760022 103.76095200013826 119.1068153294447 5.0 12.0
1.3348242183636878 103.76099125258355 119.10681532944577 5.0 13.0
1.3348022494500835 103.76103050502857 119.10681532944488 5.0 14.0
1.3347802805351898 103.76106975747328 119.10681532944577 5.0 15.0
1.3347583116190067 103.7611090099177 119.10681532944544 5.0 16.0
1.3347363427015333 103.76114826236181 119.1068153294452 5.0 17.0
1.3347143737827714 103.76118751480566 119.10681532944535 5.0 18.0
1.3346924048627193 103.76122676724921 119.10681532944528 5.0 19.0
1.334670435941378 103.76126601969246 119.10681532944544 5.0 20.0
1.3346484670187466 103.76130527213542 119.1068153294452 5.0 21.0
1.3346264980948264 103.76134452457808 119.10681532944584 5.0 22.0
1.3346045291696167 103.76138377702044 119.10681532944544 5.0 23.0
1.3345825602431172 103.76142302946252 119.10681532944514 5.0 24.0
1.3345605913153287 103.7614622819043 119.10681532944544 5.0 25.0
1.334538622386251 103.7615015343458 119.10681532944544 5.0 26.0
1.334516653455884 103.761540786787 119.10681532944514 5.0 27.0
1.3344946845242274 103.7615800392279 119.10681532944544 5.0 28.0
1.3344727155912819 103.76161929166851 119.10681532944584 5.0 29.0
1.3344507466570474 103.76165854410884 119.10681532944488 5.0 30.0
1.3344287777215227 103.76169779654886 119.1068153294457 5.0 31.0
1.33440680878471 103.76173704898859 119.10681532944544 5.0 32.0
1.334384839846608 103.76177630142804 119.10681532944528 5.0 33.0
1.3343628709072166 103.7618155538672 119.10681532944514 5.0 34.0
1.334340901966536 103.76185480630605 119.10681532944544 5.0 35.0
1.334318933024567 103.76189405874463 119.10681532944544 5.0 36.0
1.3342969640813087 103.76193331118289 119.10681532944528 5.0 37.0
1.3342749951367614 103.76197256362087 119.1068153294457 5.0 38.0
1.3342530261909256 103.76201181605855 119.10681532944488 5.0 39.0
1.3342310572438008 103.76205106849594 119.10681532944601 5.0 40.0
1.3342090882953863 103.76209032093305 119.10681532944528 5.0 41.0
1.3341871193456838 103.76212957336986 119.10681532944514 5.0 42.0
1.3341651503946923 103.76216882580637 119.10681532944528 5.0 43.0
1.3341431814424123 103.76220807824258 119.10681532944544 5.0 44.0
1.3341212124888433 103.76224733067852 119.10681532944584 5.0 45.0
1.3340992435339858 103.76228658311415 119.1068153294447 5.0 46.0
1.3340772745778395 103.76232583554949 119.1068153294457 5.0 47.0
1.3340553056204043 103.76236508798455 119.10681532944544 5.0 48.0
1.3340333366616806 103.76240434041931 119.10681532944544 5.0 49.0
1.334011367701669 103.76244359285377 119.10681532944514 5.0 50.0
1.3339893987403686 103.76248284528793 119.1068153294456 5.0 51.0
1.333967429777779 103.76252209772181 119.10681532944554 5.0 52.0
1.3339454608139019 103.76256135015541 119.10681532944503 5.0 53.0
1.3339234918487355 103.7626006025887 119.10681532944528 5.0 54.0
1.3339015228822806 103.76263985502172 119.10681532944528 5.0 55.0
1.3338795539145383 103.7626791074544 119.10681532944584 5.0 56.0
1.333857584945507 103.76271835988683 119.10681532944528 5.0 57.0
1.3338356159751878 103.76275761231894 119.10681532944528 5.0 58.0
1.33381364700358 103.76279686475078 119.1068153294456 5.0 59.0
1.3337916780306842 103.76283611718232 119.10681532944496 5.0 60.0
1.3337699384227917 103.76287549375067 118.77575923959336 5.0 61.0
1.3337486625381039 103.76291512129467 118.10643048780025 5.0 62.0
1.33372738665213 103.76295474883841 118.1064304877997 5.0 63.0
1.3337061107648711 103.76299437638188 118.10643048779998 5.0 64.0
1.3336848348763266 103.76303400392513 118.10643048779967 5.0 65.0
1.333663558986497 103.76307363146809 118.1064304878003 5.0 66.0
1.3336422830953822 103.76311325901082 118.10643048779967 5.0 67.0
1.3336210072029817 103.76315288655329 118.1064304878003 5.0 68.0
1.3335997313092962 103.76319251409551 118.10643048779998 5.0 69.0
1.3335784554143255 103.76323214163746 118.10643048779998 5.0 70.0
1.3335571795180694 103.76327176917917 118.10643048779939 5.0 71.0
1.3335359036205283 103.76331139672061 118.10643048780057 5.0 72.0
1.333514627721702 103.76335102426181 118.10643048779939 5.0 73.0
1.3334933518215908 103.76339065180275 118.1064304878003 5.0 74.0
1.3334721268357579 103.76343030476424 118.03422444978652 5.0 75.0
1.333452821918301 103.76347091636588 115.31024739191405 5.0 76.0
1.3334335169995721 103.76351152796737 115.31024739191318 5.0 77.0
1.3334142120795713 103.7635521395687 115.31024739191318 5.0 78.0
1.3333949071582987 103.76359275116992 115.31024739191346 5.0 79.0
1.333372958675354 103.76363446077043 117.63123832941558 5.0 80.0
1.3333505144127966 103.76367336963582 119.84741446373923 5.0 81.0
1.3333280701489543 103.7637122785009 119.84741446373923 5.0 82.0
1.333305625883827 103.76375118736566 119.84741446373923 5.0 83.0
1.3332831816174147 103.7637900962301 119.84741446373923 5.0 84.0
1.3332607373497172 103.76382900509421 119.84741446373923 5.0 85.0
1.3332382930807354 103.763867913958 119.84741446373923 5.0 86.0
1.3332416086875787 103.76392003055855 119.85674183412081 5.0 87.0
1.3332192477414289 103.76395878034828 119.85674183412057 5.0 88.0
1.3331968867940043 103.76399753013769 119.85674183412081 5.0 89.0
1.3331745258453056 103.76403627992676 119.85674183412114 5.0 90.0
1.3331521648953317 103.76407502971553 119.85674183412081 5.0 91.0
1.3331298039440844 103.76411377950396 119.85674183412024 5.0 92.0
1.3331074429915613 103.76415252929209 119.85674183412114 5.0 93.0
1.333085082037764 103.76419127907991 119.85674183412081 5.0 94.0
1.3330627210826929 103.76423002886742 119.85674183412024 5.0 95.0
1.3330414920207314 103.76426939750566 118.21004544938575 5.0 96.0
1.3330205129720538 103.76430890283645 117.84636827553145 5.0 97.0
1.332999533922107 103.76434840816697 117.84636827553169 5.0 98.0
1.3329790754976998 103.76438817974184 117.10008519549424 5.0 99.0
1.33295890966356 103.76442810094561 116.68068326935867 5.0 100.0
1.3329387438281561 103.76446802214916 116.68068326935867 5.0 101.0
1.3329228433922093 103.76450979291653 110.74610732944744 5.0 102.0
1.3329070971729928 103.76455163055597 110.53192237509724 5.0 103.0
1.33289135095256 103.76459346819543 110.53192237509762 5.0 104.0
1.332876232172118 103.76463553034516 109.68195151939199 5.0 105.0
1.332861515935076 103.76467773653302 109.13665134963964 5.0 106.0
1.3328467996968347 103.76471994272094 109.136651349639 5.0 107.0
1.3328320834573928 103.76476214890896 109.13665134963964 5.0 108.0
1.3328173672167498 103.76480435509708 109.13665134963922 5.0 109.0
1.3328026509749078 103.76484656128528 109.13665134963942 5.0 110.0
1.332787934731865 103.7648887674736 109.13665134963922 5.0 111.0
1.3327732184876218 103.76493097366199 109.13665134963942 5.0 112.0
1.3327585022421786 103.76497317985047 109.13665134963985 5.0 113.0
1.3327437859955347 103.76501538603905 109.13665134963878 5.0 114.0
1.332729069747691 103.76505759222772 109.13665134963922 5.0 115.0
1.3327143534986474 103.76509979841649 109.13665134963942 5.0 116.0
1.3326996372484032 103.76514200460534 109.13665134963985 5.0 117.0
1.3326859578384946 103.76518452328938 107.7557692654389 5.0 118.0
1.3326745944690086 103.76522774000861 104.67003529913254 5.0 119.0
1.3326632310983861 103.76527095672813 104.6700352991322 5.0 120.0
1.3326518677266277 103.76531417344788 104.67003529913283 5.0 121.0
1.3326405043537324 103.7653573901679 104.67003529913254 5.0 122.0
1.3326291409797018 103.76540060688818 104.6700352991322 5.0 123.0
1.332617777604535 103.76544382360875 104.6700352991322 5.0 124.0
1.332606414228232 103.76548704032956 104.67003529913318 5.0 125.0
1.3325950508507924 103.76553025705063 104.6700352991322 5.0 126.0
1.3325836874722177 103.76557347377197 104.6700352991322 5.0 127.0
1.332572324092506 103.76561669049356 104.6700352991322 5.0 128.0
1.332560960711659 103.76565990721541 104.67003529913318 5.0 129.0
1.3325495973296757 103.76570312393753 104.6700352991322 5.0 130.0
1.332539853018931 103.76574672042867 102.54952865545312 5.0 131.0
1.3325305640776974 103.76579042373164 101.953253028623 5.0 132.0
1.3325212751353757 103.76583412703495 101.95325302862234 5.0 133.0
1.332511986191965 103.76587783033864 101.953253028623 5.0 134.0
1.3325026972474665 103.7659215336427 101.953253028623 5.0 135.0
1.3324934083018787 103.7659652369471 101.953253028623 5.0 136.0
1.3324841193552033 103.7660089402519 101.95325302862234 5.0 137.0
1.3324748304074387 103.76605264355703 101.953253028623 5.0 138.0
1.3324655414585866 103.76609634686253 101.953253028623 5.0 139.0
1.3324562525086459 103.76614005016839 101.9532530286224 5.0 140.0
1.332447088462657 103.76618377287875 101.79233181605645 5.0 141.0
1.3324425075092756 103.76622820757778 95.87721637538021 5.0 142.0
1.3324379265549329 103.76627264227741 95.87721637538021 5.0 143.0
1.3324333455996298 103.76631707697761 95.87721637538036 5.0 144.0
1.332428764643365 103.76636151167837 95.87721637538021 5.0 145.0
1.332424183686139 103.76640594637972 95.87721637537989 5.0 146.0
1.3324196027279525 103.76645038108161 95.87721637538021 5.0 147.0
1.3324150217688049 103.76649481578411 95.87721637538036 5.0 148.0
1.3324104408086963 103.7665392504872 95.87721637538021 5.0 149.0
1.3324058598476272 103.76658368519081 95.87721637538021 5.0 150.0
1.3324025462599733 103.76662820967681 94.25765260536895 5.0 151.0
1.3324007359126517 103.76667284065424 92.33657305469977 5.0 152.0
1.3323989255644546 103.76671747163232 92.33657305469944 5.0 153.0
1.332397115215382 103.7667621026111 92.33657305469977 5.0 154.0
1.3323953048654347 103.76680673359057 92.33657305469977 5.0 155.0
1.3323934945146125 103.76685136457073 92.33657305469977 5.0 156.0
1.3323916841629146 103.76689599555156 92.33657305469944 5.0 157.0
1.3323898738103421 103.76694062653308 92.33657305469977 5.0 158.0
1.3323880634568945 103.76698525751532 92.33657305469977 5.0 159.0
1.3323862531025716 103.76702988849821 92.33657305469977 5.0 160.0
1.3323844427473732 103.7670745194818 92.33657305469944 5.0 161.0
1.3323826323913004 103.76711915046607 92.33657305469977 5.0 162.0
1.3323808220343518 103.76716378145102 92.33657305469977 5.0 163.0
1.3323815379542663 103.76720840089125 89.11533958893858 5.0 164.0
1.3323837614563583 103.76725301344243 87.19368673761625 5.0 165.0
1.3323859849577115 103.76729762599444 87.19368673761625 5.0 166.0
1.3323882084583258 103.76734223854727 87.19368673761625 5.0 167.0
1.3323904319582025 103.76738685110094 87.19368673761632 5.0 168.0
1.3323926554573404 103.76743146365544 87.19368673761592 5.0 169.0
1.3323948789557398 103.76747607621077 87.19368673761625 5.0 170.0
1.3323971024534018 103.76752068876691 87.19368673761625 5.0 171.0
1.3323993259503242 103.7675653013239 87.19368673761625 5.0 172.0
1.3324015494465087 103.76760991388173 87.19368673761625 5.0 173.0
1.3324037729419542 103.76765452644037 87.19368673761625 5.0 174.0
1.3324059964366615 103.76769913899984 87.19368673761632 5.0 175.0
1.3324082199306306 103.76774375156018 87.19368673761625 5.0 176.0
1.3324104434238617 103.7677883641213 87.19368673761592 5.0 177.0
1.3324126669163536 103.76783297668327 87.19368673761625 5.0 178.0
1.3324148904081075 103.76787758924605 87.19368673761625 5.0 179.0
1.3324171138991228 103.76792220180968 87.19368673761632 5.0 180.0
1.3324193373893993 103.76796681437415 87.19368673761619 5.0 181.0
1.332421560878938 103.76801142693944 87.19368673761632 5.0 182.0
1.3324237843677376 103.76805603950555 87.19368673761625 5.0 183.0
1.3324313759690398 103.76809999244628 80.29086903608759 5.0 184.0
1.332440158215173 103.76814379908319 78.76334699120767 5.0 185.0
1.3324489404608115 103.7681876057211 78.76334699120767 5.0 186.0
1.3324577227059562 103.76823141236001 78.76334699120767 5.0 187.0
1.3324665049506055 103.76827521899993 78.76334699120767 5.0 188.0
1.3324752871947618 103.76831902564085 78.76334699120767 5.0 189.0
1.332484069438423 103.76836283228279 78.76334699120767 5.0 190.0
1.3324928516815902 103.76840663892573 78.76334699120792 5.0 191.0
1.3325016339242626 103.76845044556967 78.76334699120767 5.0 192.0
1.332510416166441 103.76849425221461 78.7633469912074 5.0 193.0
1.3325191984081244 103.76853805886059 78.76334699120792 5.0 194.0
1.3325279806493138 103.76858186550754 78.76334699120767 5.0 195.0
1.3325367628900084 103.76862567215551 78.76334699120767 5.0 196.0
1.3325455451302093 103.76866947880448 78.76334699120767 5.0 197.0
1.3325543273699152 103.76871328545445 78.76334699120767 5.0 198.0
1.3325643815023567 103.76875679131028 77.0968672960448 5.0 199.0
1.3325764044047574 103.76879983156469 74.51680624355987 5.0 200.0
1.33258842730679 103.76884287182018 74.51680624356023 5.0 201.0
1.332600450208455 103.76888591207673 74.51680624355987 5.0 202.0
1.3326124731097528 103.76892895233433 74.51680624355959 5.0 203.0
1.3326244960106823 103.76897199259298 74.5168062435605 5.0 204.0
1.3326365189112446 103.7690150328527 74.51680624355924 5.0 205.0
1.3326485418114389 103.76905807311351 74.51680624356023 5.0 206.0
1.3326605647112655 103.76910111337537 74.51680624355987 5.0 207.0
1.332672587610724 103.76914415363828 74.51680624356023 5.0 208.0
1.332684610509815 103.76918719390225 74.51680624355924 5.0 209.0
1.3326966334085384 103.76923023416731 74.51680624356023 5.0 210.0
1.3327086563068937 103.76927327443342 74.51680624355987 5.0 211.0
1.332720679204881 103.76931631470059 74.51680624356023 5.0 212.0
1.3327327021025002 103.7693593549688 74.51680624356023 5.0 213.0
1.332744773271827 103.76940237887162 74.4519063139422 5.0 214.0
1.332761738670703 103.76944374340324 67.85725488604405 5.0 215.0
1.3327787040694066 103.76948510793596 67.85725488604405 5.0 216.0
1.3327956694679384 103.76952647246979 67.85725488604466 5.0 217.0
1.3328126348662974 103.76956783700471 67.85725488604466 5.0 218.0
1.3328296002644844 103.76960920154075 67.85725488604405 5.0 219.0
1.3328465656624993 103.76965056607789 67.85725488604405 5.0 220.0
1.3328635310603416 103.76969193061612 67.85725488604466 5.0 221.0
1.3328804964580114 103.76973329515546 67.85725488604466 5.0 222.0
1.3328974618555087 103.76977465969591 67.85725488604504 5.0 223.0
1.332914427252834 103.76981602423749 67.85725488604405 5.0 224.0
1.3329313926499862 103.76985738878014 67.85725488604466 5.0 225.0
