996698202
1.2873646143681243 103.84244904058802 176.3649179589645
1.2873576012414432 103.84244948643448 176.36491795896512
1.2873512382637031 103.84244989094893 176.36491795896512
1.2873431164803244 103.84245040727613 176.36491795896512
1.2873343754547488 103.84245096297049 176.36491795896453
1.2873389994684388 103.84245067184315 176.3602184957396
1.2873471501446152 103.84245015809223 176.3422355814982
1.2873531166679235 103.84244978201214 176.27119167980374
1.2873587603835275 103.84244942627916 356.52467555895856
1.2873673453438006 103.8424488851545 356.4123104908986
1.28737289578638 103.84244853530065 356.401642649154
1.2873818121382623 103.84244797328778 356.39601489202744
1.2873865117702712 103.84244767706193 356.3960148920281
1.2873912282354227 103.84244737977505 356.3960148920281
1.2873967767706453 103.84244703004137 356.39601489202744
1.2874038018703322 103.84244658723726 356.39601489202744
1.2874105097028108 103.84244616443105 356.39601489202744
1.287416317447486 103.84244579835891 356.3960148920281
1.2874242414667583 103.8424452988943 356.3960148920281
