-836286318
1.2884749480246653 103.84182079508817 40.232662522688464
1.2884797023263503 103.84182478784648 40.23266252268825
1.2884852992390436 103.84182948824649 40.23266252268871
1.2884890874529191 103.84183266966481 40.232662522688464
1.288495198897839 103.84183780217937 40.232662522688464
1.2884990377974423 103.84184102616459 40.232662522688464
1.2885043097079094 103.84184559983849 40.37504665031381
1.2885106425271828 103.84185146109078 40.9037594362069
1.2885159467351486 103.84185637032628 41.3466926862843
1.288519867980611 103.84185999958018 41.67416377898841
1.2885264548600108 103.84186609597431 42.22422761143314
1.2885314662305194 103.84187073417822 42.6426523615609
1.2885365104712885 103.84187540280476 42.995992908009015
1.2885412242557497 103.84187976558209 42.995992908009015
1.2885476346520026 103.84188569863475 42.995992908009015
1.2885531402579224 103.84189079427141 42.995992908009015
1.2885568844881767 103.8418942596914 42.995992908009015
1.2885620147493886 103.841899007933 42.995992908009015
1.2885664030939268 103.841903069504 42.995992908009015
1.2885708080702054 103.84190714646829 42.9959929080088
1.2885765335999166 103.84191244565237 42.995992908009015
1.2885826965614264 103.84191814969535 42.995992908009015
1.2885887514398635 103.84192375370358 42.995992908009015
1.288594152647289 103.84192875271573 42.995992908009015
1.2885985050647353 103.84193278103496 42.995992908009015
1.2886032069791347 103.84193713282623 42.995992908009015
1.2886090196499147 103.84194251266258 42.995992908009015
1.2886128966972386 103.84194610100965 42.995992908009015
1.2886176006714911 103.84195045470743 42.995992908009015
1.2886230462852806 103.84195549481933 42.995992908009015
1.2886276135685284 103.84195972200466 42.995992908009015
1.2886340922059083 103.84196571821717 42.9959929080088
1.2886375798471683 103.84196894615492 42.995992908009015
1.2886416543020924 103.84197271720988 42.9959929080088
1.2886460833794395 103.84197681648071 42.995992908009015
1.2886504187440078 103.84198082901698 42.995992908009015
1.2886549863908154 103.84198505653883 42.995992908009015
1.288659882295474 103.8419895878752 42.995992908009015
1.288665179947713 103.84199449104345 42.995992908009015
1.2886689816522854 103.84199800965817 42.9959929080088
1.2886723578035868 103.842001134408 42.9959929080088
1.2886775829648633 103.84200597048326 42.99599290800924
1.2886822522171026 103.84201029204466 42.995992908009015
1.2886883668553777 103.84201595136301 42.995992908009015
1.2886936602562 103.84202085059646 42.99599290800924
1.2886979395342733 103.84202481122273 42.99599290800924
1.2887023147790375 103.84202886066966 42.99599290800924
1.2887061141352925 103.84203237711951 42.99600087107815
1.2887114431230198 103.84203730983592 42.996510184054614
1.2887171465655836 103.84204258916216 42.99705528519787
1.2887232257610468 103.84204821629979 42.99763629856917
1.288727967219736 103.84205260517669 42.998089459009876
1.2887328658917652 103.84205713957634 42.99855764496689
1.288736984304187 103.84206095173762 42.998951258346786
1.2887404263803168 103.84206413785597 42.999155791320845
1.2887469329331993 103.84207016057213 42.999155791320845
1.2887507108047598 103.8420736575157 42.999155791321286
1.288756807523346 103.84207930087348 42.99915579132105
1.2887604464533526 103.84208266920739 42.99915579132061
1.2887663403566303 103.84208812483152 42.99915579132061
1.2887698018952554 103.84209132896515 42.99915579132061
1.288775163467817 103.84209629184346 42.999155791321286
1.288778912284171 103.84209976189244 42.999155791321286
1.2887833212592235 103.84210384300978 42.99915579132061
1.288789875692445 103.84210991004596 42.999155791321286
1.2887934453646053 103.84211321427219 42.99915579132105
1.2887980158705894 103.84211744490881 42.999155791320845
1.2888046116514142 103.84212355021795 42.999155791321286
1.2888108700858518 103.84212934326628 42.999155791320845
1.2888160976102923 103.84213418206456 42.999155791320845
1.2888223721673093 103.8421399900366 42.99915579132061
1.2888275390924488 103.84214477274186 42.99915579132105
1.288834070897463 103.84215081883261 42.999155791320845
1.2888378282722404 103.84215429680368 42.99915579132061
1.2888420791727722 103.84215823160126 42.99915579132036
1.2888454224500787 103.84216132626773 42.99915579132061
1.288849807396413 103.84216538514328 42.99915579132105
1.2888544076314987 103.84216964329839 42.99915579132061
1.2888578910757986 103.84217286770888 42.99915579132061
1.288863830011825 103.84217836501729 42.99915579132061
1.2888678600680077 103.84218209539284 42.99915579132105
1.2888726709792846 103.842186548558 42.99915579132105
1.288879092081857 103.84219249217841 42.99915579132105
1.2888837396881905 103.84219679418226 42.99915579132061
1.2888901913862654 103.84220276612307 42.99915579132061
1.2888947992062292 103.84220703129911 42.99915579132109
1.288900034620591 103.84221187740079 42.99915579132105
1.288904940532194 103.84221641850199 42.99915579132061
1.2889114389574527 103.84222243876577 43.003885827819104
1.288917641186995 103.8422281853145 43.00904044180997
1.2889216223803228 103.84223187400761 43.01234917375697
1.288926998620867 103.84223685525318 43.01681731618659
1.2889306691931077 103.84224025614672 43.019867893868366
1.2889344018324078 103.84224371454722 43.02297005484867
1.2889408071407524 103.84224964925451 43.02664721664689
1.2889471535769235 103.84225552941501 43.02664721664642
1.2889533625054193 103.84226128217061 43.02664721664642
1.2889590456617632 103.8422665477828 43.02664721664689
1.2889645075949308 103.84227160842518 43.02664721664689
1.2889680994405814 103.84227493637624 43.02664721664689
1.2889716463398704 103.8422782226832 43.02664721664642
1.288977420410723 103.84228357253042 43.02664721664642
1.2889824957043476 103.84228827493988 43.02664721664689
1.288986903203122 103.84229235861771 43.02664721664689
1.288990513330401 103.84229570350729 43.02664721664689
1.2889967542132585 103.84230148586964 43.02664721664642
1.2890026587726815 103.8423069566184 43.02664721664597
1.2890075311049032 103.84231147097819 43.02664721664642
1.289012644434697 103.84231620862936 43.02664721664642
1.2890174285688714 103.84232064127107 43.02664721664642
