184650722
1.2879434182294476 103.84135063898536 271.63098811825466
1.2879436624924891 103.84134197731451 271.630988118255
1.2879438720878862 103.84133454497217 271.63098811825466
1.2879440062104675 103.84132978892771 271.63098811825466
1.2879442383913668 103.84132155569228 271.63098811825466
1.287944104910894 103.84131624010111 271.27179934938334
1.2879429427589102 103.84131013918663 269.5749959946376
1.2879416502649645 103.84130335401996 267.67951153456943
1.287940431432577 103.84129695555224 265.8875389593531
1.2879389862567083 103.84128936885604 263.76201053799406
1.287937353732059 103.84128078771374 261.36653363911006
1.2879357314467774 103.84127225641807 259.3150387382478
1.2879346486623824 103.84126656225698 259.31738688430784
1.2879333557344526 103.84125976299035 259.3201907514606
1.2879324971875963 103.84125524805275 259.3220526118532
1.2879312382146149 103.841248627349 259.32478284362065
1.2879299435139016 103.84124181875985 259.32713296341745
1.2879288966720166 103.84123631361403 259.3271329634178
1.2879273884401352 103.84122838210457 259.32713296341774
1.287926122204977 103.8412217232107 259.32713296341774
1.2879252345457406 103.84121705517687 259.3271329634175
1.2879231503886823 103.84121215329769 257.88909652928726
1.2879206141600514 103.84120624022904 256.1187445267358
1.2879178832245444 103.84119987321272 254.20618631360375
1.2879160451748446 103.84119558790742 252.91733704993652
1.2879128020630648 103.84118802678216 250.64459984942127
1.2879105518412013 103.84118278052165 249.07183762936037
1.2879072322170064 103.84117504101225 246.94443410069212
1.2879047001866366 103.84116913773177 246.94443410069212
1.2879027323172234 103.84116454975954 246.94443410069184
1.287900554205613 103.84115947161996 246.94443410069212
1.2878985290608502 103.84115475011363 246.94443410069184
1.2878952145713525 103.84114702257565 246.94443410069198
1.2878923395390593 103.84114031960645 246.94443410069184
1.2878900187704638 103.84113490887057 246.94443410069198
1.2878862943733003 103.84112796647736 246.07231475487737
1.2878828449267272 103.84112363403035 244.20376332923416
1.287877749001628 103.84111723363397 241.4252888768141
