45070970
1.288009814292985 103.84200766487555 129.35370190984142
1.2880045727947453 103.84201402122909 129.35370190984122
1.288001630426634 103.84201758943247 129.35370190984122
1.2879977099851483 103.84202234374328 129.35370190984122
1.2879931151638946 103.8420279158729 129.35370190984167
1.2879897946272725 103.84203194268034 129.35370190984142
1.2879841886365442 103.84203874105285 129.35370190984167
1.287981317958901 103.8420422223172 129.35370190984122
1.2879759195961393 103.84204876889963 129.35370190984122
1.2879717714380599 103.84205379936157 129.35370190984142
1.2879680001511207 103.8420583727927 129.35370190984122
1.2879632265171377 103.84206416176778 129.35370190984122
1.2879588371071804 103.8420694847952 129.35370190984142
1.287955683256821 103.84207330946226 129.35370190984148
1.287950043756627 103.84208014847115 129.35370190984142
1.287945686427822 103.84208543259368 129.35370190984122
1.2879413802499882 103.84209065468552 129.35370190984122
1.2879357778053113 103.84209744875704 129.35370190984142
1.287933275306974 103.84210180188438 128.28058370358798
1.2879296312546324 103.84210966883462 125.45516359467004
1.2879267425994358 103.84211590499818 123.20290982820973
1.2879234486374846 103.8421230161568 120.6306746912865
1.2879198945542547 103.84213068887726 117.8619992728948
1.2879164222917714 103.84213818495918 115.1757297446646
1.287913457377274 103.8421445857546 114.73920343397967
1.2879112090598057 103.84214943952692 114.73920343397943
1.2879083893535044 103.84215552683999 114.73920343397955
1.2879064420885498 103.84215973068608 114.73920343397955
1.28790414693738 103.84216468556508 114.73920343397943
1.2879018703035816 103.84216960046786 114.73920343397985
1.2878996983402595 103.84217428940313 114.73920343397955
1.287895948896967 103.8421823838753 114.73920343397955
1.287892409575331 103.84219002472699 114.73920343397955
1.287890269397254 103.84219464504264 114.73920343397955
1.2878868184902876 103.84220209502048 114.73920343397955
1.2878845423150047 103.84220700893312 114.73920343397955
1.2878813033138223 103.8422140014388 114.73920343397927
1.2878786914327163 103.84221964008859 114.73920343397955
1.2878751228701066 103.84222734406657 114.73920343397955
1.2878727019374923 103.8422325704878 114.73920343397927
1.2878710502074533 103.84223815243136 113.65631048710837
1.287870348704164 103.8422427860804 111.97124872268118
1.2878695838303165 103.84224783831178 110.12350980243033
1.2878683958179316 103.84225568550559 107.2406318746858
1.287867314818523 103.84226282584501 104.61449777577526
1.2878660628690588 103.84227109536288 101.58448201888706
1.2878650005581884 103.84227811225833 99.03489235592613
1.2878640060967559 103.84228468098688 98.58022828598641
1.2878629557048578 103.8422916191535 98.58022828598641
1.28786205037351 103.84229759914973 98.58022828598607
1.2878609085683708 103.84230514112906 98.58022828598598
1.28786014983339 103.84231015281034 98.58022828598607
1.2878594225446034 103.8423149567796 98.58022828598607
1.287858143297697 103.84232340660424 98.58022828598607
1.2878570385228756 103.84233070398619 98.58022828598607
1.2878560023950172 103.8423375479334 98.58022828598598
1.287854795246798 103.84234552152317 98.58022828598598
1.2878537027012684 103.84235273812632 98.58022828598631
1.2878530001896753 103.84235737843389 98.58022828598607
1.287852011045493 103.84236391203875 98.58022828598598
1.2878509034454373 103.84237122808133 98.58022828598598
1.2878500191425686 103.84237706917648 98.58022828598598
1.2878489545986873 103.84238410081936 98.58022828598641
1.287847675924449 103.84239254685953 98.58022828598607
1.2878468497220001 103.842398004183 98.58022828598598
1.287845524241748 103.84240675939104 98.58022828598607
1.287844841038801 103.84241127215826 98.58022828598598
1.2878435675968578 103.84241968363679 98.58022828598598
1.2878424268746096 103.84242721846044 98.58022828598607
1.2878416131885702 103.84243259310857 98.58022828598641
1.2878406868582248 103.84243871180709 98.58022828598598
1.2878397694779344 103.84244477138759 98.58022828598598
1.2878386829137545 103.8424519484799 98.58022828598598
1.287837833520326 103.84245755898594 98.58022828598607
1.2878369375467218 103.8424648600968 98.3166082970886
1.2878361414292978 103.84247179262417 97.99747510858198
1.287835205738276 103.84247994054711 97.62235878189796
1.2878346018639488 103.84248519903656 97.38026203321692
1.2878336074672703 103.84249385816324 96.98162047076984
1.2878325971028317 103.84250265633561 96.5766349736937
1.28783206164069 103.8425073190968 96.53522768640259
1.287831216661758 103.84251467710509 96.53522768640259
1.2878304057722656 103.8425217382651 96.53522768640259
1.2878297185719159 103.84252772234991 96.53522768640259
1.287829054813396 103.84253350230506 96.53522768640251
1.2878281186365315 103.84254165445672 96.53522768640259
1.2878274123167768 103.8425478050313 96.53522768640218
1.28782684708255 103.84255272704453 96.53522768640251
1.2878262731373193 103.8425577249124 96.53522768640225
1.2878256519297306 103.84256313433686 96.53522768640251
1.2878246610915822 103.84257176247354 96.53522768640259
1.2878236481467167 103.84258058311336 96.53522768640225
1.2878228017987 103.84258795304143 96.53522768640259
1.2878222687874221 103.84259259445916 96.53522768640218
1.2878217521739477 103.8425970930861 96.53522768640225
1.2878212259973645 103.84260167498772 96.53522768640259
1.2878203602205236 103.84260921409975 96.53522768640251
1.287819725005891 103.8426147454953 96.53522768640259
1.2878191380061919 103.84261985703915 96.53522768640225
1.287818430018369 103.84262602213724 96.53522768640251
1.2878174411898333 103.84263463277225 96.53522768640225
1.287816620924129 103.84264177557621 96.53522768640259
1.2878158955158145 103.84264810404783 96.53353124722754
1.2878153079778072 103.84265330959686 96.52055601194976
1.287814350873731 103.84266178947733 96.49941924297464
1.2878136466056072 103.84266802924736 96.4838661217464
1.287812753063018 103.84267594597671 96.4641330460627
1.2878119994306418 103.84268262311043 96.44748976343669
1.2878110219486898 103.84269128353657 96.42590297665947
1.2878100338180611 103.84270003830896 96.42447497360293
1.2878090470819998 103.8427087807253 96.42447497360293
1.2878083869630572 103.84271462933536 96.4244749736026
1.2878074302258895 103.842723105963 96.4244749736026
1.2878065599178679 103.84273081683389 96.42447497360293
1.2878057010600252 103.84273842625676 96.42447497360293
1.2878047828487513 103.84274656154676 96.42447497360293
1.287804256682553 103.8427512233437 96.42447497360293
1.2878036735079152 103.84275639023149 96.4244749736026
1.2878030656319255 103.84276177597143 96.42447497360301
1.2878023985437008 103.84276768632765 96.42447497360293
1.2878018786873533 103.84277229221935 96.42447497360293
1.2878010589165196 103.84277955533274 96.42447497360293
1.2877989122109677 103.84278755435717 98.002159154248
1.287797524241346 103.84279190597483 99.14357764400255
1.2877953661602448 103.84279867207663 100.92251882492788
1.2877926926927146 103.84280705403835 103.12885087341125
1.287790363863203 103.84281435547716 105.04830915551436
1.2877876797339505 103.84282277086567 107.25192936390644
1.2877854836641802 103.84282965607066 107.60946008231964
1.2877840775986102 103.8428340644231 107.60946008231964
1.2877825127011104 103.84283897075169 107.60946008231964
1.2877809326619767 103.84284392455284 107.60946008231964
1.2877788845364775 103.84285034591683 107.60946008231964
1.2877767246131984 103.84285711779356 107.60946008231997
1.2877740289447677 103.84286556935947 107.60946008231964
1.2877723663205893 103.84287078208429 107.60946008231964
1.2877703783838184 103.84287701474189 107.60946008231964
1.2877682867705567 103.84288357245002 107.60946008231964
1.2877667858385475 103.842888278231 107.60946008231997
1.2877648506360657 103.84289434555377 107.60946008231964
1.2877627757014696 103.8429008509701 107.60946008231964
1.2877604931558795 103.84290800729643 107.60946008231984
1.2877586778069925 103.84291369884932 107.60946008231964
1.2877560325743358 103.84292199228614 107.60946008231964
1.2877541135356043 103.8429280089313 107.60946008231964
1.2877514013601292 103.84293651224965 107.60946008231964
1.2877492136077233 103.84294337137624 107.60946008231997
1.2877473039223744 103.84294935869607 107.60946008231964
1.2877459259608883 103.84295367893452 107.60946008231984
1.287744250927564 103.84295893056408 107.60946008231997
1.2877426525868254 103.84296394174406 107.60946008231964
1.2877404443467417 103.84297086510404 107.60946008231964
1.2877378366291208 103.84297904092139 107.60946008231997
1.2877363230366423 103.84298378639514 107.60946008231964
1.2877341933029613 103.84299046361855 107.60946008232015
