750875325
1.3095459269731058 103.84378052618838 46.50240609454275
1.3095502134028665 103.84378501032585 46.502406094542515
1.309554937095047 103.84378995189408 46.50240609454275
1.3095590681966145 103.843794273539 46.50240609454275
1.3095636026252577 103.84379901711412 46.50240609454275
1.3095688267027614 103.84380448214755 46.502406094542295
1.309574687070588 103.84381061281964 46.502406094542295
1.3095784769064085 103.84381457745826 46.50240609454275
1.309584662178469 103.84382104802054 46.502406094542515
1.309589947328008 103.84382657694294 46.502406094542515
1.3095931870893336 103.84382996613543 46.50240609454275
1.3095976241361598 103.84383460783715 46.502406094542515
1.3096030723011949 103.84384030729404 46.50240609454275
1.309609270236251 103.84384628328054 46.05627817706148
1.3096150172008336 103.84385121813797 45.10907574168745
1.3096209136168422 103.84385628132776 44.13643420824372
1.309626096122498 103.84386073149032 43.281320536210906
1.309631061861881 103.843864995518 42.462135735467136
1.3096345957047186 103.84386802999133 41.87945112665261
1.3096392218358275 103.843872002401 41.117244431749064
1.3096434049621855 103.84387559440721 40.86156741102843
1.309647317624442 103.84387895416874 40.86156741102843
1.3096534653689773 103.84388423317175 40.86156741102843
1.3096594715527619 103.84388939061805 40.861567411028645
1.3096641378243126 103.84389339749592 40.86156741102843
1.3096683061269012 103.84389697677315 40.86156741102843
1.3096749487384731 103.84390268071326 40.86156741102843
1.3096798443796944 103.84390688454847 40.86156741102843
1.3096864397441434 103.84391254791801 40.86156741102794
1.3096916857341545 103.84391705259401 40.86156741102794
1.3096969213833018 103.84392154839045 40.86156741102843
1.3097023325130237 103.84392619487022 40.86156741102794
1.3097068334686606 103.84393005979315 40.86156741102843
1.3097115335675127 103.84393409571824 40.86156741102843
1.3097168670752979 103.84393867554489 40.86156741102843
1.309723561809014 103.84394442424184 40.86156741102843
1.3097289668965328 103.84394906553328 40.861567411028645
1.3097331972471031 103.84395269809053 40.86156741102794
1.3097380206394535 103.8439568398865 40.86156741102843
1.309744379924947 103.84396230053765 40.86156741102794
1.3097479649820198 103.84396537898823 40.86156741102815
1.309754079740801 103.84397062966691 40.86156741102843
1.3097585022652058 103.84397442724183 40.86156741102822
1.3097626233024937 103.84397796593298 40.861567411028645
1.3097676773660036 103.84398230580389 40.86156741102822
1.3097732280953505 103.8439870721565 40.861567411028645
1.3097792484414292 103.84399152469422 40.169326130401785
1.3097848484237398 103.84399541564851 39.28248091269385
1.3097913835983466 103.84399995638888 38.24674116548464
1.3097981518035795 103.84400465904255 37.17385715225474
1.3098044864250007 103.84400906043548 36.170167658104646
1.30981132961029 103.84401381518646 35.08712750950701
