202227113
1.3126626969856092 103.84255573386721 70.89184881708567
1.3126632073343567 103.84256094462471 73.64829161576705
1.3126639422326183 103.84256844807553 77.60739899496382
1.312664768024405 103.8425768795667 82.00022999061281
1.3126654319218956 103.84258365808655 84.4684748866377
1.3126660149624656 103.84258961104197 84.46847488663767
1.3126665004866849 103.84259456833698 84.46847488663767
1.3126671724714694 103.8426014294301 84.46847488663767
1.3126679243541044 103.84260910629575 84.46847488663637
1.3126685368229376 103.84261535972 84.4684748866364
1.3126692912485214 103.84262306255003 84.4684748866364
1.3126699096014103 103.84262937605195 84.4684748866377
1.3126707542374745 103.84263799994882 84.4684748866364
1.312671490870456 103.84264552111367 84.4684748866377
1.3126722568265017 103.84265334167286 84.46847488663637
1.312673043110147 103.84266136978103 84.46847488663767
1.312673570170414 103.84266675116848 84.46847488663637
1.3126740649699724 103.84267180316796 84.4684748866364
1.3126747333373732 103.84267862732892 84.46847488663637
1.3126755976924784 103.84268745256266 84.46847488663767
1.31267640904872 103.84269573666796 84.46847488663767
1.3126771031772742 103.84270282385597 84.4684748866364
1.3126776024557931 103.84270792158719 84.46847488663767
1.3126782860775306 103.84271490149885 84.46847488663637
1.3126787412787781 103.84271954919274 84.4684748866377
1.3126793167148931 103.84272542450829 84.46847488663767
1.312679931605126 103.84273170265827 84.46847488663767
1.3126806989153352 103.84273953704634 84.46847488663767
1.3126812517161586 103.84274518125154 84.4684748866364
1.3126817015226404 103.84274977386436 84.4684748866364
1.3126824122401488 103.84275703043032 84.46847488663767
1.3126829880872262 103.84276290994272 84.4684748866377
1.3126838591886238 103.84277180406029 84.4684748866377
1.3126847217815398 103.84278061130489 84.46847488663637
1.312685986251269 103.84278726976889 83.69524580181888
1.3126875880499693 103.8427919742617 82.24893778566036
1.3126896504388543 103.84279803151078 80.37880626083009
1.3126923950012248 103.84280537453756 77.78143156108432
1.312696154658664 103.84280939682273 73.29896888699281
1.3127019623523875 103.84281416884842 65.75892294673001
1.3127076825984014 103.84281572550785 56.88440745933451
1.312715039621834 103.84281771002436 45.98181454701441
1.3127228767155106 103.84281696094452 32.296948970111394
1.3127297323751697 103.84281630567145 20.33152918691294
1.3127373376891882 103.84281557874539 9.880906154667274
1.3127437894822074 103.84281496207437 2.5662868797864378
1.3127519133037266 103.84281418558862 358.2318412533532
1.3127574471517895 103.84281365665598 355.6953041207765
1.3127629513147487 103.84281313056067 354.53157446010925
1.3127686590783811 103.84281258500492 354.5315744601091
1.3127775770078662 103.84281173261716 354.53157446010925
1.312784967922908 103.8428110261835 354.5315744601091
1.3127927517921385 103.8428102821907 354.5315744601089
1.3128010477867258 103.84280948924824 354.53157446010925
1.3128086525281495 103.84280876237665 354.5315744601089
1.3128134113441141 103.8428083075225 354.5315744601089
1.3128190181310793 103.84280777161813 354.5315744601091
1.3128264493495414 103.84280706133208 354.53157446010925
1.3128311990722714 103.84280660734704 354.5315744601089
1.3128363927821194 103.84280611092508 354.5315744601089
1.3128452220445288 103.84280526701198 354.53157446010925
1.312851961296726 103.84280462286493 354.5315744601088
1.312860718908991 103.8428037858002 354.5315744601089
1.3128660627530928 103.84280327502815 354.53157446010925
1.312871065175579 103.84280279688963 354.53157446010925
1.312878994483502 103.84280203899533 354.5315744601089
1.3128856630108992 103.84280140160814 354.5315744601089
1.3128902119699202 103.84280096681226 354.53157446010925
1.3128958939838276 103.84280042371739 354.5315744601089
1.3129028105701823 103.84279976262033 354.5315744601089
1.3129096716870718 103.84279910682511 354.53157446010925
1.3129172110707883 103.84279838620017 354.5315744601088
1.312925987043298 103.8427975473803 354.53157446010925
1.3129333472763667 103.84279684387877 354.53157446010925
1.312940006707105 103.8427962073609 354.53157446010925
1.3129446272705831 103.84279576572087 354.53157446010925
1.312952615371162 103.84279500220681 354.53157446010925
1.3129583170931736 103.84279445722807 354.53157446010925
1.312966907639266 103.84279363613136 354.5315744601089
1.3129721374309211 103.84279313626035 354.53157446010925
1.3129783730715274 103.84279254024885 354.5315744601091
1.3129845943233984 103.84279194561263 354.5315744601089
1.3129895746749418 103.84279146958343 354.53157446010925
1.3129980122331066 103.84279066310941 354.5315744601089
1.3130026270430923 103.84279022201919 354.53157446010925
1.3130089624349819 103.84278961647323 354.5315744601089
1.3130170014596072 103.84278884809156 354.53157446010925
1.3130251599198313 103.84278806829403 354.5315744601088
1.3130308917948654 103.84278752043305 354.53157446010925
1.313035972243606 103.8427870348363 354.5315744601091
1.3130410475615721 103.84278654972996 354.53157446010925
1.3130484902248398 103.84278583834927 354.5315744601091
1.3130532825574945 103.84278538029108 354.53157446010925
1.3130611212258128 103.8427846310596 354.53157446010925
1.3130698283793067 103.84278379881701 354.53157446010925
1.3130765811877367 103.84278315337356 354.5315744601091
1.3130815748114795 103.8427826760756 354.53157446010925
1.3130871711556258 103.84278214116871 354.53157446010925
1.3130932823989783 103.84278155704698 354.5315744601089
1.3130985303420062 103.84278105544075 354.5315744601089
1.3131046556175034 103.84278046997777 354.53157446010925
1.3131123397141908 103.84277973552032 354.53157446010925
1.313117386603633 103.84277925313107 354.5315744601089
1.313126136317498 103.84277841682025 354.53157446010925
1.3131322457086092 103.84277783287546 354.53157446010925
1.3131407810140996 103.84277701705808 354.53157446010925
1.3131460101381727 103.8427765172505 354.53157446010925
1.313151041746597 103.84277603632175 354.53157446010925
1.3131564442757875 103.84277551993983 354.53157446010925
1.3131651453141326 103.84277468828135 354.53157446010925
1.313170896429723 103.84277413858098 354.5315744601091
1.3131772989032466 103.84277352662279 354.53157446010925
1.3131855979587443 103.8427727333864 354.5315744601089
1.3131928689529593 103.84277203841366 354.53157446010925
1.3131995042495708 103.8427714042018 354.5315744601089
1.3132063299059449 103.84277075179509 354.53157446010925
1.3132129954715628 103.84277011469005 354.53157446010925
1.3132188824856157 103.84276955200018 354.5315744601089
1.3132274595296525 103.84276873219305 354.53157446010925
1.313235577133544 103.84276795629988 354.5315744601089
1.3132439962372118 103.84276715158889 354.53157446010925
1.313251074061839 103.84276647507939 354.53157446010925
1.313257864758248 103.84276582601404 354.53157446010925
1.313263563475221 103.84276528132176 354.53157446010925
1.3132684968300252 103.842764809784 354.53157446010925
1.3132770642372724 103.8427639908978 354.53157446010925
1.3132853433228409 103.84276319956979 354.53157446010925
1.3132941273704322 103.84276235997669 354.53157446010925
1.313298897854687 103.84276190400628 354.5315744601089
1.313304749270165 103.84276134471874 354.53157446010925
1.3133127075291444 103.84276058405575 354.53157446010925
1.3133181768209063 103.84276006129217 354.53157446010925
1.313325178730317 103.84275939203854 354.53157446010925
1.3133317484093459 103.84275876409818 354.53157446010925
1.3133362756386875 103.84275833137838 354.53157446010925
1.3133423505131336 103.84275775073219 354.5315744601089
1.313348962100258 103.84275711878612 354.53157446010925
1.313357243786188 103.84275632720933 354.5315744601089
1.3133655421570665 103.84275553403772 354.5315744601089
