778429140
1.3122575957326303 103.84677984242093 314.4220527616067
1.3122615619485705 103.84677581768561 314.4220527616067
1.3122655510267311 103.84677176975072 314.4220527616067
1.312269760640548 103.84676749802625 314.42205276160485
1.3122740687618706 103.84676312634082 314.42205276160576
1.3122788833060481 103.84675824076048 314.42205276160485
1.3122837330872352 103.84675331942319 314.42205276160485
1.3122879836780326 103.846749006117 314.42205276160576
1.3122912108128737 103.84674573136732 314.42205276160576
1.312296915025365 103.84673994299187 314.4220527616067
1.3123028224621813 103.84673394839355 314.42205276160576
1.3123061043408082 103.8467306180923 314.4220527616067
1.312310999399129 103.84672565080955 314.42205276160576
1.3123162036019111 103.84672036982101 314.42205276160576
1.3123205814987038 103.84671592733021 314.42205276160576
1.3123241336484386 103.84671232276999 314.42205276160576
1.3123303489223515 103.84670601579225 314.42205276160576
1.3123340060612134 103.84670230469375 314.42205276160576
1.3123374797067267 103.84669877979596 314.4220527616067
1.3123418933525 103.84669430102853 314.42205276160576
1.3123450968329993 103.84669105028189 314.4220527616067
1.3123491506947205 103.84668693660691 314.42205276160576
1.312354092701657 103.84668192168245 314.42205276160576
