725914524
1.354634917272275 103.69677403755992 33.22163206382977
1.354641461530725 103.69677829105127 33.22163206382977
1.3546468845417272 103.6967818157792 33.22163206382977
1.3546525644363556 103.69678550747064 33.22163206382977
1.3546601039420103 103.69679040783063 33.22163206382977
1.3546646166633032 103.69679334090871 33.22163206382977
1.3546686887926027 103.69679598762063 33.22163206382977
1.3546727790843323 103.6967986289161 33.20325727659069
1.3546789873797322 103.69680261064848 33.14628321221457
1.3546852892594297 103.69680665240179 33.08845011708166
1.3546900706078302 103.69680971895204 33.04457105522019
1.3546939070753587 103.69681217949653 33.0093632890387
1.3547008373768912 103.69681662429247 32.9457630928137
1.3547066035908626 103.69682032249293 32.89284604980006
1.3547135428903807 103.69682477305977 32.872908965069975
1.354718666610836 103.69682805919268 32.872908965069975
1.3547259934750024 103.69683203652893 32.09820225702962
1.3547336377066166 103.6968341997336 29.134387742161994
1.3547384228758708 103.69683555386582 27.26505725821475
1.3547462427822763 103.69683776678386 24.198847670619944
1.3547519459482138 103.6968393806956 21.962348023308394
1.3547601015996649 103.69684168862449 18.77863929147962
1.354764907044706 103.6968429814442 16.841031401558414
1.3547735344759415 103.69684456162298 14.789144508526098
1.3547809005724327 103.69684591077888 13.885777461687736
1.354788872959161 103.6968473709813 12.907686523217997
1.3547976435571247 103.6968489773821 11.831887184614454
1.3548047687837363 103.69684817105572 8.292988674739398
1.3548099778108231 103.69684722807663 5.380772961883164
1.3548148671629967 103.69684634296762 3.0854650985268215
1.354823385690415 103.69684480087669 359.06775240473473
1.354829519440045 103.69684369049699 356.17874031525344
1.3548355589713896 103.6968425971734 353.3533487504003
1.3548438345946736 103.69684109905481 349.7050015509912
1.354849338801035 103.69683889157089 348.1807913378618
1.3548548829719596 103.696836234997 346.0866302241599
1.3548610108599375 103.69683329872613 343.75941200359904
1.3548678610882952 103.69683001633484 341.1513180170608
1.3548727981556237 103.69682765066378 339.27316561184546
1.35487817876267 103.69682406539381 335.891129686018
1.3548849376587948 103.69681883843833 330.82686456256585
1.3548893267202733 103.69681544418154 329.32894054133055
1.3548960813837432 103.69681022049927 327.02140032139306
1.354901427148737 103.69680608638093 325.19753214493693
1.354907051166271 103.69680173707742 323.2853703214729
1.3549121183903492 103.69679554663401 319.83990328535197
1.3549171684778478 103.69678906498186 317.217427206037
1.354920024110428 103.69678539985385 315.7296005754594
1.3549233586515683 103.69678112005948 313.99107622546865
1.354927621136946 103.69677564927345 311.77176493126944
1.354931463726885 103.69677071741194 309.77905164327814
1.3549359691666338 103.69676493480036 307.77568430595454
1.3549402851853645 103.69675939530553 307.7756843059543
1.3549438544512686 103.696754814248 307.77568430595454
1.3549487282676336 103.69674800311908 307.34180319447785
1.3549528227532226 103.69674150829937 306.37300481794693
1.3549566388225496 103.69673545511343 305.46933000118764
1.354959411645748 103.69673105676188 304.81251124330925
1.3549632552851245 103.69672495984324 303.9021301827034
1.3549678442854 103.69671768060631 302.81592850146905
1.354971717457266 103.69671153684203 302.09304807625705
1.3549756528277714 103.69670529441596 302.0930480762569
1.3549796310426003 103.69669898402864 302.09304807625705
1.3549833738604224 103.69669304703645 302.09304807625705
1.3549878709192402 103.69668591363995 302.09304807625705
1.35499044488063 103.69668183072977 302.0930480762569
1.354993248412514 103.69667738366655 302.09304807625705
1.3549975665613072 103.69667053406341 302.09304807625705
1.3549999723986268 103.69666671783759 302.09304807625705
1.3550046181164983 103.69665934863245 302.0930480762569
1.3550091458715348 103.6966521665441 302.0930480762569
1.355011724613147 103.69664807605109 302.0930480762569
1.3550153002612428 103.69664240422904 302.0930480762569
1.355018774908548 103.696636892618 302.0930480762569
1.3550224899825554 103.6966309996334 302.0930480762569
1.355026946072517 103.69662393122243 302.09304807625705
1.3550310382642727 103.69661744003989 302.09304807625705
1.355035221920798 103.69661093577815 302.1823931757988
1.35503958998827 103.69660431974778 302.394084572467
1.3550444587844876 103.69659694529575 302.6300523848299
1.3550483514187088 103.69659104937334 302.81871213635355
1.3550508540301127 103.69658725882896 302.9400021092507
1.3550535999004971 103.69658309983583 303.0730791427766
1.3550581357826519 103.69657622962703 303.2928984351966
1.3550609469957475 103.69657197166342 303.29533881058234
1.355064197450187 103.69656704840916 303.29533881058234
1.3550678380010053 103.69656153430097 303.29533881058234
1.355072599391886 103.69655432252834 303.29533881058234
1.3550767580673144 103.69654802364998 303.29533881058234
1.3550808280946074 103.69654185904119 303.29533881058234
1.355083404879614 103.69653795615051 303.2953388105818
1.355086535324453 103.69653321466679 303.29533881058234
1.35509032100349 103.69652748074186 303.2953388105825
1.355093124100955 103.69652323507013 303.29533881058234
1.3550979331132844 103.69651595116787 303.2953388105825
1.3551008782428589 103.69651149036912 303.29533881058234
1.3551054787009393 103.69650452235044 303.29533881058217
1.3551093608608944 103.69649864229179 303.2953388105825
1.3551128929011629 103.6964932925369 303.29533881058234
1.3551154471072242 103.69648942384474 303.29533881058234
1.3551201215014799 103.69648234383942 303.29533881058234
1.35512327315198 103.6964775702364 303.2953388105818
1.355126788771386 103.69647224535294 303.29533881058234
1.3551307612523085 103.69646622849058 303.2953388105825
1.3551354565465379 103.69645911682912 303.29533881058234
1.355137991161498 103.6964552778101 303.29533881058234
1.3551419076165483 103.69644934580636 303.29533881058217
1.3551462949637096 103.69644270057239 303.29533881058234
1.3551488707658805 103.69643879916967 303.29533881058234
