44786103
1.3546513797862663 103.69810243090308 275.0319311423134
1.3546506171279449 103.69809650738534 273.3997350545538
1.3546499529964822 103.69809134911942 271.97233690133146
1.3546488095119391 103.69808246774943 269.50674656787015
1.354647751523425 103.69807425042175 267.2233361249068
1.3546467407621114 103.69806639990486 265.04675001663054
1.3546456731496581 103.69805810782907 262.7599281322316
1.3546447717052466 103.69805110636969 262.7408017429825
1.354643905446671 103.69804437819653 262.7408017429822
1.3546426502398887 103.69803746278428 262.28219455982867
1.3546412405569592 103.698031209034 261.5217308978596
1.354639741626664 103.69802455935738 260.71256821226154
1.3546383868894576 103.69801854936193 259.9810166125684
1.3546365963912466 103.69801070632018 258.9979270950635
1.3546350790771953 103.69800405042534 258.1668170081549
1.3546333403677417 103.69799633816626 257.35746164026824
1.3546315123038375 103.69798822956467 257.35712617436445
1.3546301332669766 103.69798211267764 257.35687310890074
1.3546283242549932 103.69797408858335 257.3565411392043
1.3546268457871617 103.69796753065825 257.3805549331228
1.354625393332641 103.6979610881184 257.4048558241957
1.3546239862839367 103.69795484698172 257.4048558241957
1.354622016412654 103.69794774746234 256.94796216325324
1.3546200417626912 103.69794346843022 255.6950174194998
1.3546173473116527 103.69793762960173 253.97892450689042
1.354613858831571 103.69793007012613 251.75067624189913
1.35461131316973 103.6979245537213 250.123598460058
1.354609291005354 103.69792017172634 248.8324574666027
1.3546059749371766 103.69791298586446 246.72140215313806
1.354602692971094 103.69790587390125 245.39877371623987
1.3546004566634258 103.6979010278616 245.39877371624016
1.3545970166690235 103.69789357345387 245.39877371624016
1.3545942936124844 103.69788767263795 245.39877371624016
1.3545923450077024 103.6978834500455 245.39877371624016
1.354588953473922 103.69787657577173 245.14622572557874
1.354584654226028 103.69786974170572 243.82480500395616
1.3545803374012142 103.69786287969956 242.49571667854886
1.3545776327675754 103.69785858042556 241.66247744469092
1.3545744541461902 103.6978535277027 240.68326532391262
1.354571422075463 103.69784870793616 239.74975081742105
1.3545682549018885 103.69784367341074 238.77575957013352
1.3545636080343644 103.69783628677021 238.02307967060534
1.3545605194160464 103.6978313771159 238.02307967060474
