701313465
1.3559146082609712 103.69900103964567 218.07009690842116
1.3559089056635885 103.69899660659502 218.07009690842116
1.3559018423517206 103.69899111576038 218.07009690842116
1.3558981084438175 103.69898821311766 218.07009690842062
1.3558920882653522 103.69898353318776 218.07009690842116
1.355885871268646 103.69897870025652 218.07009690842116
1.355881362500505 103.69897519525763 218.07009690842062
1.3558757903237753 103.69897086359262 218.07009690842062
1.3558716542693758 103.69896764833173 218.07009690842062
1.355867390417229 103.69896433372416 218.07009690842116
1.35586121742912 103.69895953500408 218.07009690842116
1.3558571169991254 103.69895634743668 218.07009690842062
1.3558515021695434 103.69895198261447 218.07009690842062
1.35584646366515 103.69894806581249 218.07009690842062
1.355841562591944 103.69894425584592 218.07009690842062
1.3558354832565556 103.69893952992904 218.07009690842116
1.3558305916872886 103.6989357273506 218.07009690842062
1.3558266174018143 103.69893263784466 218.07009690842116
1.3558204687845758 103.69892785806991 218.07009690842116
1.3558142764025396 103.69892304427354 218.07009690842062
1.3558082988251385 103.69891839746072 218.07009690842116
1.3558022876774345 103.6989137245512 218.07009690842116
1.355795759071075 103.69890864938284 218.07009690842116
1.3557916753854284 103.69890547483209 218.07009690842116
1.355787455912098 103.69890219472356 218.07009690842062
1.3557837839406628 103.6988993402287 218.07009690842156
1.3557788119497187 103.69889547513262 218.07009690842116
1.355773273112224 103.69889116938478 218.07009690842116
1.355767401160635 103.69888660468276 218.07009690842062
1.355760836020034 103.69888150111368 218.07009690842062
1.3557544029872677 103.69887650024178 218.07009690842116
1.3557487022030974 103.69887206860086 218.07009690842062
1.355742497043415 103.6988672448716 218.07009690842116
1.3557386217146126 103.69886423229207 218.07009690842116
1.3557336077875175 103.69886033459592 218.07009690842062
1.3557279934912887 103.6988559701885 218.07009690842116
1.3557220189260573 103.69885132571736 218.07009690842116
1.3557150156834 103.69884588157923 218.07009690842023
1.3557100105818543 103.69884199074387 218.07009690842116
1.3557031010715923 103.69883661947087 218.07009690842116
1.3556982683900256 103.69883286267032 218.07009690842116
1.355694704115523 103.69883009189634 218.07009690842116
1.3556896203108588 103.69882613987924 218.07009690842116
1.3556851284261107 103.69882264800526 218.07009690842116
1.355678596884271 103.69881757055508 218.07009690842116
1.3556721330741854 103.69881254575783 218.07009690842116
1.3556664452415963 103.69880812418523 218.07009690842156
1.3556598337930719 103.6988029846177 218.07009690842062
1.3556540929320058 103.69879852182217 218.07009690842116
1.3556483493954334 103.69879405694677 218.07009690842062
1.3556440609975051 103.69879072325816 218.07009690842116
1.3556402578885587 103.69878776682054 218.07009690842116
1.355636675756639 103.6987849821647 218.07009690842116
1.3556326755124803 103.69878187247933 218.07009690842116
1.3556285231644503 103.69877864455238 218.07009690842116
1.3556237477725204 103.69877493228736 218.07009690842116
1.3556192490445935 103.69877143509373 218.07009690842062
1.3556130278283012 103.69876659888263 218.07009690842062
1.3556078175315147 103.69876254853396 218.07009690842116
1.3556007032737942 103.69875701809578 218.07009690842116
1.3555936321966084 103.69875152122505 218.07009690842062
1.3555874673573007 103.69874672883996 218.07009690842116
1.3555815082479032 103.69874209638394 218.07009690842116
1.3555777841153134 103.69873920134053 218.07009690842062
1.355572243618157 103.69873489430276 218.07009690842062
1.3555654844545069 103.6987296399055 218.07009690842116
1.3555603375581757 103.69872563884273 218.07009690842116
1.355554986333451 103.69872147894041 218.07009690842062
1.3555505847291756 103.69871805724824 218.07009690842062
1.355545687884928 103.69871425056944 218.07009690842062
1.3555404726595341 103.69871019638947 218.07009690842062
1.3555355303700063 103.69870635438272 218.07009690842116
1.3555312526807148 103.69870302901883 218.07009690842116
1.355526682465828 103.69869947625321 218.07009690842116
1.355522541113362 103.69869625687399 218.07009690842116
1.3555169414234047 103.69869190382134 218.07009690842023
1.355510489174636 103.69868688801176 218.07009690842116
1.3555045883712877 103.69868230088144 218.07009690842116
1.3554985478236923 103.69867760511762 218.07009690842116
1.355493537088465 103.69867370990299 218.07009690842116
1.3554869418307636 103.69866858292204 218.07009690842116
1.3554818632809646 103.69866463499017 218.07009690842062
1.3554763038641204 103.69866031324482 218.07009690842116
1.3554713957806221 103.69865649782902 218.07009690842062
1.3554677068279102 103.6986536301336 218.07009690842116
1.355462021016597 103.69864921013254 218.07009690842116
1.3554558480101015 103.69864441139867 218.07009690842116
1.3554508234836398 103.69864050546315 218.07009690842116
1.3554448720982963 103.69863587901177 218.07009690842156
1.3554406193378397 103.69863257302701 218.07009690842116
1.3554370570770957 103.69862980381863 218.07009690842062
1.3554329709871185 103.69862662739914 218.07009690842116
1.3554274329251008 103.69862232225452 218.07009690842074
1.3554226752527039 103.69861862376442 218.07009690842116
1.355418615350871 103.6986154677029 218.07009690842116
1.3554131255788122 103.69861120009766 218.07009690842062
1.355407563117212 103.69860687598549 218.07009690842116
1.3554022071564173 103.69860271240165 218.07009690842116
1.3553959640980455 103.69859785921138 218.07009690842105
1.3553896422893792 103.69859294480266 218.07009690842062
1.3553829310845336 103.69858772768757 218.07009690842116
1.3553776061081673 103.69858358819023 218.07009690842062
1.3553732805238612 103.69858022559416 218.07009690842156
1.355366609107318 103.69857503940946 218.07009690842116
1.3553608938874695 103.69857059654707 218.07009690842074
1.3553538654824775 103.69856513284891 218.07009690842116
1.3553499748285769 103.69856210835637 218.07009690842116
1.3553444149678793 103.69855778626615 218.07009690842116
1.3553390385279167 103.6985536067624 218.07009690842116
1.3553354490010088 103.69855081635812 218.07009690842105
1.3553310023224001 103.69854735836942 218.07135947363372
1.355325937330803 103.69854341708044 218.07527351326033
1.355320060602486 103.69853884414398 218.0798148333405
1.3553151856881684 103.69853505076236 218.08358198835802
1.3553113902563922 103.69853209737275 218.08651495886036
1.35530515969335 103.69852724910224 218.0913297094843
1.3553007736736298 103.69852383615064 218.09471906462136
1.3552963684859085 103.69852040828358 218.0976083077272
1.355291858404621 103.69851689879432 218.0976083077272
1.3552876757313992 103.69851364407546 218.0976083077272
1.3552811351246838 103.69850855454658 218.0976083077277
1.3552761235315942 103.69850465480931 218.0976083077277
1.355270552578659 103.69850031980997 218.0976083077273
1.3552659760428651 103.6984967586096 218.0976083077277
1.3552589436217015 103.69849128637867 218.0976083077277
1.355254624613262 103.69848792557148 218.0976083077277
1.355248030567903 103.69848279445972 218.0976083077272
