725914518
1.3551526063751802 103.69650576115917 122.25258302400816
1.35514974487642 103.69651027220392 122.25258302400835
1.3551471433648674 103.69651437338865 122.25258302400835
1.3551433552406456 103.69652034522339 122.25258302400835
1.355140452580329 103.69652492115767 122.25258302400835
1.3551372529242935 103.69652996529446 122.25258302400873
1.3551340240685903 103.69653505546336 122.25258302400891
1.355129756459344 103.69654178318785 122.25258302400891
1.3551255752240021 103.69654837474711 122.25258302400835
1.3551216169268325 103.69655461485267 122.25258302400853
1.355118042759018 103.69656024939283 122.25258302400835
1.3551137598194165 103.69656700128476 122.25258302400835
1.355109074029408 103.696574059844 122.4758617925376
1.3551043295109761 103.69658116357262 122.7313923312675
1.3551000165341431 103.69658762117567 122.96368786111165
1.3550965633627603 103.69659279143524 123.1496740200213
1.3550923122256082 103.69659915644871 123.37863134376704
1.3550893914564361 103.69660352956919 123.53592990381432
1.3550864811483665 103.69660788702674 123.5994097226605
1.3550827196933988 103.69661351886361 123.59940972266031
1.3550801765608895 103.69661732656768 123.5994097226605
1.3550768935868724 103.69662224199907 123.5994097226605
1.3550719109837561 103.69662970219927 123.59940972266104
1.355068595857036 103.69663466577116 123.5994097226605
1.3550637148129963 103.69664197391192 123.5994097226605
1.355059872809877 103.69664772634913 123.59940972266031
1.3550558331089473 103.69665377478923 123.5994097226605
1.355052191526393 103.69665922714674 123.5994097226605
1.3550494728569256 103.69666329767308 123.5994097226605
1.3550469389748871 103.69666709152654 123.5994097226605
1.3550430226430188 103.69667295921062 123.5966189653211
1.355039878186556 103.69667785666934 123.46307030539371
1.355037363252782 103.6966817736529 123.35625515097482
1.3550347502925668 103.69668584331163 123.24527458089463
1.3550306471020106 103.69669223398873 123.0709971415343
1.3550280334697513 103.69669630469406 122.9599865771961
1.3550246445096352 103.69670158296452 122.81604648759313
1.3550222059265729 103.69670538103247 122.71247396235881
1.3550173955805298 103.69671287309673 122.56631524636344
1.355014927477772 103.69671671714123 122.56631524636344
1.355011856189298 103.69672150064122 122.56631524636329
1.3550081318173581 103.69672730131188 122.56631524636329
1.3550041201567762 103.69673354943153 122.56631524636344
1.3549996181795192 103.69674056121424 122.56631524636383
1.3549954901579357 103.69674699056482 122.56631524636329
1.3549925328149648 103.6967515965956 122.56631524636329
1.3549881734393852 103.6967583862775 122.56631524636383
1.3549844383568033 103.69676420362948 122.56631524636329
1.3549815567547705 103.69676869169442 122.56631524636329
1.3549789920354547 103.69677268621781 122.56631524636329
1.3549748855337882 103.69677889594827 122.69394495444784
1.3549704323034306 103.69678477559515 123.41865332829406
1.3549650952542185 103.69679182215722 124.28774639643309
1.3549611067191083 103.69679708826192 124.93741535211076
1.3549569467379536 103.69680258072859 125.61496447857188
1.3549529454651816 103.69680786365086 126.26644628984387
1.3549492156414382 103.6968127881761 126.87338857041992
1.3549440380515876 103.69681962420198 126.99376534035497
1.3549390476970666 103.69682621301901 126.99376534035497
1.3549337886808255 103.69683315655283 126.99376534035478
1.354929683528048 103.696838337235 127.17734627091835
1.3549247353671101 103.69684318779916 128.4697452453567
1.3549196465781588 103.69684817621757 129.80177321720558
1.3549136753183737 103.69685402970103 131.36662521924117
1.3549089892469826 103.69685862334491 132.59462460203733
1.3549032678849426 103.69686423185945 134.0920844481248
1.354898101502953 103.69686929634024 135.41719490474543
1.354893120711197 103.69687417889129 135.41719490474543
1.3548870185077047 103.6968768592601 138.44157629095065
1.3548825623648897 103.69687871377448 140.7754113553924
1.3548748407288078 103.6968819272902 144.85936176908325
1.3548701155386504 103.69688389377404 147.36871020585326
1.3548619791636196 103.69688727989173 151.675175439376
1.3548569294496737 103.69688938143268 154.32101959257795
1.3548492973220367 103.69689120916529 158.89535842540303
1.3548438860097896 103.69689196285188 160.67380099546807
1.3548357289984068 103.6968930989589 163.36819190673847
1.354830757313412 103.69689379141425 165.01402788150025
1.354822578123807 103.69689493061018 167.71920729271545
1.354814169100952 103.69689610181723 170.4862169987382
1.354809150904839 103.69689653972516 172.38100899314273
1.3548006210263868 103.69689543545941 175.29648505360754
1.3547950656404975 103.69689471626717 177.2087601505562
1.3547870467109757 103.69689367814809 179.9779486504705
1.3547790114707907 103.69689263791743 182.75170676586964
1.3547734028686174 103.69689191183583 184.68026166411593
1.3547651346723102 103.69688962301854 188.9983090332168
1.354759321428401 103.6968877412448 190.43420375246447
1.3547543568153821 103.69688613417676 191.66287633048447
1.3547479243611655 103.6968840519618 193.25616226884742
1.354741076499265 103.69688183527747 194.95145052812066
1.3547346349253078 103.69687975011038 196.54272240821786
1.3547302745584386 103.69687787073644 198.22867892526634
1.3547240097682574 103.69687441418134 200.38296908890146
1.3547176586920497 103.69687091001852 202.15202494604063
1.354712563886955 103.69686809899468 203.57327915476097
1.3547073413190236 103.69686521747857 205.03016163054437
1.354702154881 103.6968623558969 206.47511015980834
1.3546943346014924 103.69685804111121 208.64631187628044
1.3546892397488075 103.69685523006113 209.07441591692995
1.3546845893736639 103.69685239506218 209.3745238252985
1.3546801968094744 103.69684961462154 209.7725096622774
1.3546736914571917 103.69684549681126 210.36209487468017
1.354669545962502 103.69684287276267 210.7378608903022
1.3546635590262683 103.69683908310358 211.2805447256436
1.3546570961013484 103.69683499214933 211.86627528364755
1.354651702008115 103.69683157775277 212.35497334899932
1.3546466265965527 103.6968283650779 212.53094893692096
1.3546415417435516 103.69682514642673 212.53094893692077
1.3546342446776358 103.69682052747123 212.53094893692096
1.3546295025512702 103.69681752576192 212.53094893692096
1.3546238199194203 103.69681383425899 212.6325347809712
1.3546184991733952 103.69681025468589 212.86010543816965
1.3546129042353015 103.69680649064794 213.09941933422166
1.3546061096063264 103.69680191950867 213.39005805631902
1.354600451349304 103.69679811287244 213.63208707512803
1.354595299128025 103.69679464667567 213.8524615809391
1.354590063771882 103.69679112454929 214.07637617748972
1.3545850518569302 103.69678786188707 214.01750794081465
1.3545798533505773 103.6967845265285 213.84648415920992
1.3545740415101577 103.69678079765518 213.65527551692801
1.3545693768475573 103.69677780481047 213.50180626585873
1.354563962042068 103.6967743306745 213.32365727092235
1.3545572807441257 103.69677004395777 213.10384550674527
1.354550497000991 103.69676569151225 212.8827827988881
1.3545436116547018 103.69676127387821 212.8827827988881
1.3545395036076946 103.69675860469684 212.91862395021872
1.3545342444300505 103.69675508214405 213.07744330755665
1.3545302117759976 103.6967523811064 213.19922747023548
1.3545256046544447 103.6967492952953 213.3383629667672
1.354518892762989 103.69674479972706 213.5410645981159
1.3545130797917104 103.696740906248 213.71661682605074
1.3545092489637398 103.69673834039176 213.832305615831
1.3545040615949204 103.69673486593592 213.98895599682302
1.3545001875559644 103.69673227113735 214.01530024573432
