480884476
1.3556814029426139 103.69698658841686 124.20618038100626
1.3556767881017424 103.69699334165297 124.20618038100645
1.355674123793055 103.69699724053183 124.20618038100645
1.355670959878519 103.69700187052062 124.20618038100626
1.3556675852622966 103.69700680884463 124.20618038100626
1.3556641952774904 103.6970117696586 124.20618038100682
1.355659759845461 103.69701826035225 124.20618038100626
1.355655744929333 103.69702413567404 124.20618038100626
1.3556512139709767 103.69703076615826 124.20618038100626
1.355646433177365 103.69703776224466 124.20618038100626
1.3556425702666572 103.69704341512556 124.20618038100626
1.355640027150063 103.69704713665476 124.20618038100626
1.3556369343283408 103.69705166260782 124.20618038100645
1.3556321062609953 103.6970587278731 124.20618038100645
1.3556281887228026 103.69706446069418 124.20618038100682
1.3556231447009244 103.6970718419814 124.20618038100626
1.3556202606525132 103.69707606242098 124.20618038100626
1.3556169503065472 103.69708090669296 124.20618038100682
1.3556138758398129 103.69708540578556 124.20618038100645
1.355610791240785 103.69708991970545 124.20618038100626
1.3556079305490214 103.69709410596536 124.20618038100626
1.3556034610203647 103.69710064655419 124.20618038100626
1.3555990129216196 103.69710715578297 124.20618038100682
1.3555946641291674 103.69711351968951 124.20618038100626
1.355590719048763 103.69711929281458 124.20618038100626
1.3555866081241965 103.69712530863147 124.20618038100626
1.3555816201795094 103.69713260785606 124.20618038100626
1.3555769370916344 103.69713946096128 124.20618038100626
1.3555733031949104 103.69714477870822 124.20618038100645
1.355569954394645 103.69714967925263 124.20618038100626
1.3555668525586562 103.69715421839611 124.20618038100626
1.3555622286072342 103.69716098496237 124.20618038100626
1.3555572598059284 103.69716825617256 124.20618038100645
1.3555536158372425 103.69717358865829 124.20618038100626
1.355549304474289 103.69717989779076 124.20618038100626
1.355546606237761 103.69718384631742 124.20618038100699
1.3555424264198963 103.69718996295025 124.20618038100626
1.355538544513682 103.69719564362713 124.20618038100626
1.3555350138155873 103.69720081035547 124.20618038100645
1.3555300401856838 103.69720808863121 124.20618038100626
1.3555261260241867 103.69721381650942 124.20618038100645
1.3555216034488404 103.69722043472395 124.20618038100645
1.3555166094934965 103.69722774274315 124.20618038100645
1.3555121943108444 103.69723420380195 124.20618038100626
1.3555072695021617 103.69724141063361 124.20618038100645
1.3555032337381603 103.6972473164613 124.20618038100626
1.3554985998247846 103.6972540976045 124.20618038100645
1.3554943588825197 103.69726030368435 124.20618038100626
1.3554918146808246 103.69726402680004 124.20618038100682
1.3554877811087562 103.69726992941989 124.20618038100645
1.3554839479185234 103.69727553880634 124.20618038100682
1.3554797395121037 103.6972816972739 124.20618038100699
1.3554764083264206 103.69728657204041 124.20618038100626
1.3554728320837341 103.69729180541664 124.20618038100645
1.355470089804987 103.6972958183927 124.20618038100682
1.355465390099936 103.69730269581306 124.20618038100626
1.3554609268116107 103.69730922726754 124.20618038100626
1.3554565307193733 103.69731566038904 124.20618038100626
1.355452495895312 103.69732156484046 124.20618038100626
1.3554475495171332 103.69732880323524 124.20618038100626
1.3554448689448284 103.69733272591152 124.20618038100626
1.3554422502305765 103.69733655806638 124.20618038100626
1.3554373750431914 103.6973436922823 124.20618038100626
1.355433176402551 103.69734983645814 124.20618038100645
1.3554288963209795 103.69735609981234 124.20618038100645
1.3554249896879298 103.69736181667214 124.20618038100626
