1.3542101047608568 103.69889815859163 305.3174751756717 17.6702 1.0
1.3542787887720225 103.69880172740686 305.3174751756717 13.170200000000001 2.0
1.3543240047936154 103.69873824487178 305.3174751756717 8.670200000000001 3.0
1.3543500803273139 103.69870163525702 305.3174751756717 5.0 4.0
1.354376155859689 103.69866502564177 305.3174751756714 5.0 5.0
1.3544022313907396 103.69862841602603 305.3174751756713 5.0 6.0
1.3544274988863774 103.69859125779249 304.07515665396096 5.0 7.0
1.3544523509026052 103.69855381746835 303.43641335033334 5.0 8.0
1.3544772029175034 103.69851637714378 303.43641335033305 5.0 9.0
1.3544996433038645 103.69847752291572 299.88010346036253 5.0 10.0
1.3545144772614959 103.69843530858088 289.27704736757596 5.0 11.0
1.3545393010368842 103.69839713194625 302.8958529199987 5.0 12.0
1.3545660594586075 103.69836016437114 305.75419708754123 5.0 13.0
1.3545932028120726 103.69832346402188 306.3411141761417 5.0 14.0
1.354618608180556 103.69828590540784 303.9350893731673 5.0 15.0
1.35463809991758 103.69824570153911 295.7515128489755 5.0 16.0
1.3546457097284725 103.69820161024994 279.76151821362754 5.0 17.0
1.3546471541289724 103.69815670925705 271.8614614078081 5.0 18.0
1.3546505756851408 103.69811191652235 274.37101349698384 5.0 19.0
1.3546468569075367 103.69806730199876 265.2964104790879 5.0 20.0
1.3546393962097236 103.69802302699061 260.526055025658 5.0 21.0
1.3546294728833268 103.69797918346505 257.35675192266046 5.0 22.0
1.3546167286021973 103.6979362888691 253.58410282249295 5.0 23.0
1.3545978778291334 103.69789543957276 245.39877371624047 5.0 24.0
1.3545761063920883 103.69785615410568 241.1922205632038 5.0 25.0
1.3545514829607348 103.6978184837708 237.02852021470042 5.0 26.0
1.3545239278553265 103.69778290981348 232.44822316663283 5.0 27.0
1.354493623346593 103.69774960051767 227.91856828903295 5.0 28.0
1.354461021794288 103.69771850108916 223.8640884675407 5.0 29.0
1.354426777553003 103.69768915774196 220.8057604050238 5.0 30.0
1.3543924241331278 103.69765993259372 220.60129464500505 5.0 31.0
1.3543580707136897 103.69763070744622 220.60129464500432 5.0 32.0
1.3543237172946891 103.69760148229939 220.60129464500454 5.0 33.0
1.3542893638761258 103.69757225715327 220.60129464500432 5.0 34.0
1.354255010458 103.69754303200786 220.60129464500483 5.0 35.0
1.3542208251511747 103.69751361324509 220.92734560063585 5.0 36.0
1.3541866919696601 103.69748413444937 221.0284412857405 5.0 37.0
1.354152558788578 103.69745465565435 221.028441285741 5.0 38.0
1.354118425607929 103.69742517686004 221.0284412857405 5.0 39.0
1.3540842924277134 103.69739569806646 221.02844128574077 5.0 40.0
1.3540501592479317 103.69736621927358 221.02844128574077 5.0 41.0
1.3540160260685827 103.6973367404814 221.0284412857407 5.0 42.0
1.3539818990091335 103.69730725469742 221.04025653516416 5.0 43.0
1.353947776452549 103.6972777637693 221.04894967056825 5.0 44.0
1.353913653896397 103.69724827284195 221.04894967056802 5.0 45.0
1.3538795313406784 103.69721878191528 221.04894967056825 5.0 46.0
1.3538454087853935 103.69718929098933 221.04894967056777 5.0 47.0
1.3538112862305416 103.69715980006409 221.04894967056825 5.0 48.0
1.3537771636761224 103.69713030913957 221.04894967056825 5.0 49.0
1.3537430411221372 103.69710081821577 221.04894967056802 5.0 50.0
1.353708918568585 103.69707132729268 221.048949670568 5.0 51.0
1.3536747960154665 103.69704183637029 221.04894967056825 5.0 52.0
1.3536406734627808 103.69701234544863 221.04894967056813 5.0 53.0
1.353606550910529 103.69698285452768 221.04894967056813 5.0 54.0
1.353571620085759 103.69695432528505 219.45124088022163 5.0 55.0
1.3535363307195947 103.69692622263373 218.7425869232753 5.0 56.0
1.3535010413538842 103.69689811998305 218.74258692327533 5.0 57.0
1.3534657519886284 103.696870017333 218.7425869232753 5.0 58.0
1.3534304626238274 103.69684191468356 218.7425869232753 5.0 59.0
1.3533951732594802 103.6968138120348 218.7425869232753 5.0 60.0
1.3533598838955876 103.69678570938667 218.74258692327533 5.0 61.0
1.35332459453215 103.69675760673915 218.7425869232753 5.0 62.0
1.3532893051691668 103.69672950409229 218.74258692327518 5.0 63.0
1.3532540158066377 103.69670140144606 218.74258692327538 5.0 64.0
1.3532187264445639 103.69667329880048 218.7425869232752 5.0 65.0
1.353183437082944 103.69664519615552 218.74258692327538 5.0 66.0
1.353148147721779 103.69661709351122 218.74258692327518 5.0 67.0
1.3531128583610694 103.69658899086753 218.7425869232753 5.0 68.0
1.353077569000814 103.6965608882245 218.7425869232753 5.0 69.0
1.353042279641013 103.6965327855821 218.74258692327533 5.0 70.0
1.3530070853512848 103.69650457317815 218.9271399199631 5.0 71.0
1.3529738582142068 103.69647408960863 222.748681794512 5.0 72.0
1.3529406310775434 103.69644360603988 222.7486817945122 5.0 73.0
1.3529074039412954 103.69641312247191 222.74868179451204 5.0 74.0
