115843656 158015939 158014654 397.4
15772713 158046300 158043131 821.87
15773055 6751676174 158052803 294.16
15773693 7572124719 158067194 547.3
234877581 158046300 158003373 660.0
262190478 158052803 158003373 677.19
262190481 158043131 158043151 58.66
462871390 6076115189 158014654 526.83
462871393 5971965758 7572124720 222.47
478876321 478876321-AddedOnRampNode 158014905 789.14
478876321-AddedOnRampEdge 158014654 478876321-AddedOnRampNode 96.0
631885735 158003373 1307653986 20.42
632498157 2571153996 158052654 450.58
632498927 158043151 5971965758 138.82
649607696#0 7572124720 6605064339 78.64
649607696#1 6605064339 6096044459 304.33
702815550#0 4600357227 6600201348 1122.97
702815550#1 702815550#1-AddedOnRampNode 6076115189 227.04
702815550#1-AddedOnRampEdge 6600201348 702815550#1-AddedOnRampNode 94.45
702815552 6600201347 6600201348 179.04
702815557 158067194 6605064322 842.58
703350201 6605064339 6605064327 237.74
809905254 158052654 6751676174 79.21
