702815557
1.3902838093240928 103.7707706444782 272.8409238200571
1.3902841644691766 103.77076345798919 272.8409238200571
1.3902846043565018 103.77075455670968 272.8409238200571
1.3902848368959515 103.77074985118932 272.8409238200571
1.3902852118192077 103.7707422644804 272.84092382005747
1.3902855989998373 103.77073442973852 272.8409238200571
1.3902858797958 103.77072874772901 272.8409238200571
1.3902862268184444 103.77072172559784 272.84092382005747
1.3902864844026028 103.77071651328713 272.84092382005747
1.3902867499457043 103.77071113992399 272.8409238200571
1.3902871343854681 103.77070336064236 272.8409238200571
1.3902873897509762 103.77069819322597 272.8409238200571
1.390287739429847 103.77069111734315 272.8409238200571
1.3902880532164708 103.77068476775295 272.84092382005747
1.3902883584441743 103.77067859135539 272.8409238200571
1.3902887370513464 103.77067093009616 272.84092382005747
1.3902890416871285 103.77066476567559 272.84092382005747
1.390289289196554 103.77065975722822 272.840923820057
1.3902896721183762 103.7706520086591 272.84092382005747
1.3902900577657422 103.770644204937 272.84092382005747
1.390290430035542 103.77063667191454 272.8409238200571
1.3902908043959974 103.77062909658636 272.8409238200571
1.3902912109825587 103.77062086914991 272.840923820057
1.3902914653050755 103.77061572283499 272.840923820057
1.3902917280841238 103.77061040539867 272.8409238200571
1.3902919567660093 103.77060577793151 272.8409238200571
1.390292266410086 103.77059951216248 272.84092382005747
1.3902926113560323 103.7705925320459 272.8409238200571
1.390292977047527 103.77058513213453 272.84092382005747
1.3902933859091928 103.77057685865717 272.84092382005747
1.3902937865434608 103.77056875166384 272.8409238200571
1.3902941415749703 103.77056156745992 272.840923820057
1.390294528017781 103.77055374763529 272.8409238200571
1.390294769364168 103.77054886389448 272.8409238200571
1.3902950816197694 103.77054254527697 272.8409238200571
1.390295431264929 103.7705354700663 272.84092382005747
1.3902958033467696 103.77052794083988 272.8409238200571
1.3902962394921832 103.7705191152605 272.84092382005747
1.3902965511980658 103.77051280776509 272.84092382005747
1.3902969815059885 103.77050410030853 272.8409238200571
1.390297282473922 103.77049801009906 272.84092382005747
1.3902975044484647 103.770493518353 272.84092382005747
1.3902978210557173 103.77048711167488 272.8409238200571
1.3902981007995914 103.77048145094209 272.8409238200573
1.390298507568421 103.77047321980636 272.8409238200571
1.390298910119049 103.77046507402711 272.8409238200571
1.3902992643436305 103.770457906145 272.84092382005747
1.3902996760887694 103.77044957430981 272.8409238200571
1.3903000336157867 103.77044233960049 272.8409238200571
1.3903003913094043 103.77043510151948 272.84092382005747
1.3903006583804784 103.7704296972235 272.8409238200571
1.3903008952289149 103.77042490449513 272.8409238200571
1.3903011183154261 103.77042039024495 272.84092382005747
1.3903013674409463 103.77041534908416 272.84092382005747
1.3903016260391148 103.77041011624007 272.8409238200571
1.3903019234389316 103.77040409822781 272.84092382005747
1.3903022036087709 103.77039842887118 272.84092382005747
1.390302591050975 103.77039058881185 272.84092382005747
1.3903029155355515 103.7703840227267 272.8409238200571
1.390303358594141 103.77037505724473 272.840923820057
1.390303798963517 103.77036614617946 272.8409238200571
1.3903041828945868 103.77035837716717 272.840923820057
1.3903045540132768 103.77035086741844 272.84092382005747
1.39030478594309 103.77034617421715 272.8409238200571
1.3903051309916008 103.77033919200913 272.8409238200571
1.3903055519356282 103.77033067402144 272.8409238200571
1.390305872471605 103.7703241878344 272.8409238200571
1.3903062057326288 103.77031744415002 272.84092382005747
1.3903064798536273 103.77031189718994 272.84092382005747
1.390306784816927 103.77030572612186 272.8409238200571
1.3903071096081945 103.77029915382566 272.84092382005747
1.3903074174016778 103.77029292548684 272.8409238200571
1.3903076838054995 103.77028753468608 272.8409238200571
1.3903079684270712 103.77028177524065 272.8409238200571
1.3903082263401492 103.77027655625334 272.84092382005747
1.3903085750748212 103.7702694994498 272.8409238200571
1.3903089769046928 103.77026136824034 272.84092382005747
1.3903093443919012 103.77025393196972 272.8409238200571
1.3903097205820045 103.77024631959152 272.8409238200571
1.3903100326379654 103.77024000499655 272.840923820057
1.3903104433739648 103.77023169356535 272.84092382005747
1.3903107596532036 103.77022529350955 272.8409238200571
1.3903111058796054 103.77021828745875 272.8409238200571
1.3903114115425972 103.77021210222684 272.8409238200571
1.3903116412812049 103.77020745335973 272.8409238200571
1.3903119953790761 103.77020028802492 272.8409238200571
1.390312379818198 103.7701925087203 272.8409238200571
1.390312692732889 103.77018617674545 272.84092382005747
1.3903130633699634 103.77017867673075 272.8409238200571
1.3903133282210036 103.77017331734565 272.84092382005747
1.3903135500694792 103.77016882813743 272.8409238200571
1.390313804540686 103.7701636787927 272.8409238200571
1.3903141494369697 103.77015669965351 272.8409238200571
1.3903144457325742 103.77015070397171 272.8409238200571
1.390314698572809 103.77014558762961 272.8409238200571
1.3903150404616618 103.77013866934611 272.84092382005747
1.3903153868774103 103.77013165945827 272.84092382005747
1.3903157204328005 103.7701249098055 272.8409238200571
1.3903161092343086 103.7701170422206 272.8409238200571
1.3903165029401525 103.77010907539353 272.8409238200571
1.3903169208965493 103.77010061784426 272.8409238200571
1.390317252522216 103.77009390723848 272.84092382005724
1.3903175219083317 103.77008845607983 272.84092382005747
1.3903179373867385 103.7700800486723 272.8409238200571
1.3903182933156861 103.77007284627652 272.84092382005747
1.3903187310263387 103.77006398898742 272.8409238200571
1.390318973326057 103.77005908593384 272.84092382005747
1.3903193195795769 103.7700520793237 272.8409238200571
1.3903196544101148 103.77004530386286 272.8409238200571
1.3903198779563966 103.7700407802935 272.8409238200571
1.3903201549220674 103.77003517575616 272.8409238200571
1.3903204704749537 103.77002879038709 272.8409238200571
1.3903208365996425 103.7700213816721 272.8409238200571
1.3903211403105302 103.77001523593097 272.84092382005747
1.3903213767688185 103.77001045107946 272.8409238200571
1.3903217649376165 103.77000259628961 272.8409238200571
1.3903220381899513 103.76999706689158 272.8409238200571
1.3903223126364535 103.76999151332869 272.84092382005747
1.3903225936178891 103.76998582752783 272.84092382005747
1.3903228542015442 103.76998055448607 272.84092382005747
1.3903232616861858 103.76997230882822 272.84092382005747
1.3903235739121265 103.76996599077796 272.8409238200571
1.3903239209865754 103.76995896755004 272.84092382005747
1.390324206108092 103.76995319797086 272.8409238200571
1.3903246442330282 103.76994433228894 272.8409238200571
1.3903249133103672 103.76993888737115 272.8409238200571
1.3903253241241207 103.76993057434392 272.84092382005747
1.3903257043562283 103.76992288015141 272.84092382005747
1.3903259622331157 103.76991766187949 272.8409238200571
1.3903263752743622 103.76990930377619 272.840923820057
1.3903267198263674 103.76990233158763 272.8409238200571
1.3903271373809245 103.76989388215394 272.84092382005747
1.3903274267021133 103.7698880275888 272.84092382005747
1.3903278538854378 103.76987938331091 272.8409238200571
1.3903281091921165 103.76987421704645 272.84092382005747
1.3903284230654989 103.76986786565374 272.84092382005747
1.3903287551835208 103.76986114507075 272.8409238200571
1.3903290860962696 103.7698544488767 272.84092382005747
1.390329331016284 103.76984949279074 272.8409238200571
1.3903296643635834 103.76984274733158 272.84092382005747
1.3903299063244907 103.76983785112418 272.84092382005747
1.3903302782521012 103.76983032497117 272.840923820057
1.3903305684287512 103.76982445309194 272.8409238200571
1.390330872627953 103.76981829745858 272.84092382005747
1.390331135799653 103.76981297203835 272.84092382005747
1.3903315493887964 103.76980460284013 272.8409238200571
1.3903317991577508 103.76979954863103 272.8409238200571
1.3903321233958914 103.76979298749755 272.84092382005747
1.3903325203772319 103.76978495436568 272.84092382005747
1.3903327774793977 103.76977975176418 272.8409238200571
1.390333198889708 103.76977122429787 272.8409238200571
1.3903336318162591 103.7697624637935 272.8409238200571
1.390334000672041 103.76975499979547 272.8409238200571
1.3903343696886938 103.76974753254161 272.8409238200571
1.3903346486017332 103.76974188858334 272.8409238200571
1.3903349099580047 103.76973659989562 272.84092382005747
1.3903352238851554 103.76973024740698 272.84092382005747
1.390335483589429 103.7697249921478 272.84092382005747
1.3903357291730787 103.76972002262701 272.84092382005747
1.3903361677667954 103.76971114744033 272.84092382005747
1.3903364777759084 103.7697048742339 272.84092382005747
1.3903368520680532 103.76969730022414 272.8409238200571
1.3903372454545389 103.76968933982921 272.8409238200571
1.3903376416443558 103.76968132270675 272.8409238200571
1.3903379109421794 103.7696758733144 272.8409238200571
1.3903381742842098 103.76967054444056 272.84092382005747
1.3903384770025533 103.76966441876463 272.8409238200571
1.3903388750591374 103.76965636386527 272.8409238200571
1.3903391973754058 103.76964984161344 272.84092382005747
1.3903395389909516 103.76964292882943 272.840923820057
1.390339904749003 103.76963552750766 272.84092382005747
1.3903402278008712 103.76962899036933 272.84092382005747
1.3903405383622909 103.76962270598197 272.8409238200573
1.3903408793700194 103.76961580549579 272.8409238200571
1.390341252485909 103.76960825528212 272.84092382005747
1.390341649886949 103.76960021364398 272.8409238200571
1.3903420583520352 103.7695919481179 272.84092382005747
1.3903423516540687 103.76958601298207 272.8409238200576
1.3903427838643299 103.76957726695757 272.84092382005747
1.3903431026417594 103.76957081631154 272.84092382005724
1.3903434282709348 103.76956422701609 272.8409238200571
1.3903438343585541 103.76955600959673 272.8409238200573
1.3903441262164464 103.76955010368202 272.8409238200571
1.3903445373692775 103.7695417837641 272.84092382005747
1.3903448432746104 103.76953559359043 272.8409238200571
1.390345111367894 103.76953016856545 272.8409238200571
1.3903454553992436 103.76952320688875 272.8409238200571
1.3903457699081834 103.76951684261496 272.84092382005747
1.3903461712043448 103.76950872215008 272.8409238200571
1.3903464609305736 103.7695028593683 272.84092382005747
1.390346831786568 103.76949535487728 272.84092382005747
1.390347082049461 103.76949029065887 272.8409238200571
1.3903473473080912 103.76948492299256 272.8409238200571
1.3903477773213635 103.76947622141743 272.84092382005747
1.3903480560908787 103.7694705803496 272.8409238200571
1.3903483775682275 103.76946407506287 272.84092382005747
1.3903486616324148 103.76945832685355 272.84092382005747
1.3903490928400002 103.76944960110869 272.8409238200571
1.3903494540405938 103.76944229199687 272.8409238200571
1.3903497995020253 103.76943530137606 272.84092382005747
1.3903501096941264 103.76942902445106 272.84092382005747
1.3903503604113876 103.76942395103522 272.8409238200571
1.3903507372717119 103.76941632503754 272.8409238200571
1.3903511110350082 103.76940876170958 272.8409238200571
1.3903513605500701 103.76940371262003 272.8409238200571
1.3903517653135247 103.76939552198404 272.84092382005747
1.3903520179174391 103.76939041038905 272.8409238200571
1.390352368033077 103.76938332558423 272.8409238200571
1.3903527356618497 103.76937588638987 272.8409238200571
1.3903530249973963 103.76937003150677 272.8409238200571
1.3903534443040844 103.76936154657696 272.84092382005747
1.3903537486775808 103.76935538739083 272.84092382005747
1.3903539955814002 103.76935039113897 272.8409238200571
1.3903544352092274 103.76934149499675 272.84092382005747
1.3903547239089102 103.76933565297891 272.84092382005747
1.3903550073216908 103.76932991794455 272.84092382005747
1.3903553991745647 103.76932198855675 272.840923820057
1.3903557848268686 103.76931418464082 272.8409238200571
1.3903561652792573 103.76930648594787 272.84092382005747
1.3903565003605005 103.76929970536811 272.84092382005747
1.3903569406697236 103.76929079543332 272.8409238200571
1.3903572881570452 103.76928376380776 272.840923820057
1.3903577022134743 103.76927538511363 272.840923820057
1.3903579245918636 103.7692708851458 272.8409238200571
1.39035817768647 103.76926576361559 272.840923820057
1.3903584543624676 103.76926016490069 272.8409238200571
1.3903587416975454 103.76925435049219 272.84092382005747
1.3903590539379336 103.76924803210854 272.8409238200571
1.3903594602435352 103.76923981025467 272.8409238200571
1.3903597616266796 103.76923371157348 272.84092382005747
1.3903600851562556 103.76922716474466 272.8409238200571
1.3903603616899318 103.76922156890775 272.84092382005747
1.3903606699815687 103.76921533042774 272.8409238200571
1.3903609289418735 103.76921009019875 272.84092382005747
1.3903612526684959 103.7692035393812 272.8409238200571
1.3903614893025078 103.76919875093867 272.8409238200571
1.3903617408380762 103.76919366095328 272.8409238200571
1.3903620642839203 103.76918711581646 272.8409238200571
1.3903623821924884 103.76918068272963 272.84092382005747
1.3903627392450777 103.76917345753762 272.8409238200571
1.3903630920818053 103.76916631765584 272.8409238200571
1.390363452876252 103.76915901674394 272.8409238200576
1.3903636996363673 103.76915402339115 272.8409238200571
1.3903641286379194 103.76914534226279 272.84092382005747
1.3903644869791043 103.76913809099288 272.8409238200571
1.390364790073732 103.76913195767308 272.84092382005724
1.3903651321026014 103.7691250364928 272.84092382005747
1.3903654218044899 103.7691191741832 272.8409238200571
1.3903657753160878 103.76911202064149 272.8409238200571
1.3903660586084878 103.76910628803148 272.8409238200571
1.3903664252925476 103.76909886793538 272.84092382005747
1.390366697576016 103.76909335809776 272.84092382005747
1.3903671097351749 103.76908501778175 272.84092382005747
1.3903674973715248 103.76907717370058 272.8409238200573
1.3903677336460387 103.76907239252726 272.84092382005747
1.3903681347961383 103.76906427498537 272.84092382005747
1.3903685589886412 103.76905569116433 272.8409238200573
1.3903688794686675 103.76904920603464 272.8409238200571
1.3903692668146694 103.76904136782632 272.8409238200571
1.3903695073368671 103.76903650069671 272.84092382005724
1.390369773210322 103.76903112056696 272.8409238200571
1.3903700541436583 103.76902543569001 272.84092382005747
1.3903703183153344 103.76902008999639 272.84092382005747
1.3903707483704921 103.76901138753708 272.8409238200571
1.3903711473422184 103.76900331407158 272.840923820057
1.3903715078948689 103.76899601804185 272.8409238200571
1.3903717647857219 103.76899081967923 272.8409238200571
1.390372055284303 103.76898494124093 272.84092382005724
1.390372427422918 103.76897741075999 272.8409238200571
1.3903728087104488 103.76896969514391 272.84092382005747
1.390373044498321 103.76896492381347 272.84092382005747
1.39037346023688 103.7689565110561 272.84092382005747
1.39037371122587 103.76895143211995 272.8409238200573
1.3903741420596294 103.76894271389969 272.8409238200571
1.390374394145592 103.76893761276492 272.8409238200571
1.3903746915724988 103.76893159412425 272.8409238200571
1.3903751109147695 103.76892310844072 272.8409238200568
1.3903754238804307 103.76891677536172 272.8409238200571
1.3903757408266018 103.76891036173393 272.8409238200571
1.3903760721641352 103.76890365688647 272.8409238200571
1.3903763696220097 103.76889763761729 272.8409238200571
1.3903766078020647 103.76889281787625 272.8409238200573
1.3903769026099977 103.76888685222995 272.84092382005747
1.3903772673603336 103.76887947124939 272.84092382005747
1.3903776314058973 103.76887210452988 272.84092382005747
1.3903780263255399 103.76886411305101 272.84092382005747
1.390378327692825 103.76885801466999 272.84092382005747
1.3903785537468865 103.76885344030532 272.84092382005747
1.390378889318859 103.7688466497675 272.84092382005747
1.3903791513680814 103.76884134701459 272.8409238200567
1.3903795196433169 103.76883389470213 272.84092382005747
1.390379754988108 103.76882913233189 272.8409238200568
1.3903801927660933 103.76882027358059 272.8409238200568
1.3903804564673705 103.76881493739589 272.84092382005747
1.3903807787704627 103.76880841536105 272.8409238200568
1.3903810624521173 103.76880267485843 272.8409238200568
1.3903813438692814 103.76879698017915 272.8409238200573
1.3903815874267356 103.76879205161814 272.8409238200567
1.3903820236972297 103.76878322336904 272.84092382005747
1.3903824436559242 103.76877472520036 272.84092382005747
1.3903827319069173 103.76876889223212 272.8409238200568
1.3903829670493186 103.76876413395459 272.8409238200568
1.3903833237456487 103.7687569159445 272.8409238200568
1.3903837557747618 103.76874817352004 272.84092382005747
1.3903841844309208 103.76873949934908 272.84092382005747
1.3903844320216578 103.76873448916906 272.84092382005747
1.390384714899063 103.76872876493722 272.84092382005747
1.3903850145685075 103.7687227009058 272.84092382005747
1.3903852945163486 103.76871703595519 272.84092382005747
1.3903856478418126 103.768709886154 272.84092382005747
1.3903859060979953 103.76870466014948 272.84092382005747
1.3903862453202547 103.76869779573626 272.84092382005747
1.390386584559709 103.76869093097467 272.8409238200567
1.390387007210042 103.76868237833158 272.84092382005747
1.3903874437538666 103.76867354454266 272.84092382005747
1.390387795209239 103.76866643258136 272.84092382005747
1.390388233877827 103.768657555795 272.84092382005747
1.390388526368585 103.76865163702576 272.8409238200569
1.3903887803461221 103.76864649760007 272.84092382005747
1.3903890072288434 103.7686419064581 272.8409238200568
1.3903893704243593 103.76863455692414 272.84092382005747
1.3903896534756737 103.76862882916791 272.8409238200568
1.39038988430118 103.76862415823997 272.84092382005747
1.3903901555243434 103.76861866983478 272.84092382005747
1.3903904854402402 103.7686119937375 272.8409238200573
1.3903907586293576 103.7686064655491 272.84092382005747
1.3903910094128344 103.76860139075558 272.84092382005747
1.3903913650380055 103.76859419441058 272.8409238200573
1.3903918080616884 103.76858522948976 272.8409238200568
1.3903921234035739 103.76857884830667 272.8409238200568
1.3903923715082604 103.76857382771924 272.8409238200568
1.3903926913746485 103.76856735497871 272.84092382005747
1.3903931077693563 103.76855892891344 272.8409238200568
1.3903933999438733 103.76855301653828 272.84092382005747
1.3903936422152652 103.76854811399086 272.84092382005747
1.390394042212653 103.76854001973648 272.8409238200573
1.390394406677159 103.76853264451674 272.8409238200568
1.390394760163554 103.76852549144701 272.8409238200573
1.3903950627388644 103.768519368602 272.84092382005747
1.390395489189236 103.7685107390489 272.8409238200567
1.390395816396622 103.76850411775393 272.84092382005747
1.3903962033478463 103.76849628749557 272.8409238200568
1.3903964868094152 103.76849055143036 272.8409238200567
1.3903967374243973 103.76848548004111 272.8409238200576
1.3903971753177022 103.76847661892869 272.84092382005747
1.3903974325958965 103.7684714127035 272.84092382005747
1.3903976867563246 103.7684662695685 272.8409238200568
1.3903979346532913 103.76846125317932 272.84092382005747
1.3903982425004813 103.76845502365012 272.8409238200573
1.390398601700266 103.76844775496049 272.8409238200568
1.3903988834388024 103.76844205375967 272.8409238200568
1.3903993249529538 103.76843311937307 272.84092382005747
1.3903997412956652 103.7684246943497 272.84092382005747
1.3904000916596042 103.76841760445839 272.84092382005747
1.3904004775265415 103.76840979613533 272.8409238200573
1.390400920483847 103.76840083254275 272.84092382005747
1.390401359821289 103.76839194220025 272.84092382005747
1.3904016035618334 103.76838700991622 272.8409238200573
1.3904020234502943 103.76837851313827 272.84092382005747
1.390402247851962 103.76837397219128 272.84092382005747
1.3904025072712727 103.76836872263405 272.84092382005747
1.3904029000750078 103.76836077393585 272.84092382005747
1.3904032259994556 103.76835417859316 272.8409238200573
1.3904035537671338 103.76834754595083 272.84092382005747
1.390403997105748 103.7683385746371 272.84092382005747
1.3904043275785907 103.76833188725267 272.8409238200568
1.3904046111639818 103.76832614867327 272.84092382005747
1.3904049548364796 103.76831919418237 272.8409238200568
1.3904053616882586 103.76831096120705 272.84092382005747
1.3904057558934948 103.76830298414417 272.84092382005747
1.390406103255047 103.76829595500078 272.84092382005747
1.3904065427446524 103.76828706157072 272.84092382005747
1.3904069794983256 103.76827822350374 272.8409238200573
1.3904072774311471 103.7682721945896 272.8409238200573
1.390407611607414 103.76826543225931 272.8409238200576
1.3904078725862188 103.76826015113927 272.8409238200568
1.3904082833551528 103.76825183889271 272.84092382005747
1.3904085489126825 103.76824646511777 272.8409238200568
1.3904088625282647 103.7682401188483 272.8409238200568
1.3904092367172538 103.76823254682559 272.84092382005747
1.390409648879812 103.7682242063758 272.8409238200568
1.3904100529941708 103.76821602878739 272.8409238200568
1.390410431845866 103.76820836240928 272.8409238200568
1.3904106792036035 103.76820335692015 272.84092382005747
1.3904109667719848 103.76819753773496 272.84092382005747
1.3904112046317942 103.76819272444382 272.84092382005747
1.390411471322766 103.76818732772988 272.84092382005747
1.3904118315654515 103.76818003791863 272.84092382005747
1.3904121080353407 103.76817444331951 272.8409238200569
1.3904124234798558 103.7681680600359 272.8409238200573
1.390412645786113 103.76816356148264 272.8409238200573
1.3904130008983928 103.76815637548789 272.8409238200576
1.3904133491528676 103.76814932826615 272.84092382005747
1.390413650863969 103.76814322288828 272.84092382005747
1.3904139674838327 103.76813681581869 272.84092382005747
1.390414296284373 103.76813016226251 272.84092382005747
1.3904145848212506 103.76812432347512 272.8409238200576
1.390414907507488 103.76811779364624 272.8409238200568
1.390415272578147 103.76811040613231 272.8409238200576
1.3904155630858057 103.76810452746346 272.8409238200568
1.3904159336966364 103.76809702783854 272.8409238200567
1.3904163301425287 103.76808900541864 272.8409238200573
1.390416581279027 103.76808392345765 272.84092382005747
1.3904168800772339 103.76807787702108 272.84092382005747
1.390417240119915 103.76807059124988 272.84092382005747
1.390417476630389 103.76806580525816 272.84092382005747
1.390417711959392 103.76806104317431 272.84092382005747
1.390418033848488 103.76805452947254 272.84092382005747
1.3904183849963232 103.76804742369467 272.8409238200568
1.3904187410588071 103.76804021846418 272.8409238200568
1.3904190648645016 103.76803366597717 272.8409238200573
1.390419419575613 103.76802648809198 272.8409238200568
1.3904197432577916 103.76801993810359 272.8409238200568
1.3904201664053417 103.76801137534696 272.84092382005747
1.3904204839502625 103.76800494955039 272.8409238200576
1.3904208921048489 103.76799669018821 272.8409238200568
1.3904211808990297 103.76799084618705 272.84092382005747
1.3904214197805171 103.76798601221233 272.84092382005747
1.39042181131961 103.76797808907774 272.84092382005736
1.3904221228047335 103.76797178590455 272.84092382005736
1.3904224426189524 103.76796531418447 272.84092382005736
1.3904227210218891 103.76795968045754 272.84092382005747
1.3904230022602049 103.76795398935396 272.8409238200575
1.3904233280869303 103.76794739596448 272.84092382005747
1.3904236105831242 103.767941679406 272.84092382005673
1.3904240405755908 103.76793297813036 272.84092382005736
1.3904244591090549 103.76792450873707 272.84092382005747
1.3904247050005416 103.76791953290595 272.84092382005747
1.390424935987942 103.76791485867196 272.84092382005747
1.3904253029785587 103.7679074322924 272.84092382005684
1.3904256479800017 103.76790045088278 272.84092382005747
1.390425876388261 103.76789582883916 272.84092382005747
1.3904263173436038 103.7678869057164 272.84092382005747
1.3904265891234302 103.76788140601 272.84092382005747
1.3904268725168454 103.76787567129202 272.84092382005747
1.3904272811179188 103.76786740288514 272.8409238200568
1.3904275745726045 103.76786146456762 272.84092382005747
1.3904278225323137 103.76785644688132 272.84092382005747
1.3904281716791582 103.76784938158255 272.84092382005747
1.3904285092224953 103.76784255109071 272.84092382005747
1.3904287590754871 103.7678374950913 272.84092382005747
1.3904290798995462 103.76783100292832 272.8409238200568
1.3904294898137557 103.7678227079456 272.84092382005747
1.3904297219526487 103.767818010406 272.84092382005747
1.3904300621598735 103.76781112600604 272.84092382005747
1.3904304597893122 103.76780307961526 272.84092382005747
1.3904306903806025 103.76779841339199 272.84092382005747
1.3904310829217092 103.7677904699673 272.84092382005747
1.390431506790715 103.76778189259355 272.84092382005747
1.3904317524442622 103.76777692157093 272.84092382005747
1.3904321140507099 103.76776960413565 272.84092382005747
1.3904323490820074 103.76776484806336 272.84092382005747
1.3904327891855346 103.7677559421673 272.8409238200568
1.390432789995471 103.76774772172728 272.32781550342094
1.3904327749131256 103.76773944414052 271.7908586627944
1.390432759681011 103.7677310843723 271.2484985048784
1.3904327500204072 103.76772578239863 270.9045265544247
1.3904327414369257 103.76772107158065 270.59893473773377
1.3904327265106537 103.76771287970217 270.0676422289596
1.3904327116416464 103.76770471926699 269.92617680471545
1.3904326973510024 103.76769687626532 269.9261768047147
1.3904326869065364 103.76769114413456 269.92617680471545
1.3904326775510776 103.76768600967944 269.92617680471545
1.3904326630580717 103.76767805565174 269.92617680471545
1.3904326483297889 103.76766997251534 269.9261768047147
1.3904326388062884 103.76766474586155 269.92617680471545
1.3904326228723085 103.76765600104522 269.9261768047147
1.3904326072191648 103.76764741037373 269.9261768047147
1.390432594023156 103.76764016822689 269.92617680471545
1.390432581804765 103.76763346262051 269.92617680471545
1.3904325692789095 103.76762658828471 269.92617680471545
1.390432557255606 103.76761998976596 269.92617680471545
1.3904325430858633 103.76761221327104 269.92617680471545
1.3904325272798015 103.76760353876479 269.92617680471545
1.39043251547609 103.767597060795 269.92617680471545
1.39043250577784 103.76759173832654 269.9261768047147
1.3904324911040462 103.767583685257 269.92617680471545
1.3904324811693412 103.7675782330373 269.92617680471545
1.3904324660942249 103.76756995974567 269.9261768047147
1.3904324548330913 103.76756377959536 269.92617680471545
1.3904324438865119 103.76755777208199 269.92617680471545
1.3904324307146891 103.76755054335982 269.9261768047147
1.390432417058631 103.76754304890149 269.92617680471545
1.3904324050068315 103.76753643487314 269.92617680471545
1.390432389276944 103.76752780232422 269.92617680471545
1.390432373896426 103.76751936152672 269.92617680471545
1.390432361266251 103.76751243012406 269.92617680471545
1.3904323490889325 103.7675057472584 269.9261768047147
1.3904323334347901 103.76749715634021 269.9261768047147
1.3904323208549525 103.76749025259836 269.92617680471545
1.3904323084027772 103.76748341892801 269.92617680471545
1.3904322998706173 103.76747873654217 269.92617680471545
1.3904322868569916 103.76747159477071 269.92617680471545
1.3904322715158992 103.76746317572017 269.92617680471545
1.3904322556409914 103.76745446373391 269.9261768047147
1.390432247125465 103.76744979050801 269.92617680471545
1.3904322384446708 103.7674450265898 269.92617680471545
1.3904322225487347 103.76743630310064 269.92617680471545
1.3904322062348835 103.7674273502833 269.92617680471545
1.3904321918229765 103.76741944124218 269.92617680471545
1.390432177714061 103.76741169849282 269.92617680471545
1.3904321626830574 103.76740344973135 269.92617680471545
1.3904321516769682 103.76739740978519 269.92617680471545
1.3904321408082556 103.76739144523702 269.92617680471545
1.3904321270341085 103.76738388625246 269.92617680471545
1.390432114167848 103.76737682551045 269.92617680471545
1.3904321004972946 103.76736932340137 269.92617680471545
1.390432089008501 103.7673630186061 269.92617680471545
1.3904320730143236 103.76735424137148 269.92617680471545
1.3904320605944844 103.76734742566343 269.92617680471545
1.390432045165605 103.76733895868169 269.9261768047147
1.3904320331485305 103.76733236402453 269.9261768047147
1.3904320225297677 103.76732653673297 269.92617680471545
1.39043201398837 103.76732184944903 269.92617680471545
1.390432004753488 103.767316781606 269.9261768047147
1.3904319927381448 103.76731018793308 269.92617680471545
1.3904319813912118 103.76730396107358 269.92617680471545
1.390431970119822 103.76729777567893 269.92617680471545
1.3904319564118743 103.7672902531882 269.92617680471545
1.3904319448169533 103.76728389026988 269.9261768047147
1.3904319350023344 103.76727850433126 269.92617680471545
1.390431925881252 103.76727349898898 269.92617680471545
1.3904319161036467 103.76726813337525 269.9261768047147
1.3904319042338162 103.76726161962974 269.92617680471545
1.3904318944585843 103.76725625533315 269.92617680471545
1.3904318843113215 103.76725068688715 269.92617680471545
1.390431873418875 103.76724470951918 269.92617680471545
1.3904318600746455 103.76723738671596 269.92617680471545
1.3904318502242219 103.76723198118769 269.92617680471545
1.3904318384152716 103.76722550090571 269.92617680471545
1.3904318264956932 103.76721895992495 269.92617680471545
1.3904318150422064 103.7672126747261 269.92617680471545
1.3904318025622948 103.76720582627824 269.9261768047147
1.390431792703729 103.76720041632183 269.9261768047147
1.390431782036632 103.76719456268587 269.92617680471545
1.3904317722155506 103.76718917331374 269.92617680471545
1.3904317572192793 103.76718094404082 269.92617680471545
1.3904317426357213 103.76717294126098 269.9261768047147
1.3904317311228018 103.76716662351588 269.92617680471545
1.3904317190760287 103.76716001282699 269.92617680471545
1.390431709545048 103.76715478269122 269.92617680471545
1.3904316990875296 103.767149044124 269.92617680471545
1.390431687551598 103.76714271378637 269.92617680471545
1.3904316730718869 103.76713476806394 269.92617680471545
1.3904316583937995 103.76712671349789 269.92617680471545
1.3904316435329465 103.76711855865514 269.92617680471545
1.3904316271592831 103.76710957368083 269.9261768047147
1.3904316185840515 103.76710486806807 269.92617680471545
1.3904316087386535 103.76709946546546 269.92617680471545
1.3904315966773708 103.7670928469181 269.92617680471545
1.390431583945044 103.76708586015158 269.92617680471545
1.3904315718503653 103.76707922329948 269.92617680471545
1.390431562542599 103.76707411574874 269.92617680471545
1.3904315538079768 103.76706932271144 269.92617680471545
1.3904315399127898 103.76706169787664 269.92617680471545
1.3904315251680561 103.76705360687676 269.92617680471545
1.3904315089172934 103.76704468947877 269.92617680471545
1.390431500475806 103.76704005732806 269.92617680471545
1.390431488008147 103.76703321587955 269.92617680471545
1.3904314795938724 103.76702859867409 269.92617680471545
1.3904314687060173 103.76702262413572 269.92617680471545
1.3904314575224257 103.7670164873253 269.9261768047147
1.3904314470937527 103.76701076477217 269.92617680471545
1.390431437735968 103.76700562985691 269.92617680471545
1.3904314288227866 103.76700073891513 269.92617680471545
1.3904314195308014 103.76699564011793 269.92617680471545
1.390431408109901 103.76698937312824 269.92617680471545
1.3904313958735879 103.76698265870695 269.92617680471545
1.3904313843293754 103.76697632407132 269.92617680471545
1.3904313723494164 103.76696975033903 269.92617680471545
1.3904313564068986 103.76696100225783 269.92617680471545
1.3904313402773056 103.76695215154167 269.92617680471545
1.390431327729513 103.76694526626277 269.92617680471545
1.3904313182678698 103.76694007443616 269.92617680471545
1.3904313058847475 103.76693327953491 269.92617680471545
1.3904312915366088 103.76692540639799 269.92617680471545
1.3904312780987962 103.76691803278989 269.92617680471545
1.390431266680448 103.76691176731389 269.92617680471545
1.3904312514910102 103.76690343258001 269.92617680471545
1.3904312390574673 103.76689661007056 269.9261768047147
1.3904312293153662 103.76689126441082 269.9261768047147
1.3904312171132738 103.76688456892141 269.92617680471545
1.3904312036947113 103.76687720594614 269.92617680471545
1.3904311924563653 103.76687103929994 269.92617680471545
1.3904311826546434 103.76686566095788 269.92617680471545
1.3904311675047267 103.7668573479996 269.9261768047147
1.3904311564482974 103.7668512812017 269.9261768047147
1.3904311439548778 103.7668444259198 269.92617680471545
1.3904311324880738 103.76683813396372 269.92617680471545
1.3904311166971444 103.76682946932931 269.9261768047147
1.3904311038765231 103.76682243454438 269.9261768047147
1.3904310893978162 103.7668144899675 269.92617680471545
1.3904310732107872 103.76680560803861 269.92617680471545
1.3904310575276497 103.76679700261617 269.92617680471545
1.3904310466388896 103.76679102790457 269.92617680471545
1.3904310370008002 103.76678573944852 269.92617680471545
1.390431023239757 103.76677818872363 269.9261768047147
1.3904310079975648 103.7667698253033 269.92617680471545
1.3904309995967659 103.76676521577602 269.9261768047147
1.3904309855354096 103.76675750030542 269.9261768047147
1.3904309709796967 103.76674951359603 269.92617680471545
1.390430962229415 103.76674471232991 269.92617680471545
1.3904309466620726 103.7667361705661 269.9261768047147
1.3904309326397766 103.76672847658031 269.92617680471545
1.3904309218261905 103.76672254321218 269.92617680471545
1.390430907689503 103.7667147864843 269.92617680471545
1.3904308934831922 103.76670699156924 269.92617680471545
1.3904308771179363 103.76669801207214 269.9261768047147
1.3904308649584298 103.76669134025114 269.9261768047147
1.3904308521672115 103.76668432182635 269.92617680471545
1.3904308393540812 103.76667729139011 269.9261768047147
1.3904308269631533 103.76667049262316 269.92617680471545
1.390430814089783 103.76666342915665 269.92617680471545
1.3904308010296205 103.76665626321146 269.9261768047147
1.390430787795966 103.76664900208579 269.92617680471545
1.39043077208696 103.766640382784 269.92617680471545
1.3904307585488245 103.76663295462131 269.92617680471545
1.3904307426118216 103.76662421025442 269.9261768047147
1.3904307292736113 103.7666168918152 269.92617680471545
1.3904307200675512 103.76661184062078 269.92617680471545
1.390430704117891 103.76660308935196 269.92617680471545
1.3904306946245564 103.76659788055197 269.92617680471545
1.3904306858066353 103.76659304234347 269.92617680471545
1.3904306752592301 103.76658725521057 269.9261768047147
1.3904306611550459 103.76657951656227 269.92617680471545
1.3904306506160173 103.76657373404356 269.92617680471545
1.3904306364134067 103.76656594141562 269.92617680471545
1.3904306213161353 103.76655765792437 269.92617680471545
1.3904306081216613 103.76655041846296 269.92617680471545
1.39043059495342 103.76654319340702 269.92617680471545
1.3904305817998392 103.76653597640735 269.92617680471545
1.3904305692197771 103.7665290740922 269.92617680471545
1.390430556826644 103.76652227435095 269.92617680471545
1.3904305446210834 103.7665155775353 269.92617680471545
1.3904305333444227 103.766509390388 269.9261768047147
1.3904305245097512 103.76650454308914 269.92617680471545
1.3904305144931044 103.76649904728517 269.9261768047147
1.3904305043416783 103.76649347753953 269.92617680471545
1.3904304899150601 103.76648556215257 269.92617680471545
1.3904304768889393 103.76647841518226 269.92617680471545
1.3904304656971662 103.76647227466319 269.92617680471545
1.3904304531402274 103.76646538513805 269.92617680471545
1.3904304398343892 103.76645808473165 269.9261768047147
1.3904304289256364 103.76645209952383 269.9261768047147
1.3904304162461982 103.76644514282067 269.92617680471545
1.3904304071537583 103.76644015416727 269.92617680471545
1.3904303973975165 103.76643480131969 269.9261768047147
1.3904303850925988 103.76642805012787 269.92617680471545
1.3904303700157918 103.76641977813145 269.92617680471545
1.3904303584238908 103.76641341816403 269.92617680471545
1.3904303431071379 103.76640501454825 269.92617680471545
1.3904303323510012 103.76639911314842 269.92617680471545
1.390430323627028 103.76639432670908 269.92617680471545
1.390430310677256 103.76638722178063 269.92617680471545
1.3904302980619163 103.7663803003502 269.92617680471545
1.3904302829934876 103.76637203304297 269.92617680471545
1.3904302686315424 103.76636415336296 269.9261768047147
1.3904302557113957 103.76635706473836 269.92617680471545
1.3904302413994223 103.76634921250306 269.92617680471545
1.390430231072304 103.76634354655909 269.9261768047147
1.3904302178567725 103.76633629590714 269.9261768047147
1.3904302056258153 103.76632958544877 269.92617680471545
1.3904301959481076 103.7663242758264 269.92617680471545
1.390430183877418 103.76631765331668 269.92617680471545
1.3904301747802357 103.76631266221031 269.92617680471545
1.3904301624328874 103.76630588793176 269.92617680471545
1.3904301460646196 103.76629690762337 269.92617680471545
1.3904301340857428 103.7662903355283 269.92617680471545
1.3904301201081284 103.76628266685748 269.92617680471545
1.390430104453889 103.76627407834056 269.92617680471545
1.3904300897303514 103.7662660004583 269.92617680471545
1.3904300755074417 103.7662581972534 269.9261768047147
1.3904300614062928 103.76625046086518 269.9261768047147
1.3904300475804543 103.76624287553535 269.9261768047147
1.3904300344773726 103.76623568674741 269.92617680471545
1.3904300196449917 103.76622754922236 269.9261768047147
1.3904300106231287 103.76622259954371 269.92617680471545
1.3904299996362353 103.76621657179494 269.92617680471545
1.3904299854045301 103.7662087638547 269.92617680471545
1.3904299763058938 103.76620377207765 269.9261768047147
1.3904299669507076 103.7661986395556 269.9261768047147
1.3904299584360664 103.76619396818585 269.92617680471545
1.3904299429266807 103.76618545931758 269.92617680471545
1.3904299341946507 103.76618066869727 269.92617680471545
1.3904299218115261 103.766173875 269.92617680471545
1.3904299112969412 103.7661681064398 269.9261768047147
1.3904299021253648 103.76616307469304 269.92617680471545
1.3904298877319217 103.76615517811757 269.92617680471545
1.390429874253583 103.76614778360282 269.92617680471545
1.3904298591636797 103.76613950496247 269.92617680471545
1.3904298434502718 103.76613088427212 269.92617680471545
1.3904298305789222 103.76612382280447 269.92617680471545
1.3904298165905804 103.76611614854713 269.92617680471545
1.390429801472732 103.76610785463726 269.9261768047147
1.3904297927534464 103.76610307109544 269.92617680471545
1.3904297809501418 103.76609659561949 269.9261768047147
1.3904297672464518 103.76608907757458 269.92617680471545
1.3904297582911171 103.76608416455393 269.92617680471545
1.390429748107147 103.7660785774942 269.92617680471545
1.3904297332202455 103.76607041035737 269.92617680471545
1.3904297177335974 103.76606191420835 269.92617680471545
1.3904297034960311 103.76605410333495 269.92617680471545
1.390429691650788 103.7660476049251 269.9261768047147
1.3904296826643394 103.76604267488315 269.9261768047147
1.3904296726216676 103.76603716539442 269.92617680471545
1.3904296591368048 103.766029767504 269.92617680471545
1.3904296434253811 103.766021148123 269.92617680471545
1.3904296308224193 103.76601423407499 269.92617680471545
1.3904296160808953 103.76600614681563 269.92617680471545
1.3904296073721454 103.7660013691675 269.92617680471545
1.3904295933121513 103.76599365582085 269.92617680471545
1.390429581027795 103.76598691660469 269.92617680471545
1.3904295667858368 103.76597910345852 269.9261768047147
1.3904295513682134 103.76597064535792 269.92617680471545
1.3904295406969136 103.76596479109783 269.92617680471545
1.3904295311070831 103.7659595301372 269.92617680471545
1.3904295192907241 103.76595304771666 269.9261768047147
1.39042950688424 103.76594624156574 269.92617680471545
1.3904294984048968 103.7659415898357 269.9261768047147
1.390429487939114 103.76593584836085 269.92617680471545
1.3904294754382451 103.76592899045832 269.92617680471545
1.3904294607614336 103.7659209388606 269.92617680471545
1.3904294465956129 103.76591316760329 269.92617680471545
1.3904294371175854 103.7659079680401 269.92617680471545
1.3904294210033492 103.76589912792532 269.92617680471545
1.3904294126086998 103.76589452270873 269.9261768047147
1.3904294031646063 103.76588934178409 269.92617680471545
1.3904293903017146 103.76588228535482 269.9261768047147
1.3904293801692709 103.76587672682501 269.92617680471545
1.3904293668044583 103.76586939506963 269.92617680471545
1.3904293563013377 103.76586363320871 269.92617680471545
1.3904293431932109 103.7658564422897 269.92617680471545
1.3904293337196632 103.76585124525315 269.92617680471545
1.3904293193049673 103.7658433375936 269.92617680471545
1.3904293097571792 103.7658380998459 269.92617680471545
1.3904292944171799 103.76582968460687 269.92617680471545
1.3904292861289782 103.76582513786025 269.92617680471545
1.3904292717874602 103.76581727039257 269.92617680471545
1.3904292631022834 103.76581250588708 269.92617680471545
1.3904292502215538 103.76580543979884 269.92617680471545
1.3904292394121596 103.76579951000934 269.9261768047147
1.3904292255123822 103.76579188491736 269.92617680471545
1.3904292152990376 103.76578628212464 269.92617680471545
1.3904292067567587 103.76578159604375 269.92617680471545
1.39042919625111 103.765775832914 269.9261768047147
1.3904291819252261 103.76576797411371 269.92617680471545
1.3904291669464686 103.76575975717951 269.92617680471545
1.3904291565039577 103.76575402871497 269.92617680471545
1.3904291479740463 103.76574934945354 269.9261768047147
1.3904291376164795 103.76574366760059 269.92617680471545
1.3904291218559812 103.76573502187442 269.9261768047147
1.3904291124006958 103.76572983500337 269.92617680471545
1.3904290978799456 103.76572186939035 269.92617680471545
1.3904290833554507 103.76571390173766 269.92617680471545
1.3904290738486442 103.76570868662931 269.92617680471545
1.3904290635995464 103.76570306433267 269.92617680471545
1.3904290507741885 103.76569602880005 269.92617680471545
1.3904290373731674 103.76568867749147 269.92617680471545
1.390429023753499 103.765681206254 269.92617680471545
1.3904290119955662 103.76567475630534 269.9261768047147
1.390429001309985 103.76566889461536 269.92617680471545
1.3904289880190892 103.76566160376382 269.9261768047147
1.3904289769182945 103.7656555143232 269.9261768047147
1.3904289649182076 103.76564893157762 269.92617680471545
1.3904289501798175 103.76564084672714 269.92617680471545
1.3904289419058626 103.76563630799585 269.92617680471545
1.3904289301741208 103.76562987248201 269.92617680471545
1.390428917523668 103.76562293301453 269.92617680471545
1.390428904772872 103.76561593851476 269.92617680471545
1.3904288892658931 103.76560743211508 269.92617680471545
1.3904288804253042 103.76560258259137 269.92617680471545
1.3904288668630862 103.76559514301888 269.92617680471545
1.3904288575933923 103.76559005812344 269.92617680471545
1.3904288415415877 103.76558125291157 269.92617680471545
1.3904288312034947 103.76557558196409 269.92617680471545
1.3904288164179939 103.76556747140962 269.9261768047147
1.3904288034198948 103.76556034134316 269.9261768047147
1.39042879268498 103.7655544527485 269.92617680471545
1.3904287831413267 103.76554921762231 269.92617680471545
1.390428772244796 103.76554324038918 269.92617680471545
1.3904287614406639 103.76553731384924 269.92617680471545
1.3904287478042174 103.7655298336723 269.92617680471545
1.3904287358012872 103.76552324956008 269.92617680471545
1.3904287260542287 103.76551790289597 269.92617680471545
1.3904287139181601 103.7655112457705 269.9261768047147
1.3904286998201307 103.76550351244272 269.92617680471545
1.3904286882495644 103.76549716553947 269.92617680471545
1.390428678301731 103.76549170877507 269.92617680471545
1.3904286694447716 103.7654868504026 269.9261768047147
1.3904286534939574 103.7654781008 269.9261768047147
1.3904286428118373 103.76547224127785 269.92617680471545
1.3904286297397737 103.76546507079819 269.92617680471545
1.3904286190908064 103.76545922947938 269.92617680471545
1.3904284856398004 103.76545297966803 269.771513834526
1.390427469368089 103.76544612272832 268.49759983948525
1.3904261760865115 103.7654373967611 266.8727325430146
1.390425074486639 103.76542996409962 265.4872148823024
1.3904237623499565 103.76542111091453 263.8374938722276
1.3904226853695252 103.76541384436447 262.485722631606
1.390421773550459 103.76540769218326 261.65265587732404
1.3904208528835307 103.76540148030429 261.65265587732404
1.3904197111898173 103.76539377712432 261.65265587732404
1.3904188981394248 103.76538829135056 261.65265587732404
1.3904180128264811 103.76538231801058 261.6526558773238
1.390416878489661 103.76537466446905 261.65265587732404
1.3904159472024333 103.76536838093385 261.65265587732404
1.3904148259438687 103.76536081563358 261.65265587732404
1.3904137336310998 103.76535344563506 261.65265587732404
1.3904125193641195 103.76534525279331 261.65265587732404
1.390411328083814 103.76533721504632 261.6526558773238
1.3904100228014518 103.76532840811049 261.65265587732404
1.3904087160858127 103.76531959150435 261.65265587732404
1.3904074722682334 103.76531119928103 261.65265587732443
1.3904064249054073 103.76530413256746 261.65265587732404
1.390405492202091 103.76529783947888 261.6526558773238
1.3904046165676187 103.76529193144239 261.65265587732404
1.3904036610018375 103.7652854840975 261.65265587732404
1.390402676228826 103.76527883968724 261.6526558773238
1.390401703785038 103.76527227846418 261.65265587732404
1.3904004085676802 103.76526353943993 261.6526558773238
1.3903995492346874 103.76525774139247 261.6526558773238
1.3903988032197332 103.76525270791875 261.6526558773236
1.3903978526030352 103.76524629396675 261.6526558773238
1.3903968865341334 103.76523977575656 261.6526558773238
1.3903958468505566 103.76523276085734 261.65265587732404
1.3903945691401614 103.76522413995608 261.6526558773236
1.3903934241849223 103.76521641477368 261.6526558773238
1.390392316642029 103.76520894201808 261.65265587732404
1.3903914565306166 103.76520313871933 261.65265587732404
1.390390415135001 103.76519611226941 261.6526558773238
1.3903894924812976 103.76518988698881 261.6526558773238
1.390388417578658 103.7651826344623 261.65265587732404
1.390387575120341 103.76517695027201 261.65265587732404
1.3903868149281968 103.76517182114374 261.6526558773231
1.3903860914166906 103.76516693950522 261.6526558773238
1.3903852651735624 103.76516136472141 261.6526558773238
1.3903844497788875 103.76515586313377 261.6526558773238
1.3903834366156338 103.76514902717263 261.6526558773238
1.390382140902983 103.76514028480939 261.6526558773238
1.3903813624758619 103.76513503264755 261.6526558773238
1.3903804052707511 103.76512857424456 261.6526558773238
1.3903791859888412 103.76512034757117 261.6526558773233
1.3903781396207637 103.76511328757286 261.65265587732404
1.3903772964971863 103.76510759889497 261.6526558773236
1.3903761625213393 103.76509994779448 261.65265587732404
1.3903748875499868 103.76509134537694 261.65265587732404
1.3903736701482285 103.76508313139003 261.65265587732404
1.390372956217876 103.76507831439808 261.6526558773236
1.3903719478175152 103.76507151057423 261.6526558773241
1.3903706479701226 103.76506274031507 261.65265587732404
1.390369388010274 103.76505423918314 261.6526558773235
1.3903682869748042 103.76504681033724 261.6526558773238
1.390367364599535 103.7650405869377 261.6526558773238
1.3903666346650103 103.76503566196382 261.65265587732364
1.3903659098129921 103.7650307712824 261.6526558773236
1.390365013849385 103.76502472608641 261.65265587732404
1.3903638222752814 103.76501668636385 261.6526558773235
1.3903625456307356 103.7650080726589 261.6526558773238
1.3903613963239934 103.76500031812064 261.6526558773238
1.3903604914004417 103.76499421247112 261.6526558773238
1.3903597313391964 103.76498908422852 261.6526558773238
1.390358461222837 103.76498051457081 261.6526558773236
1.390357775119586 103.76497588533358 261.6526558773238
1.3903567934674887 103.76496926198593 261.6526558773238
1.3903555250972894 103.76496070411027 261.6526558773238
1.3903548456726627 103.76495611993491 261.6526558773236
1.3903536864413304 103.76494829843509 261.6526558773238
1.3903526485370807 103.7649412955466 261.65265587732404
1.3903518347852444 103.76493580504662 261.6526558773236
1.3903510153904757 103.76493027647304 261.6526558773241
1.3903500405652511 103.76492369918806 261.6526558773238
1.390349010396746 103.7649167484942 261.65265587732404
1.390348085887172 103.76491051069631 261.65265587732404
1.3903472775679289 103.76490505685126 261.6526558773239
1.3903460369348022 103.76489668612298 261.6526558773238
1.3903447752094635 103.76488817308275 261.65265587732404
1.3903440693008495 103.76488341021707 261.65265587732404
1.3903432888516238 103.76487814441535 261.6526558773241
1.390342574240983 103.76487332283598 261.65265587732404
1.3903418116059079 103.76486817722899 261.65265587732404
1.390340768937985 103.7648611422008 261.6526558773238
1.390340031981728 103.76485616985259 261.6526558773236
1.390339117703311 103.76485000108677 261.6526558773238
1.3903380688170563 103.76484292410296 261.6526558773238
1.3903368656224173 103.76483480597881 261.65265587732404
1.3903359603418668 103.7648286979232 261.65265587732404
1.390334966220517 103.76482199044631 261.65265587732364
1.3903339838532347 103.76481536227587 261.6526558773241
1.390333127713945 103.76480958578358 261.6526558773238
1.3903323495899547 103.76480433567156 261.6526558773239
1.3903315659988318 103.76479904867212 261.6526558773235
1.3903308519238664 103.76479423070802 261.65265587732404
1.3903301497295952 103.76478949290468 261.65265587732404
1.3903293957694736 103.76478440582996 261.6526558773241
1.39032809609145 103.76477563672015 261.6526558773238
1.3903270026148213 103.7647682588802 261.6526558773241
1.390325883906811 103.76476071080074 261.65265587732404
1.3903248574286151 103.76475378500888 261.6526558773241
1.3903237997012017 103.7647466483743 261.6526558773236
1.3903226707323924 103.76473903106422 261.6526558773238
1.3903216961637248 103.76473245551355 261.65265587732404
1.3903209435029682 103.7647273772066 261.6526558773238
1.3903196927930161 103.76471893849248 261.65265587732404
1.3903186085848707 103.76471162318937 261.65265587732404
1.3903176830138155 103.76470537823289 261.65265587732404
1.3903168188345683 103.76469954749554 261.65265587732404
1.3903158694566597 103.76469314191111 261.6526558773239
1.390315116393204 103.76468806088761 261.65265587732404
1.390313881367163 103.76467972799588 261.65265587732404
1.3903129810594217 103.76467365349498 261.6526558773239
1.390311757020888 103.76466539473779 261.65265587732404
1.3903106118603752 103.76465766818167 261.6526558773238
1.3903095172475368 103.76465028267783 261.65265587732364
1.3903086202893669 103.76464423077744 261.6526558773238
1.3903077939211734 103.76463865515741 261.6526558773238
1.3903067088807854 103.76463133424059 261.65265587732404
1.3903060290310387 103.76462674720085 261.6526558773241
1.3903049857226732 103.76461970785596 261.6526558773241
1.3903042189570247 103.76461453438286 261.65265587732404
1.3903032993931463 103.76460832995919 261.65265587732404
1.390302182929521 103.76460079702605 261.65265587732404
1.3903011476567824 103.7645938118991 261.6526558773241
1.3903002505035835 103.7645877586837 261.6526558773238
1.390299317881799 103.764581466157 261.6526558773238
1.3902983581143815 103.76457499047511 261.65265587732404
1.3902970730850652 103.76456632020692 261.65265587732364
1.3902962505823933 103.76456077066925 261.65265587732404
1.3902955243919037 103.76455628756739 261.57526438586035
1.3902944473826666 103.76455022253634 261.35201421985556
1.3902931660378697 103.76454300681749 261.0863881548718
1.3902920081756263 103.76453648647393 260.84635084937366
1.3902910783858786 103.76453125048965 260.6535948202006
1.3902897482215921 103.76452375985079 260.3778449335974
1.3902881840480374 103.76451495142081 260.05361196571954
1.3902873403439402 103.76451020021635 260.0236588555517
1.3902864702547475 103.76450530042789 260.02365885555156
1.39028530905532 103.76449876129196 260.02365885555196
1.3902838099346901 103.7644903191991 260.0236588555518
1.390282418951643 103.76448248606839 260.0236588555518
1.3902814258018754 103.76447689328143 260.0236588555518
1.3902803368847367 103.76447076119372 260.02365885555184
1.390279230794188 103.76446453239639 260.02365885555196
1.3902781683894825 103.76445854960997 260.02365885555184
1.390277277546564 103.76445353295027 260.02365885555184
1.3902762691102828 103.76444785407978 260.02365885555184
1.3902752351822207 103.76444203165588 260.02365885555196
1.3902743163783418 103.76443685753807 260.0236588555518
1.390273329604367 103.76443130065607 260.02365885555184
1.3902720127580677 103.76442388501725 260.02365885555207
1.3902705177666044 103.76441546617859 260.02365885555145
1.3902695616492617 103.76441008193544 260.0236588555518
1.3902686123413164 103.76440473603856 260.02365885555196
1.3902672911487524 103.76439729592477 260.02365885555184
1.3902664559830666 103.7643925928044 260.0236588555518
1.390265551793091 103.76438750098333 260.02365885555145
1.3902643929188596 103.7643809749431 260.02365885555196
1.3902629458702063 103.7643728260885 260.0236588555518
1.3902617086419904 103.76436585880887 260.02365885555184
1.3902608181130367 103.76436084391824 260.0236588555518
1.390259915820405 103.76435576278215 260.02365885555184
1.3902588034690817 103.76434949872967 260.0236588555517
1.3902577072563502 103.76434332555951 260.0236588555518
1.3902565288799031 103.76433668969588 260.0236588555517
1.390255614414412 103.76433154001029 260.02365885555196
1.390254226025122 103.76432372148864 260.0236588555518
1.3902529178080056 103.7643163544456 260.02365885555196
1.3902515865781397 103.76430885780957 260.02365885555145
1.3902505343572573 103.76430293237395 260.0236588555518
1.3902494726374792 103.76429695344667 260.02365885555145
1.3902479250008246 103.76428823814625 260.02365885555184
1.3902465345730164 103.7642804081457 260.02365885555145
1.3902453824721943 103.7642739202505 260.0236588555518
1.3902441510901653 103.76426698589431 260.02365885555196
1.3902427667411135 103.7642591901258 260.02365885555196
1.3902415198342446 103.76425216834386 260.02365885555184
1.3902401765335082 103.76424460373346 260.02365885555184
1.3902390225113466 103.764238105019 260.0236588555518
1.3902379009547976 103.76423178913016 260.02365885555207
1.390236694987534 103.76422499789432 260.02365885555196
1.3902353149282312 103.76421722628363 260.02365885555156
1.390233844610947 103.76420894639791 260.02365885555145
1.3902326077010403 103.76420198091323 260.0236588555518
1.3902313778967068 103.7641950554427 260.02365885555196
1.3902302052830997 103.76418845203382 260.0236588555518
1.3902293847861742 103.76418383152063 260.02365885555196
1.3902281637656955 103.76417695551542 260.0236588555518
1.3902269738476742 103.76417025465943 260.0236588555518
1.3902255751607366 103.76416237815076 260.02365885555184
1.3902243885543242 103.76415569594383 260.0236588555518
1.3902235723752097 103.76415109974612 260.0236588555518
1.3902220418237747 103.76414248066146 260.02365885555196
1.3902208738234663 103.76413590323246 260.02365885555207
1.390219718368811 103.76412939645263 260.02365885555145
1.3902186124908138 103.76412316885686 260.0236588555518
1.390217378196556 103.76411621810311 260.02365885555196
1.3902161903534047 103.76410952893232 260.02365885555184
1.3902147993748208 103.76410169583319 260.02365885555156
1.3902137370633791 103.76409571357668 260.02365885555145
1.3902122635997773 103.76408741597508 260.02365885555145
1.3902109686778654 103.76408012380585 260.02365885555145
1.3902099547515756 103.76407441402374 260.0236588555518
1.3902089663764206 103.76406884812927 260.0236588555517
1.3902077198566654 103.7640618285302 260.02365885555145
1.3902065893580797 103.76405546228798 260.0236588555518
1.390205389245358 103.76404870402372 260.02365885555207
1.3902042208428287 103.76404212433103 260.0236588555517
1.3902029189889964 103.76403479312637 260.0236588555518
1.390201990215602 103.76402956287122 260.0236588555518
1.390200791755844 103.76402281391579 260.0236588555517
1.390199751889819 103.76401695805843 260.02365885555145
1.3901986514052804 103.76401076083665 260.0236588555518
1.390197663984601 103.76400520031795 260.02365885555207
1.3901967231563939 103.76399990217817 260.0236588555518
1.3901957077348124 103.76399418397651 260.02365885555196
1.3901943365515834 103.76398646235404 260.02365885555156
1.3901933168025187 103.76398071978295 260.02365885555196
1.3901917556935297 103.76397192862096 260.02365885555184
1.3901902127250898 103.76396323961504 260.0236588555518
1.3901888891994443 103.76395578636993 260.02365885555145
1.3901879634070728 103.76395057290289 260.02365885555196
1.3901866767488025 103.76394332727133 260.0236588555518
1.3901851542016186 103.76393475326532 260.0236588555518
1.3901840577443922 103.76392857872388 260.02365885555145
1.3901831954645463 103.76392372291878 260.0236588555518
1.390182166098663 103.76391792619273 260.02365885555196
1.3901809019152873 103.76391080712582 260.02365885555196
1.3901795286878553 103.7639030739931 260.02365885555196
1.3901785760188023 103.76389770917447 260.02365885555196
1.3901771524171374 103.76388969236676 260.0236588555518
1.3901757921840852 103.76388203241036 260.02365885555196
1.3901743453004192 103.76387388449368 260.02365885555196
1.3901735345070825 103.763869318628 260.02365885555196
1.3901721177759274 103.76386134051104 260.02365885555196
1.3901707381823316 103.76385357152904 260.0236588555518
1.3901693676959557 103.76384585383315 260.02365885555145
1.3901680818352349 103.7638386126945 260.0236588555518
1.3901669322461407 103.76383213894992 260.02365885555207
1.3901657305805686 103.7638253719443 260.0236588555517
1.3901644452958193 103.76381813404947 260.0236588555518
1.3901634141129335 103.76381232709255 260.02365885555145
1.3901620849193002 103.76380484193143 260.02365885555184
1.390160712891558 103.76379711555637 260.02365885555184
1.390159478085676 103.76379016192641 260.02365885555196
1.3901579602000123 103.76378161417391 260.0236588555518
1.3901567405692437 103.76377474600062 260.02365885555184
1.3901556112310562 103.76376838629696 260.0236588555518
1.390154560252977 103.76376246786693 260.02365885555196
1.390153282017008 103.76375526966729 260.02365885555184
1.3901518505679893 103.7637472086708 260.02365885555156
1.390150812788022 103.76374136456427 260.0236588555518
1.3901497960604876 103.76373563901151 260.0236588555518
1.390148866568271 103.7637304047118 260.02365885555196
1.390147841811984 103.76372463394644 260.0236588555517
1.3901469161369846 103.76371942114295 260.0236588555518
1.3901459058331302 103.76371373176448 260.0236588555518
1.3901451155634845 103.76370928147657 260.02365885555196
1.3901438080766022 103.7637019185555 260.02365885555184
1.3901427361078231 103.76369588192026 260.02365885555196
1.3901418361383544 103.763690813874 260.02365885555145
1.3901403087427826 103.7636822125697 260.02365885555145
1.3901388255382838 103.76367386012109 260.0236588555517
1.3901379749776985 103.76366907031397 260.0236588555517
1.3901368075445155 103.7636624960854 260.0236588555518
1.3901357359540285 103.76365646158096 260.02365885555196
1.390134863048116 103.7636515459396 260.02365885555145
1.3901335322703148 103.76364405186007 260.02365885555196
1.3901325823719457 103.76363870264714 260.0236588555518
1.3901315476703597 103.76363287587743 260.02365885555196
1.3901304886793857 103.7636269123257 260.0236588555518
1.3901292302540038 103.76361982568855 260.0236588555518
1.390128161316174 103.76361380612273 260.02365885555207
1.3901267652891174 103.76360594460226 260.02365885555145
1.390125495713216 103.76359879517295 260.02365885555207
1.3901246041505941 103.76359377446967 260.02365885555207
1.3901236860362296 103.76358860424426 260.0236588555518
1.3901227363729782 103.763583256356 260.0236588555517
1.390121927106844 103.76357869909342 260.02365885555184
1.3901209630774287 103.76357327030435 260.02365885555145
1.3901194970827948 103.76356501477251 260.0236588555518
1.3901181537127945 103.76355744978326 260.02365885555184
1.3901171187460488 103.76355162152137 260.0236588555518
1.3901159189338763 103.763544864957 260.02365885555207
1.3901146905970696 103.76353794776045 260.02365885555145
1.3901133935930692 103.76353064387492 260.02365885555196
1.3901125906249334 103.76352612207909 260.0236588555518
1.390111403547959 103.76351943723145 260.0236588555518
1.390110484944164 103.7635142642507 260.0236588555518
1.390109600989606 103.76350928639204 260.02365885555184
1.3901082898533266 103.76350190292311 260.02365885555156
1.3901067237264328 103.76349308351264 260.02365885555145
1.3901056837145147 103.76348722684043 260.02365885555184
1.3901044816902783 103.76348045782007 260.02365885555196
1.3901033429851595 103.76347404537198 260.02365885555196
1.3901019798327832 103.76346636898273 260.02365885555156
1.3901008573661426 103.76346004797941 260.02365885555196
1.3900994375067788 103.76345205225348 260.0236588555518
1.3900980067943594 103.76344399541033 260.0236588555518
1.390097025627786 103.76343847011749 260.02365885555156
1.3900962076184202 103.76343386362012 260.02365885555145
1.3900953363382402 103.76342895713618 260.02365885555145
1.3900937819438368 103.76342020379687 260.0236588555517
1.3900928313276546 103.76341485054427 260.0236588555517
1.3900919566155032 103.7634099247339 260.02365885555196
1.3900906124043677 103.76340235501047 260.02365885555196
1.3900891232632395 103.76339396913568 260.0236588555518
1.390087978130886 103.76338752049479 260.0236588555518
1.3900870748263183 103.7633824336708 260.02365885555156
1.390086287048202 103.76337799741673 260.02365885555145
1.3900848013069542 103.76336963068829 260.02365885555196
1.3900835072111672 103.76336234318256 260.02365885555196
1.3900825522710931 103.76335696558131 260.0236588555518
1.3900815810994804 103.76335149657461 260.02365885555184
1.3900803452421857 103.76334453703048 260.02365885555184
1.3900789399258686 103.76333662320351 260.02365885555184
1.390077492381774 103.76332847157731 260.02365885555156
1.3900760096340794 103.76332012170752 260.02365885555196
1.3900751057787564 103.76331503178281 260.0236588555517
1.390074294402804 103.76331046264171 260.0236588555518
1.3900731552597079 103.76330404772958 260.02365885555184
1.3900720283471102 103.76329770169174 260.02365885555145
1.3900711009253162 103.76329247905623 260.02365885555196
1.3900703114337096 103.76328803315377 260.0236588555518
1.3900688640411811 103.76327988238197 260.02365885555156
