15773055
1.3904607650501555 103.77162093795887 91.94289050621457
1.3904606042806893 103.77162572034355 91.94289050621457
1.3904604090206845 103.77163152871262 91.94289050621457
1.3904602092596665 103.77163747097214 91.94289050621457
1.3904599904456192 103.7716439799986 91.94289050621457
1.3904598252390215 103.77164889437248 91.94289050621457
1.390459581861972 103.77165613406953 91.94289050621457
1.3904592911528624 103.77166478174468 91.94289050621448
1.3904590940048218 103.77167064627383 91.94289050621448
1.3904589410452437 103.77167519633602 91.94289050621448
1.390458659036525 103.77168358520001 91.94289050621457
1.3904584035956429 103.77169118375444 91.94289050621448
1.3904581836156236 103.77169772746029 91.94289050621457
1.390457956671416 103.77170447832799 91.94289050621457
1.3904577417852062 103.7717108705081 91.94289050621457
1.3904575736298697 103.77171587259323 91.94289050621457
1.3904573222538286 103.77172335022838 91.94289050621457
1.390457052178532 103.77173138410593 91.94289050621457
1.3904567969744985 103.77173897561012 91.94289050621457
1.3904565722876554 103.7717456593248 91.94289050621457
1.3904562922543533 103.77175398941878 91.94289050621457
1.3904560682214298 103.77176065368013 91.94289050621383
1.390455878109807 103.77176630889106 91.94289050621457
1.3904557008576808 103.77177158157286 91.94289050621457
1.3904554908920552 103.77177782737579 91.94289050621457
1.3904552891342705 103.77178382902133 91.94289050621457
1.3904550320961386 103.77179147507883 91.94289050621448
1.3904547582886793 103.77179961996903 91.94289050621393
1.3904545231255157 103.77180661531517 91.94289050621457
1.390454356381557 103.77181157541008 91.94289050621457
1.3904540653643247 103.7718202322333 91.94289050621457
1.3904538325480256 103.77182715776593 91.94289050621448
1.3904536008517925 103.77183404997959 91.94289050621448
1.3904533117441444 103.77184264999629 91.94289050621457
1.3904530615494402 103.7718500924781 91.94289050621448
1.3904529095714449 103.77185461333069 91.94289050621457
1.3904527566393445 103.77185916256454 91.94289050621457
1.3904524794987823 103.77186740659651 91.94289050621448
1.390452204133623 103.77187559781511 91.94289050621448
1.3904519180372859 103.77188410825045 91.94289050621448
1.3904516411535461 103.77189234464007 91.94289050621457
1.3904513819828188 103.77190005412444 91.94289050621448
1.3904511729168947 103.7719062731537 91.94289050621457
1.3904509610083953 103.77191257673978 91.94289050621457
1.390450748613387 103.77191889479735 91.94289050621457
1.3904504635768293 103.7719273737029 91.94289050621457
1.3904502703483048 103.77193312161911 91.94289050621457
1.3904501027417566 103.77193810736507 91.94289050621457
1.3904499404119206 103.77194293614576 91.94289050621448
1.3904497200367587 103.77194949158427 91.94289050621457
1.3904495680024485 103.77195401410614 91.94289050621457
1.3904494119330737 103.77195865665769 91.94289050621448
1.3904492340565717 103.77196394789932 91.94289050621457
1.3904490476605644 103.7719694925679 91.94289050621457
1.3904488572407498 103.77197515693106 91.94289050621457
1.39044863174477 103.77198186469424 91.94289050621457
1.3904483621075454 103.7719898855134 91.94289050621457
1.3904481184271589 103.77199713420141 91.94289050621457
1.3904478540451572 103.7720049986934 91.94289050621448
1.3904476057118107 103.77201238579018 91.94289050621457
1.3904474258621031 103.77201773572442 91.94289050621457
1.390447233640792 103.77202345367257 91.94289050621457
1.390446979395329 103.77203101663346 91.94289050621457
1.390446752494259 103.7720377661885 91.94289050621457
1.3904464861680739 103.77204568850935 91.94289050621448
1.3904462095843388 103.77205391595743 91.94289050621448
1.3904459146869164 103.77206268817592 91.94289050621457
1.3904456167028953 103.77207155220945 91.94289050621457
1.390445447401303 103.77207658836828 91.94289050621457
1.3904452236725549 103.7720832435533 91.94289050621457
1.390444946283742 103.7720914949457 91.94289050621457
1.3904447659685948 103.7720968587197 91.94289050621457
1.390444487610714 103.77210513893716 91.94289050621448
1.390444235260486 103.77211264551303 91.94289050621457
1.390443943348839 103.77212132890797 91.94289050621448
1.3904437373047165 103.77212745803071 91.94289050621457
1.3904434599735558 103.77213570770336 91.94289050621457
1.3904432338537833 103.77214243400819 91.94289050621457
1.390442983158054 103.77214989136463 91.94289050621448
1.390442739868984 103.77215712839708 91.94289050621457
1.390442478713474 103.77216489689538 91.94289050621457
1.3904421959983049 103.7721733067201 91.94289050621457
1.3904420304581606 103.77217823098181 91.94289050621457
1.390441791463432 103.77218534026942 91.94289050621448
1.3904416148765584 103.77219059313327 91.94289050621457
1.3904414359000274 103.772195917081 91.94289050621457
1.3904412451268886 103.7722015919376 91.94289050621457
1.3904409778700555 103.77220954192508 91.94289050621457
1.3904407052845211 103.77221765042256 91.94289050621457
1.3904404035714526 103.77222662536464 91.94289050621457
1.3904402160061202 103.77223220479758 91.94289050621457
1.3904400450297545 103.77223729076464 91.94289050621457
1.3904397774770856 103.7722452495485 91.94289050621448
1.3904395370445797 103.77225240159888 91.94289050621457
1.3904393702200806 103.77225736406066 91.94289050621457
1.390439100732535 103.77226538039847 91.94289050621457
1.3904388153761367 103.77227386877969 91.94289050621448
1.3904386404551206 103.77227907208389 91.94289050621457
1.3904384165132528 103.77228573359085 91.94289050621457
1.3904381670689283 103.77229315370826 91.94289050621457
1.390437977115761 103.77229880416628 91.94289050621457
1.3904377284137774 103.77230620220031 91.94289050621448
1.3904375285131192 103.77231214856118 91.94289050621448
1.3904372966821557 103.77231904473886 91.94289050621457
1.3904371192383422 103.77232432308455 91.94289050621457
1.390436883371437 103.77233133931652 91.94289050621448
1.3904367084511158 103.77233654259614 91.94289050621448
1.390436479430916 103.77234335516101 91.94289050621457
1.3904362677971387 103.77234965053897 91.94289050621448
1.3904360618527734 103.77235577667598 91.94289050621448
1.390435859479635 103.77236179658075 91.94289050621448
1.3904356399988496 103.77236832537868 91.94289050621457
1.39043544823043 103.77237402982861 91.94289050621457
1.3904351676684517 103.77238237558036 91.94289050621448
1.3904349175191775 103.77238981665819 91.94289050621457
1.3904346789074926 103.77239691453188 91.94289050621448
1.390434394561204 103.77240537285125 91.94289050621457
1.3904342385617583 103.77241001329521 91.94289050621448
1.39043406332907 103.7724152258613 91.94289050621393
1.390433807650506 103.77242283141315 91.94289050621457
1.3904335329179076 103.77243100375571 91.94289050621457
1.3904333292011843 103.77243706362155 91.94289050621448
1.390433061102167 103.77244503863658 91.94289050621457
1.3904328784867273 103.77245047081148 91.94289050621457
1.39043271216064 103.77245541843439 91.94289050621457
1.390432448405777 103.77246326422404 91.94289050621448
1.390432208731924 103.77247039368667 91.94289050621457
1.3904320484391735 103.77247516183758 91.94289050621448
1.3904318445887098 103.77248122567823 91.94289050621457
1.3904315796097009 103.7724891078793 91.94289050621457
1.3904314052225648 103.77249429528774 91.94289050621383
1.390431124036473 103.77250265959154 91.94289050621448
1.390430940899402 103.77250810727901 91.94289050621457
1.3904307031804088 103.77251517858727 91.94289050621457
1.3904304444527051 103.77252287483041 91.94289050621457
1.3904301674838404 103.77253111368333 91.94289050621457
1.3904299396478543 103.77253789100467 91.94289050621457
1.3904297269157853 103.77254421903693 91.94289050621457
1.3904294889343982 103.77255129814712 91.94289050621448
1.39042924401195 103.77255858372884 91.94289050621457
1.390429001804124 103.77256578855936 91.94289050621457
1.390428797244292 103.77257187349403 91.94289050621457
1.3904286318613095 103.77257679305505 91.94289050621457
1.3904283630307237 103.7725847898171 91.94289050621457
1.3904280802424203 103.77259320177107 91.94289050621457
1.3904278600099689 103.77259975290863 91.94289050621448
1.3904276282720511 103.77260664629254 91.94289050621457
1.390427446215387 103.77261206183435 91.94289050621448
1.3904272024626219 103.77261931261633 91.94289050621448
1.3904269419675142 103.77262706142297 91.94289050621457
1.3904267304678422 103.77263335278839 91.94289050621457
1.390426576081488 103.77263794523476 91.94289050621448
1.3904264191530116 103.77264261329996 91.94289050621457
1.390426190022408 103.77264942912169 91.94289050621448
1.390426007410611 103.77265486117368 91.94289050621457
1.3904258090029513 103.77266076309598 91.94289050621457
1.3904255698715975 103.77266787640283 91.94289050621457
1.3904253943301028 103.7726730981372 91.94289050621448
1.390425133413753 103.77268085946885 91.94289050621457
1.390424873781241 103.77268858261012 91.94289050621457
1.3904246491796914 103.77269526370453 91.94289050621457
1.3904244076498369 103.77270244835498 91.94289050621457
1.3904242224616004 103.77270795704304 91.94289050621457
1.390424030219723 103.77271367555133 91.94289050621448
1.3904238718155228 103.7727183875094 91.94289050621457
1.3904236482370287 103.77272503816899 91.94289050621448
1.3904234440388759 103.77273111233234 91.94289050621448
1.390423238706657 103.77273722022959 91.94289050621448
1.3904230497258396 103.77274284173082 91.94289050621457
1.3904227686038042 103.77275120410194 91.94289050621457
1.3904225108398118 103.77275887165433 91.94289050621457
1.3904223568485017 103.772763452342 91.94289050621448
1.3904220836947707 103.77277157768252 91.94289050621448
1.390421823497262 103.77277931762121 91.94289050621457
1.3904216654298542 103.7727840195569 91.94289050621457
1.3904214863870448 103.77278934543482 91.94289050621457
1.3904212567340561 103.77279617678252 91.94289050621457
1.3904210159533803 103.7728033391381 91.94289050621457
1.3904208090120862 103.77280949489372 91.94289050621457
1.3904205637904166 103.77281678935157 91.94289050621448
1.3904204068856103 103.77282145670173 91.94289050621457
1.390420126134342 103.77282980803527 91.94289050621457
1.390419895945975 103.77283665530491 91.94289050621448
1.3904197240890848 103.77284176742414 91.94289050621457
1.3904195701851656 103.7728463455073 91.94289050621457
1.3904192800458164 103.7728549760994 91.94289050621457
1.3904190864012127 103.77286073632268 91.94289050621457
1.3904189352077279 103.77286523377913 91.94289050621457
1.390418698218305 103.77287228335227 91.94289050621457
1.3904184684478835 103.77287911818573 91.94289050621457
1.3904182511486327 103.77288558204671 91.94289050621448
1.3904180347677428 103.77289201858927 91.94289050621448
1.3904178720536677 103.77289685873943 91.94289050621457
1.3904176397732335 103.77290376823441 91.94289050621457
1.3904174777643112 103.77290858740808 91.94289050621457
1.3904171804717522 103.77291743077498 91.94289050621457
1.3904170015034458 103.77292275442743 91.94289050621457
1.390416826387275 103.77292796349255 91.94289050621457
1.3904165330091345 103.77293669041761 91.94289050621448
1.3904162741439066 103.77294439070913 91.94289050621457
1.390415984747088 103.77295299920259 91.94289050621457
1.390415696420664 103.7729615758548 91.94289050621457
1.390415502141252 103.77296735495324 91.94289050621457
1.3904152237840883 103.77297563505505 91.94289050621457
1.3904150396905905 103.77298111115897 91.94289050621457
1.3904147583018815 103.77298948143657 91.94289050621448
1.3904144936305016 103.77299735443437 91.94289050621448
1.3904143218999057 103.77300246278602 91.94289050621457
1.3904141441436484 103.7730078323805 91.93940002652315
1.3904139880761173 103.77301255748371 91.93588108707989
1.3904137845840978 103.77301871841105 91.93129284218544
1.3904136108255996 103.77302397912551 91.92737501535628
1.3904133474084164 103.7730319543467 91.9214356061955
1.3904131789453085 103.77303705473696 91.91763717811585
1.3904130262431191 103.77304167794922 91.91419412022383
1.3904128210807296 103.77304788944632 91.90956821462747
1.3904126098228877 103.77305428548883 91.90944284847559
1.390412408225145 103.77306038906165 91.90944284847559
1.390412235373298 103.7730656223234 91.90944284847559
1.3904119713637688 103.77307361547403 91.90944284847559
1.3904116925885808 103.77308205566872 91.90944284847559
1.3904115030226742 103.77308779496362 91.90944284847559
1.3904112144709735 103.77309653115024 91.90944284847559
1.3904109997523768 103.77310303196634 91.90944284847559
1.390410838418038 103.77310791652131 91.90944284847559
1.3904106382929495 103.77311397550372 91.90944284847625
1.390410461627144 103.77311932423306 91.90944284847559
1.3904102636089133 103.77312531942741 91.90944284847625
1.3904100319346737 103.7731323335895 91.90944284847559
1.3904098783360794 103.77313698393543 91.9094428484755
1.3904096282466554 103.77314455563388 91.90944284847559
1.3904094123256796 103.77315109284902 91.90944284847625
1.3904091556085907 103.77315886520495 91.90944284847616
1.390408921465386 103.77316595411419 91.90944284847559
1.3904086894258736 103.77317297933149 91.90944284847559
1.390408411641604 103.77318138951402 91.9094428484755
1.3904082186317912 103.77318723306884 91.90944284847559
1.3904080345560355 103.77319280613617 91.90944284847559
1.3904077445770828 103.77320158552197 91.90944284847559
1.3904075225262182 103.77320830832026 91.90944284847559
1.390407366085007 103.77321304472434 91.9094428484755
1.3904071256111918 103.77322032529364 91.90944284847559
1.3904068877077802 103.77322752804082 91.90944284847559
1.3904066542526197 103.77323459611243 91.90944284847559
1.3904064542882189 103.77324065021965 91.90944284847559
1.390406183700255 103.77324884251983 91.90944284847559
1.390405960687191 103.77325559444536 91.9094428484755
1.3904056682032977 103.7732644496632 91.90944284847559
1.3904053909836602 103.77327284274075 91.90944284847625
1.390405192242102 103.77327885982223 91.90944284847559
1.3904050363506155 103.77328357957848 91.90944284847559
1.3904047911756638 103.77329100247205 91.9094428484755
1.3904045981640576 103.77329684607261 91.9094428484755
1.3904043620133542 103.77330399574767 91.90944284847625
1.3904042036580908 103.77330879009538 91.9094428484755
1.3904040210524335 103.77331431864515 91.90944284847625
1.3904037501046478 103.77332252183123 91.90944284847559
1.3904034963669718 103.77333020396503 91.90944284847559
1.3904032530743087 103.77333756986604 91.90944284847559
1.3904030369626696 103.7733441128369 91.90944284847559
1.3904027737593885 103.77335208154803 91.90944284847625
1.390402512210384 103.77336000017362 91.90944284847625
1.3904022170495995 103.77336893642436 91.90944284847559
1.3904019747026146 103.77337627369036 91.90944284847559
1.390401800467329 103.77338154881491 91.90944284847559
1.3904015907993963 103.77338789669312 91.90944284847625
1.3904013903129124 103.7733939665945 91.90944284847616
1.3904011089599904 103.77340248479635 91.90944284847559
1.3904009159000659 103.77340832985112 91.90944284847559
1.390400748795206 103.77341338909365 91.90944284847559
1.3904005275117652 103.77342008863857 91.9094428484755
1.3904003623399042 103.77342508935716 91.90944284847625
1.3904001305446887 103.77343210715394 91.9094428484755
1.390399852894321 103.77344051325345 91.90944284847625
1.3903996970066919 103.77344523288275 91.90944284847559
1.3903994028658848 103.77345413824266 91.90944284847625
1.390399155301498 103.77346163346154 91.9094428484755
1.3903988625985086 103.7734704952884 91.90944284847559
1.3903986552444023 103.77347677310608 91.90944284847559
1.3903984143657546 103.77348406590642 91.90944284847559
1.3903981245897918 103.77349283911248 91.90944284847625
1.3903978595453548 103.77350086355032 91.90944284847559
1.3903975677367613 103.773509698294 91.9094428484755
1.3903973695615401 103.7735156982102 91.90944284847559
1.3903971144571674 103.77352342170211 91.9094428484755
1.3903968657920585 103.7735309502393 91.90944284847625
1.390396595372386 103.77353913741267 91.90944284847625
1.3903963861161026 103.77354547281455 91.9094428484755
1.3903962200351851 103.77355050104721 91.90944284847559
1.3903959470536829 103.77355876577984 91.90944284847616
1.390395754903333 103.77356458328437 91.90944284847625
1.390395572975472 103.7735700912945 91.90944284847559
1.390395306467328 103.77357816003897 91.90944284847559
1.3903950267652312 103.77358662823985 91.90944284847559
1.3903947820775546 103.77359401594437 91.91029629291349
1.390394549357879 103.77360077685093 91.92220990272438
1.3903942614004696 103.77360914250775 91.93695129744168
1.3903940740996785 103.77361458391664 91.94653978116949
1.3903938382937273 103.77362143448298 91.95861138718678
1.3903935751866856 103.77362907819202 91.97208061469259
1.3903933043695997 103.77363694589022 91.98594453804085
1.3903930649624128 103.77364390107665 91.98858060128855
1.3903927734265322 103.77365237068953 91.98858060128855
1.3903925113402473 103.77365998474082 91.98858060128855
1.3903923123305066 103.773665766311 91.98858060128846
1.3903920822920073 103.77367244931862 91.98858060128855
1.390391828739267 103.77367981545409 91.98858060128855
1.3903916650680057 103.77368457038037 91.98858060128846
1.3903914910078696 103.77368962712067 91.98858060128855
1.3903912356566779 103.77369704550254 91.98858060128855
1.3903909871700117 103.77370426445773 91.98858060128855
1.3903907921575047 103.77370992989826 91.98858060128846
1.3903905143188817 103.77371800157576 91.98858060128855
1.3903902893575861 103.77372453707767 91.98858060128846
1.3903900013832724 103.77373290321238 91.98858060128855
1.3903898365002672 103.7737376933386 91.98858060128846
1.3903895661622336 103.77374554710859 91.98858060128855
1.390389301196907 103.77375324479176 91.98858060128855
1.3903890423432566 103.77376076491984 91.98858060128855
1.3903888423726145 103.77376657439832 91.98858060128846
1.390388560579825 103.77377476094502 91.98858060128855
1.3903883595229567 103.77378060197911 91.98858060128855
1.3903881393851125 103.77378699734659 91.98858060128846
1.3903878414036022 103.77379565420011 91.98858060128855
1.390387677921424 103.77380040362618 91.98858060128855
1.3903874691649074 103.77380646834578 91.98858060128846
1.3903872505084636 103.77381282067404 91.98858060128855
1.3903869559614248 103.7738213777477 91.98858060128791
1.3903867075962568 103.77382859316167 91.98858060128855
1.3903865372822906 103.7738335410603 91.98858060128781
1.3903862622032415 103.77384153255491 91.98858060128855
1.3903860045653347 103.77384901735516 91.98858060128855
1.3903857041339844 103.77385774537363 91.98858060128846
1.3903854699367035 103.7738645491842 91.98858060128846
1.390385267526125 103.77387042953906 91.98858060128855
1.3903850110849734 103.77387787956887 91.98858060128846
1.3903848459898787 103.77388267584776 91.98858060128846
1.3903846221301652 103.7738891793332 91.98858060128846
1.3903843254121946 103.77389779946755 91.98858060128846
1.3903840865584796 103.7739047385515 91.98858060128855
1.3903837956657024 103.77391318945294 91.98858060128855
1.3903834870975067 103.77392215385262 91.98858060128846
1.390383264733978 103.7739286138682 91.98858060128791
1.3903830817825165 103.77393392889987 91.98858060128855
1.3903827757254619 103.77394282034456 91.98858060128846
1.3903825243743173 103.77395012249468 91.98858060128855
1.3903823162758429 103.7739561680855 91.98858060128855
1.3903821298755825 103.77396158330838 91.98858060128846
1.390381946370239 103.77396691442898 91.98858060128855
1.3903817195828911 103.77397350295978 91.98858060128846
1.3903814819793108 103.77398040571863 91.98858060128846
1.3903812401648212 103.77398743081042 91.98858060128846
1.390380938950767 103.77399618155222 91.98858060128846
1.3903806719604836 103.77400393803889 91.98858060128855
1.3903804872058714 103.7740093054498 91.98858060128855
1.3903802055399919 103.77401748828413 91.98858060128855
1.39037994020617 103.77402519664588 91.98858060128855
1.3903797716942683 103.77403009217927 91.98858060128855
1.3903795875517473 103.7740354418062 91.98858060128855
1.390379401679968 103.7740408416704 91.98858060128855
1.3903791529432408 103.7740480678585 91.98858060128846
1.3903789756369482 103.77405321888116 91.98858060128791
1.3903787369667275 103.77406015262054 91.98858060128855
1.3903785251400145 103.77406630651392 91.98858060128855
1.390378331244935 103.77407193946522 91.98858060128846
1.3903780222375048 103.77408091660713 91.98858060128855
1.3903778174518622 103.77408686594498 91.98858060128846
1.39037752883804 103.77409525061961 91.98858060128791
1.3903772376952463 103.77410370876382 91.98858060128846
1.3903770461830458 103.77410927248613 91.98858060128855
1.3903768542794872 103.77411484757765 91.98858060128855
1.390376567896011 103.7741231674543 91.98858060128813
1.3903762919942442 103.77413118282047 91.98858060128846
1.3903759918309502 103.77413990302001 91.98858060128813
1.3903757463796118 103.77414703375344 91.98858060128887
1.3903754731112723 103.77415497261212 91.98858060128846
1.3903752575471804 103.77416123507456 91.98858060128823
1.3903750324067379 103.7741677757439 91.98858060128846
1.3903748369281477 103.77417345469128 91.98858060128846
1.3903746361498432 103.77417928760286 91.98858060128846
1.3903743888915439 103.77418647082762 91.98858060128855
1.3903741589262195 103.7741931516649 91.98858060128855
1.3903738599762285 103.77420183660927 91.98858060128846
1.3903736584165367 103.77420769221924 91.98858060128855
1.390373405290777 103.77421504589982 91.98858060128855
