1.3900685809222741 103.77439616705504 352.6657004768891 26.5 1.0
1.3902659322959163 103.77437082471813 352.6657004768891 22.0 2.0
1.3904229163400208 103.77435066602789 352.6657004768892 17.5 3.0
1.390539533056715 103.77433569099331 352.6657004768891 13.0 4.0
1.3906157824475769 103.77432589962106 352.6657004768917 8.5 5.0
1.390660638087152 103.77432016575891 352.6987838063829 5.0 6.0
1.3907056092483023 103.77431540571355 353.9490697561547 5.0 7.0
1.3907505804092648 103.7743106456673 353.9490697561521 5.0 8.0
1.3907955515700405 103.77430588562012 353.9490697561547 5.0 9.0
1.3908405227306286 103.77430112557201 353.9490697561547 5.0 10.0
1.3908854938910291 103.77429636552297 353.9490697561547 5.0 11.0
1.390930465051243 103.77429160547301 353.9490697561521 5.0 12.0
1.390975436211269 103.77428684542214 353.94906975615476 5.0 13.0
1.3910204073711077 103.77428208537034 353.9490697561547 5.0 14.0
1.3910653785307592 103.77427732531763 353.9490697561547 5.0 15.0
1.3911103496902233 103.77427256526398 353.9490697561547 5.0 16.0
1.3911552759214643 103.77426742182772 353.4569324734348 5.0 17.0
1.3912001446762308 103.77426178793178 352.8273382095263 5.0 18.0
1.3912450134307777 103.77425615403487 352.8273382095264 5.0 19.0
1.391289882185104 103.77425052013704 352.827338209529 5.0 20.0
1.3913347509392102 103.77424488623825 352.8273382095263 5.0 21.0
1.3913796196930963 103.77423925233853 352.8273382095264 5.0 22.0
1.3914244884467626 103.77423361843783 352.8273382095263 5.0 23.0
1.3914693572002077 103.77422798453621 352.8273382095264 5.0 24.0
1.391514225953433 103.77422235063362 352.827338209529 5.0 25.0
1.3915590947064376 103.7742167167301 352.8273382095263 5.0 26.0
1.3916039634592225 103.77421108282562 352.8273382095264 5.0 27.0
1.391648832211787 103.7742054489202 352.8273382095263 5.0 28.0
1.3916937009641313 103.77419981501383 352.8273382095264 5.0 29.0
1.3917385697162552 103.77419418110651 352.827338209529 5.0 30.0
1.3917834384681593 103.77418854719825 352.8273382095263 5.0 31.0
1.3918283072198423 103.77418291328902 352.8273382095263 5.0 32.0
1.3918731759713063 103.77417727937886 352.8273382095265 5.0 33.0
1.3919180447225485 103.77417164546776 352.8273382095263 5.0 34.0
1.3919629134735712 103.77416601155569 352.827338209529 5.0 35.0
1.3920077822243733 103.77416037764269 352.8273382095263 5.0 36.0
1.3920526509749558 103.77415474372874 352.8273382095264 5.0 37.0
1.392097519725318 103.77414910981382 352.8273382095263 5.0 38.0
1.3921423884754596 103.77414347589797 352.8273382095264 5.0 39.0
1.3921872572253806 103.77413784198119 352.8273382095264 5.0 40.0
1.3922321259750816 103.77413220806343 352.82733820952893 5.0 41.0
1.3922769947245623 103.77412657414474 352.8273382095264 5.0 42.0
1.392321863473823 103.7741209402251 352.8273382095264 5.0 43.0
1.3923667322228634 103.77411530630451 352.8273382095263 5.0 44.0
1.392411600971683 103.77410967238298 352.8273382095264 5.0 45.0
1.3924564697202826 103.77410403846048 352.827338209529 5.0 46.0
1.3925013388697145 103.77409840769322 352.83139441517386 5.0 47.0
1.3925462089167635 103.77409278399072 352.8404750548817 5.0 48.0
1.3925910789635934 103.77408716028731 352.8404750548818 5.0 49.0
1.3926359490102032 103.77408153658293 352.8404750548817 5.0 50.0
1.3926808190565925 103.77407591287758 352.8404750548817 5.0 51.0
1.3927256891027624 103.77407028917132 352.8404750548818 5.0 52.0
1.392770559148712 103.77406466546408 352.8404750548817 5.0 53.0
1.392815429194442 103.77405904175592 352.8404750548817 5.0 54.0
1.392860299239952 103.7740534180468 352.8404750548817 5.0 55.0
1.3929051692852423 103.77404779433672 352.8404750548819 5.0 56.0
1.392950039330313 103.77404217062572 352.8404750548817 5.0 57.0
1.3929949093751626 103.77403654691375 352.8404750548817 5.0 58.0
1.3930397794197926 103.77403092320084 352.8404750548817 5.0 59.0
1.3930846494642037 103.774025299487 352.8404750548791 5.0 60.0
1.3931295195083937 103.77401967577218 352.8404750548817 5.0 61.0
1.3931743895523643 103.77401405205643 352.8404750548817 5.0 62.0
1.3932192595961155 103.77400842833973 352.8404750548819 5.0 63.0
1.3932641296396457 103.77400280462207 352.8404750548817 5.0 64.0
1.3933089996829564 103.77399718090348 352.8404750548817 5.0 65.0
1.393354015173286 103.77399291791987 354.585399055258 5.0 66.0
1.3933990730986545 103.77398905193913 355.09442025236416 5.0 67.0
1.3934441310238692 103.77398518595749 355.09442025236416 5.0 68.0
1.3934891889489294 103.77398131997495 355.09442025236405 5.0 69.0
1.3935342468738348 103.77397745399153 355.09442025236416 5.0 70.0
1.3935793047985867 103.77397358800722 355.09442025236416 5.0 71.0
1.393624362182695 103.77396971772416 355.08890171192274 5.0 72.0
1.393669419376747 103.77396584593018 355.0869627556622 5.0 73.0
1.3937144765706444 103.77396197413526 355.08696275566484 5.0 74.0
1.3937595337643873 103.77395810233949 355.0869627556622 5.0 75.0
1.3938045909579762 103.77395423054281 355.0869627556622 5.0 76.0
1.3938496481514102 103.77395035874522 355.08696275566484 5.0 77.0
1.39389470534469 103.77394648694677 355.0869627556622 5.0 78.0
1.3939397625378158 103.7739426151474 355.0869627556622 5.0 79.0
1.3939848197307867 103.77393874334716 355.08696275566484 5.0 80.0
1.3940298769236033 103.77393487154599 355.0869627556622 5.0 81.0
1.3940749341162653 103.77393099974395 355.0869627556622 5.0 82.0
1.394119991308773 103.77392712794101 355.08696275566496 5.0 83.0
1.394165048501126 103.77392325613717 355.0869627556622 5.0 84.0
1.394210115787713 103.77391950845151 355.24573620419534 5.0 85.0
1.3942552316680785 103.77391635826847 356.0100561038872 5.0 86.0
1.3943003475483156 103.77391320808456 356.01005610388734 5.0 87.0
1.3943454634284247 103.7739100578998 356.01005610388466 5.0 88.0
1.3943905793084057 103.77390690771415 356.01005610388734 5.0 89.0
1.3944356951882586 103.77390375752762 356.0100561038872 5.0 90.0
1.3944808110679834 103.77390060734022 356.01005610388734 5.0 91.0
1.3945259269475803 103.77389745715196 356.01005610388466 5.0 92.0
1.394571042827049 103.77389430696282 356.01005610388734 5.0 93.0
1.3946161587063899 103.7738911567728 356.0100561038872 5.0 94.0
1.3946612745856029 103.77388800658193 356.01005610388734 5.0 95.0
1.3947063904646875 103.77388485639017 356.01005610388466 5.0 96.0
1.3947515063436442 103.77388170619756 356.01005610388734 5.0 97.0
1.3947966222224732 103.77387855600405 356.0100561038872 5.0 98.0
1.3948417381011735 103.77387540580968 356.01005610388734 5.0 99.0
1.394886853979746 103.77387225561445 356.0100561038872 5.0 100.0
1.3949319698581908 103.77386910541834 356.0100561038847 5.0 101.0
1.3949770857365074 103.77386595522137 356.0100561038872 5.0 102.0
1.3950222016146956 103.7738628050235 356.01005610388734 5.0 103.0
1.395067317492756 103.77385965482478 356.0100561038872 5.0 104.0
1.3951124289538326 103.77385681401613 356.4033887667279 5.0 105.0
1.3951575827175133 103.77385449179192 357.06685521475936 5.0 106.0
1.3952028081101766 103.77385302998229 358.1666370333945 5.0 107.0
1.3952480335027717 103.77385156817188 358.1666370333945 5.0 108.0
1.3952932588952995 103.77385010636063 358.16663703339447 5.0 109.0
1.3953384842877594 103.77384864454858 358.1666370333945 5.0 110.0
1.3953837096801518 103.77384718273571 358.1666370333945 5.0 111.0
1.3954289350724765 103.77384572092204 358.1666370333945 5.0 112.0
1.3954741692514858 103.7738447323599 358.7698478594579 5.0 113.0
1.3955194181350152 103.77384453578087 359.77934982182427 5.0 114.0
1.3955646670185204 103.7738443392011 359.77934982182427 5.0 115.0
1.395609915902002 103.77384414262056 359.77934982182427 5.0 116.0
1.3956551647854598 103.77384394603925 359.77934982182427 5.0 117.0
1.395700413668894 103.77384374945716 359.77934982182427 5.0 118.0
1.3957456625523044 103.77384355287431 359.7793498218269 5.0 119.0
1.3957909114356903 103.77384335629068 359.77934982182427 5.0 120.0
1.3958361603190537 103.77384315970632 359.77934982182427 5.0 121.0
1.3958814092023926 103.77384296312118 359.77934982182427 5.0 122.0
1.3959266580857077 103.77384276653525 359.77934982182427 5.0 123.0
1.3959719064277771 103.77384248537543 359.6715697178559 5.0 124.0
1.396017154168284 103.77384211021709 359.5517788877634 5.0 125.0
1.3960624019087615 103.77384173505797 359.5517788877634 5.0 126.0
1.3961076496492082 103.77384135989809 359.5517788877608 5.0 127.0
1.3961528973896258 103.77384098473743 359.5517788877634 5.0 128.0
1.396198145130013 103.773840609576 359.5517788877634 5.0 129.0
1.3962433928703701 103.77384023441378 359.5517788877634 5.0 130.0
1.3962886406106982 103.7738398592508 359.5517788877634 5.0 131.0
1.396333888350996 103.77383948408705 359.5517788877608 5.0 132.0
1.3963791360912636 103.77383910892252 359.5517788877634 5.0 133.0
1.3964243838315014 103.7738387337572 359.5517788877634 5.0 134.0
1.3964696315717096 103.77383835859114 359.5517788877634 5.0 135.0
1.3965148793118876 103.7738379834243 359.5517788877634 5.0 136.0
1.3965601270520358 103.77383760825666 359.5517788877608 5.0 137.0
1.3966053747921539 103.77383723308826 359.5517788877634 5.0 138.0
1.3966506225322421 103.7738368579191 359.5517788877634 5.0 139.0
1.3966958702723007 103.77383648274913 359.5517788877634 5.0 140.0
1.3967411180123293 103.77383610757842 359.5517788877634 5.0 141.0
1.396786365752328 103.77383573240692 359.5517788877608 5.0 142.0
1.3968316134922967 103.77383535723463 359.5517788877634 5.0 143.0
1.3968768612322358 103.7738349820616 359.5517788877634 5.0 144.0
1.3969221089721446 103.77383460688779 359.5517788877634 5.0 145.0
1.3969673567120233 103.77383423171321 359.5517788877634 5.0 146.0
1.3970126044518727 103.77383385653783 359.5517788877634 5.0 147.0
1.3970578521916917 103.77383348136169 359.5517788877608 5.0 148.0
1.3971030999314817 103.77383310618477 359.5517788877634 5.0 149.0
1.3971483476712405 103.77383273100709 359.5517788877634 5.0 150.0
1.3971935954109702 103.77383235582863 359.5517788877634 5.0 151.0
1.3972388431506697 103.77383198064939 359.5517788877634 5.0 152.0
1.3972840908903392 103.77383160546937 359.5517788877608 5.0 153.0
1.397329338629979 103.7738312302886 359.5517788877634 5.0 154.0
1.397374586369589 103.77383085510702 359.5517788877634 5.0 155.0
1.397419834109169 103.7738304799247 359.5517788877634 5.0 156.0
1.3974650818487186 103.77383010474158 359.5517788877634 5.0 157.0
1.3975103295882387 103.7738297295577 359.5517788877608 5.0 158.0
1.3975555773277293 103.77382935437305 359.5517788877634 5.0 159.0
1.3976008250671892 103.77382897918763 359.5517788877634 5.0 160.0
1.3976460728066202 103.77382860400142 359.5517788877634 5.0 161.0
1.3976913169778757 103.77382806177636 359.3388704766614 5.0 162.0
1.3977365399903348 103.77382652903134 358.0762454521495 5.0 163.0
1.3977817630027238 103.77382499628546 358.0762454521469 5.0 164.0
1.3978269860150427 103.77382346353879 358.076245452147 5.0 165.0
1.3978722090272913 103.7738219307913 358.0762454521469 5.0 166.0
1.39791743203947 103.773820398043 358.0762454521469 5.0 167.0
1.397962655051578 103.77381886529386 358.0762454521495 5.0 168.0
1.3980078780636165 103.77381733254393 358.0762454521469 5.0 169.0
1.398053101075584 103.77381579979317 358.076245452147 5.0 170.0
1.3980983240874818 103.77381426704159 358.0762454521469 5.0 171.0
1.398143547099309 103.7738127342892 358.076245452147 5.0 172.0
1.3981887701110667 103.77381120153598 358.0762454521495 5.0 173.0
1.3982339931227536 103.77380966878196 358.0762454521469 5.0 174.0
1.3982792161343702 103.77380813602711 358.0762454521469 5.0 175.0
1.398324439145917 103.77380660327145 358.0762454521469 5.0 176.0
1.398369662157394 103.77380507051497 358.076245452147 5.0 177.0
1.3984148851687999 103.77380353775767 358.0762454521495 5.0 178.0
1.398460108180136 103.77380200499958 358.0762454521469 5.0 179.0
1.3985053311914022 103.77380047224065 358.0762454521469 5.0 180.0
1.3985505542025976 103.7737989394809 358.076245452147 5.0 181.0
1.3985957772137232 103.77379740672035 358.0762454521469 5.0 182.0
1.3986410002247789 103.77379587395897 358.0762454521495 5.0 183.0
1.3986862232357637 103.77379434119678 358.076245452147 5.0 184.0
1.3987313859635335 103.77379158064817 356.5096587493568 5.0 185.0
1.3987765443821358 103.77378873233631 356.39769267999446 5.0 186.0
1.3988217028006211 103.7737858840236 356.3976926799921 5.0 187.0
1.398866861218989 103.77378303571004 356.39769267999463 5.0 188.0
1.3989120196372395 103.77378018739559 356.3976926799919 5.0 189.0
1.398957178055373 103.77377733908028 356.3976926799921 5.0 190.0
1.3990023364733892 103.77377449076411 356.39769267999463 5.0 191.0
1.399047494891288 103.7737716424471 356.3976926799919 5.0 192.0
1.3990926533090702 103.7737687941292 356.39769267999463 5.0 193.0
1.3991378117267346 103.77376594581045 356.3976926799921 5.0 194.0
1.3991829701442822 103.77376309749084 356.3976926799919 5.0 195.0
1.3992281285617119 103.77376024917037 356.39769267999463 5.0 196.0
1.3992732869790252 103.77375740084902 356.3976926799921 5.0 197.0
1.3993184131627432 103.77375409793694 355.816932756874 5.0 198.0
1.3993635274262015 103.77375062691407 355.60216761712974 5.0 199.0
1.3994086416895193 103.77374715589032 355.60216761712974 5.0 200.0
1.399453755952698 103.77374368486568 355.60216761712974 5.0 201.0
1.3994988702157367 103.77374021384017 355.60216761712974 5.0 202.0
1.3995439844786353 103.77373674281375 355.60216761712974 5.0 203.0
1.3995890987413937 103.77373327178648 355.60216761712974 5.0 204.0
1.3996342130040127 103.77372980075832 355.60216761712974 5.0 205.0
1.3996793272664918 103.77372632972926 355.60216761712974 5.0 206.0
1.3997244415288304 103.77372285869933 355.60216761712974 5.0 207.0
1.3997694948522825 103.77371870659911 354.7307810410361 5.0 208.0
1.3998145178343784 103.77371421539598 354.29693335669657 5.0 209.0
1.3998595408162966 103.77370972419197 354.2969333566968 5.0 210.0
1.3999045637980376 103.773705232987 354.29693335669657 5.0 211.0
1.3999495867796008 103.77370074178114 354.29693335669657 5.0 212.0
1.399994609760986 103.77369625057433 354.2969333566968 5.0 213.0
1.4000396327421938 103.77369175936663 354.29693335669657 5.0 214.0
1.4000846557232238 103.77368726815803 354.2969333566968 5.0 215.0
1.4001296787040767 103.77368277694849 354.29693335669657 5.0 216.0
1.4001747016847514 103.77367828573803 354.2969333566968 5.0 217.0
1.4002197246652486 103.77367379452666 354.29693335669657 5.0 218.0
1.4002647476455685 103.77366930331436 354.29693335669657 5.0 219.0
1.4003097706257104 103.77366481210116 354.2969333566968 5.0 220.0
1.4003547936056746 103.77366032088705 354.29693335669657 5.0 221.0
1.4003998165854614 103.77365582967202 354.2969333566968 5.0 222.0
1.4004448395650708 103.77365133845608 354.29693335669657 5.0 223.0
1.400489859677143 103.77364682403827 354.26715159205725 5.0 224.0
1.4005346386256485 103.77364035827155 351.7615151457308 5.0 225.0
1.4005794175739021 103.77363389250385 351.76151514573303 5.0 226.0
1.4006241965219035 103.77362742673517 351.76151514573115 5.0 227.0
1.4006689754696517 103.77362096096554 351.76151514573337 5.0 228.0
1.4007137544171482 103.77361449519492 351.7615151457304 5.0 229.0
1.400758533364392 103.77360802942333 351.76151514573115 5.0 230.0
1.4008033123113832 103.77360156365076 351.76151514573337 5.0 231.0
1.400848091258122 103.7735950978772 351.7615151457304 5.0 232.0
1.4008928702046084 103.7735886321027 351.76151514573377 5.0 233.0
1.4009376491508425 103.77358216632722 351.7615151457304 5.0 234.0
1.400982428096824 103.77357570055077 351.76151514573337 5.0 235.0
1.4010272070425533 103.77356923477332 351.76151514573115 5.0 236.0
1.40107198598803 103.7735627689949 351.76151514573337 5.0 237.0
1.401116764933254 103.77355630321551 351.7615151457304 5.0 238.0
1.4011615438782261 103.77354983743517 351.76151514573115 5.0 239.0
1.4012062965375438 103.77354319463183 351.53348101105803 5.0 240.0
1.401251046840079 103.77353653595723 351.5130374794883 5.0 241.0
1.4012957971423532 103.77352987728165 351.51303747948793 5.0 242.0
1.4013405474443688 103.77352321860508 351.5130374794909 5.0 243.0
1.4013852977461236 103.77351655992754 351.5130374794883 5.0 244.0
1.4014300480476183 103.77350990124903 351.5130374794905 5.0 245.0
1.4014747983488542 103.77350324256953 351.5130374794883 5.0 246.0
1.4015195486498295 103.77349658388906 351.5130374794883 5.0 247.0
1.401564298950545 103.7734899252076 351.5130374794905 5.0 248.0
1.4016090492510005 103.77348326652516 351.5130374794883 5.0 249.0
1.401653799551196 103.77347660784174 351.5130374794909 5.0 250.0
1.4016985498511325 103.77346994915737 351.51303747948793 5.0 251.0
1.4017432939848962 103.77346325059621 351.4616248789684 5.0 252.0
1.401787992085298 103.77345625433199 351.0777889663292 5.0 253.0
1.401832690185427 103.77344925806679 351.07778896632624 5.0 254.0
1.4018773882852829 103.77344226180061 351.07778896632624 5.0 255.0
1.4019220863848656 103.77343526553342 351.07778896632664 5.0 256.0
1.4019667844841757 103.77342826926524 351.07778896632624 5.0 257.0
1.402011482583213 103.7734212729961 351.07778896632664 5.0 258.0
1.4020561806819771 103.77341427672594 351.07778896632624 5.0 259.0
1.4021008787804683 103.7734072804548 351.07778896632664 5.0 260.0
1.4021455768786868 103.7734002841827 351.07778896632624 5.0 261.0
1.4021902749766322 103.7733932879096 351.07778896632664 5.0 262.0
1.402234973074305 103.77338629163548 351.0777889663288 5.0 263.0
