169742583
1.3657115774356405 103.94573907756245 352.7678680379341
1.3657201782605586 103.94573692271413 350.3378164819811
1.365727628717184 103.94573505607873 348.23742363900556
1.3657357751018073 103.9457330150857 345.9526997141559
1.3657430408084301 103.94573119473745 345.8727025292463
1.365749569480431 103.94572979830657 346.1685897319449
1.3657557506590163 103.94572863768028 346.64857928722887
1.365761809147964 103.94572750009114 347.11917139677246
1.3657669747008088 103.94572653016664 347.52045835703433
1.3657743082535916 103.94572515316152 348.0901704428864
1.3657806925388796 103.94572395439828 348.5860627876832
1.3657871841735083 103.94572273547824 349.090141226977
1.3657938079798395 103.94572149174061 349.3236443173048
1.365798379733571 103.9457206333124 349.3236443173048
1.3658048062709978 103.94571884444115 348.5935529586748
1.3658105598574475 103.94571689948035 347.5073293991485
1.3658171022472183 103.9457146878699 346.27028117019967
1.3658232017708485 103.94571262596735 345.11611499402875
1.3658281896390982 103.94571093985232 344.17235518424366
1.36583495641296 103.9457086523903 342.8930636612728
1.365843500014499 103.94570576428367 341.28140574296776
1.3658499503487413 103.94570358379187 341.2356230806755
1.3658564845351797 103.94570137495434 341.2356230806754
1.365860962659806 103.94569986115458 341.2356230806754
1.3658682272643896 103.94569572634158 339.2012726868885
1.3658744132155756 103.94569192257488 337.1146320622545
1.365880538554486 103.94568815607887 335.0422305470644
1.3658866638626272 103.94568438960171 332.96908613555394
1.3658939725995765 103.9456798954293 330.5019581961446
1.3658980475099067 103.94567738975013 329.1326803424773
1.3659020952019891 103.94567490080757 328.27301223395136
1.3659061091021896 103.94567243264378 328.2730122339521
1.3659100169460585 103.94567002969443 328.2730122339521
1.3659175013278917 103.94566542751706 328.2730122339521
1.3659236493367504 103.94566111334935 327.69344129717484
1.3659291189264775 103.9456550412464 324.73009108420285
1.3659346699891552 103.94564887869562 321.69690228744895
1.3659393085603468 103.94564372915356 319.15455591424853
1.3659424313089514 103.94564026241244 317.44441396065963
1.3659473013965935 103.94563485585068 314.7877654877669
1.3659507353126628 103.94563104366479 312.9274589556884
1.365955986172918 103.94562521438554 311.8537154146597
1.3659619515127326 103.94561859192179 311.85371541465946
1.3659662605013598 103.94561238238398 310.6392352436688
1.3659709906296045 103.94560507133124 308.87974563865123
1.3659745446174956 103.9455995781624 307.55561421795335
1.3659782635638262 103.9455938300279 306.16976186572305
1.3659829465093534 103.94558659190223 304.4267671391477
1.365985904129955 103.94558202049953 303.3284775244614
1.3659900060743855 103.9455756803895 302.75955421293565
1.3659927630758988 103.94557141907066 302.75955421293565
1.3659953114166632 103.9455674802652 302.7595542129354
1.3659992376944123 103.94556141167163 302.7595542129354
1.366002438756446 103.94555646399706 302.75955421293565
1.3660063707766184 103.94555038652771 302.75955421293565
1.3660105518506318 103.94554392411187 302.75955421293577
