635714801
1.3680009919444236 103.94639461509729 10.498883714515992
1.3680059221396992 103.94639552067697 10.49888371451547
1.368011645953065 103.94639657202865 10.498883714515355
1.3680203350818874 103.9463981680503 10.498883714515992
1.3680270415996574 103.94639939990535 10.49888371451612
1.3680333101775242 103.9464005513195 10.498883714515992
1.3680420076090172 103.94640214886614 10.498883714515355
1.368047594656128 103.94640317509649 10.498883714515355
1.3680553856684161 103.94640460615179 10.498883714515355
1.368061852876346 103.94640579405032 10.498883714515992
1.3680674316453196 103.94640681876014 10.49888371451612
1.3680762961301765 103.94640844699114 10.49888371451547
1.3680821955002003 103.94640953058902 10.49888371451547
1.3680890144056128 103.94641078308742 10.498883714515992
1.368095895787075 103.94641204706141 10.49888371451612
1.3681022696344565 103.94641321781141 10.49888371451547
