-23960796 cluster_259758384_4593387866 259758383 54.99
-539602768 cluster_259758384_4593387866 4593387855 18.58
-539602769 4593387855 cluster_243483855_243483949 9.11
-640088028 cluster_565323808_6790132027 1314857999 473.49
-640209046 259758396 cluster_259758384_4593387866 26.83
-654775137 6135583090 cluster_565323808_6790132027 147.72
-676155911 1314857999 6332220596 176.22
116591365 243492356 259396978 345.56
116591367 1314046117 243492406 309.36
116591370 565323801 5928431645 51.99
116683972 1143845202 1314857999 7.93
166807218 5928431645 cluster_565323808_6790132027 12.3
166807224 1782398102 565323801 10.98
166850588 1143845202 1143845175 57.0
169492373 1314857999 cluster_565323808_6790132027 469.77
174262751 258282327 6142810638 202.3
174262752 1143850529 1143845192 473.41
175992328 243492356 6142581589 217.15
175992329 1314046117 243492354 288.25
200159278 259396978 cluster_243483848_6015460495 49.77
22698750 cluster_243483855_243483949 6585263033 0.2
22699673 243492348 243492347 69.68
22699682 243492348 cluster_243483848_6015460495 0.2
22699683 243492347 243492354 344.17
22699687 243492375 243492374 112.62
22699689 1143850529 243492375 364.08
22699690 5991967497 5928055900 306.28
23960796 259758383 cluster_259758384_4593387866 54.71
39959539 243492374 259396978 116.35
464199174 6775411358 4593387855 19.31
464199175 cluster_259758384_4593387866 4593387861 47.19
464288954 6332220596 1314857999 177.5
473393261 243492347 243492406 112.71
474446528 243483964 4684001237 187.64
474446530 4684001237 6775411358 23.41
474446533#0 cluster_243483855_243483949 4593387861 33.52
474446533#1 4593387861 243483962 13.11
474446536 243483962 4684001238 27.64
474446538 4684001238 cluster_243483848_6015460495 124.4
538417614 4593387860 cluster_243483855_243483949 0.2
538417615#0 cluster_243483848_6015460495 5982429303 165.27
539602768 4593387855 cluster_259758384_4593387866 18.58
539602769 cluster_243483855_243483949 4593387855 8.95
633800167 5982429303 cluster_243483855_243483949 40.65
634218977 cluster_565323808_6790132027 6135583090 149.45
635111253 243492406 5991967497 51.2
640209046 cluster_259758384_4593387866 259758396 26.83
649589020 565323801 1143850529 217.29
655635004 6142581589 1314046117 53.58
655660138 6142810638 243492356 53.24
655662044 5928055900 1143845202 45.13
711601923 5928431645 cluster_565323808_6790132027 24.77
722315777 6775411358 4593387860 12.29
722315778 4593387860 6585263033 2.02
722315779 1143845175 1143845192 164.57
800636144 7488361967 1782398102 225.96
821563445 6585263033 5220231377 154.67
