711601923
1.309230822373365 103.93667548230017 219.1827675655975
1.309224132505633 103.93667167312873 216.56477041001642
1.309216323305932 103.93666777293492 213.31233032962777
1.3092088969392117 103.93666445662737 210.59430999063537
1.3092014223469328 103.93666174452993 207.52969012274738
1.3091937177041322 103.93665923251746 204.67250503191073
1.3091876247278007 103.93665758028355 202.38759604448217
1.3091830398126778 103.93665643429155 200.74588062990944
1.3091770821056516 103.93665530339351 198.32175234065005
1.3091723841491931 103.93665441162256 196.9029779994623
1.3091650632185698 103.93665314198036 194.56847016054724
1.3091573549904092 103.93665192738528 192.6607937829464
1.3091499414951044 103.93665115790516 190.61000171617565
1.3091427814070293 103.93665068103341 188.79623459988167
1.3091367170836274 103.9366505580621 187.17895489250873
1.3091305226120586 103.93665061812554 185.6203080487335
1.309124867971492 103.93665093703802 183.89685689836682
1.3091159822187417 103.93665161104458 181.1098754268123
1.3091084539965465 103.93665235169283 178.98057280501678
1.3091034694276324 103.9366530871779 177.37551076278353
1.3090946542290216 103.93665452513261 175.0279952233016
1.3090880971479755 103.9366558987845 173.0920110175696
1.3090811866040337 103.93665759530573 171.41897516262915
1.309073873922197 103.93665939055077 169.7436845823257
1.309069438927398 103.93666068247134 168.65130150307274
1.3090627326156143 103.93666295394108 166.63789169615353
