116591365
1.3086132508462702 103.9326102034533 74.91159987446223
1.3086146473710125 103.93261534135812 74.91159987446223
1.3086161290387557 103.93262079250957 74.9115998744623
1.308617813748852 103.932626990667 74.91159987446223
1.3086191776592553 103.93263200858166 74.91159987446252
1.3086210233654398 103.93263879905425 74.91159987446223
1.3086229290467408 103.93264581017922 74.91159987446223
1.3086241843002508 103.93265042833823 74.91159987446223
1.308626022779501 103.93265719222263 74.91159987446252
1.3086280342750638 103.93266459264532 74.91159987446223
1.3086294403900802 103.93266902785004 74.66455912306007
1.308633406399896 103.93267657739946 72.29741770042862
1.3086368939355442 103.9326832161432 70.20534174734385
1.3086407641404125 103.93269058332194 67.87920463474511
1.3086439975713884 103.93269673836151 65.93750899607568
1.3086472095088186 103.93270285248678 64.01494495591936
1.3086494254583418 103.93270707068635 62.69440627202168
1.30865356024694 103.93271494151703 62.461987160666226
1.3086561277307458 103.93271982888429 62.461987160666226
1.3086589377500706 103.93272517793322 62.461987160666524
1.3086622333314 103.93273145128008 62.461987160666226
1.308664553950654 103.93273586872515 62.46198716066622
1.308667925111832 103.93274278641037 62.75922595212156
1.3086707284260908 103.93274911023481 63.345984842471786
1.3086728397340397 103.93275387300471 63.78804744635049
1.308675473244717 103.93275981377974 64.33953711029135
1.308678096589264 103.93276573162161 64.8889013577218
1.3086809350941395 103.93277213483053 65.48321004134965
1.3086832332452283 103.9327773190885 65.96421135658892
1.3086856428611888 103.9327827547933 66.25362262695546
1.30868813483813 103.93278837629119 66.25362262695576
1.3086910409949903 103.93279493211217 66.25362262695576
1.3086943682891008 103.9328024379509 66.25362262695576
1.308696717924623 103.9328077383496 66.25362262695576
1.3086993422807423 103.93281365847368 66.25362262695576
1.3087028519976418 103.93282157582891 66.25362262695576
1.3087055275893402 103.93282761153228 66.25362262695576
1.3087083226842111 103.93283391681554 66.25362262695546
1.3087112044425744 103.93284041759773 66.25362262695546
1.3087139721365872 103.93284666106915 66.25362262695576
1.3087172098033584 103.93285396472339 66.25362262695576
1.3087197457232673 103.93285968534987 66.25362262695576
1.3087231722374857 103.93286741501359 66.25362262695546
1.3087266035629703 103.9328751555308 66.25362262695576
1.3087299512398938 103.93288270735037 66.25362262695576
1.308733472281185 103.9328906502521 66.25362262695546
1.308736160936525 103.93289671542529 66.25362262695576
1.308738638034254 103.93290230335863 66.25362262695576
1.3087415665242368 103.93290912558454 66.36537260739624
1.3087441187323865 103.93291526331156 66.56214173417152
1.308746144521542 103.93292013506971 66.71833137292562
1.3087483980229206 103.93292555444602 66.89208110291476
1.3087514574924206 103.9329329120704 67.12797274934448
1.308754570784828 103.93294039913187 67.36800679990249
1.308758001864782 103.93294865043093 67.5764787837501
1.3087599385747366 103.93295330796538 67.5764787837501
1.3087623939223807 103.93295921275578 67.5764787837498
1.3087654413201961 103.93296654134953 67.5764787837498
1.3087688232795365 103.93297467452012 67.5764787837501
1.3087710011610454 103.9329799120408 67.5764787837498
1.3087732748085104 103.93298537986612 67.5764787837501
1.3087759587166266 103.93299183431479 67.5764787837498
1.3087781878732885 103.9329971951456 67.5764787837501
1.3087811758477395 103.93300438083418 67.5764787837501
1.3087831776371806 103.93300919487656 67.5764787837501
1.308786506707188 103.93301720085553 67.5764787837501
1.3087888043649845 103.93302272642275 67.57647878375005
1.3087914936905012 103.93302919389977 67.5764787837498
1.3087945312853944 103.93303649891925 67.5764787837498
1.3087967411954717 103.93304181346475 67.57647878375005
1.308799322954581 103.93304802225872 67.5764787837498
1.3088026785041225 103.93305609191778 67.5764787837498
1.3088054532068099 103.93306276471597 67.5764787837498
1.3088072166651539 103.93306700560339 67.5764787837501
1.308810585331402 103.93307510680657 67.5764787837498
1.3088125622542177 103.93307986104826 67.5764787837498
1.3088149596676795 103.93308562651518 67.5764787837501
1.308817413759637 103.93309152828652 67.5764787837498
1.3088200335180504 103.93309782846414 67.5764787837501
1.3088228905471062 103.93310469924677 67.5764787837498
1.3088251269178202 103.93311007742697 67.5764787837498
1.3088279113758834 103.93311677368591 67.5764787837498
1.3088301620810006 103.93312218633855 67.5764787837501
1.3088319721940331 103.93312653942463 67.5764787837501
1.3088346062641742 103.93313287402029 67.57647878375005
1.3088368683659073 103.93313831408041 67.57647878375035
1.3088401985085163 103.93314632263977 67.5764787837501
1.3088423866881236 103.93315158492686 67.5764787837498
1.3088452647657496 103.93315850632891 67.57647878375035
1.3088478261417833 103.93316466610487 67.5764787837501
1.3088497045152565 103.93316918334861 67.5764787837501
1.308852102909092 103.93317495117367 67.5764787837498
1.3088544085790095 103.9331804960098 67.57647878374955
1.3088566467939886 103.9331858786256 67.5764787837501
1.3088596261619483 103.93319304361793 67.5764787837501
1.3088614069309408 103.9331973261357 67.5764787837501
1.3088646749861208 103.93320518538331 67.57647878375035
1.308867474393092 103.93321191759301 67.57647878375005
1.3088706159482928 103.93321947262474 67.5764787837501
1.308872906168072 103.93322498030554 67.5764787837501
1.3088763230287774 103.93323319741128 67.5764787837501
1.3088785450218927 103.93323854101588 67.5764787837498
1.308881818339039 103.93324641291814 67.5764787837501
1.308883860854606 103.93325132490263 67.5764787837501
1.3088863582527719 103.93325733082067 67.5764787837501
1.3088885371842203 103.93326257086765 67.5764787837501
1.3088919319011558 103.93327073472082 67.5764787837501
1.3088943175104877 103.93327647180134 67.5764787837498
1.3088969606908545 103.93328282830679 67.5764787837501
1.3088998686479267 103.93328982156584 67.5764787837498
1.3089023226355354 103.93329572308733 67.5764787837501
1.3089048755983475 103.93330186263137 67.5764787837498
1.3089068314958796 103.93330656631097 67.5764787837501
1.3089097528443097 103.93331359177466 67.5764787837501
1.3089125493369054 103.9333203169763 67.5764787837501
1.3089157024927802 103.9333278999069 67.5764787837498
1.3089181787192292 103.93333385491015 67.5764787837501
1.308921054878808 103.93334077170068 67.5764787837501
1.3089228303161031 103.93334504139698 67.5764787837501
1.308926257264085 103.93335328276224 67.57647878374955
1.30892950822953 103.9333611009124 67.5764787837501
1.3089320323200597 103.93336717102272 67.5764787837501
1.308935005586439 103.93337432134274 67.5764787837501
1.3089367297083891 103.93337846763242 67.5764787837501
1.3089395406109698 103.93338522748861 67.5764787837498
1.3089418006516587 103.93339066259344 67.5764787837501
1.3089435354670182 103.93339483459947 67.5764787837501
1.3089452957715928 103.93339906790375 67.5764787837498
1.308948363791197 103.9334064460932 67.5764787837498
1.308950881623438 103.9334125011534 67.5764787837501
1.3089539358951798 103.9334198462811 67.5764787837501
1.308957205358671 103.93342770891712 67.5764787837501
1.3089591710886133 103.93343243624294 67.57647878375035
1.3089623868913065 103.93344016983181 67.5764787837501
1.3089650381189444 103.93344654569084 67.5764787837501
1.3089668229995972 103.93345083809761 67.5764787837501
1.3089692714146972 103.93345672621881 67.5764787837501
1.3089719629357872 103.93346319897847 67.5764787837501
1.3089741267587234 103.93346840269244 67.5764787837501
1.3089765876539141 103.93347432082675 67.5764787837498
1.308979482272467 103.93348128200961 67.5764787837498
1.3089823039379478 103.93348806774982 67.57647878374955
1.308984565025072 103.93349350537171 67.5764787837501
1.308987240334544 103.93349993914474 67.5764787837501
1.3089900719873948 103.93350666159758 67.53369539331511
1.3089933744643236 103.93351444757978 67.45722539410458
1.308995270770242 103.93351891834658 67.41331562171106
1.3089978689249182 103.93352504380535 67.35315417807176
1.3089997660868375 103.93352951659031 67.30922456001642
1.3090020442181374 103.93353488755595 67.25647353431991
1.3090048745856864 103.9335415604843 67.19093554975842
1.309006720403873 103.93354591222037 67.17241015096694
1.309009584482786 103.93355266462734 67.17241015096694
1.3090125944132762 103.93355976089681 67.17241015096694
1.3090151540356565 103.93356579551133 67.17241015096668
1.3090174918190918 103.93357130711415 67.17241015096694
1.3090202168586587 103.93357773171944 67.17241015096694
1.3090222865781624 103.93358261132967 67.17241015096694
1.3090250516535813 103.93358913032435 67.17241015096668
1.3090283680100614 103.93359694902982 67.17241015096694
1.3090305096881372 103.93360199829107 67.17241015096668
1.3090335899690833 103.93360926042041 67.17241015096694
1.309036733357491 103.93361667133318 67.17241015096694
1.3090392894590615 103.93362269764728 67.17241015096694
1.3090418228844836 103.93362867049969 67.17241015096694
1.3090450032418728 103.93363616857137 67.172410150967
1.3090483969404996 103.93364416962052 67.17241015096694
1.3090517301861508 103.93365202814462 67.17241015096668
1.3090547587630588 103.93365916837588 67.17241015096668
1.309057388779571 103.9336653689535 67.17241015096694
1.3090600005718636 103.93367152656539 67.172410150967
1.309062210134203 103.9336767358722 67.17241015096668
1.3090644614608844 103.93368204364349 67.17241015096694
1.309067536191373 103.9336892926875 67.17241015096668
1.3090706813280057 103.93369630151321 66.96994750927806
1.3090742500011918 103.93370397533096 66.60119306806546
1.3090770278983697 103.93370994872095 66.31412562629988
1.3090790757726114 103.93371435232223 66.10249411422174
1.3090811889069247 103.93371889625409 65.88412130697974
1.309083735576468 103.93372437242893 65.62095937712743
1.3090871613855086 103.93373173904206 65.26699139230895
1.309090025584893 103.93373789801026 65.22485943116797
1.309092944885626 103.93374417546447 65.224859431168
1.3090954976185432 103.93374966467765 65.224859431168
1.3090985024059687 103.93375612595634 65.22485943116826
1.3091018536216363 103.93376333216945 65.22485943116826
1.3091045717154977 103.93376856370432 64.89469573744165
1.3091083003375417 103.93377552725536 64.32694870550142
1.3091120933986917 103.93378261115251 63.7492474807175
1.3091151733521227 103.93378836325418 63.28013090229936
1.3091175174517715 103.93379274107998 62.92312133375188
1.3091214812290153 103.93380014380553 62.3195699236635
1.309124081143469 103.9338049993895 62.01117974341511
1.3091267381126759 103.93380996152858 62.0111797434148
1.30913066750435 103.93381730003594 62.01117974341452
1.309133253251582 103.93382212916137 62.01117974341452
1.3091365160016444 103.93382822265306 62.01117974341483
1.309139516404013 103.93383355293872 61.846464677670006
1.3091439776351501 103.93384084600473 61.220129782219466
1.3091468744658041 103.93384558164308 60.81331114935775
1.3091513476137913 103.93385289419041 60.18504852341423
1.3091550784748134 103.93385899327275 59.66106971202044
1.3091596208368061 103.93386641896878 59.02328929141194
1.3091631664037626 103.93387221513886 58.73420038850817
1.3091655942177336 103.9338761840451 58.73420038850817
1.3091683282267192 103.93388065350833 58.73420038850817
1.3091728316632125 103.93388801557045 58.73420038850787
1.3091754148362416 103.9338922384523 58.73420038850817
1.3091790216286314 103.93389797917861 58.630527257493064
1.3091818166328217 103.93390208610737 58.32236168823286
1.309186329499955 103.93390871723301 57.82468016083716
1.3091892627457422 103.93391302729151 57.50115675734959
1.3091936121183814 103.93391941818132 57.021429074248125
1.3091978025378495 103.93392557550823 56.559275942540424
1.3092022167198853 103.93393206162787 56.07255638264484
1.3092071297802907 103.93393928079043 55.95854249270869
1.3092107324395703 103.93394457447317 55.95854249270869
1.3092141692537596 103.93394962446612 55.95854249270869
1.309218539256487 103.93395604566958 55.95854249270841
1.3092220622230673 103.93396114541832 55.90330703371235
1.3092263746563764 103.93396673555954 55.36653749225995
1.3092302787569505 103.93397179638532 54.880422580069876
1.3092344684155073 103.93397722737556 54.358653734175334
1.3092378640796285 103.93398162912298 53.93575042601889
1.3092431810231648 103.93398852139552 53.273654571904
1.309246104209187 103.93399231067684 52.90974347257541
1.3092498815087683 103.9339972071325 52.55513449365567
1.3092548857377297 103.93400369403798 52.555134493655935
1.3092582191065942 103.93400801503309 52.55513449365567
1.3092614861154082 103.93401225000669 52.55513449365567
1.3092646331995887 103.9340163295238 52.555134493655274
1.30926797436926 103.93402066063102 52.555134493655935
1.3092710171962503 103.93402460500117 52.555134493655935
1.3092753515387596 103.93403022354319 52.55513449365567
1.3092803907895978 103.93403667733283 52.493837403154636
1.309284681921532 103.9340421211899 52.40118786975437
1.3092892852156903 103.93404796106523 52.30179763251798
1.3092931424326522 103.93405285444496 52.218515794274516
1.3092971840121965 103.93405798171251 52.1312535278068
1.309300555182496 103.93406225847905 52.058466579738635
1.3093041566120753 103.93406682735935 51.980708813348926
1.3093079957944922 103.93407169785998 51.95693427049374
1.3093120291734623 103.9340768147241 51.95693427049374
1.3093160403065733 103.93408190336649 51.9569342704936
1.3093188793649282 103.9340855050801 51.95693427049374
1.3093228965696224 103.93409060142511 51.95693427049374
1.30932806100904 103.93409715318614 51.95693427049374
1.3093311360093938 103.93410105422281 51.95693427049374
1.3093355915382552 103.93410628618061 51.62417395536493
1.3093407087373379 103.93411206370786 51.058667622173864
1.309343801430985 103.93411555548562 50.71681406850688
1.3093482843858726 103.93412061692521 50.22124267426361
1.3093523404256617 103.93412519636023 49.77287517259989
1.3093579915021964 103.93413157665705 49.14831024701859
1.309362567399876 103.93413674303294 48.67622436216564
1.309368451741877 103.93414338669608 48.67622436216564
1.3093738761161056 103.93414951103675 48.67622436216564
1.3093790743448277 103.93415538004994 48.676224362165215
1.3093830306916698 103.93415984692763 48.676224362165215
1.309387142486313 103.93416390193768 48.178051900995946
1.3093936553994292 103.93417004418016 47.149966778360834
1.3094000396732712 103.93417606510468 46.14152923947748
1.3094049914372006 103.934180735048 45.359317637276675
1.309409669454085 103.93418514682408 44.620598708526806
1.30941494248278 103.934190119748 43.78852305571153
1.3094200268465914 103.93419491474452 43.53119928561387
1.3094256386661496 103.93420020717765 43.53119928561387
1.3094306455711497 103.93420492912385 43.53119928561387
1.3094356956153215 103.93420969175403 43.5311992856141
1.3094397176355077 103.9342132769526 43.33764400003145
1.3094463282469946 103.93421855538882 42.447156493828395
1.3094500684270538 103.93422154184506 41.94303184179903
1.3094540538753945 103.93422472414295 41.405718752671156
1.3094592841704427 103.93422890042514 40.700529376207854
1.3094633259381456 103.93423212769285 40.15567316728764
1.309469879879359 103.93423736087908 39.272593474625786
1.3094738791184997 103.93424055418866 38.811384036758504
1.3094794904074551 103.93424503468661 38.8113840367587
1.3094854629326196 103.9342498036242 38.8113840367587
1.309489060386653 103.93425267611671 38.8113840367587
1.309493445837014 103.93425617780798 38.811384036758504
1.3094976578753823 103.93425954103334 38.811384036758504
1.309504289314501 103.93426426317922 38.237978915986474
1.3095089326190845 103.93426722619195 37.492058140955216
1.3095147099831403 103.93427091287737 36.56317155203749
1.3095193156831328 103.93427385189364 35.8223442928268
1.309525742023199 103.93427795270746 34.788694055702756
1.3095319588542123 103.93428191982814 33.78934507038077
1.3095381816571547 103.93428589075965 32.79024406482394
1.309545341291372 103.93429045950744 32.73522627210752
1.3095504135647027 103.93429369625626 32.73522627210752
1.3095552178214402 103.93429676197677 32.73522627210752
1.3095616883222254 103.93430086380857 32.705895037076836
1.3095688529307428 103.9343042788527 31.45511742261818
1.3095754169923106 103.9343074076433 30.307256943511028
1.309582330189938 103.93431070285123 29.09739383876758
1.3095884528938273 103.93431362126664 28.025911031785906
1.3095927970327788 103.93431569192076 27.26613124080181
1.3096003483439211 103.9343192912885 25.947192763590305
1.3096059514220384 103.93432196202187 25.653258984835045
1.3096133661406189 103.93432549628213 25.653258984835045
1.3096208131165963 103.93432904591802 25.65325898483577
1.3096250633683981 103.9343310718204 25.653258984835627
1.3096302791755001 103.93433355795922 25.653258984835045
1.3096379849496187 103.93433646441913 24.765801824076433
1.3096462463924226 103.93433958022936 23.813268481731207
1.3096537684168794 103.9343424171673 22.94569587946993
1.3096620187331665 103.93434552878115 21.99428950143014
1.3096687495611516 103.93434806731868 21.21858826973454
1.3096731002686484 103.93434970819172 20.81072796503131
1.3096782016695938 103.93435163218945 20.81072796503131
1.3096839317066629 103.93435379327784 20.810727965030697
1.3096910893774507 103.93435649279948 20.810727965030697
1.3096973867249633 103.93435886784945 20.810727965030697
1.3097039634808363 103.93436101683514 20.412973750460196
1.309711188475515 103.9343632270199 19.795004548638108
1.3097195924889817 103.93436579787613 19.07596081551524
1.309725269462375 103.93436753450854 18.59020941048114
1.309733654215953 103.934370099473 17.872887445122085
1.3097386385461314 103.93437162422022 17.446623404663285
1.3097455566578267 103.93437374052695 17.13734578312017
1.3097504280973915 103.93437523074 17.13734578312017
1.309758687709016 103.9343777574225 17.13734578312017
1.3097663836356674 103.93438011166913 17.137345783120704
1.309772012306425 103.93438183352536 17.137345783120793
1.3097774419480754 103.93438329590563 16.89374703446032
1.3097826456984965 103.93438465757416 16.611332904992558
1.3097899786035547 103.93438657637984 16.21331615098843
1.3097979838301583 103.93438867111229 15.77878022992307
1.3098039788190639 103.93439023982461 15.453373853416734
1.3098124900538723 103.93439246696452 14.991447303030393
1.3098178841383383 103.93439387843783 14.778987451416482
1.3098248507794856 103.93439570140296 14.778987451415679
1.3098315032151724 103.93439744214979 14.778987451415679
1.3098370455690718 103.93439889242083 14.778987451416315
1.309843387437502 103.9344005519013 14.778987451415679
1.309848478835914 103.9344016479491 14.485782952381392
1.3098532649806447 103.93440257863244 14.086340297459271
1.3098587603986167 103.93440364723652 13.62756772713368
1.30986317699251 103.93440450605934 13.25879149951618
1.3098707060223094 103.93440597010667 12.63008882591954
1.3098770863194542 103.93440721077872 12.097361796456864
1.3098854719957833 103.93440884140405 11.397430104331093
1.3098917168202227 103.93441005573293 11.097883925095179
1.3098988136244254 103.93441143573237 11.097883925095179
1.3099064971189147 103.93441292981586 11.097883925095305
1.3099135073803398 103.93441429298673 11.097883925095305
1.3099182113066363 103.93441520768233 11.097883925095179
1.3099254063140726 103.93441660677772 11.097883925095305
1.309930339207539 103.93441756599681 11.097883925095179
1.3099362349791568 103.93441871245103 11.097883925095179
1.309942941776758 103.9344198050356 10.831381034204922
1.3099480705558428 103.93442052369407 10.4803095030831
1.3099565464744467 103.93442171136284 9.899985468017654
1.3099647090410496 103.93442285512387 9.34105137952395
1.309973275652288 103.93442405550071 8.754499959906205
1.309982030962684 103.93442528231856 8.155206964656244
1.3099906362193137 103.93442648811046 8.051829480016464
1.3099991613649733 103.93442768267698 8.0518294800172
1.3100046656116238 103.93442845394695 8.051829480017112
1.31001310935708 103.93442963710743 8.051829480017112
1.3100193637287334 103.9344305134869 8.051829480017112
1.3100245287047252 103.93443123721731 8.051829480016552
1.3100313011041935 103.93443218618424 8.051829480017112
1.310037069048044 103.93443283741018 7.852315882063245
1.3100428139610807 103.93443347215235 7.635937797940878
1.3100503472599938 103.9344343044891 7.352184017486382
1.3100557542027298 103.93443490188969 7.148517768362079
1.3100644660284968 103.9344358644391 6.8203702112353515
1.3100714190553961 103.93443663266291 6.558488510700304
1.310077077349969 103.93443725783474 6.369748503419347
1.3100840309931714 103.93443802612661 6.369748503418697
1.310088607093664 103.93443853172933 6.369748503418697
1.3100948362197933 103.934439219971 6.369748503418697
1.3101000397068951 103.93443979489217 6.369748503418697
1.31010738815576 103.93444060680515 6.369748503419347
1.3101157460688406 103.93444132001015 6.101570941082672
1.3101213666377696 103.93444177201249 5.885978775814258
1.3101289858705347 103.93444238474603 5.593706628941744
1.3101357485051026 103.93444292859252 5.334289313460253
1.3101403784303411 103.93444330092794 5.156687092523494
1.3101487024626661 103.93444397034095 4.837399684681453
1.310154389818116 103.93444442771418 4.651790628297453
1.3101632563114112 103.93444514075149 4.651790628297453
1.3101707630661437 103.93444574443953 4.651790628297403
1.310178127394345 103.93444633667372 4.651790628298115
1.3101860652381343 103.93444696394799 4.637615327395028
1.3101914328153415 103.9344472966621 4.511048028333369
1.3101994066015001 103.93444779092442 4.3230197828562735
1.3102068860843104 103.93444825454688 4.1466436135262805
1.3102156561440879 103.93444879816688 3.93983359468837
1.3102239940476128 103.93444931499927 3.7432187563753274
1.310230207593053 103.93444970015143 3.5967036447282257
1.3102364882501005 103.93445008946354 3.5942589104717637
1.3102410435644123 103.93445037182873 3.5942589104717637
1.3102467960522084 103.93445072840179 3.5942589104717637
1.310255550873195 103.93445127107712 3.5942589104717637
1.3102638677617877 103.93445178660679 3.5942589104718023
1.3102697703111483 103.9344521524815 3.5942589104717637
1.3102759831575044 103.93445253759025 3.5942589104717637
1.310280768005511 103.93445283418323 3.5942589104718023
1.310288723728869 103.93445332732571 3.5942589104717637
1.3102975142735622 103.93445387221529 3.5942589104717637
1.3103056332039422 103.93445437547426 3.5942589104718023
1.3103144340697483 103.93445492100356 3.5942589104717637
1.3103212959530117 103.93445534634333 3.5942589104717637
1.3103261146975758 103.9344556450374 3.5942589104717637
1.3103343372640393 103.93445603493127 3.4408210897981824
1.3103394096595486 103.93445622437403 3.2807332674632215
1.3103471374206352 103.9344565129888 3.0368295071716647
1.3103517676813876 103.93445668591879 2.890685927909345
1.3103567285228872 103.93445687119522 2.7341083020539374
1.3103653753488709 103.93445719413499 2.4611977949569335
1.310370100679655 103.9344573706156 2.3120645881907556
1.3103786978969585 103.93445769170256 2.1770772896508106
1.310384103098417 103.93445789357482 2.1770772896508106
1.3103919342837393 103.93445818605214 2.1770772896508106
1.3103968112319144 103.9344583681953 2.1770772896514723
1.3104055759407056 103.93445869553761 2.1770772896508106
1.3104102464580694 103.93445886997101 2.1770772896508106
1.3104184805583783 103.93445917749625 2.1770772896508106
1.3104264756942412 103.93445947609669 2.1770772896508106
1.310432238762995 103.93445969133441 2.1770772896514723
1.3104388180125583 103.93445993705464 2.1770772896508106
1.3104459241190707 103.93446020245179 2.1770772896508106
1.310450476791209 103.93446037248387 2.1770772896514723
1.310457760932673 103.93446064453019 2.1770772896508106
1.3104657288246615 103.93446094211303 2.1770772896508106
1.3104723238358613 103.93446102036232 1.961523106898987
1.3104804838949793 103.93446076699917 1.245348256527537
1.310487929510076 103.9344605358189 0.5915879443028218
1.3104964907363679 103.93446026999978 359.83975800381035
1.3105046254570203 103.93446001742329 359.12549571742153
1.3105130003670564 103.93445975738909 358.39049671966853
1.310517656924574 103.93445961280673 358.2344525666778
1.3105234258221272 103.9344594336871 358.2344525666785
1.3105283672875445 103.93445928025855 358.2344525666785
1.3105335388472337 103.93445911968576 358.2344525666778
1.3105405308023357 103.93445890259113 358.2344525666785
1.3105475848903712 103.9344586835673 358.2344525666778
1.3105522053607455 103.93445854010537 358.2344525666779
1.310561012201999 103.9344582666599 358.2344525666778
1.3105675944315338 103.93445806228685 358.2344525666779
1.3105725521978506 103.9344579083521 358.2344525666785
1.3105792425642453 103.93445770062148 358.2344525666778
1.3105876487622556 103.9344574396156 358.2344525666785
1.3105943808109592 103.93445723059072 358.2344525666779
1.3105990476666258 103.93445701330265 358.14159968167706
1.310606532802918 103.93445660000053 357.90954462838505
1.3106154616082324 103.93445610698417 357.6327175212289
