473393261
1.3107461437763832 103.93463391116744 164.98475297052175
1.3107375616459735 103.93463620227483 164.98475297052175
1.3107290760092176 103.93463846762198 164.98475297052175
1.3107223817578781 103.93464025473632 164.98475297052175
1.3107150525714764 103.93464221135449 164.98475297052258
1.3107069735874188 103.93464436814051 164.98475297052175
1.3107002329608335 103.9346461676352 164.98475297052175
1.3106923203224934 103.93464828001308 164.98475297052175
1.310684380498983 103.93465039964833 164.9847529705224
1.3106769350678016 103.93465238729937 164.98475297052192
1.3106694208673673 103.93465439330916 164.98475297052175
1.3106620316738782 103.93465636594674 164.98475297052258
1.3106545466908657 103.9346583641565 164.98475297052192
1.3106495202264383 103.934659706034 164.9847529705224
1.3106423705291503 103.934661614735 164.98475297052175
1.3106378471706408 103.93466282230206 164.98475297052192
1.3106331135070537 103.93466408601266 164.98475297052175
1.3106269123705687 103.93466574148346 164.98475297052175
1.310621526646978 103.9346671792696 164.98475297052258
1.3106130152616882 103.93466945149008 164.98475297052175
1.3106061473338382 103.93467128496907 164.98475297052192
1.310601258114656 103.93467259020709 164.98475297052175
1.3105941904353924 103.93467447701218 164.98475297052175
1.310585723677735 103.93467673731863 164.98475297052175
1.3105770474685843 103.93467905354075 164.98475297052192
1.3105716315636864 103.93468049938399 164.98475297052175
1.3105635720184339 103.93468265097991 164.98475297052192
1.3105568396228284 103.9346844482767 164.98475297052192
1.3105502451785618 103.93468620874563 164.98475297052258
1.3105445707020051 103.93468772361771 164.98475297052175
1.310538807369482 103.934689262211 164.98475297052175
1.310532229038107 103.93469101837833 164.98475297052192
1.3105255662134416 103.93469279710217 164.98475297052175
1.310517319527978 103.93469499865729 164.98475297052192
1.3105106702243905 103.93469677377146 164.98475297052175
1.3105054697967509 103.93469816209017 164.98475297052192
1.3104978285147584 103.93470020202523 164.98475297052192
1.3104933789571063 103.93470138988985 164.98475297052192
1.3104873960740544 103.9347029870947 164.9847529705224
1.3104828439108782 103.9347042023511 164.98475297052192
1.310477165374426 103.93470571830682 164.9847529705224
1.3104716023174623 103.93470720343383 164.98475297052175
1.3104631530511663 103.93470945907016 164.98475297052175
1.3104553442419091 103.93471154372853 164.98475297052192
1.3104472463583534 103.9347137055588 164.98475297052175
1.3104406225294791 103.93471547387192 164.98475297052192
1.3104330386967395 103.9347174984699 164.98475297052258
1.3104259504831322 103.9347193907562 164.98475297052175
1.3104179415625534 103.93472152883658 164.98475297052192
1.3104132880435198 103.93472277115102 164.98475297052192
1.310404902338229 103.93472500981868 164.98475297052175
1.310398939923934 103.93472660155884 164.98475297052192
1.3103912495175043 103.93472865460781 164.98475297052175
1.3103846083022839 103.9347304275622 164.98475297052175
1.3103759524566323 103.93473273834704 164.98475297052258
1.3103679472261638 103.93473487544206 164.9847529705224
1.3103607418886216 103.9347367989958 164.98475297052175
1.310355450491689 103.93473821159944 164.98475297052175
1.3103505080053641 103.93473953105708 164.98475297052192
1.3103430430193204 103.93474152392709 164.98475297052175
1.3103384013878192 103.9347427630678 164.98475297052175
1.3103333748665489 103.93474410495958 164.98475297052192
1.3103261198137923 103.93474604178523 164.98475297052192
1.310321502631926 103.93474727439877 164.98475297052175
1.310317069525559 103.93474845787108 164.98475297052192
1.3103120188543786 103.9347498062099 164.9847529705224
1.3103044556114696 103.93475182531063 164.98475297052175
1.3102980298289306 103.93475354075228 164.98475297052175
1.310289581433853 103.9347557961552 164.98475297052175
1.3102828704156102 103.93475758774402 164.98475297052258
1.3102783692626911 103.93475878938206 164.9847529705224
1.310273410016969 103.93476011331362 164.98475297052258
1.3102666372313108 103.93476192139191 164.98475297052175
1.3102584461280797 103.93476410810749 164.98475297052175
1.3102515957828933 103.93476593689118 164.98475297052175
1.3102438803212064 103.93476799662832 164.98475297052192
1.3102352608799837 103.93477029769386 164.9847529705224
1.3102277946176384 103.9347722909041 164.98475297052175
1.3102220442800765 103.93477382602718 164.98475297052175
1.3102141638376525 103.93477592980781 164.9847529705224
1.3102073633990046 103.93477774526819 164.98475297052192
1.3102005552410647 103.93477956278929 164.98475297052258
1.3101937327556124 103.93478138413529 164.98475297052192
1.3101877083612805 103.93478299242105 164.98475297052175
1.310182008664982 103.9347845140247 164.98475297052192
1.310176234074788 103.93478605562215 164.98475297052192
1.3101700288853357 103.93478771217332 164.98475297052192
1.3101620019683915 103.9347898550569 164.98475297052192
1.3101548420269287 103.93479176649075 164.9847529705224
1.3101498990999267 103.93479308606547 164.98475297052192
1.3101423120055549 103.93479511153295 164.98475297052192
1.3101357829195863 103.93479685455213 164.98475297052175
1.310130616390905 103.93479823381999 164.98475297052258
1.3101239636600384 103.93480000984765 164.98475297052192
1.3101188693267067 103.93480136984206 164.98475297052192
1.3101115761586848 103.93480331684218 164.9847529705222
1.310104079864796 103.9348053180692 164.98475297052175
1.3100986176938523 103.93480677626226 164.98475297052192
1.3100928432228793 103.93480831782765 164.9847529705224
1.3100881791459789 103.93480956295977 164.9847529705224
1.3100833211986076 103.93481085984796 164.9847529705224
1.3100776437767216 103.93481237550483 164.98475297052192
1.3100702340408061 103.934814353624 164.9847529705224
1.3100637604883658 103.93481608181759 164.9847529705224
1.3100575583566016 103.93481773755207 164.98475297052192
1.3100503923102031 103.93481965061527 164.9847529705224
1.3100459280059382 103.93482084241556 164.98475297052175
1.3100388598017343 103.93482272935854 164.98475297052175
1.3100321067242013 103.9348245321746 164.98475297052258
1.3100262173886 103.93482610440427 164.98475297052192
1.3100213308216322 103.93482740893263 164.9847529705224
1.3100163657336477 103.93482873442314 164.98475297052192
1.310010885053589 103.93483019755718 164.98475297052192
1.3100022672458478 103.93483249818549 164.98475297052192
1.3099940392196197 103.93483469475686 164.98475297052175
1.309986722446992 103.93483664805798 164.98475297052258
1.3099804299824562 103.93483832790766 164.98475297052175
1.30997424197337 103.93483997987163 164.98475297052175
1.3099672822660917 103.93484183784976 164.98475297052192
1.3099592735821357 103.9348439758649 164.98475297052175
1.30995397389521 103.93484539068045 164.98475297052175
1.3099455742720603 103.93484763306148 164.98475297052175
1.3099386052778677 103.93484949351874 164.98475297052175
1.3099308303161883 103.93485156913874 164.98475297052192
1.3099239156942246 103.93485341508065 164.98475297052258
1.3099163356462287 103.93485543866605 164.98475297052192
1.3099078326059947 103.93485770865533 164.98475297052258
1.30990268391043 103.93485908316175 164.98475297052192
1.309896776426942 103.93486066023577 164.98475297052175
1.309889453609853 103.93486261515015 164.98475297052175
1.3098843402469365 103.93486398022405 164.98475297052175
1.3098788329474034 103.93486545046407 164.98475297052192
1.3098709424515358 103.93486755692707 164.98475297052175
1.3098629799479038 103.93486968261338 164.98475297052175
1.309858139545875 103.934870974817 164.98475297052192
1.3098528279381934 103.93487239281464 164.98475297052175
1.3098443202076395 103.93487466405576 164.98475297052192
1.3098360982032873 103.93487685901879 164.98475297052258
1.3098314823604398 103.93487809127356 164.98475297052175
1.3098261244711484 103.93487952162656 164.98475297052175
1.3098189423016082 103.93488143899309 164.98475297052175
1.309811687458737 103.93488337576059 164.98475297052258
