-640088028
1.3089269206620595 103.93665204752347 216.94608879709457
1.3089207859199177 103.93664746742671 216.94608879709457
1.3089143831387655 103.93664268721648 216.94608879709457
1.3089076797680173 103.93663776062093 216.8665503046609
1.3089028886778455 103.93663439849838 216.64755666067808
1.308898011815888 103.93663097618591 216.42462617388958
1.30889307100639 103.9366275089986 216.19876258499949
1.3088874022677446 103.93662353099083 215.93961923737396
1.308882150296511 103.93661984544741 215.69953387513343
1.3088781096600488 103.93661700995183 215.51483189233116
1.308874282397654 103.93661432419042 215.3398946612731
1.3088677033694178 103.93660970739168 215.25737208908913
1.3088623140896303 103.93660592549273 215.25737208908896
1.308856077581028 103.93660154905537 215.25737208909
1.308849690990899 103.9365970672991 215.25737208909
1.308842338309711 103.93659190759348 215.25737208909018
1.3088363215610355 103.93658768537155 215.25737208908896
1.3088303768813554 103.93658351372365 215.25737208909
1.308826086490399 103.93658050296423 215.25737208909
1.308821289624757 103.93657713678884 215.25737208908913
1.308816728099107 103.93657393576207 215.25737208908896
1.3088118846519383 103.93657053689836 215.25737208909
1.30880644410333 103.93656671902184 215.25737208908896
1.3087995463239805 103.93656187854127 215.25737208908896
1.308792912810115 103.93655722350765 215.25737208908913
1.3087889668201913 103.93655445442988 215.25737208908913
1.3087827005037622 103.93655005707514 215.25737208908896
1.308777790927897 103.936546611806 215.25737208909
1.308770834583792 103.93654173022796 215.25737208909
1.308765202502293 103.93653777794428 215.25737208908896
1.3087581822896055 103.93653285154684 215.25737208908896
1.3087543879273649 103.93653018887302 215.25737208908896
1.3087492732005939 103.93652659964035 215.25737208909
1.3087433928564252 103.93652247313966 215.25737208908896
1.3087382370085165 103.93651885505044 215.25737208908896
1.3087341503647822 103.93651598726966 215.25737208909
1.3087281719302035 103.93651179193455 215.25737208909
1.3087215004151662 103.93650711023392 215.25737208909
1.3087166283311527 103.93650369127454 215.25737208908896
1.3087110512396078 103.93649977757984 215.25737208909
1.3087062290764657 103.93649639365219 215.25737208909
1.3086995225499454 103.93649168738246 215.25737208908896
1.3086951771706 103.93648863803534 215.25737208909
1.3086897874491445 103.93648485582663 215.25737208908896
1.3086837144005274 103.93648059409671 215.25737208908896
1.3086763425749564 103.9364754209569 215.25737208908896
1.3086691810467672 103.93647033064339 215.3248045356607
1.3086622238708698 103.93646535803232 215.41900374606084
1.308657826938166 103.93646221534391 215.4785378883366
1.3086509661009418 103.9364573115905 215.5714331851649
1.3086470415688214 103.93645450654833 215.62457097542503
1.3086428936554546 103.9364515418454 215.68073310275517
1.3086375243858313 103.93644770418342 215.7534316968836
1.308631636476661 103.93644349582613 215.75449269406806
1.3086256932618285 103.93643924793935 215.75449269406806
1.3086218423876894 103.93643649554392 215.75449269406806
1.3086171724572986 103.93643315773163 215.75449269406806
1.3086132124461518 103.93643032733102 215.75449269406806
1.308607761738792 103.93642643146181 215.75449269406806
1.3086021014181257 103.93642238577245 215.75449269406812
1.3085955269345937 103.93641768668918 215.75449269406795
1.3085909526200472 103.93641441721793 215.75449269406806
1.308586355952102 103.93641113176967 215.75449269406806
1.308580315883268 103.93640681465699 215.75449269406806
1.3085756844614558 103.93640350436857 215.75449269406795
1.3085692769183024 103.93639892460526 215.75449269406806
1.308562398603692 103.93639400836011 215.75449269406806
1.3085573605455962 103.93639040743022 215.75449269406795
1.3085530626698438 103.93638733554243 215.754492694069
1.3085470108431025 103.93638301002586 215.75449269406806
1.308540165621051 103.9363781174335 215.75449269406806
1.3085339535983316 103.9363736774176 215.75449269406806
1.3085297752364156 103.9363706909518 215.75449269406806
1.3085225013401995 103.93636549196651 215.75449269406806
1.30851641583527 103.93636114237867 215.7544926940691
1.3085117491866696 103.93635780691214 215.75449269406806
1.308505759017757 103.93635352546532 215.75449269406806
1.3085019660524808 103.93635081446008 215.75449269406806
1.3084959010987824 103.93634647956118 215.75449269406806
1.308490013187265 103.93634227120238 215.75449269406795
1.3084849407441266 103.93633864569603 215.75449269406806
1.3084796001246828 103.93633482851185 215.75449269406806
1.3084738951948762 103.93633075093844 215.75449269406806
1.3084690759822164 103.93632730642749 215.75449269406806
1.3084627987810822 103.93632281982569 215.75449269406806
1.308457253819144 103.93631885658864 215.75449269406806
1.3084533989944305 103.9363161013697 215.75449269406806
1.3084461309427566 103.9363109065619 215.75449269406806
1.3084409286213297 103.93630718822565 215.7544926940691
1.3084357168144982 103.93630346310977 215.75449269406812
1.3084285560002353 103.93629834494946 215.75449269406806
1.308423030414724 103.93629439556167 215.75449269406812
1.3084178547382097 103.9362906962698 215.7544926940691
1.308412499269367 103.93628686847215 215.75449269406806
1.308407167667756 103.9362830577335 215.75449269406812
1.3084024554131264 103.93627968967039 215.75449269406795
1.308396654856419 103.93627554374818 215.75449269406806
1.3083899763882845 103.9362707703427 215.75449269406812
1.308384713308455 103.93626700857972 215.75449269406812
1.3083791515102265 103.9362630333091 215.754492694069
1.3083750805008787 103.93626012357323 215.75449269406806
1.3083688402519396 103.93625566338301 215.75449269406806
1.3083646327877003 103.93625265611661 215.75449269406806
1.3083598469066369 103.93624923542937 215.75449269406795
1.3083549536420158 103.93624573799022 215.75449269406806
1.308349194412839 103.93624162160675 215.75449269406806
1.3083440525768342 103.93623794650232 215.75449269406806
1.3083400468113335 103.93623508339924 215.754492694069
1.3083335988962352 103.93623047478059 215.75449269406806
1.3083294278811497 103.9362274935661 215.75449269406806
1.3083235797943575 103.93622331367207 215.75449269406786
1.3083181326819031 103.93621942037268 215.75449269406806
1.308314370997524 103.93621673172552 215.75449269406812
1.3083092541523569 103.93621307448323 215.75449269406806
1.3083035225409083 103.93620897783946 215.754492694069
1.30829703566848 103.93620434137628 215.75449269406806
1.3082898814590738 103.936199227937 215.75449269406806
1.3082835264899588 103.93619468575113 215.75449269406806
1.3082778274966027 103.93619061242104 215.75449269406795
1.308272584404079 103.93618686494405 215.75449269406806
1.3082674040190407 103.93618316228695 215.75449269406806
1.308261254397438 103.93617876687236 215.75449269406795
1.30825463932753 103.93617403878066 215.75449269406806
1.308248977780015 103.93616999221487 215.75449269406806
1.308245073990118 103.93616720199846 215.75449269406806
1.3082379686705725 103.93616212350307 215.75449269406812
1.3082323347929186 103.93615809671421 215.75449269406806
1.3082282075816187 103.93615514680836 215.75449269406795
1.3082213685116406 103.93615020652582 215.8084052847846
1.308214567146602 103.93614512883349 216.03244410225113
1.3082080017528617 103.93614022731016 216.24871924914174
1.3082040908289898 103.93613730753333 216.37755344717974
1.308199887529804 103.93613409249299 216.59574213302386
1.3081961128210287 103.93613103624837 216.96676606522897
1.3081902318190324 103.93612627461462 217.54489579065154
1.3081842596858435 103.93612143919526 218.0294078855323
1.3081772918602959 103.9361157976 218.47769754336758
1.3081709995015356 103.93611070290565 218.88248861609574
1.3081663030491995 103.93610690035878 219.18456369528388
1.3081612222367354 103.93610278660948 219.20105841664963
1.3081573228580192 103.93609962942419 219.20105841665062
1.3081504741144876 103.93609408424535 219.20105841664952
1.3081440163213265 103.93608885560485 219.20105841665062
1.3081384260171147 103.93608432933863 219.20105841665062
1.30813318061501 103.93608008232712 219.20105841665074
1.30812669655861 103.93607483242225 219.20105841664972
1.3081216854082098 103.93607077507588 219.20105841664972
1.3081153669068109 103.9360656592149 219.20105841664963
1.308108567083049 103.93606015364473 219.20105841664963
1.3081046508558076 103.93605698281787 219.20105841665062
1.3080976762318548 103.93605133571832 219.20105841664963
1.308090710435761 103.93604569576641 219.20105841664963
1.3080848118159236 103.93604091986836 219.20105841664963
1.3080779265007478 103.93603534507895 219.20105841665062
1.30807185214408 103.93603042689317 219.20105841664963
1.3080673554648445 103.93602678609547 219.20105841664963
1.3080614169704508 103.93602197791247 219.20105841664963
1.308057334565706 103.93601867253778 219.20105841664963
1.308053435421301 103.93601551554232 219.20105841664963
1.3080465285425138 103.93600992329372 219.20105841664972
1.308041052960489 103.93600548110783 219.20976244090946
1.3080363805388195 103.93600112272271 219.77856199038595
1.30803288619281 103.93599786323401 220.20413849089863
1.3080290017617302 103.93599423987811 220.67735160691382
1.3080253949040133 103.93599087543971 221.11681624032965
1.3080211226899099 103.93598689036396 221.63735876951978
1.308014876012925 103.93598106353032 222.39832618394087
1.3080089545639828 103.93597554006594 223.11929158303568
1.3080037836396892 103.93597071668296 223.2171471639916
1.3079984605624644 103.93596575137336 223.2171471639916
1.3079924379487902 103.93596013354365 223.21714716399248
1.3079889487925431 103.93595687889598 223.21714716399163
1.3079852639654426 103.93595344172861 223.21714716399254
1.307980564893853 103.93594905848484 223.2171471639916
1.307974921631872 103.93594379451041 223.21714716399148
1.307969350685177 103.93593859799087 223.2171471639914
1.3079633060655418 103.93593295963431 223.2171471639914
1.3079590551941565 103.93592899446695 223.21714716399254
1.3079542166032498 103.93592448108112 223.21714716399254
1.3079496912767534 103.93592025990499 223.2171471639916
1.307944102020538 103.93591504630659 223.21714716399163
1.3079392444461853 103.93591051521325 223.21714716399254
1.3079359184513428 103.93590741276087 223.2171471639924
1.3079296130240687 103.93590101462104 223.6973572743858
1.3079256975380142 103.9358969651085 224.0667348878668
1.3079223861586164 103.93589354038109 224.3791645256278
1.3079177312605983 103.93588872614664 224.81838306941427
1.307911653719975 103.93588244057278 225.3918070590934
1.30790701498293 103.93587764305252 225.82939022744895
1.3079011786661936 103.93587160695962 226.17304676857896
1.307897579537371 103.93586788463323 226.17304676857896
1.3078920685572408 103.93586218501319 226.17304676857896
1.3078885790534287 103.93585857606426 226.17304676857876
1.3078827294131568 103.93585252619184 226.17304676857876
1.3078786518360783 103.93584830904004 226.17304676857788
1.3078733329078596 103.93584280804586 226.17304676857802
1.3078685112807 103.93583782137532 226.17304676857802
1.3078631580068618 103.93583228485993 226.17304676857896
1.3078593216653998 103.93582831720124 226.17304676857802
1.3078557220863245 103.93582459440927 226.17304676857887
1.3078497424097686 103.93581841004955 226.17304676857896
1.3078460536519594 103.93581459502629 226.17304676857802
1.307839865285973 103.9358081948338 226.17304676857796
1.307833958945356 103.93580208632036 226.17304676857876
1.3078302270147242 103.93579822664653 226.1730467685788
1.3078244099167422 103.93579142454314 226.86754118147581
1.3078196566290412 103.93578562594965 227.64807153741165
1.3078144240235468 103.93577924263056 228.50767221002423
1.3078093504924482 103.93577305336831 229.34114867209996
1.3078046728831318 103.93576734709589 230.10928293227752
1.3077990249394096 103.93576045710073 230.86290368595056
1.3077941552477896 103.93575451650479 230.86290368595056
1.3077903415246162 103.93574986409762 230.86290368595078
1.3077858018241577 103.93574432606192 230.86290368594996
1.307782129416064 103.93573984604677 230.86290368594996
1.3077769553541256 103.93573353414585 230.86290368595067
1.307773616358218 103.93572946086428 230.86290368595078
1.3077697804916146 103.93572478144411 230.86290368595078
1.3077649541847767 103.93571889377394 230.86290368595078
1.3077604615080203 103.93571341310313 230.86290368595067
1.307756614568826 103.93570872017546 230.86290368595078
1.3077528210552367 103.93570409242231 230.86290368595078
1.3077478031754157 103.93569797105 230.86290368595078
1.3077431852055286 103.93569233753269 230.86290368595078
1.3077382113259635 103.93568626983685 230.86290368595078
1.3077349420053785 103.93568228155316 230.8629036859509
1.3077318492181427 103.93567850862463 230.86290368594996
1.3077264930990988 103.9356719746303 230.86290368595078
1.3077213420540212 103.93566479503636 231.58445187662042
1.307717833706105 103.93565981486597 232.1488553660528
1.3077151829459246 103.9356560520586 232.57540383861848
1.307712072754897 103.93565163707996 233.07593117457037
1.3077072138815422 103.93564473981162 233.85780891817953
1.3077036128292194 103.93563962804552 234.4370791062369
1.3077002820327073 103.935634899913 234.97260745442287
1.307697639266637 103.9356311484535 235.03487922646667
1.30769378615103 103.93562567887858 235.0348792264659
1.3076909590993486 103.93562166582198 235.03487922646667
1.3076879174366125 103.93561734812072 235.03487922646644
1.3076837498157923 103.93561143209936 235.03487922646667
1.30768067653092 103.93560706950986 235.03487922646667
1.3076767977452222 103.93560156349581 235.0348792264659
1.3076733278996224 103.93559663798044 235.0348792264659
1.3076689286088283 103.93559039309898 235.03487922646593
1.3076637967321483 103.93558310829722 235.03487922646667
1.3076597376749337 103.93557734638424 235.0348792264665
1.307654946629188 103.93557054539887 235.03487922646667
1.3076517534228749 103.93556546634147 235.43436961647396
1.3076474574654302 103.93555796033198 236.46490281538863
1.3076433361904198 103.93555075953226 237.4543030128886
1.307640650563446 103.93554606713444 238.0991664427991
1.3076370315578056 103.93553974391295 238.9679665394163
1.3076340969267057 103.93553461644866 239.6720679436924
1.307630273666879 103.93552793634898 240.39937969786678
1.3076273979102195 103.93552291175168 240.39937969786678
1.307623875610796 103.93551675749795 240.39937969786612
1.3076212972078787 103.93551225244491 240.39937969786612
1.307618340228273 103.9355070859328 240.39937969786612
1.3076150240001543 103.93550129173232 240.39937969786612
1.3076105928364237 103.93549354948723 240.39937969786612
1.3076061282424072 103.93548574883191 240.399379697866
1.307603875549651 103.93548181286829 240.39937969786612
1.3076013793621417 103.93547745146427 240.39937969786678
1.3075974283027811 103.93547054807019 240.39937969786675
1.3075933253987342 103.93546337936915 240.39937969786678
1.307590782526586 103.93545893639659 240.399379697866
1.3075870487508665 103.9354522804356 240.48271279483043
1.3075844002299606 103.9354464398292 241.24776920611728
1.3075813813880184 103.93543978257863 242.12058150611136
1.307578051143939 103.93543243861373 243.08393015101578
1.3075761022681187 103.93542814088804 243.6477218687157
1.307573120684685 103.93542156580124 244.5100181525891
1.3075697484575406 103.935414129254 245.48449352365816
1.307566997546532 103.93540806285377 245.77035034530596
1.3075641613730962 103.93540180843006 245.77035034530596
1.3075608186014989 103.93539443683929 245.77035034530596
1.3075579839488245 103.93538818576927 245.7703503453058
1.307554860070333 103.9353812968889 245.77035034530596
1.307552749307019 103.93537664216375 245.7703503453065
1.3075496579361552 103.93536982497038 245.77035034530596
1.307546531744629 103.93536293098936 245.77035034530596
1.307543885008184 103.93535709431858 245.77035034530596
1.3075406583110536 103.93534997869934 245.77035034530596
1.3075379621183132 103.93534403296599 245.7703503453065
1.3075357508145193 103.93533873758763 245.989807244822
1.3075340908823243 103.9353339395662 246.5860082187613
1.3075312486899329 103.93532572423068 247.60769197730608
1.307529736808358 103.9353213541485 248.15141845829908
1.3075270588329695 103.93531361348107 249.11456741907924
1.3075253638324416 103.93530871409502 249.72401332737059
1.3075230457493288 103.93530201369356 250.55698411069494
1.3075206977520855 103.93529522682557 251.05458043727845
1.3075189952144108 103.93529030565355 251.05458043727853
1.3075167850577918 103.93528391721293 251.05458043727853
1.307515282206145 103.93527957323187 251.05458043727853
1.3075129092335465 103.935272714173 251.05458043727853
1.307511132620039 103.93526757888547 251.05458043727853
1.3075088006669333 103.93526083839319 251.05458043727813
1.3075072630681435 103.9352563939759 251.05458043727853
1.307505205496212 103.93525044658035 251.05458043727853
1.3075035130281074 103.93524555451457 251.05458043727853
1.3075007716009688 103.935237630441 251.05458043727853
1.3074981088037807 103.93522993364675 251.05458043727853
1.307496441630688 103.93522511469611 251.05458043727853
1.3074945005198544 103.93521950393061 251.05458043727845
1.3074925457616566 103.93521385371757 251.05458043727845
1.3074908790766857 103.93520708359974 251.86432918376545
1.3074891275620473 103.93519994544454 252.72581231406164
1.3074872773300066 103.93519240497467 253.6363148643726
1.307485681750764 103.9351859023216 254.42154055622385
1.307483807497419 103.93517826395504 255.34353565657716
1.3074824262632307 103.93517263484786 256.0224801087717
1.3074805041064272 103.93516480125481 256.32313394868754
1.3074783926262217 103.9351561960898 256.3231339486879
1.3074763969266936 103.9351480627796 256.3231339486879
1.3074745319962229 103.93514046240807 256.32313394868777
1.3074726143236923 103.9351326470907 256.32313394868777
1.3074714610272424 103.93512794692549 256.3231339486879
1.3074696748797259 103.93512066762766 256.3231339486879
1.307467903251328 103.93511199155363 256.76289479507113
1.3074662697183836 103.93510366678066 257.26666320264854
1.3074648428505118 103.93509639520958 257.7067499149477
1.3074637311241837 103.93509072965561 258.04963662393584
1.307462092246385 103.93508237764466 258.555052933561
1.3074604658934403 103.93507408946267 258.9921148289309
1.307459227345088 103.93506777760152 258.9921148289306
1.3074579363793704 103.9350611986123 258.9921148289306
1.3074569061853984 103.93505594856198 258.9921148289306
1.3074554913581928 103.9350487383529 258.9921148289308
1.3074545606229144 103.93504399516175 258.9921148289306
1.3074529638800887 103.93503585787877 258.9921148289309
1.3074516089056734 103.93502895269033 258.9921148289306
1.3074501718268994 103.93502040170293 259.29162595311755
1.3074490557196639 103.9350118776396 259.98401336207485
1.3074482564790562 103.93500577358687 260.4799882604997
1.3074475093616365 103.93500006761543 260.94366282830566
1.3074463483477978 103.93499120058671 261.66414993607737
1.3074452192380999 103.93498257722017 262.3645789669538
1.307444502431123 103.93497710273954 262.61210339615644
1.3074436181934703 103.9349703495382 262.61210339615633
1.3074424619507325 103.93496151894861 262.61210339615633
1.3074416152332886 103.9349550523012 262.61210339615644
1.3074408474267203 103.9349491883211 262.61210339615633
1.3074399130826386 103.93494205244177 262.61210339615633
1.3074391870882358 103.93493650779452 262.61210339615633
1.3074384668519485 103.93493100712388 262.61210339615633
1.3074377423669 103.93492547400419 262.61210339615633
1.3074372420568057 103.93492039709328 262.8187009691826
1.3074366980545327 103.9349120472757 263.5090901708181
1.3074361177378429 103.93490314007344 264.24586733422944
1.3074355573995038 103.93489453951669 264.95735155536397
1.307435210142356 103.93488920951427 265.39821593088226
1.3074346604645433 103.93488077258513 266.09581957505213
1.3074341411355654 103.93487280147649 266.3205833280679
1.3074335982479695 103.93486446877026 266.3205833280679
1.3074332817780565 103.93485961131775 266.3205833280679
1.3074327757018032 103.93485184362432 266.3205833280679
1.3074324111794973 103.93484624862273 266.3205833280679
1.3074320748666495 103.93484108660437 266.3205833280679
1.3074316758172753 103.93483496165209 266.3205833280679
1.3074311257789586 103.93482651919233 266.3205833280679
1.307430615717334 103.9348186903295 266.3205833280679
1.3074301623579434 103.93481173178142 266.3205833280679
1.3074296395918825 103.93480370792072 266.3205833280679
1.3074294320723534 103.93479583776559 266.7065884986628
1.3074296904326363 103.93479055885214 267.46898853315673
1.307430028147622 103.93478365853352 268.4666366282769
1.3074304370402436 103.93477530388633 269.6753861266445
1.3074307992325376 103.93476790343718 270.7460340664896
1.3074312147379108 103.93475941367464 271.9732160776689
1.3074315170467419 103.93475323678614 272.80824441863825
1.3074317658614105 103.93474815291037 272.8082444186382
1.3074320073552392 103.93474321861657 272.80824441863825
1.307432304804772 103.93473714101428 272.80824441863825
1.3074325734273913 103.9347316524142 272.80824441863825
1.3074329050184086 103.93472487721935 272.8082444186382
1.3074331777350998 103.93471930496703 272.80824441863825
1.3074337721274445 103.93471159799323 273.0830889378169
1.3074342103157848 103.93470634663406 273.31237682318596
1.3074346344186463 103.93470126407871 273.5343088202322
1.3074351282226733 103.93469534620688 273.7927243311633
1.307435712426812 103.93468834495711 274.09844648564115
1.3074363239943365 103.93468101577734 274.4184689388499
1.3074366997299611 103.93467651286653 274.6150664435978
1.3074372056951284 103.93467044925174 274.76364169072616
1.3074375797798043 103.93466596612608 274.76364169072616
1.3074382617239273 103.9346577935344 274.76364169072616
1.3074387290299565 103.93465219322 274.76364169072616
1.3074391538813683 103.93464710169238 274.76364169072616
1.3074398549661213 103.9346386997137 274.76364169072616
1.3074404113568052 103.93463203178543 274.76364169072616
1.3074409795684696 103.93462522219126 274.7636416907262
1.3074416922619985 103.93461711325716 274.80916964303316
1.3074427346558821 103.93461056540762 275.43564787861595
1.3074436571488006 103.93460477072193 275.99036036216216
1.307444641165918 103.93459858956876 276.58225153665074
1.3074455134595369 103.9345931102123 277.10699905945114
1.3074463857512486 103.93458763086772 277.63170871699106
1.3074475116618158 103.93458055840333 278.30878077969214
1.3074485186057536 103.93457423323375 278.9139813110704
1.307449772719351 103.93456635545519 279.01245881193466
1.3074510136152684 103.93455856070398 279.01245881193466
1.307452044837718 103.93455208302724 279.01245881193466
1.307453379731847 103.93454369782108 279.01245881193466
1.3074544492902542 103.93453697933475 279.01245881193466
1.307455860130074 103.93452811707145 279.01245881193466
1.3074575467218943 103.93452000234007 279.50655974436796
1.3074590249171272 103.93451394646054 280.1504621274845
1.307460729575641 103.93450696280472 280.8933732410562
1.3074619309886295 103.93450204084827 281.4170676859621
1.3074630519804151 103.93449744836191 281.9056959589656
1.3074646209049297 103.93449102078173 282.58941793571705
1.3074660854445415 103.93448502084625 283.2273315034626
1.3074673072806047 103.9344800152202 283.65662719925734
1.3074689087007016 103.93447345451168 283.6566271992572
1.3074705583673571 103.93446669614626 283.6566271992572
1.3074716331973626 103.93446229277544 283.65662719925734
1.3074734204271532 103.93445497084024 283.65662719925734
1.3074746941280504 103.93444975273363 283.6566271992572
1.3074762791930379 103.9344432590284 283.65662719925734
1.307477551894846 103.93443804501476 283.6566271992572
1.3074801980067012 103.93442949823289 284.3462842074442
1.3074823095341352 103.93442335216858 285.0998966258808
1.3074843673173016 103.93441736253871 285.8347174453153
1.3074864810687334 103.93441121000082 286.5896689735696
1.3074880174148436 103.93440673812793 287.1383373498466
1.3074905433008668 103.93439938598164 288.0400003877676
1.3074930341234674 103.93439213589505 288.8715436161358
1.3074948301394975 103.93438690819562 288.8715436161356
1.3074962913834955 103.93438265492375 288.8715436161356
1.307499143392156 103.93437435352548 288.87154361613585
1.3075006742010111 103.93436989776968 288.8715436161358
1.3075022292031562 103.93436537159397 288.8715436161356
1.307503825032124 103.93436072658277 288.8715436161358
1.3075060295989132 103.93435430970618 288.8715436161358
1.3075076006790487 103.93434973673183 288.8715436161356
1.3075096778363027 103.93434369070859 288.8715436161358
1.3075126257658025 103.93433612937888 289.29142451616724
1.3075157975581053 103.93432803896755 289.7618765506378
1.3075187507743808 103.93432050608632 290.19994954017375
1.3075218291679236 103.93431265391058 290.65657644315166
1.3075236143008377 103.93430810050397 290.9213409992424
1.3075259987573666 103.93430201837967 291.27493767788457
1.307527814204598 103.93429738764908 291.3063121132999
1.307530234409616 103.93429121433967 291.3063121133001
1.307533455621864 103.93428299787038 291.3063121132999
1.307536683056253 103.93427476552992 291.3063121132999
1.3075390443436814 103.9342687425036 291.3063121132999
1.3075414903591205 103.93426250335824 291.3063121133001
1.307544482144201 103.93425554331472 291.61698993486914
1.3075481133832123 103.93424787791241 292.3565010996381
1.3075505575293511 103.9342427184163 292.8544439141774
1.307552775752609 103.93423803583444 293.30641581326205
1.3075558643865008 103.93423151584997 293.9357171273749
1.307559277411799 103.93422431108792 294.63091882775285
1.3075614748054238 103.93421967247647 295.0783081249591
1.307564777192085 103.93421270126812 295.22932543193224
1.3075671780845053 103.93420763307859 295.22932543193224
1.307570091458542 103.93420148306048 295.22932543193224
1.3075724869761918 103.93419642621679 295.22932543193224
1.307575342457812 103.93419039840717 295.22932543193224
1.3075775989701321 103.9341856349982 295.22932543193224
1.3075797405326963 103.93418111424361 295.22932543193224
1.3075825951176194 103.93417508832674 295.22932543193224
1.3075846422905544 103.9341707668249 295.22932543193224
1.3075873906986417 103.93416496504308 295.22932543193224
1.3075908316897227 103.93415816041177 295.4786632816423
1.3075932257059573 103.93415364152813 295.76911560368956
1.3075956177606107 103.93414912634707 296.0593678482743
1.3075990710170928 103.93414260806856 296.47842315009814
1.3076032316724568 103.93413475452195 296.98332189748066
1.3076065092430764 103.93412856786347 297.38100949381214
1.3076103268516415 103.93412136184304 297.78542396261895
1.307613165375779 103.93411600391735 297.785423962619
1.3076158272503238 103.93411097943088 297.7854239626193
1.3076194385891933 103.9341041627597 297.7854239626193
1.3076230554016035 103.93409733575675 297.785423962619
1.3076262711529485 103.93409126578635 297.7854239626193
1.307629611236069 103.93408496113041 297.7854239626193
1.3076317579984158 103.93408090895639 297.7854239626193
1.3076352484755112 103.93407432042049 297.7854239626193
1.3076385860356372 103.93406802052672 297.7854239626193
1.30764168147324 103.93406217765724 297.7854239626193
1.3076446526452998 103.93405656934816 297.785423962619
1.3076469380593165 103.93405225545855 297.785423962619
1.3076498942158188 103.9340466754924 297.785423962619
1.3076527228489692 103.93404133623604 297.7854239626193
1.3076563899318387 103.93403441434312 297.78542396261935
1.3076602331217404 103.93402716003497 297.7854239626193
1.307663748184273 103.93402052509165 297.7854239626193
1.3076676279780477 103.93401320169077 297.785423962619
1.307671661261214 103.9340055885671 297.7854239626193
1.3076750254252274 103.93399923845584 297.78542396261935
1.307677535294872 103.93399450088903 297.7854239626193
1.307680626802528 103.93398866543693 297.7854239626193
1.3076831600480991 103.93398388374624 297.785423962619
1.3076860231606908 103.93397847940682 297.785423962619
1.3076887088592524 103.93397340994962 297.785423962619
1.3076909038400135 103.933969266759 297.7854239626193
1.3076937149158137 103.93396396064279 297.785423962619
1.3076971912599449 103.93395739878268 297.785423962619
1.307699414632198 103.9339532020009 297.785423962619
1.3077031168367723 103.93394621381216 297.785423962619
1.3077072389543167 103.93393843300612 297.78542396261935
1.307710404159515 103.93393245844383 297.78542396261935
1.30771256019947 103.93392838875664 297.7854239626193
1.3077152296757482 103.93392334991981 297.7854239626193
1.307718568212122 103.93391704818178 297.785423962619
1.307721595088572 103.9339113347252 297.7854239626193
1.3077240675196262 103.93390666782591 297.785423962619
1.307726906774326 103.93390130851937 297.7854239626193
1.3077307051003246 103.93389413889363 297.7854239626193
1.307734628183187 103.93388673377989 297.785423962619
1.3077378351270303 103.93388068043227 297.785423962619
1.3077401302491816 103.93387634821663 297.78542396261935
1.3077423087667703 103.93387223610084 297.785423962619
1.3077465139027173 103.9338642985904 297.7854239626193
1.3077504808712939 103.9338568106387 297.785423962619
1.3077527826858149 103.93385246579055 297.7854239626193
1.3077553723279156 103.93384757764612 297.7854239626193
1.307759335725737 103.93384009643431 297.78542396261895
1.3077624007747357 103.93383431092344 297.78542396261935
1.3077655282253808 103.93382840762474 297.7854239626193
1.307769418727369 103.93382106400905 297.78542396261895
1.307771737312581 103.9338166875047 297.78542396261935
1.3077742848476042 103.93381187884029 297.78542396261895
1.3077775148966393 103.93380578187917 297.7854239626193
1.307781065737191 103.9337990793998 297.785423962619
1.3077832943795136 103.93379487266928 297.78542396261895
1.3077857403006148 103.93379025580865 297.7854239626193
1.3077895230590941 103.93378311556653 297.78542396261935
1.3077934385616665 103.93377572475983 297.785423962619
1.3077963390175151 103.93377024993038 297.7854239626193
1.3077988670823149 103.93376547801712 297.7854239626189
1.307801175185039 103.93376112129889 297.7854239626193
1.3078045372600415 103.93375477512826 297.7854239626193
1.3078084918530624 103.93374731053505 297.785423962619
1.3078122918443185 103.93374013776426 297.785423962619
1.307816278561543 103.93373261253403 297.785423962619
1.307819963091485 103.93372565770504 297.785423962619
1.3078222501827514 103.9337213406472 297.7854239626193
1.3078254737782173 103.93371525586682 297.78542396261935
1.3078294484474513 103.93370775337775 297.7854239626193
1.3078317265377768 103.93370345330977 297.78542396261895
1.3078342904795506 103.93369861367549 297.78542396261935
1.307836516728179 103.9336944114626 297.785423962619
1.307839369007758 103.9336890275688 297.7854239626193
1.3078433951022725 103.9336814280103 297.785423962619
1.30784558691677 103.93367729079431 297.7854239626193
1.307848393450438 103.93367199324925 297.785423962619
1.3078517813732418 103.93366559828806 297.78542396261935
1.307855088917784 103.93365935504687 297.785423962619
1.3078581543031609 103.9336535688994 297.785423962619
1.3078611084701917 103.93364799268497 297.7854239626193
1.3078640349990276 103.93364246863968 297.7854239626193
1.3078671748462256 103.93363620230302 297.5837102537837
1.3078707282253903 103.93362898493261 297.28072970400893
1.3078745060551873 103.93362131167402 296.95859063824645
1.3078784065486366 103.93361338926964 296.62599079927656
1.307882348473772 103.93360538271207 296.2898794787529
1.3078852318932277 103.93359952611578 296.09085156072103
1.307888771422607 103.93359233687566 296.0908515607209
1.3078921709964875 103.93358543190311 296.0908515607209
1.3078942071468342 103.93358129621939 296.09085156072103
1.3078968468690397 103.93357593460338 296.09085156072103
1.307898931711507 103.93357170001961 296.0908515607209
1.3079027224127933 103.93356400061666 296.09085156072075
1.307905884366148 103.93355757828171 296.0908515607209
1.3079091617194394 103.93355092155454 296.0908515607209
1.307912560749472 103.93354401768615 296.09085156072103
1.3079156857905256 103.93353767032465 296.09085156072075
1.307918780453647 103.93353138466459 296.0908515607209
1.3079213580871956 103.93352614915823 296.09085156072103
1.307924368762179 103.9335200340888 296.09085156072103
1.3079265322972302 103.93351563966985 296.09085156072103
1.3079299162271176 103.93350876647142 296.0908515607209
1.3079329013756622 103.9335027032493 296.0908515607209
1.307936280765865 103.9334958392714 296.0908515607209
1.3079382907268495 103.93349167828706 296.0468741753906
1.3079412899100087 103.93348507036926 295.7576490377544
1.3079441564011203 103.93347875480373 295.4811929666171
1.3079467532353974 103.93347303335665 295.2307318135543
1.3079493857428364 103.93346723331297 294.97682865298543
1.307951494857943 103.93346258642781 294.77341193272036
1.3079548381886845 103.93345522027022 294.4509832477244
1.307958381938507 103.93344741254135 294.2977138552758
1.30796201056152 103.93343941781646 294.29771385527613
1.307964667175991 103.93343356465893 294.2977138552761
1.3079669698954466 103.93342849121676 294.2977138552758
1.3079701818982765 103.9334214144056 294.2977138552758
1.3079728942013442 103.93341543855259 294.29771385527573
1.3079748178485153 103.93341120029727 294.2977138552761
1.307977698391159 103.93340485377207 294.2977138552758
1.307980361470919 103.93339898636964 294.2977138552758
1.3079827734153529 103.9333936722784 294.2977138552758
1.3079854038758434 103.93338739248917 294.0438718969585
1.3079872099061176 103.93338291382575 293.78197468134965
1.3079905056973598 103.93337474079559 293.3039752107809
1.3079927295700393 103.93336922595034 292.98141776847285
1.3079959341357075 103.93336127914466 292.51663359648654
1.3079980669943798 103.93335598999934 292.20732495307686
1.3080008213720398 103.93334915958715 291.85826932165196
1.3080031621929717 103.93334320473161 291.7871394957254
1.3080049574069494 103.93333832108321 291.5823599690042
1.3080067836837874 103.9333333529323 291.374021170107
1.3080095659907578 103.9333257840244 291.05660142258165
1.3080117690540933 103.93331979087417 290.8052601458839
1.3080140466848935 103.9333135948727 290.5454185859477
1.3080161830315526 103.93330778321649 290.3017110960896
1.3080187269952936 103.93330086269036 290.0881880721477
1.3080206676746178 103.93329529055228 289.96012112990644
1.3080229136864896 103.933288339207 289.5920319415577
1.308024951450851 103.933282032382 289.25802523700537
1.3080263717900735 103.93327763647088 289.02520617289184
1.30802786014506 103.93327303005277 288.7812357570712
1.3080303428413391 103.93326534617542 288.37429182898643
1.3080330505947024 103.93325696575238 287.9305265496047
1.3080356415119083 103.933248887681 287.79926318619175
1.3080375911206867 103.93324232226033 287.5921416446015
1.308039139216313 103.9332371089584 287.42766721360454
1.3080415102655318 103.93322912431239 287.17575148219345
1.3080438144134123 103.93322136496039 286.9309424607151
1.3080460017381177 103.93321399901713 286.69855256460164
