244895680 1.410493179750764 103.82801535385745
244954849 1.4136920111252125 103.81514959630447
244954947 1.4137510487434273 103.82269209409716
244955078 1.4135044942420476 103.81583975416481
3191576775 1.4142896089965649 103.82322541418526
4594224411 1.4130725974217992 103.82294687350536
4594224412 1.41290621157328 103.8230417759739
4594224417 1.4129773219313768 103.82360157507848
4594226906 1.4139530841616739 103.82315053756695
4594226907 1.4135683556617706 103.82273667453738
4600384361 1.4132118967656349 103.82348129339444
4600384364 1.4138094050090686 103.8232510908439
4736301943 1.4125743143072205 103.82281770354655
4745269785 1.4142587471743668 103.82336896108778
5892451188 1.4128685854588536 103.82375657527278
5892451189 1.4127264910714228 103.82394969947731
5892473570 1.4082901910712096 103.82107969020541
6246468946 1.4139625938772027 103.82228808667276
cluster_244316748_244316749_244316873_244316945 1.41342272730531 103.82309445265511
