592153131
1.4139893974776436 103.82312910934318 12.661436591503294
1.4139982235340989 103.8231310748046 12.661436591503294
1.4140070495905648 103.82313304026601 12.661436591503294
1.4140158756470413 103.82313500572741 12.661436591503572
1.414024701703528 103.8231369711888 12.661436591503294
1.4140335277600238 103.82313893665017 12.661436591503294
1.41404235381653 103.82314090211155 12.661436591503294
1.4140511798730473 103.82314286757288 12.661436591503572
1.4140600059295745 103.82314483303423 12.661436591503294
1.4140688319861117 103.82314679849556 12.661436591503294
1.4140776580426588 103.82314876395688 12.661436591503294
1.414086484099217 103.82315072941819 12.661436591504554
1.4140953101557838 103.82315269487948 12.661436591504554
1.4141041362123619 103.82315466034078 12.661436591504554
1.4141129622689503 103.82315662580204 12.661436591504554
1.4141217883255484 103.82315859126331 12.661436591504554
1.4141306143821568 103.82316055672453 12.661436591503572
1.4141394404387753 103.82316252218578 12.661436591503294
1.4141482664954046 103.823164487647 12.661436591503294
1.414157092552043 103.8231664531082 12.661436591503294
1.4141659186086921 103.82316841856941 12.661436591503294
1.4141747446653514 103.8231703840306 12.661436591503294
1.414183570722021 103.8231723494918 12.661436591503294
1.414192396778701 103.82317431495296 12.661436591503294
1.4142012228353906 103.82317628041412 12.661436591503294
1.4142100488920903 103.82317824587525 12.661436591503572
1.4142188749488012 103.82318021133639 12.661436591503294
1.4142277010055213 103.82318217679752 12.661436591503294
1.4142365270622521 103.82318414225863 12.661436591503294
1.4142453531189927 103.82318610771972 12.661436591504554
1.4142541791757437 103.8231880731808 12.661436591504554
1.4142630052325047 103.8231900386419 12.661436591504554
1.414271831289276 103.82319200410294 12.661436591504554
1.4142806573460578 103.823193969564 12.661436591504554
1.4142894834028494 103.82319593502504 12.661436591503572
