640264270
1.4137170755789201 103.81519764650703 94.73861690366915
1.4137166879915861 103.81520232133487 94.73861690366786
1.4137162573112179 103.81520751592284 94.73861690366786
1.413715840423367 103.81521254415426 94.73861690366915
1.4137151110386972 103.8152213415197 94.73861690366786
1.4137145227764056 103.81522843675812 94.73861690366915
1.4137138321793754 103.81523676629142 94.73861690366915
1.4137131204597428 103.81524535059145 94.73861690366915
1.413712426240976 103.81525372380702 94.73861690366915
1.413711996400479 103.8152589082635 94.73861690366915
1.4137114079998312 103.81526600516916 94.73861690366915
1.4137107874008754 103.81527349042955 94.73861690366917
1.4137100549995645 103.81528232417669 94.73861690366915
1.4137095492735263 103.81528842391423 94.73861690366786
1.4137088995343319 103.8152962606442 94.73861690366786
1.4137083047598134 103.81530343442583 94.73861690366786
1.4137078949619413 103.81530837713981 94.73861690366915
1.4137074132002956 103.81531418783362 94.73861690366917
1.413706745542018 103.81532224069069 94.73861690366915
1.4137063476582674 103.81532703970383 94.73861690366786
1.4137058874298607 103.81533259067722 94.73861690366915
1.413705344361732 103.81533914080882 94.73861690366786
1.4137049717873995 103.81534363455592 94.73861690366915
1.4137043974674446 103.81535056162609 94.73861690366915
1.4137037133601 103.81535881287934 94.73861690366786
1.4137032300892658 103.81536464177432 94.73861690366917
1.4137028118064023 103.81536968682698 94.73861690366915
1.4137023671454436 103.81537505003472 94.73861690366786
1.4137017431294094 103.81538257650503 94.73861690366915
1.4137011405934838 103.8153898438961 94.73861690366915
1.413700539766342 103.81539709067667 94.73861690366917
1.4136999347817054 103.8154043876019 94.73861690366915
1.4136994871449162 103.81540978670108 94.73861690366917
1.4136988619132869 103.81541732783161 94.73861690366786
1.413698128164086 103.81542617782894 94.73861690366915
1.4136976970290815 103.81543137789384 94.73861690366915
1.4136973016313574 103.81543614691921 94.73861690366917
1.4136968323012402 103.81544180766798 94.73861690366915
1.4136964558412886 103.81544634827821 94.73861690366917
1.4136958409425615 103.81545376477858 94.73861690366915
1.4136953707871285 103.81545943548117 94.73861690366786
1.413694983081197 103.8154641117325 94.73861690366917
1.4136946023136716 103.81546870429727 94.73861690366917
1.4136941114199226 103.81547462513116 94.73861690366917
1.413693381126746 103.81548343344134 94.73861690366917
1.4136929172130819 103.81548902885892 94.73861690366786
1.4136922604730036 103.81549695001996 94.73861690366915
1.413691743485177 103.81550318558226 94.73861690366786
1.413691123389996 103.81551066475637 94.73861690366917
1.4136904591641588 103.81551867620466 94.73861690366917
1.4136898893401473 103.81552554904091 94.73861690366915
1.4136894683809793 103.81553062636878 94.73861690366915
1.4136887942150276 103.81553875770717 94.73861690366915
1.41368811703109 103.81554692544611 94.73861690366915
1.41368745411232 103.81555492112778 94.73861690366915
1.4136868317515452 103.81556242762579 94.73861690366917
1.4136860904268536 103.81557136898633 94.73861690366915
1.4136855217007815 103.8155782285779 94.73861690366915
1.4136849933334938 103.81558460138874 94.73861690366915
1.4136845227422847 103.81559027734315 94.73861690366786
1.4136838672045828 103.81559818399738 94.73861690366915
1.4136834800895028 103.8156028531186 94.73861690366915
1.4136827423567568 103.81561175115344 94.73861690366786
1.4136820137817119 103.81562053873384 94.73861690366917
1.41368157301885 103.81562585491774 94.73861690366917
1.413680977211688 103.81563304114101 94.73861690366915
1.4136802709406209 103.81564155970486 94.73861690366915
1.4136795905122068 103.81564976657172 94.73861690366915
1.4136791025843554 103.81565565162688 94.73861690366917
1.413678652826842 103.81566107629712 94.73861690366786
1.4136780982628687 103.8156677650716 94.73861690366915
1.413677447781886 103.81567561073165 94.73861690366915
1.413676799293172 103.81568343236198 94.73861690366915
1.4136763166704984 103.81568925342856 94.73861690366915
1.4136757443098622 103.81569615685322 94.73861690366917
1.4136752319633477 103.81570233642812 94.73861690366915
1.4136746110758969 103.81570982514963 94.73861690366786
1.413674165243541 103.81571520247563 94.73861690366917
1.413673655762029 103.81572134749416 94.73861690366915
1.4136732353322847 103.81572641843084 94.73861690366915
1.4136727745066506 103.815731976595 94.73861690366917
1.4136723963426112 103.81573653775135 94.73861690366786
1.4136716886803944 103.81574507308929 94.73861690366917
1.413671108600163 103.81575206962022 94.73861690366915
1.4136704024537279 103.8157605866751 94.73861690366915
1.4136697388706392 103.81576859035965 94.73861690366915
1.4136692431595574 103.81577456928684 94.73861690366915
1.4136685982305752 103.81578234797774 94.73861690366915
1.4136680179390415 103.81578934705577 94.73861690366786
1.4136673010445724 103.81579799374425 94.73861690366915
1.4136666505851312 103.8158058391387 94.73861690366915
1.413665997875628 103.8158137116715 94.73861690366917
1.4136654066759267 103.8158208423151 94.73861690366915
1.4136648422223868 103.81582765036465 94.73861690366915
1.4136642945661302 103.81583425581672 94.73861690366917
1.4136636780632423 103.81584169164906 94.73861690366915
1.4136631068528056 103.81584858119481 94.73861690366915
1.413663549342446 103.81585580433868 93.4226001262307
1.4136640118859702 103.81586031482007 92.36236908154395
1.4136647161637421 103.81586718256695 90.74447580407407
1.4136654839660134 103.81587466977159 88.97843081054268
1.4136662412141976 103.81588205405853 87.23756979757322
1.4136671538642693 103.81589095374343 85.14521665836185
1.4136677258249226 103.81589653120395 84.21122814222522
1.4136684707694895 103.8159037955131 84.21122814222522
1.4136693838775434 103.81591269966475 84.21122814222522
1.4136701330063068 103.81592000477647 84.21122814222521
1.4136708916284904 103.81592740246325 84.21122814222521
1.4136714508146313 103.81593285535418 84.21122814222522
1.4136721878202887 103.81594004224829 84.21122814222521
1.413673041721646 103.81594836904843 84.2112281422239
1.4136739003757757 103.81595674219538 84.21122814222521
1.41367480260492 103.81596554026345 84.21122814222522
1.41367541114181 103.815971474398 84.21122814222522
1.4136763152390448 103.81598029068323 84.21122814222522
1.4136770098161315 103.81598706383734 84.21122814222522
1.4136776947602814 103.81599374305624 84.21122814222524
1.4136783564397328 103.81600019541007 84.21122814222521
1.41367900466696 103.81600651658495 84.21122814222522
1.413679823093785 103.81601449745807 84.21122814222521
1.4136803129025128 103.81601927381838 84.21122814222394
1.4136810422279975 103.81602638582189 84.21122814222522
1.4136817677528835 103.81603346076409 84.21122814222522
1.413682272427385 103.81603838208807 84.21122814222522
1.413683039999613 103.81604586705453 84.21122814222394
1.4136839284472127 103.8160545307352 84.21122814222522
1.413684800035102 103.81606303000902 84.21122814222524
1.4136852846513421 103.81606775573579 84.21122814222524
1.4136857529761517 103.81607232259704 84.21122814222522
1.4136862997292512 103.8160776542505 84.21122814222521
1.4136868212161058 103.81608273952074 84.21122814222521
1.4136875444580193 103.81608979220216 84.21122814222394
1.4136883399397706 103.8160975493294 84.21122814222522
1.4136890266811486 103.81610424607685 84.21122814222522
1.4136896810843116 103.81611062747888 84.21122814222522
1.413690567681607 103.81611927311856 84.21122814222522
1.413691225881364 103.8161256915434 84.21122814222394
1.413691936400789 103.81613262016288 84.21122814222521
1.4136925547869823 103.81613865034667 84.21122814222394
1.4136933333294568 103.81614624229228 84.21122814222524
1.4136942330474582 103.81615501587956 84.21122814222521
1.4136950570929685 103.81616305154789 84.21122814222521
1.4136955806576517 103.81616815708173 84.21122814222522
1.413696088871803 103.81617311292518 84.21122814222522
1.4136966048349946 103.81617814433339 84.21122814222521
1.4136972221319297 103.81618416389641 84.21122814222521
1.4136979820810929 103.81619157453095 84.21122814222522
1.413698457021188 103.8161962059033 84.21122814222521
1.4136989362134427 103.81620087874064 84.21122814222524
1.4136998096131528 103.8162093956873 84.21122814222522
1.413700537507645 103.81621649374183 84.21122814222522
1.4137010182066596 103.81622118127268 84.21122814222521
1.4137018275135942 103.81622907322006 84.21122814222522
1.4137025638516307 103.81623625361226 84.21122814222522
1.4137032825924767 103.81624326240586 84.21122814222521
1.4137038101520054 103.81624840689702 84.21122814222522
1.4137043463748977 103.81625363586897 84.21122814222524
1.4137052598950364 103.8162625440514 84.21122814222522
1.4137059485879016 103.81626925983312 84.2112281422239
1.4137066916951209 103.8162765062361 84.21122814222522
1.413707248685304 103.81628193772069 84.21122814222524
1.4137079078501849 103.81628836556104 84.21122814222521
1.4137085540619854 103.81629466708972 84.21122814222522
1.4137091346334212 103.81630032852709 84.21122814222394
1.4137099234401833 103.81630802056966 84.21122814222521
1.4137107999639744 103.81631656798439 84.21122814222522
1.413711657976642 103.81632493488833 84.21122814222524
1.4137123104369405 103.8163312973501 84.21122814222521
1.4137131505982545 103.81633949017717 84.21122814222524
1.4137140637899097 103.8163483951594 84.21122814222524
1.4137147846364275 103.81635542448953 84.21122814222521
1.413715414946735 103.81636157095657 84.21122814222524
1.413716133432069 103.816368577262 84.21122814222521
1.4137169005026649 103.81637605734655 84.21122814222524
1.413717462275358 103.8163815354699 84.2112281422239
1.4137182194611477 103.81638891916319 84.21122814222394
1.4137188762141277 103.81639532348663 84.21122814222394
1.4137195688522424 103.81640207774397 84.2112281422239
1.4137204077379195 103.81641025813396 84.21122814222521
1.4137211016019477 103.81641702434618 84.21122814222524
1.4137217071542354 103.81642292938699 84.21122814222394
1.4137223680982307 103.81642937457993 84.21122814222521
1.4137229811393919 103.81643535264874 84.21122814222524
1.4137236770256723 103.8164421385816 84.21122814222524
1.4137244423498143 103.8164496016378 84.21122814222524
1.4137253211958278 103.81645817170246 84.21122814222524
1.4137259728679175 103.81646452648134 84.21122814222521
1.4137265479817065 103.81647013470227 84.2112281422239
1.4137270832193432 103.81647535407112 84.21122814222521
1.4137279959873654 103.81648425492708 84.21122814222521
1.4137286083011678 103.81649022590433 84.21122814222521
1.4137294952962025 103.81649887543553 84.21122814222521
1.4137299612739291 103.81650341941699 84.21122814222521
1.413730705427177 103.81651067602701 84.21122814222524
1.4137314270572163 103.81651771300216 84.21122814222524
1.4137318994267538 103.8165223193137 84.21122814222394
1.4137326342859189 103.816529485293 84.21122814222524
1.4137331388026473 103.8165344050881 84.21122814222521
1.4137340343606535 103.81654313812264 84.21122814222524
1.413734777186703 103.81655038179161 84.21122814222524
1.413735326655087 103.81655573993326 84.21122814222524
1.4137359188674083 103.81656151489258 84.21122814222531
1.4137366685725805 103.81656882564387 84.21122814222394
1.413737317186549 103.81657515060428 84.21122814222521
1.4137381905321031 103.81658366703542 84.2112281422239
1.4137388624723575 103.81659021946254 84.21122814222524
1.4137394069644122 103.81659552907834 84.21122814222521
1.4137402465210303 103.81660371601726 84.21122814222524
1.4137409113470312 103.81661019907023 84.21122814222521
1.4137413753741948 103.81661472403277 84.2112281422239
1.4137419655438883 103.81662047907474 84.21122814222524
1.4137428268193997 103.81662887780635 84.21122814222524
1.413743302195953 103.81663351344284 84.21122814222524
1.413744023156062 103.8166405438886 84.21122814222521
1.413744867290543 103.81664877547001 84.21122814222521
1.4137455755551716 103.81665568211614 84.21122814222521
1.4137464822133632 103.81666452339837 84.21122814222521
1.4137471139194344 103.81667068348371 84.21122814222524
1.413747754831648 103.81667693334296 84.21122814222521
1.413748349139132 103.81668272873603 84.21122814222524
1.4137492061512307 103.81669108589502 84.21122814222521
1.4137500792470878 103.81669959989514 84.21122814222521
1.413750821972391 103.81670684258619 84.21122814222524
1.4137516870908902 103.81671527879558 84.21122814222521
1.4137524372300898 103.81672259378372 84.21122814222521
1.4137529803207773 103.81672788973685 84.21122814222521
1.413753567340562 103.81673361406503 84.21122814222521
1.4137543312707688 103.81674106353684 84.21122814222521
1.413755037670862 103.81674795200344 84.21122814222521
1.413755603070195 103.81675346550007 84.21122814222521
1.4137561243304093 103.81675854857376 84.21122814222524
1.4137569788871787 103.81676688179208 84.21122814222524
1.4137574522399003 103.8167714976957 84.21122814222394
1.4137582939950595 103.81677970607939 84.21122814222521
1.4137591237646934 103.81678779758639 84.21122814222521
1.4137599847726958 103.81679619371495 84.21122814222524
1.4137608307903464 103.81680444366519 84.21122814222524
1.4137614548252944 103.81681052894889 84.21122814222394
1.4137622104038445 103.81681789698168 84.21122814222521
1.4137629225172803 103.81682484116409 84.21122814222521
1.4137635802020778 103.81683125458521 84.21122814222521
1.4137644905370066 103.81684013172733 84.21122814222524
1.4137656111468808 103.8168468038643 83.66159729402
1.4137670199598715 103.81685456173632 82.88871839961651
1.4137684885987893 103.81686264905032 82.08268094680851
1.4137696281247163 103.81686892404684 81.45723423424481
1.4137707389306382 103.81687504089176 80.84767560795989
1.4137721277985558 103.81688268893329 80.08591441624847
1.4137729489656072 103.81688721083181 79.80092432896784
1.413773909991036 103.81689250288474 79.80092432896784
1.413775471164258 103.81690109975557 79.80092432896777
1.4137767184052126 103.81690796790409 79.80092432896784
1.4137778163574595 103.81691401396856 79.80092432896654
1.4137793845813138 103.8169226496653 79.80092432896784
1.4137808396865341 103.81693066245484 79.80092432896654
1.413782259582052 103.81693848135616 79.80092432896784
1.4137837704648124 103.81694680129466 79.80092432896784
1.4137851836830908 103.81695458342686 79.80092432896784
1.41378668753101 103.81696286462709 79.80092432896784
1.413788284143713 103.81697165665291 79.80092432896654
1.4137892823050773 103.81697715320233 79.80092432896654
1.4137903648756376 103.81698311456576 79.80092432896654
1.413791821511628 103.81699113578577 79.80092432896654
1.4137928167257896 103.81699661610612 79.80092432896784
1.4137941012712858 103.81700368968004 79.80092432896784
1.41379530985165 103.81701034493881 79.80092432896654
1.4137962421220536 103.8170154786486 79.80092432896662
1.4137976404204318 103.8170231786229 79.80092432896784
1.4137991443442375 103.81703146024226 79.80092432896654
1.4138001772850908 103.81703714831173 79.8009243289665
1.4138015480505235 103.81704469667143 79.80092432896777
1.41380251748133 103.81705003501187 79.80092432896784
1.41380379369574 103.81705706271003 79.80092432896654
1.41380483355494 103.81706278887691 79.80092432896784
1.4138060718875767 103.81706960797261 79.80092432896654
1.4138074669432932 103.81707729009156 79.80092432896654
1.413808632838793 103.81708371029968 79.80092432896784
1.4138095761562959 103.81708890484308 79.80092432896654
1.4138104585888707 103.817093764113 79.80092432896784
1.4138113564306174 103.81709870823627 79.80092432896654
1.4138129227907283 103.81710733367346 79.80092432896784
1.4138141074756887 103.81711385734948 79.80092432896654
1.4138152649456146 103.81712023116121 79.8009243289665
1.4138161806343978 103.8171252735626 79.80092432896654
1.4138175009280396 103.81713254399193 79.80092432896784
1.4138186335946976 103.81713878122038 79.80092432896784
1.4138202040387067 103.81714742914701 79.80092432896784
1.4138217409718883 103.81715589254054 79.80092432896784
1.4138231164671937 103.81716346694809 79.80092432896784
1.4138240139827625 103.81716840927595 79.80092432896654
1.4138250571017439 103.81717415339476 79.8009243289679
1.4138265371562115 103.81718230357609 79.80092432896784
1.413827846212547 103.8171895121261 79.80092432896654
1.4138290058667362 103.81719589796693 79.80092432896662
1.4138302107411869 103.8172025328212 79.80092432896784
1.413831621782799 103.81721030297153 79.80092432896654
1.413832480790632 103.8172150332502 79.80092432896784
1.4138340780256482 103.81722382870774 79.80092432896784
1.4138349463673465 103.81722861038514 79.80092432896784
1.4138358974889396 103.81723384790479 79.80092432896784
1.4138373663417445 103.8172419364032 79.80092432896784
1.413838256601727 103.81724683877776 79.80092432896777
1.4138395546117337 103.81725398650025 79.80092432896784
1.4138407523504632 103.81726058206124 79.80092432896784
1.4138419690783912 103.8172672821897 79.80092432896784
1.4138434096155459 103.81727521476355 79.80092432896784
1.4138449483170026 103.81728368789678 79.80092432896784
1.4138457536633304 103.81728812267959 79.80092432896662
1.4138472236884612 103.8172962176346 79.80092432896654
1.4138484231418804 103.81730282263844 79.80092432896784
1.413849538189284 103.81730896284562 79.80092432896784
1.4138509989400034 103.8173170067298 79.80092432896784
1.4138525176414842 103.81732536973033 79.80092432896654
1.4138534851128297 103.8173306972839 79.80092432896654
1.4138543834101036 103.81733564391816 79.80092432896777
1.4138556166640477 103.81734243505117 79.80092432896784
1.4138571692456188 103.81735098461893 79.80092432896784
1.4138584376760288 103.81735796945769 79.80092432896777
1.4138597725905642 103.81736532040327 79.80092432896784
1.4138610455902658 103.81737233040384 79.80092432896784
1.4138622996084353 103.81737923587934 79.80092432896784
1.4138635295833109 103.81738600895623 79.80092432896654
1.4138650415498057 103.8173943348706 79.8009243289679
1.4138664087814672 103.81740186377684 79.80092432896662
1.4138673960600314 103.81740730040329 79.80092432896784
1.4138689321961972 103.81741575941267 79.80092432896784
1.4138699678970583 103.81742146268536 79.8009243289679
1.4138710478796013 103.81742740980316 79.80092432896777
1.413872236164045 103.8174339533049 79.80092432896777
1.4138731804325473 103.81743915308911 79.80092432896777
1.4138741425441177 103.81744445112942 79.80092432896772
1.4138752800176058 103.81745071483174 79.80092432896784
1.413876247087946 103.81745604017854 79.80092432896795
1.413877111663581 103.81746080111989 79.80092432896662
1.4138779882582937 103.81746562824648 79.8009243289679
1.4138791268638522 103.81747189818303 79.80092432896662
1.413880076416194 103.81747712706407 79.8009243289665
1.4138813207323062 103.817483979115 79.80092432896662
1.4138821624101914 103.81748861396603 79.80092432896777
1.4138836391823735 103.81749674607843 79.80092432896777
1.4138847766480116 103.81750300973823 79.80092432896767
1.4138858293414602 103.81750880658474 79.80092432896777
1.4138871234331811 103.81751593273455 79.80092432896662
1.4138884916745198 103.81752346720272 79.80092432896673
1.4138895980163362 103.81752955947393 79.8009243289679
1.413891179570528 103.81753826858814 79.80092432896662
1.4138922520870194 103.81754417459426 79.8009243289679
1.4138933628616155 103.81755029127567 79.80092432896662
1.4138942888054564 103.81755539015312 79.8009243289679
1.4138953802204146 103.81756140022729 79.80092432896777
1.4138964425794402 103.81756725029982 79.8009243289665
1.413897935348319 103.8175754705023 79.8009243289665
1.4138988929553187 103.81758074373896 79.8009243289665
1.4139003801329717 103.81758893315259 79.8009243289679
1.4139017577064554 103.81759651901112 79.80092432896777
1.41390304310198 103.81760359727505 79.80092432896662
1.4139045383716762 103.81761183124941 79.80092432896777
1.4139056331779363 103.81761785999916 79.80092432896662
1.4139072150408551 103.81762657081511 79.80092432896777
1.4139082666432818 103.81763236165527 79.8009243289665
1.4139093516461838 103.8176383364213 79.80092432896662
1.413910245035158 103.81764325603041 79.80092432896777
1.413911752755152 103.8176515585653 79.8009243289679
1.413912754982578 103.81765707751335 79.8009243289679
1.4139139077193645 103.81766342526868 79.80092432896801
1.4139151696957222 103.81767037457176 79.8009243289665
1.4139166955174964 103.8176787767879 79.80092432896662
1.413918232260336 103.81768723914303 79.80092432896662
1.4139197412101427 103.8176955484509 79.8009243289665
1.4139209406140485 103.81770215318781 79.80092432896662
1.4139224259978402 103.81771033272537 79.80092432896777
1.4139236471683831 103.81771705732446 79.80092432896662
1.4139246531832526 103.81772259712955 79.8009243289679
1.4139255969797002 103.81772779431753 79.80092432896662
1.4139270817162735 103.81773597029152 79.8009243289679
1.4139285039708576 103.81774380219714 79.80092432896777
1.4139301068268977 103.81775262861795 79.80092432896662
1.4139311145913873 103.81775817805804 79.80092432896767
1.4139320949723895 103.81776357670601 79.8009243289665
1.4139331908720434 103.81776961147871 79.8009243289665
1.4139346380508957 103.81777758063497 79.80092432896777
1.4139358238312725 103.81778411035256 79.80092432896777
1.4139368693407495 103.81778986764279 79.8009243289679
1.4139378253728427 103.81779513220937 79.80092432896662
1.413938893596403 103.81780101457898 79.80092432896777
1.4139404483579125 103.81780957615949 79.80092432896639
1.4139417106513923 103.81781652721105 79.80092432896777
1.413942793230775 103.81782248863391 79.80092432896662
1.4139441929964622 103.81783019670175 79.80092432896777
1.413945243601282 103.81783598205097 79.80092432896662
1.413946587372634 103.81784338177587 79.80092432896777
1.4139477838896615 103.81784997061776 79.80092432896767
1.413949320330218 103.81785843131146 79.80092432896777
1.413950731400327 103.81786620162978 79.80092432896777
1.4139518769150035 103.81787250961813 79.8009243289665
1.413953291816273 103.81788030103365 79.80092432896662
1.413954750197633 103.81788833188051 79.80092432896777
1.4139556993498696 103.81789355856301 79.8009243289679
1.413957120476387 103.8179013842594 79.80092432896767
1.4139579729416003 103.81790607851705 79.80092432896777
1.4139593670186563 103.81791375526076 79.8009243289679
1.4139605361451082 103.81792019327239 79.80092432896777
1.413962103095502 103.81792882197546 79.80092432896662
1.413963366280938 103.81793577794055 79.8009243289679
1.4139646498019431 103.81794284588733 79.80092432896662
1.4139660411763069 103.81795050774878 79.80092432896777
1.4139672964395555 103.8179574200892 79.8009243289679
1.4139685790249976 103.81796448288446 79.8009243289679
1.4139696367687868 103.81797030754743 79.8009243289679
1.4139710753349417 103.81797822927973 79.80092432896777
1.4139720531319961 103.81798361370129 79.80092432896777
1.4139736553762414 103.81799243675772 79.80092432896662
1.4139748591443906 103.8179990655314 79.8009243289679
1.4139763449178377 103.81800724721994 79.8009243289679
1.4139774846218212 103.81801352321254 79.8009243289679
1.4139786834599088 103.81802012483824 79.8009243289665
1.4139799905520638 103.81802732258525 79.80092432896801
1.4139812845745394 103.81803444836174 79.8009243289665
1.4139828225952125 103.81804291776005 79.8009243289679
1.4139840076291952 103.81804944337127 79.80092432896639
1.413985606853491 103.81805824979904 79.8009243289679
1.4139871648257714 103.81806682906503 79.80092432896777
1.4139884128134568 103.81807370134293 79.80092432896767
1.4139897423269825 103.81808102255829 79.80092432896777
1.413990714293752 103.81808637487546 79.80092432896662
1.4139920303254998 103.81809362185108 79.80092432896767
1.4139935959109708 103.81810224304118 79.80092432896777
1.4139951321855135 103.81811070282534 79.80092432896777
1.4139959531442052 103.81811522358853 79.80092432896662
1.413997143107409 103.81812177634447 79.8009243289679
1.4139981170326192 103.81812713944664 79.80092432896777
1.4139992676784188 103.81813347569407 79.8009243289665
1.4140005446974233 103.81814050783939 79.8009243289665
1.4140017798000544 103.81814730916444 79.80092432896662
1.4140026917440527 103.8181523309557 79.80092432896662
1.4140041779190293 103.81816051485808 79.80092432896801
1.414005252822555 103.81816643401686 79.80092432896777
1.414006342380753 103.81817243387441 79.80092432896777
1.414007445053017 103.81817850594713 79.80092432896767
1.414008871733647 103.81818636223312 79.8009243289665
1.414009895121869 103.81819199771348 79.8009243289679
1.4140113005113788 103.81819973675611 79.8009243289679
1.41401213485664 103.81820433123589 79.8009243289679
1.4140130835497031 103.81820955539345 79.80092432896639
1.4140141187970898 103.81821525617883 79.80092432896777
1.414015163396693 103.81822100846402 79.8009243289679
1.4140165309038355 103.81822853890073 79.8009243289679
1.4140175063560265 103.81823391041277 79.8009243289679
1.4140187203789165 103.8182405956596 79.80092432896767
1.4140199517251342 103.81824737630073 79.80092432896662
1.414020978352013 103.8182530296161 79.8009243289679
1.4140218193088758 103.81825766050441 79.8009243289679
1.4140227897164648 103.81826300423775 79.80092432896777
1.4140237390461887 103.81826823190187 79.8009243289679
1.4140249695963765 103.8182750081599 79.8009243289679
1.4140258127567233 103.81827965118237 79.80092432896662
1.4140271065802064 103.81828677586697 79.80092432896767
1.4140283759916616 103.81829376612221 79.8009243289679
1.4140293391275478 103.81829906981295 79.8009243289679
1.4140308212504182 103.81830723140423 79.8009243289679
1.4140319994963875 103.8183137196397 79.80092432896777
1.4140329405216427 103.81831890157429 79.8009243289665
1.4140338994200792 103.81832418193098 79.80092432896662
1.414034843173718 103.81832937889003 79.80092432896662
1.4140364176340878 103.8183380489559 79.8009243289679
1.4140374371015036 103.81834366284743 79.8009243289679
1.4140390314666669 103.8183524425231 79.80092432896662
1.4140405710745423 103.81836092066746 79.8009243289679
1.4140416032488057 103.81836660453196 79.80092432896777
1.4140431098477806 103.81837490090679 79.80092432896662
1.4140443285426492 103.8183816118828 79.80092432896777
1.4140451761161168 103.81838627920801 79.8009243289679
1.4140463380002568 103.81839267734506 79.80092432896777
1.414047471939223 103.81839892159675 79.8009243289679
1.4140487561276491 103.81840599322595 79.8009243289679
1.4140500925820627 103.81841335266789 79.8009243289665
1.4140514912080533 103.81842105446964 79.8009243289665
1.414052807297329 103.81842830176727 79.80092432896801
1.414054178292373 103.81843585141416 79.8009243289679
1.4140557578520816 103.81844454956251 79.80092432896662
1.4140572124191548 103.81845255941509 79.8009243289679
1.4140584284281825 103.81845925560215 79.80092432896662
1.4140598497892478 103.81846708259972 79.80092432896662
1.4140611933849174 103.81847448136733 79.8009243289679
1.4140625919744974 103.81848218296962 79.80092432896767
1.41406352234753 103.81848730624756 79.80092432896662
1.414064607555724 103.81849328215516 79.80092432896767
1.4140657176292677 103.81849939498869 79.8009243289665
1.4140673120045544 103.81850817472306 79.8009243289679
1.4140688138645539 103.81851644500435 79.80092432896662
1.4140704192651103 103.81852528545181 79.8009243289679
1.4140713407430763 103.81853035974785 79.8009243289679
1.4140729043934757 103.81853897029029 79.80092432896777
1.4140741843981435 103.81854601888294 79.80092432896767
1.4140757680281877 103.81855473944746 79.8009243289679
1.4140769881164417 103.81856145809904 79.80092432896777
1.4140780133303654 103.81856710363755 79.80092432896777
1.4140789632990567 103.81857233482374 79.8009243289679
1.4140802933119956 103.81857965879712 79.8009243289679
1.4140814100433603 103.81858580829436 79.80092432896777
1.4140823407472165 103.81859093339521 79.80092432896777
1.4140834236452897 103.81859689658303 79.80092432896767
1.4140842824581734 103.81860162580244 79.8009243289679
1.4140855802587622 103.81860877239274 79.80092432896662
1.4140868825729118 103.81861594383794 79.8009243289679
1.4140881115410575 103.81862271138927 79.80092432896662
1.4140896443186304 103.81863115192623 79.8009243289679
1.4140909337931826 103.81863825266804 79.8009243289679
1.414092443670741 103.81864656710192 79.80092432896662
1.414093870034647 103.81865442165179 79.80092432896801
1.4140948193828262 103.81865964942199 79.80092432896777
1.4140961837146047 103.81866716238011 79.80092432896639
1.4140970032809912 103.81867167548178 79.80092432896767
1.4140978641998847 103.81867641629911 79.8009243289679
1.414098812269372 103.8186816370282 79.8009243289679
1.4140998652814523 103.81868743564415 79.8009243289679
1.4141013896902117 103.81869583009781 79.80092432896777
1.4141028026438789 103.81870361080243 79.8009243289679
1.4141036189269451 103.8187081058242 79.8009243289679
1.4141046037477558 103.81871352893198 79.80092432896662
1.4141058764479344 103.8187205373037 79.80092432896777
1.4141070584518998 103.81872704623913 79.8009243289679
1.414108364217682 103.81873423669326 79.8009243289679
1.4141098926343865 103.81874265321831 79.8009243289679
1.4141109088694475 103.81874824931518 79.80092432896662
1.4141123221122731 103.818756031613 79.8009243289679
1.414113821795526 103.81876428991208 79.8009243289679
1.4141147954171265 103.81876965134987 79.8009243289679
1.414115816822137 103.81877527591642 79.80092432896777
1.414116643565782 103.81877982854212 79.80092432896777
1.4141176633637926 103.81878544425955 79.8009243289679
1.4141186779250383 103.81879103113975 79.80092432896662
1.414119585606288 103.8187960294644 79.8009243289679
1.4141208715532307 103.81880311078326 79.80092432896777
1.4141219409761803 103.81880899977043 79.8009243289679
1.4141232631834046 103.81881628076385 79.80092432896777
1.4141248297122655 103.81882490716248 79.80092432896662
1.4141259234390737 103.81883092998387 79.8009243289679
1.4141274140040152 103.81883913807252 79.80092432896767
1.4141288513212387 103.81884705294227 79.8009243289679
1.4141300262673824 103.81885352301421 79.8009243289679
1.4141311477579277 103.81885969872248 79.80092432896662
1.4141321327578504 103.81886512281835 79.8009243289679
1.4141330494722149 103.81887017088641 79.80092432896767
1.414134551375902 103.81887844141478 79.80092432896777
1.414136155858961 103.8188872768168 79.80092432896767
1.4141375533262044 103.81889497224563 79.8009243289679
1.4141390952477872 103.81890346314087 79.80092432896777
1.4141403053556263 103.8189101268384 79.8009243289679
1.4141415336700498 103.81891689079423 79.80092432896777
1.4141427733619876 103.81892371740263 79.8009243289679
1.4141437968336266 103.81892935335136 79.80092432896662
1.414144652955337 103.81893406775472 79.8009243289679
1.4141458665354594 103.81894075057352 79.80092432896767
1.414146897372332 103.81894642708059 79.80092432896777
1.4141484264915514 103.81895484747801 79.80092432896801
1.4141499752713595 103.81896337614056 79.80092432896662
1.4141513552897558 103.81897097548512 79.8009243289679
1.4141526525659136 103.81897811919325 79.8009243289665
1.4141541691799255 103.81898647072886 79.80092432896777
1.4141554812491552 103.81899369589823 79.8009243289665
1.414156927920342 103.8190016622801 79.80092432896777
1.4141579441602043 103.81900725840656 79.80092432896777
1.414159450966959 103.81901555593711 79.8009243289679
1.4141607427532867 103.8190226694151 79.80092432896777
1.414161805024566 103.81902851902296 79.80092432896639
1.414163203324313 103.81903621903848 79.8009243289679
1.4141646756755952 103.81904432683363 79.80092432896662
1.4141658263714916 103.81905066336954 79.80092432896767
1.4141672349386805 103.81905841992516 79.80092432896777
1.4141680110660142 103.81906336794363 79.95340141559024
1.4141687331150659 103.81906901779261 80.3320582366696
1.4141693160730693 103.81907357928985 80.63783600231217
1.4141701088291145 103.8190797824032 81.05371557965124
1.4141711346633297 103.81908780929376 81.59189951562152
1.4141720236135513 103.81909476510225 82.05823121760947
1.4141730153956789 103.81910252554431 82.57838532954338
1.4141738874193746 103.81910934890735 82.79227000924713
1.4141746992000295 103.8191157008841 82.79227000924583
1.4141755277408408 103.81912218400493 82.79227000924713
1.4141761381514601 103.81912696031264 82.79227000924583
1.4141767173658464 103.81913149251785 82.79227000924713
1.414177700657418 103.81913918652437 82.79227000924703
1.4141783126764955 103.81914397541811 82.79227000924713
1.4141793042641901 103.81915173433998 82.79227000924713
1.4141799295136184 103.81915662675806 82.79227000924713
1.414180964932674 103.81916472864951 82.79227000924575
1.4141820091333894 103.81917289925548 82.79227000924713
1.4141829803584731 103.81918049884577 82.79227000924703
1.4141838664550872 103.8191874323275 82.79227000924583
1.4141848347521389 103.81919500900705 82.7922700092472
1.4141857147607246 103.8192018948518 82.79227000924583
1.4141865046635207 103.81920807564168 82.79227000924713
1.4141875116447447 103.81921595501558 82.79227000924703
1.414188278452377 103.81922195509192 82.7922700092472
1.4141891084056442 103.819228449267 82.79227000924703
1.4141896934992078 103.81923302747674 82.79227000924713
1.4141907477554208 103.81924127676616 82.79227000924703
1.41419133527175 103.8192458739336 82.79227000924713
1.4141919402831773 103.81925060799584 82.79227000924583
1.4141927291553766 103.8192567807225 82.79227000924583
1.4141936531079353 103.81926401041916 82.79227000924575
1.4141945449954254 103.81927098921489 82.79227000924591
1.4141955793832321 103.81927908303999 82.79227000924713
1.4141962846951608 103.81928460192903 82.79227000924583
1.414197227209098 103.81929197686445 82.79227000924703
1.414197819365963 103.81929661034366 82.79227000924575
1.4141985180897885 103.81930207768274 82.79227000924703
1.4141992148538962 103.81930752968759 82.79227000924713
1.4141998019197641 103.81931212333123 82.79227000924575
1.414200392671263 103.81931674581409 82.79227000924575
1.4142011332274733 103.81932254048147 82.79227000924713
1.4142022707506308 103.81933144131627 82.79227000924583
1.4142034016368605 103.81934029021903 82.79227000924575
1.414204021700269 103.81934514206068 82.79227000924703
1.4142049832899122 103.81935266626017 82.79227000924575
1.4142055746178661 103.81935729325423 82.79227000924591
1.414206501409925 103.81936454517157 82.79227000924713
1.4142073027422983 103.81937081539817 82.79227000924713
1.4142078779869989 103.81937531654503 82.79227000924713
1.4142088523292573 103.81938294053128 82.79227000924583
1.4142096444950112 103.81938913903176 82.79227000924583
1.4142104815196541 103.819395688542 82.79227000924703
1.4142113366688316 103.81940237987241 82.79227000924575
1.4142121469749416 103.81940872031706 82.79227000924575
1.4142131954366834 103.81941692427071 82.79227000924713
1.41421390816409 103.81942250118642 82.79227000924591
1.4142146393891069 103.81942822284144 82.79227000924703
1.4142153497137564 103.81943378095636 82.79227000924703
1.4142163733154158 103.81944179038665 82.79227000924713
1.4142172636748875 103.81944875722988 82.79227000924575
1.414218201407114 103.81945609475339 82.79227000924713
1.4142188292939109 103.8194610078129 82.79227000924713
1.4142195575614451 103.81946670632703 82.79227000924575
1.4142206135271878 103.81947496899916 82.79227000924583
1.4142214364586725 103.81948140823569 82.79227000924583
1.4142224986886722 103.81948971992448 82.7922700092472
1.4142232685323244 103.81949574376205 82.79227000924583
1.4142243193967643 103.81950396651848 82.79227000924713
1.4142249558428746 103.81950894655323 82.79227000924713
1.4142259673389976 103.81951686126256 82.79227000924583
1.4142265701657406 103.81952157823423 82.79227000924583
1.414227447733072 103.81952844498385 82.79227000924713
1.4142282426695838 103.81953466516764 82.79227000924703
1.414229039643244 103.81954090129173 82.79227000924713
1.414230127854211 103.81954941627679 82.79227000924703
1.4142307020571507 103.81955390927465 82.79227000924703
1.4142316162654542 103.81956106273164 82.79227000924583
1.4142326843445423 103.81956942019016 82.79227000924591
1.4142334245824595 103.81957521237156 82.7922700092472
1.414234404528147 103.81958288020807 82.79227000924703
1.4142350227526934 103.81958771766476 82.79227000924583
1.4142359691049111 103.81959512264083 82.79227000924703
1.4142368882539964 103.81960231475912 82.79227000924591
1.4142379445143856 103.81961057974031 82.79227000924583
1.4142387074604468 103.8196165496082 82.79227000924575
1.4142397327749732 103.81962457244585 82.79227000924575
1.414240418286393 103.81962993640667 82.79227000924713
1.4142412858737874 103.81963672506802 82.79227000924583
1.41424190577628 103.81964157565507 82.79227000924575
1.4142427335481047 103.81964805276945 82.79227000924703
1.414243695017146 103.8196555760324 82.79227000924713
1.4142447986464748 103.81966421166547 82.79227000924713
1.4142454988357158 103.81966969047738 82.79227000924583
1.4142464280548792 103.8196769613933 82.79227000924703
1.4142471306050448 103.8196824586791 82.79227000924713
1.4142479198745435 103.81968863452288 82.79227000924575
1.4142488827006547 103.81969616840553 82.79227000924703
1.4142498210353034 103.81970351064855 82.79227000924591
1.4142508404569722 103.81971148737821 82.79227000924591
1.4142515495697388 103.81971703601536 82.79227000924583
1.4142526174690713 103.81972539207145 82.7922700092472
1.4142535400490441 103.81973261103859 82.79227000924713
1.4142545299055218 103.81974035642841 82.79227000924583
1.4142553841765428 103.81974704089468 82.79227000924729
1.41425638655891 103.81975488429697 82.79227000924713
1.4142573992613299 103.81976280845139 82.79227000924583
1.414258470448789 103.81977119023749 82.79227000924696
1.4142591712203336 103.8197766736076 82.79227000924575
1.4142599601779664 103.81978284701295 82.79227000924703
1.414260969459114 103.81979074439742 82.79227000924713
1.4142618474102175 103.81979761415573 82.79227000924583
1.414262698910271 103.81980427694104 82.79227000924729
1.4142636078121091 103.8198113888818 82.79227000924696
1.4142646336020583 103.81981941544444 82.79227000924696
1.4142656597786105 103.81982744503236 82.79227000924713
1.4142666913280302 103.81983551666188 82.79227000924713
1.4142677275974822 103.81984362522475 82.79227000924583
1.4142684329988011 103.81984914482302 82.79227000924713
1.4142694989549158 103.81985748567735 82.79227000924713
1.414270570639775 103.81986587135796 82.79227000924713
1.41427134014857 103.81987189258247 82.79227000924713
1.4142724668014395 103.81988070837517 82.79227000924696
1.4142730386556548 103.81988518299947 82.79227000924713
1.4142738020077552 103.81989115604965 82.79227000924696
1.4142748761102504 103.81989956064858 82.79227000924713
1.41427600024915 103.81990835677084 82.79227000924696
1.41427696750672 103.8199159253338 82.79227000924713
1.4142776399969492 103.81992118741177 82.79227000924566
1.4142787607571354 103.81992995709697 82.79227000924713
1.41427980992394 103.819938166581 82.79227000924583
1.4142804603297359 103.81994325585381 82.79227000924713
1.4142813257957425 103.81995002792249 82.79227000924713
1.414281991210388 103.81995523463623 82.79227000924583
1.414282959320487 103.81996280987114 82.79227000924713
1.41428405363853 103.81997137265391 82.79227000924583
1.4142849539642353 103.81997841749217 82.79227000924713
1.414285901926782 103.81998583507776 82.79227000924713
1.4142867339115364 103.81999234516432 82.79227000924713
1.4142876666766382 103.81999964383375 82.79227000924713
1.4142886263110004 103.82000715274907 82.79227000924713
1.4142897518662434 103.82001595995685 82.79227000924583
1.414290468950801 103.8200215709767 82.79227000924583
1.4142915436160686 103.82002997998265 82.79227000924583
1.4142926696321159 103.82003879079674 82.79227000924583
1.414293302426651 103.82004374226713 82.79227000924583
1.4142940960350374 103.82004995206871 82.79227000924713
1.4142951060057736 103.82005785485566 82.79227000924713
1.4142960413751473 103.82006517390442 82.79227000924583
1.4142967336573098 103.82007059085217 82.79227000924696
1.4142975674505864 103.82007711509173 82.79227000924713
1.4142982567935471 103.82008250904109 82.79227000924566
1.4142988590838024 103.82008722182323 82.79227000924713
1.4142997393071894 103.82009410936804 82.79227000924583
1.414300708606903 103.82010169391474 82.79227000924598
1.4143013651372702 103.8201068311135 82.79227000924583
1.4143024502455106 103.82011532183556 82.79227000924583
1.4143033560580025 103.82012240960984 82.79227000924729
1.4143041736945887 103.8201288074281 82.79227000924583
1.4143049567680974 103.82013493479832 82.79227000924713
1.414305729353678 103.82014098010305 82.79227000924729
1.4143065960423578 103.82014776174306 82.79227000924583
1.414307588385048 103.82015552659702 82.79227000924598
1.4143083066233069 103.82016114664677 82.79227000924713
1.414309191083713 103.82016806734691 82.79227000924729
1.414309781610309 103.82017268808235 82.79227000924696
1.4143103627184728 103.82017723512081 82.79227000924713
1.4143109485427792 103.82018181906204 82.79227000924583
1.4143119639022323 103.82018976401775 82.79227000924583
1.4143129710312317 103.82019764457225 82.79227000924583
1.4143137454120922 103.82020370392581 82.79227000924583
1.4143145392467134 103.82020991550074 82.79227000924713
1.4143146380039262 103.82021484712602 83.45997108099304
1.4143147389552266 103.82022193077738 84.47167842867377
1.4143148217548043 103.82022774074173 85.30221691438729
1.414314922158381 103.82023478596258 86.30969935737629
1.4143150296012696 103.82024232512674 87.38759208514863
1.414315142665949 103.8202502587684 88.52081403994484
1.4143152152319527 103.82025535065728 89.21785364594284
1.4143153257671255 103.82026310680884 89.21785364594412
1.414315436143603 103.82027085182673 89.21785364594284
1.414315528421847 103.8202773269093 89.21785364594284
1.4143156315638215 103.82028456429167 89.21785364594284
1.4143157587123547 103.82029348619552 89.21785364594284
1.4143158475900472 103.82029972266861 89.21785364594284
1.4143159714832059 103.82030841614954 89.21785364594413
1.414316065317657 103.82031500043723 89.21785364594285
1.4143161690279742 103.82032227770796 89.21785364594413
1.4143162796772162 103.82033004187932 89.21785364594413
1.4143163498027596 103.82033496253514 89.21785364594413
1.4143164326734152 103.82034077750674 89.21785364594413
1.4143164970493953 103.82034529472156 89.21785364594413
1.4143166000699916 103.82035252360173 89.21785364594284
1.41431668116961 103.82035821430394 89.21785364594413
1.4143167999661646 103.82036655017495 89.21785364594284
1.4143168683958969 103.8203713518423 89.21785364594284
1.4143169329065537 103.82037587851144 89.21785364594284
1.4143170064539072 103.82038103928024 89.21785364594413
1.414317119869192 103.82038899755672 89.21785364594413
1.4143172133017277 103.82039555365823 89.21785364594284
1.4143173155280864 103.82040272681816 89.21785364594284
1.414317438718846 103.82041137103907 89.21785364594284
1.4143175073121768 103.82041618419255 89.21785364594284
1.41431762712595 103.82042459145576 89.21785364594284
1.4143176973332279 103.82042951786086 89.21785364594284
1.414317782200653 103.82043547296121 89.21785364594284
1.4143178526511093 103.82044041643161 89.21785364594284
1.4143179739241085 103.8204489260941 89.21785364594284
1.4143180774518547 103.82045619058324 89.21785364594284
1.4143181592829368 103.82046193262967 89.21785364594284
1.4143182655924833 103.82046939231927 89.21785364594284
1.4143183443515226 103.82047491880415 89.21785364594413
1.4143184537209081 103.82048259320419 89.21785364594285
1.4143185199404462 103.82048723979996 89.21785364594284
1.4143186435543962 103.82049591373794 89.21785364594413
1.4143187093340692 103.82050052947041 89.21785364594413
1.4143187790147396 103.82050541893494 89.21785364594284
1.414318903091432 103.82051412534817 89.21785364594412
1.414318994741166 103.82052055637578 89.21785364594413
1.4143191032556461 103.82052817079796 89.21785364594413
1.414319231380602 103.82053716128242 89.21785364594284
1.414319355193451 103.82054584919015 89.21785364594284
1.4143194380815143 103.82055166542013 89.21785364594284
1.4143195614398456 103.82056032143824 89.21785364594416
1.4143196618438831 103.82056736676195 89.21785364594413
1.4143197859933783 103.82057607829994 89.21785364594412
1.4143199098727421 103.82058477088519 89.21785364594284
1.4143200120568096 103.82059194111837 89.21785364594285
1.4143201369754501 103.82060070663361 89.21785364594285
1.4143202070253544 103.8206056220219 89.21785364594413
1.4143203218980132 103.82061368261584 89.21785364594284
1.4143204486614098 103.82062257758307 89.21785364594284
1.4143205238256182 103.82062785184466 89.21785364594284
1.414320624437292 103.82063491175249 89.21785364594285
1.4143207369590227 103.8206428073892 89.21785364594413
1.4143208494314683 103.82065069956946 89.21785364594413
1.4143209316843173 103.82065647124482 89.21785364594413
1.4143210531276358 103.82066499291392 89.21785364594412
1.414321160624851 103.82067253598774 89.21785364594284
1.4143212848420843 103.8206812523065 89.21785364594413
1.4143214090118759 103.82068996529851 89.21785364594284
1.4143215348744262 103.82069879707376 89.21785364594413
1.414321642067119 103.82070631878692 89.21785364594284
1.4143217448205379 103.82071352899774 89.21785364594284
1.4143218115839236 103.82071821378757 89.21785364594284
1.4143219098206106 103.82072510706162 89.21785364594284
1.414321991520453 103.82073083994541 89.21785364594284
1.4143220569464814 103.82073543089521 89.21785364594413
1.4143221723154904 103.82074352634962 89.21785364594413
1.4143222397466406 103.82074825800082 89.21785364594413
1.4143223062607233 103.82075292530187 89.21785364594413
1.4143224226290914 103.82076109088572 89.21785364594284
1.4143225089530351 103.82076714824962 89.21785364594412
1.4143226159356308 103.82077465523572 89.21785364594284
1.4143226893968068 103.82077981001929 89.21785364594284
1.4143228054832606 103.82078795582778 89.21785364594284
1.414322928492212 103.82079658739138 89.21785364594284
1.4143230272052583 103.82080351410791 89.21785364594284
1.4143231497316202 103.82081211181213 89.21785364594412
1.4143232686230722 103.82082045445597 89.21785364594285
1.4143233560793027 103.82082659128356 89.21785364594285
1.4143234676817436 103.82083442245899 89.21785364594413
1.4143235691478269 103.82084154236487 89.21785364594412
1.4143236514481348 103.82084731740356 89.21785364594284
1.414323729819632 103.82085281675735 89.21785364594413
1.4143238320016076 103.82085998690158 89.21785364594413
1.4143239274838544 103.82086668692493 89.21785364594284
1.4143239959678693 103.82087149247353 89.21785364594284
1.4143241233518768 103.82088043105827 89.21785364594284
1.414324234064867 103.82088819983325 89.21785364594413
1.4143243376506214 103.82089546848887 89.21785364594413
1.4143244209709875 103.82090131511488 89.21785364594413
1.4143245278898202 103.820908817657 89.21785364594285
1.4143246038637327 103.8209141487813 89.21785364594413
1.4143247122011091 103.82092175086619 89.21785364594413
1.4143248027828397 103.82092810703034 89.21785364594284
1.4143248836840228 103.82093378390681 89.21785364594413
1.4143250011442552 103.82094202615178 89.21785364594284
1.4143245402189364 103.82095066749442 89.95779473663771
1.4143236004137714 103.82095619141813 91.25156030215784
1.4143225074393315 103.82096261562981 92.76017220437508
1.4143213064951454 103.82096967445865 94.42039251283306
1.4143198378750366 103.82097830661478 96.45037566584615
1.414318711543986 103.82098492688725 98.00405570458028
1.414317952149415 103.8209893904052 99.04874744428409
1.414316971170354 103.82099515633739 99.62406638236725
1.4143159395099711 103.8210012201607 99.62406638236703
1.4143144592232266 103.82100992088935 99.62406638236703
1.414313578634126 103.82101509675593 99.62406638236595
1.4143120740898518 103.82102394006345 99.62406638236703
1.4143106894033013 103.82103207887926 99.62406638236574
1.414309850258098 103.82103701114937 99.62406638236703
1.414308993987404 103.82104204407844 99.62406638236595
1.4143081719074613 103.82104687604338 99.62406638236703
1.4143073885564548 103.82105148037 99.62406638236703
1.4143059234371 103.82106009194747 99.62406638236574
1.4143049805566188 103.82106563394522 99.62406638236725
1.4143038727855526 103.82107214512533 99.62406638236725
1.4143026425310152 103.82107937623013 99.62406638236618
1.4143012158266934 103.82108776201366 99.62406638236703
1.4143000774189685 103.82109445326734 99.62406638236725
1.4142990127138988 103.82110071131655 99.62406638236703
1.4142979944313867 103.82110669650639 99.62406638236574
1.4142970827755914 103.82111205497306 99.62406638236595
1.4142963204209091 103.82111653588802 99.62406638236703
1.41429501668443 103.82112419889886 99.62406638236746
1.4142939545790858 103.82113044166701 99.62406638236703
1.41429277434643 103.82113737875544 99.62406638236595
1.414291593977934 103.82114431664216 99.62406638236703
1.4142908233723326 103.82114884605336 99.62406638236574
1.4142894102045296 103.82115715227111 99.62406638236703
1.4142881356421648 103.82116464380343 99.62406638236595
1.4142873230709605 103.82116941987678 99.62406638236725
1.4142860781184499 103.82117673737015 99.62406638236703
1.4142850494863797 103.82118278339047 99.62406638236725
1.4142842536118105 103.82118746132528 99.62406638236703
1.4142830642378423 103.82119445214265 99.62406638236574
1.4142821374020154 103.82119989983197 99.62406638236725
1.414280738679273 103.82120812114428 99.62406638236595
1.4142795275944373 103.82121523957179 99.62406638236703
1.4142783401672814 103.82122221894573 99.62406638236725
1.4142770138386034 103.82123001474487 99.62406638236574
1.4142755890426757 103.82123838930752 99.62406638236703
1.4142744391089794 103.82124514830463 99.62406638236595
1.414273509273868 103.82125061362207 99.62406638236703
1.414272010065798 103.82125942555847 99.62406638236574
1.4142709355828469 103.82126574107625 99.62406638236725
1.414269506153164 103.82127414287392 99.62406638236574
1.4142683381741454 103.82128100793577 99.62406638236725
1.4142675111408718 103.82128586901149 99.62406638236595
1.4142666081511854 103.8212911765382 99.62406638236574
1.414265600094991 103.82129710161702 99.62406638236574
1.4142644834983107 103.82130366466706 99.62406638236595
1.4142631493123827 103.821311506647 99.62406638236703
1.4142620782075195 103.8213178023083 99.62406638236703
1.4142606157494386 103.8213263982365 99.62406638236703
1.4142593687839435 103.82133372755811 99.62406638236703
1.414258098684675 103.82134119285354 99.62406638236703
1.4142570498159743 103.82134735781617 99.62406638236703
1.414255974966336 103.82135367548753 99.62406638236725
1.4142547342371021 103.82136096815347 99.62406638236703
1.4142537807630156 103.8213665724124 99.62406638236574
1.4142528972606419 103.82137176539673 99.62406638236574
1.4142516050993945 103.82137936036551 99.62406638236725
1.4142507979916106 103.82138410432324 99.62406638236725
1.4142498227837659 103.82138983632682 99.62406638236703
1.414248503895323 103.82139758839028 99.62406638236574
1.4142470991079994 103.82140584534356 99.62406638236703
1.4142459691223446 103.8214124870881 99.62406638236595
1.41424516703682 103.82141720152589 99.62406638236595
1.4142437768479281 103.82142537267309 99.62406638236703
1.4142425072587155 103.82143283496845 99.62406638236703
1.4142413800883749 103.8214394601648 99.62406638236595
1.4142399936526704 103.82144760925125 99.62406638236574
1.4142386518748815 103.8214554958506 99.62406638236746
1.4142372776457381 103.82146357318987 99.62406638236703
1.414235805687773 103.82147222495193 99.62406638236595
1.4142343914828968 103.82148053725707 99.62406638236703
1.414233204378496 103.82148751472828 99.62406638236618
1.4142317553110992 103.82149603194527 99.62406638236725
1.414230408492992 103.82150394816905 99.62406638236574
1.4142292464327992 103.82151077843685 99.62406638236725
1.4142284164785275 103.82151565667796 99.62406638236703
1.4142275968553137 103.8215204741959 99.62406638236725
1.4142265611065707 103.8215265620397 99.62406638236703
1.4142257565271708 103.82153129113414 99.62406638236595
1.4142242935612017 103.82153989004193 99.62406638236703
1.4142229388381042 103.82154785272799 99.62406638236574
1.4142220238511263 103.82155323076718 99.62406638236595
1.4142206808351778 103.82156112464152 99.62406638236703
1.4142198712326082 103.82156588326028 99.62406638236703
1.4142189204650937 103.82157147160719 99.62406638236703
1.4142178731261024 103.82157762757427 99.62406638236703
1.4142168507430157 103.82158363685737 99.62406638236725
1.4142159341313243 103.82158902444559 99.62406638236703
1.4142145257576326 103.82159730247368 99.62406638236746
1.4142134384137763 103.82160369357771 99.62406638236595
1.4142123642987354 103.82161000692633 99.62406638236703
1.4142113960176572 103.82161569821234 99.62406638236703
1.414210567664487 103.82162056704105 99.62406638236703
1.4142093894831125 103.8216274920622 99.62406638236595
1.4142079873715887 103.82163573328205 99.62406638236746
1.4142068980280589 103.82164213613883 99.62406638236574
1.4142054484256692 103.82165065649635 99.62406638236725
1.4142040891669192 103.82165864583898 99.62406638236703
1.4142029981426825 103.82166505857407 99.62406638236725
1.4142020654422331 103.82167054072615 99.62406638236595
1.4142009326945417 103.82167719869976 99.62406638236703
1.4141999446603524 103.82168300608784 99.62406638236703
1.4141986329072251 103.82169068525504 99.63063726122769
1.4141957921751918 103.82169898708834 101.41688833323721
1.4141934578445357 103.82170580900024 102.88895529130973
1.4141909099055339 103.82171325516691 104.49766062348591
1.4141892434742203 103.82171812519134 105.54972149850273
1.4141876670306885 103.82172273223297 106.54415497977269
1.4141857132368443 103.82172844205341 107.77461340744819
1.4141829207847953 103.82173660279133 108.80688910452713
1.414180170692909 103.82174463973465 108.80688910452713
1.4141777830067548 103.82175161757351 108.80688910452756
1.4141754580079706 103.82175841221297 108.80688910452713
1.4141739625711258 103.82176278251812 108.80688910452878
1.4141716445430415 103.82176955678608 108.80688910452756
1.414169201532535 103.82177669630597 108.80688910452756
1.4141673622302553 103.82178207153255 108.80688910452713
1.4141648791093013 103.82178932827212 108.80688910452756
1.4141629230004225 103.82179504485731 108.80688910452837
1.4141612996385295 103.82179978901372 108.80688910452756
1.4141594512406706 103.82180519082124 108.80688910452713
1.4141575423393444 103.82181076944565 108.80688910452756
1.4141560598985927 103.8218151017702 108.80688910452713
1.4141543331542386 103.82182014805409 108.80688910452632
1.4141520107377867 103.82182693514598 108.80688910452713
1.4141500787425663 103.82183258126035 108.80688910452756
1.4141484488788743 103.82183734441747 108.80688910452673
1.4141466164107457 103.8218426996711 108.80688910452756
1.4141450249455172 103.8218473506114 108.80688910452713
1.414142379079456 103.82185508296065 108.80688910452632
1.4141406094018016 103.82186025471356 108.80688910452673
1.4141380433737336 103.82186775374196 108.80688910452756
1.4141365149627256 103.82187222041071 108.80688910452632
1.4141346029519501 103.82187780812151 108.80688910452713
1.414132209716795 103.82188480217509 108.80688910452713
1.4141301066598335 103.82189094820417 108.80688910452797
1.4141280134490333 103.82189706545849 108.80688910452756
1.4141260295772884 103.8219028631774 108.80688910452797
1.4141239743223255 103.82190886950846 108.80688910452756
1.4141218228108656 103.82191515714192 108.80688910452713
1.4141203448756035 103.82191947629863 108.80688910452756
1.4141179356495255 103.8219265170839 108.80688910452797
1.4141153412108176 103.82193409913933 108.80688910452713
1.4141134927415584 103.82193950115408 108.80688910452756
1.4141108970787437 103.82194708678662 108.80688910452756
1.4141094220483632 103.82195139745376 108.80688910452756
1.4141071156945901 103.82195813760191 108.80688910452756
1.4141047661245623 103.82196500404628 108.80688910452756
1.4141024646540834 103.82197172992318 108.80688910452713
1.4141001032318017 103.8219786310047 108.80688910452756
1.4140977882907901 103.82198539624804 108.80688910452797
1.41409500378048 103.82199353377271 108.80688910452713
1.4140921922592078 103.82200175023478 108.80688910452756
1.41409007393093 103.82200794089172 108.80688910452756
1.4140872711746977 103.8220161317384 108.80688910452756
1.4140844422823067 103.8220243989659 108.80688910452713
1.4140828879754472 103.82202894131197 108.80688910452756
1.4140803131459738 103.82203646605932 108.80688910452756
1.4140787981113332 103.82204089363518 108.80688910452756
1.414076548651692 103.82204746751327 108.80688910452713
1.414074315958154 103.82205399239362 108.80688910452713
1.4140720346680886 103.82206065929357 108.80688910452713
1.4140695076138052 103.82206804442104 108.80688910452632
1.4140669458590056 103.82207553095806 108.80688910452756
1.4140653549171605 103.8220801803667 108.80688910452878
1.4140630894163773 103.8220868011233 108.80688910452713
1.4140605432631839 103.82209424206553 108.80688910452713
1.4140579716998538 103.82210175726686 108.80688910452713
1.414055907717268 103.8221077891014 108.80688910452756
1.4140537580449504 103.82211407135765 108.80688910452756
1.4140520074124345 103.82211918744993 108.80688910452713
1.4140502311840302 103.82212437834424 108.80688910452756
1.414048583861039 103.8221291925221 108.80688910452713
1.4140470508992382 103.8221336724879 108.80688910452713
1.4140441553426129 103.82214213453472 108.80688910452713
1.4140413281174524 103.82215039688782 108.80688910452756
1.4140386081573175 103.82215834576682 108.80688910452756
1.4140365469354077 103.8221643695328 108.80688910452713
1.4140348943801577 103.82216915824971 108.82359744624189
1.4140321021147921 103.8221771388765 108.89721786597848
1.4140291814889638 103.82218548637263 108.97422298510205
1.414027404506705 103.8221905651993 109.0210749053881
1.4140251339555772 103.82219705470445 109.08094021959816
1.4140223921740362 103.822204891042 109.153229746973
1.4140205417416265 103.82221017979775 109.19884728385126
1.4140186130205161 103.82221569231184 109.1988472838525
1.414015771176252 103.8222238146403 109.1988472838525
1.4140139164069494 103.82222911579119 109.19884728385207
1.4140110740045453 103.82223723971465 109.1988472838517
1.4140086210392748 103.82224425058047 109.19884728385126
1.4140058505309914 103.82225216902175 109.1988472838525
1.4140040618936098 103.8222572811595 109.1988472838525
1.414001511344322 103.8222645709317 109.19884728385207
