391007730
1.4031007020438364 103.8713789366593 302.79494312522235
1.4031044769781227 103.87137517293877 305.7730068851596
1.4031088747027916 103.87137153864668 308.098656403312
1.403113875075641 103.8713674063244 310.30002338517687
1.4031179232858173 103.871364060872 312.0875887968541
1.4031234015097143 103.87135953365218 314.5076627744986
1.4031290577452171 103.87135485932299 316.9993055585435
1.403132783451855 103.87135178038838 318.63213192504384
1.4031392255603756 103.87134882230382 322.6067960562073
1.4031462772249066 103.87134559103377 325.1835684827362
1.4031505705186167 103.87134362372643 326.75821501499394
1.403158404590536 103.87134003393535 329.63377473055635
1.4031652935308798 103.87133687723 332.1551753300934
1.4031732386338285 103.87133435842568 336.23592125130875
1.4031801861357107 103.8713332689661 339.0215420212262
1.403187087455548 103.87133218674843 341.4695304805981
1.403191848748921 103.87133144011504 343.1625792827536
1.4032007329501812 103.87133004695545 346.3194058198866
1.4032062495666466 103.87132918187743 348.27123567071203
1.4032122912521576 103.87132845882817 350.6764887717334
1.4032194070984072 103.8713293220551 353.8508469666771
1.4032244177985491 103.87132992990567 355.63017997174694
1.403232150681801 103.87133086798566 358.387859892412
1.4032390991618886 103.87133171090927 0.8686915045726334
1.4032443323893866 103.87133234575471 2.7330697710834544
1.4032508599831117 103.87133313762038 5.047157623685752
1.403257071813445 103.87133498652611 8.379377991649118
1.4032635714867463 103.87133779569204 10.96560488158714
1.4032688338456192 103.87134007008932 13.07292249106584
1.4032743514393167 103.87134245479936 15.288728725358713
1.4032800576250835 103.8713449210191 17.58010851349934
1.4032867122095158 103.87134779713779 20.242487773230945
1.403294321739005 103.87135110585226 23.287017570310006
1.4032989733120669 103.87135465888515 25.36919640833264
1.4033041687494645 103.87135862734046 27.40318677241795
1.4033111169354837 103.87136393460604 30.134947410988215
1.4033164138039858 103.87136798053797 32.21942534287225
1.4033213681772325 103.87137281783387 35.45758953488325
1.403326085268472 103.87137821732553 39.51599984131945
1.403330615650124 103.87138340309717 42.23071856567592
1.4033359153205753 103.87138946944721 44.291273130103015
1.4033397259451 103.87139445988004 46.42819317750461
1.4033439421819855 103.87140185760663 50.76212555001598
1.4033481643390162 103.87140926572064 53.92484272630069
1.4033522835686663 103.87141649324032 56.0454380841328
1.4033556036024404 103.87142453778482 59.6686563963933
1.4033576764654672 103.87143088272089 63.076417584750295
1.4033595862246735 103.87143672840392 65.19629786807377
1.403361906140859 103.87144382955819 67.11964577729837
