478289788
1.401811711689271 103.86903211413079 176.89231992333134
1.4018048051737322 103.86903249002965 176.8923199233314
1.401799614783959 103.86903277252546 176.89231992333265
1.401792630564604 103.86903315265344 176.8923199233314
1.4017874772951167 103.86903343312888 176.89231992333265
1.4017826098388098 103.86903369804844 176.89231992333265
1.4017761583026767 103.86903404918421 176.89231992333134
1.4017683117031998 103.86903447624864 176.89231992333134
1.4017603959280662 103.86903490707803 176.89231992333265
1.401752827979614 103.86903531897637 176.8923199233314
1.4017443746437326 103.86903577906338 176.89231992333134
1.4017386137613876 103.86903609260905 176.89231992333265
1.4017303820800564 103.86903654063208 176.89231992333265
1.4017255915987679 103.86903680136204 176.89231992333134
1.4017184911818732 103.86903718781409 176.89231992333265
1.401709979278561 103.86903765108862 176.89231992333265
1.4017053838184046 103.86903790120418 176.89231992333134
1.401700213923737 103.86903818258428 176.89231992333265
1.4016912559893333 103.86903867013471 176.8923199233314
1.4016849196295107 103.8690390150016 176.89231992333265
1.4016759693984382 103.86903950213272 176.8923199233314
1.401669669758958 103.869039845001 176.8923199233314
1.401661956770566 103.8690402647931 176.8923199233314
1.4016544398995847 103.86904067391117 176.8923199233314
1.4016475738779897 103.86904104760565 176.89231992333265
1.4016389579347934 103.8690415165425 176.8923199233314
1.4016313502198154 103.86904193060481 176.8923199233314
1.401625544792509 103.86904224657468 176.89231992333265
1.4016185823174492 103.86904262551873 176.89231992333265
1.4016137619769453 103.86904288787362 176.89231992333265
1.401605604376884 103.86904333186425 176.89231992333134
1.401597806002514 103.86904375630343 176.89231992333134
