754524051
1.4009150264391885 103.87150437175816 268.33616188075206
1.4009148590744025 103.8714987403035 268.33616188075206
1.4009146907448713 103.87149307638778 268.33616188075206
1.4009145131092495 103.87148709934318 268.33616188075206
1.4009143313168309 103.87148098243213 268.3361618807517
1.4009141281545596 103.87147414647363 268.33616188075206
1.4009139235053505 103.87146726048364 268.33616188075206
1.4009137441405306 103.87146122525759 268.33616188075206
1.400913607963107 103.87145664319141 268.33616188075206
1.4009133672588685 103.87144854403212 268.33616188075206
1.4009131179790164 103.87144015632354 268.33616188075206
1.4009129794914925 103.87143549652905 268.33616188075206
1.4009127729315796 103.87142854625195 268.33616188075206
1.4009125533264766 103.87142115703425 268.33616188075206
1.4009123685895224 103.87141494105192 268.33616188075206
1.4009122186971412 103.87140989751134 268.33616188075206
1.400911956427143 103.87140107271833 268.3361618807517
1.4009118021044353 103.87139588010831 268.3361618807517
1.4009116555247065 103.8713909480324 268.33616188075206
1.4009114692791476 103.87138468129159 268.33616188075206
1.4009113340997301 103.87138013281101 268.33616188075206
1.400911163036193 103.87137437691166 268.33616188075206
1.4009109544949736 103.87136735997412 268.33616188075206
1.4009107747165646 103.87136131084024 268.33616188075206
1.4009105291111947 103.87135304677997 268.33616188075206
1.400910392125296 103.87134843751745 268.33616188075206
1.400910161151683 103.8713406657838 268.33616188075206
1.4009100259535547 103.87133611667649 268.33616188075206
1.4009098579174406 103.87133046264657 268.33616188075206
1.400909704754278 103.87132530905778 268.3361618807517
1.4009094454911284 103.87131658544882 268.33616188075206
1.4009092378781194 103.87130959974914 268.33616188075206
1.4009090239658966 103.87130240209616 268.33616188075206
1.4009088590260603 103.87129685225152 268.33616188075206
1.400908594025329 103.87128793558976 268.33616188075206
1.4009084082498606 103.87128168467555 268.33616188075206
1.400908214733625 103.87127517330302 268.33616188075206
1.40090795944246 103.8712665833483 268.33616188075206
1.4009077073490426 103.87125810099138 268.3361618807517
1.4009075127768937 103.871251554092 268.33616188075206
1.4009073692174452 103.87124672365151 268.33616188075206
1.4009071782415023 103.87124029775711 268.33616188075206
1.4009069378605594 103.87123220950072 268.33616188075206
1.4009066886854735 103.87122382534294 268.33616188075206
1.4009064418058634 103.87121551842351 268.33616188075206
1.4009062726555905 103.87120982691442 268.33616188075206
1.4009060878500343 103.87120360864236 268.33616188075206
1.4009059242270143 103.87119810311326 268.33616188075206
1.400905674774317 103.87118970961852 268.33616188075206
1.4009054125617835 103.87118088678655 268.33616188075206
1.4009052152526589 103.87117424780156 268.33616188075206
