349477694
1.4015575537517735 103.86671027688183 83.44405617985817
1.4015582180515251 103.86671599582961 83.4440561798576
1.4015591611828149 103.86672411523459 83.44405617985824
1.4015601897551402 103.86673297020059 83.44405617985824
1.4015611593928052 103.8667413177991 83.44405617985817
1.4015621408419692 103.8667497670829 83.44405617985824
1.4015626973529984 103.86675455807962 83.44405617985824
1.4015636323399951 103.86676260737156 83.44405617985824
1.401564638001294 103.86677126509798 83.44405617985832
1.4015654558811923 103.86677830621667 83.44405617985817
1.40156637775253 103.86678624259673 83.44405617985817
1.401567362868482 103.86679472344916 83.44405617985753
1.4015682779768917 103.86680260160767 83.44405617985808
1.4015689278257808 103.86680819614995 83.44405617985824
1.4015699182157106 103.86681672240664 83.44405617985808
1.4015708285345398 103.86682455933229 83.44405617985824
1.4015717510329118 103.86683250111173 83.44405617985824
1.4015724238492446 103.86683829338108 83.44405617985824
1.4015731167387973 103.86684425846069 83.4440561798576
1.4015740782435364 103.86685253604611 83.44405617985824
1.4015748676456101 103.86685933200147 83.44405617985743
1.401575741090315 103.86686685147926 83.44405617985824
1.4015766119924309 103.86687434906811 83.44405617985824
1.4015772002209663 103.86687941312265 83.44405617985824
1.4015780637490438 103.8668868472288 83.44405617985824
1.4015787555511603 103.86689280294767 83.44405617985824
1.4015794206797902 103.8669005556883 83.74037268213296
1.4015796614947384 103.86690822301617 84.55882831549378
1.401579892977092 103.86691559320347 85.34606353738216
1.401580150669844 103.86692379790688 86.22264347490841
1.4015804228160478 103.86693246279604 87.14818740723135
1.4015805926542975 103.86693787029293 87.72547693940562
1.4015808319631682 103.86694548967245 88.24026150960128
1.4015809829583639 103.8669502972243 88.24026150960128
1.401581159391334 103.8669559146925 88.24026150960124
1.4015813221302618 103.86696109615498 88.24026150960128
1.4015815586550624 103.86696862689455 88.24026150960128
1.4015818400627746 103.86697758666719 88.24026150960128
1.4015819977007433 103.8669826057211 88.24026150960128
1.4015822124269919 103.86698944241608 88.24026150960124
1.4015824204966785 103.86699606717258 88.2402615096019
1.4015825812782223 103.86700118631644 88.24026150960128
1.4015828468206117 103.86700964095485 88.24026150960124
1.4015830113280021 103.86701487872737 88.2402615096019
1.401583180701849 103.86702027144405 88.24026150960124
1.401583404560977 103.86702739892546 88.24026150960128
1.4015836304496472 103.86703459102644 88.24026150960194
1.40158379998679 103.86703998894373 88.24026150960124
1.4015839490891553 103.86704473623551 88.2402615096019
1.4015842305278836 103.86705369700478 88.2402615096019
1.4015844855578012 103.86706181694093 88.2402615096019
1.4015847375311323 103.86706983955882 88.24026150960124
1.4015849044406141 103.86707515381613 88.24026150960124
1.4015850959300575 103.86708125067918 88.2402615096019
1.401585377837709 103.86709022638293 88.24026150960124
1.4015855638824708 103.86709614989304 88.24026150960128
1.4015858207600524 103.86710432866191 88.24026150960124
1.401586081480615 103.867112629789 88.24026150960194
1.4015862918658955 103.867119328283 88.24026150960124
1.401586462739605 103.86712476876157 88.24026150960128
1.4015867386426988 103.8671335532903 88.24026150960128
1.4015869753283652 103.86714108916908 88.24026150960124
1.4015872360195731 103.8671493893656 88.24026150960124
1.401587377814201 103.86715390399192 88.24026150960124
1.4015876168315786 103.86716151411252 88.24026150960128
1.401587880836289 103.8671699198106 88.24026150960194
1.4015880807185768 103.86717628390285 88.24026150960124
1.401588233741353 103.86718115602604 88.24026150960124
1.4015884511496595 103.86718807813376 88.24026150960128
1.4015886140088856 103.86719326344253 88.2402615096019
1.4015888316994514 103.86720019453826 88.24026150960124
1.4015890660450758 103.86720765591866 88.24026150960128
1.4015892380735275 103.86721313316974 88.24026150960128
1.4015894668009248 103.86722041567144 88.24026150960124
1.4015896165413575 103.86722518329026 88.24026150960128
1.401589817034869 103.86723156684808 88.2402615096019
1.4015899996288503 103.86723738049923 88.24026150960128
1.4015902096597763 103.86724406772203 88.24026150960124
1.401590361513446 103.86724890262619 88.24026150960124
1.401590617900065 103.86725706577985 88.2402615096019
1.401590763758035 103.86726170978636 88.24026150960124
1.401591002114354 103.86726929887035 88.24026150960124
1.4015912097104357 103.8672759085724 88.24026150960194
1.4015914872671857 103.86728474577006 88.24026150960128
1.4015916617268023 103.86729030043325 88.24026150960124
1.401591810751737 103.86729504527561 88.24026150960128
1.4015919863449429 103.86730063603223 88.24026150960128
1.401592261324412 103.86730939117409 88.24026150960128
1.4015924590836828 103.86731568768289 88.24026150960128
1.4015926597027055 103.86732207524462 88.24026150960124
1.401592883250958 103.86732919285676 88.24026150960124
1.4015931568845998 103.86733790515179 88.24026150960128
1.4015934077122079 103.8673458913203 88.24026150960124
1.4015935785923836 103.86735133202124 88.24026150960124
1.4015937942127568 103.8673581972182 88.24026150960194
1.4015939522780363 103.86736322990292 88.24026150960128
1.4015941684215198 103.86737011175641 88.24026150960128
1.4015944190330514 103.86737809104864 88.2402615096019
1.4015945652016542 103.86738274495299 88.24026150960128
1.4015948456450056 103.86739167407062 88.24026150960124
1.4015950966160224 103.86739966481089 88.24026150960124
1.4015952457397038 103.86740441280422 88.24026150960128
1.4015953998979847 103.86740932109595 88.2402615096019
1.4015955677345242 103.86741466489423 88.2402615096019
1.4015958377877091 103.86742326319998 88.24026150960124
1.4015960679441561 103.86743059122209 88.24026150960124
1.4015963324062173 103.86743901151209 88.24026150960124
1.40159654420901 103.86744575516794 88.2402615096019
1.401596714537774 103.86745117831956 88.24026150960124
1.401596933068084 103.8674581361761 88.24026150960128
1.4015971523345996 103.86746511747359 88.24026150960124
1.4015974127949629 103.8674734103561 88.2402615096019
1.40159768466756 103.86748206659745 88.24026150960124
1.4015979035887465 103.86748903690213 88.2402615096019
1.4015981026808133 103.86749537586137 88.24026150960128
1.4015983740757563 103.86750401689707 88.24026150960128
1.4015986301568746 103.86751217035163 88.24026150960124
1.401598814714835 103.86751804655638 88.24026150960124
1.401598995284771 103.8675237957855 88.2402615096019
1.4015992158308936 103.86753081783095 88.24026150960128
1.4015994439638075 103.86753808143561 88.24026150960124
1.4015995856764119 103.86754259347377 88.2402615096019
1.4015998390540607 103.86755066085578 88.24026150960124
1.4016000922059901 103.86755872105192 88.24026150960128
1.4016003153721013 103.86756582651941 88.24026150960124
1.4016005854673574 103.86757442618207 88.24026150960124
1.401600779234009 103.86758059559067 88.24026150960124
1.401600940863398 103.86758574176939 88.2402615096019
1.4016011917234523 103.86759372899742 88.24026150960124
1.4016014376072223 103.86760155778445 88.24026150960194
1.4016016755307306 103.86760913312249 88.24026150960194
1.4016018744418002 103.8676154663291 88.24026150960128
1.4016020391319968 103.86762070996446 88.24026150960128
1.4016022516797384 103.8676274773554 88.24026150960124
1.4016025255338898 103.86763619670609 88.2402615096019
1.401602712151228 103.86764213848993 88.24026150960124
1.4016029718333447 103.86765040661321 88.24026150960128
1.4016031983659412 103.86765761927629 88.24026150960128
1.401603391319046 103.86766376278891 88.2402615096019
1.4016036518403179 103.86767205763276 88.2402615096019
1.401603905521475 103.86768013469228 88.24026150960128
1.4016041757512951 103.86768873865248 88.24026150960194
1.4016043576909312 103.86769453150515 88.2402615096019
1.401604546938671 103.86770055704412 88.2402615096019
1.40160477755046 103.86770789959121 88.24026150960128
1.4016050371904263 103.8677161663797 88.24026150960124
1.4016052703162163 103.8677235889727 88.24026150960194
1.4016054641018814 103.86772975899898 88.24026150960124
1.4016057274611506 103.86773814421039 88.2402615096019
1.4016059386440411 103.86774486815587 88.24026150960124
1.4016061436629512 103.8677513958442 88.24026150960124
1.4016064215160768 103.86776024253444 88.24026150960128
1.4016065911067157 103.86776564220736 88.24026150960194
1.4016067746555059 103.8677714863006 88.24026150960194
1.401606916911292 103.86777601564745 88.24026150960124
1.4016071118314815 103.8677822218007 88.24026150960124
1.4016073222119951 103.86778892020287 88.24026150960124
1.4016075373666586 103.86779577061202 88.2402615096019
1.4016077770618793 103.8678034023801 88.24026150960124
1.4016079615414612 103.86780927611221 88.24026150960128
1.401608121187301 103.86781435915148 88.2402615096019
1.4016083327468902 103.86782109509768 88.2402615096019
1.401608539214083 103.86782766890524 88.24026150960124
1.401608768580934 103.86783497182661 88.24026150960128
1.401609046789035 103.867843829829 88.24026150960128
1.4016091907989778 103.86784841503169 88.24026150960128
1.401609435593104 103.86785620915168 88.24026150960124
1.4016096866096976 103.86786420139273 88.24026150960124
1.4016099642952837 103.86787304276196 88.24026150960128
1.4016101677910833 103.86787952196639 88.2402615096019
1.4016103678922263 103.86788589308722 88.24026150960124
1.4016106427047135 103.86789464298094 88.24026150960128
1.4016108677111614 103.86790180707577 88.24026150960124
1.401611108771605 103.8679094823227 88.24026150960124
1.4016112528875162 103.86791407090338 88.24026150960194
1.401611439033658 103.86791999770662 88.2402615096019
1.4016116101096527 103.8679254446841 88.2402615096019
1.4016118519215595 103.86793314385967 88.24026150960194
1.4016120971215247 103.86794095091024 88.24026150960124
1.4016122804788906 103.86794678892228 88.24026150960124
1.4016124359447453 103.86795173888216 88.24026150960124
1.4016125948812237 103.86795679934536 88.2402615096019
1.4016128289882415 103.8679642532041 88.24026150960128
1.4016131101578526 103.86797320551489 88.24026150960124
1.4016132718118572 103.86797835250438 88.24026150960124
1.401613440598782 103.86798372660313 88.24026150960124
1.4016136788161937 103.8679913113376 88.2402615096019
1.401613880880036 103.86799774495942 88.24026150960124
1.4016140353396198 103.86800266288344 88.24026150960124
1.4016141896963228 103.8680075775321 88.24026150960124
1.401614335092333 103.86801220687656 88.24026150960124
1.4016145009054268 103.86801748629229 88.24026150960124
1.4016147367725706 103.86802499619868 88.24026150960194
1.4016148920780187 103.86802994105643 88.24026150960124
1.4016151303454827 103.86803752738926 88.24026150960128
1.4016153365665223 103.86804409337842 88.24026150960128
1.4016155435625597 103.86805068404375 88.24026150960124
1.4016157125605122 103.86805606486675 88.24026150960128
1.4016159397475936 103.8680632984075 88.24026150960194
1.401616180655581 103.86807096881684 88.24026150960128
1.401616438681685 103.86807918426071 88.24026150960124
1.4016166901732174 103.8680871916474 88.24026150960124
