800919228
1.4022767125329678 103.87150345443206 29.24882633654701
1.402281770490991 103.87150626559958 29.24882633654701
1.4022875069628018 103.87150945387897 29.24882633654733
1.4022922630222847 103.87151373041615 31.073558341909308
1.4022958917620192 103.87151731378758 32.83541770465151
1.4023020176150436 103.87152336305213 35.82615687567247
1.4023067104969862 103.87152799726137 38.12267806041201
1.402313109137065 103.87153431590252 41.24696034375271
1.4023193065740172 103.8715404358561 44.249554143540266
1.402323318000444 103.87154439712974 44.85092198555766
1.4023286607490564 103.87154967308072 44.850921985556276
1.4023334383685253 103.87155439096813 44.850921985558124
1.402337956085792 103.87155885220272 44.850921985555814
1.4023431435613185 103.87156535934507 46.1059916169802
1.402345937281694 103.8715697601995 47.600952278905346
1.402348806470199 103.87157427993637 49.141570616089496
1.402353291815376 103.87158134555092 51.55546908711012
1.402355787376351 103.87158527672484 52.89870063491629
1.4023595916216838 103.8715912694256 54.94249813584443
1.4023643440612137 103.87159875578504 57.482203261121725
1.4023687222102972 103.8716056525373 57.78573773365623
1.4023694767850472 103.87161430334177 62.962533270146956
1.4023699236121718 103.87162033101666 66.75201966982353
1.402370579400528 103.87162917756814 72.38518325408032
1.4023709480576727 103.87163415073444 75.55393538341045
1.402371579166719 103.87164266436395 80.915433715923
1.4023685558639694 103.87165086390051 90.47372732294536
1.4023664164099783 103.87165663375214 93.8328476520113
1.4023637769368489 103.87166375209554 98.01469764718462
1.40236121439796 103.87167066295642 102.07526668898394
1.4023594153664616 103.87167551472913 104.90430189149944
1.4023569331307857 103.87168220902169 108.7505053887707
1.402354425262177 103.87168897244311 110.2528456446003
1.4023524815535713 103.8716942143925 110.2528456446003
1.4023505543125865 103.87169941193062 110.2528456446003
1.4023483681482376 103.87170391996332 110.86543108176848
1.4023433149889157 103.87171106260556 113.74665198804473
1.4023404369602428 103.87171513069991 115.39757847150558
1.4023369271235369 103.87172009185507 117.4158285871041
1.4023324781454527 103.87172638048678 119.9744552961592
1.4023273471127984 103.87173363320271 122.91343928347014
1.4023245446641983 103.87173759446446 124.50807112709796
1.4023205948419315 103.8717431775391 125.13256916497006
1.402315683404998 103.87175011985623 125.13256916497006
1.4023129286450247 103.87175401370999 125.13256916497006
1.402309685170809 103.8717585983614 125.13256916497006
1.402304913502396 103.87176534311551 125.13256916497006
1.40230073452827 103.87177125009609 125.13256916497006
1.4022974717830359 103.87177586198693 125.13256916497157
1.4022927950074078 103.87178221008466 125.3251007660158
1.4022896091851362 103.87178592631791 125.90253660377255
1.402285377696835 103.87179086231122 126.67007550273885
1.4022807819907703 103.87179622316124 127.50412644581829
1.4022754619486788 103.87180242894269 128.46976262841582
1.4022696810034874 103.87180917236343 129.5186027649657
1.4022638202181925 103.87181600891681 130.45168812218822
1.4022601144845088 103.87182033162182 130.45168812218873
1.4022561594805716 103.87182494509831 130.45168812218822
1.402252394226015 103.87182933723379 130.45168812218822
1.4022486173082132 103.87183374297433 130.45168812218822
1.4022434703039979 103.87183974690825 130.45168812218654
1.4022387782063983 103.87184522019763 130.45168812218702
1.4022350879798755 103.87184952481344 130.45168812218822
1.4022316036566462 103.8718535892449 130.45168812218822
1.4022282673178175 103.87185748105388 130.45168812218822
1.402224219646183 103.87186220262606 130.45168812218654
1.4022193502091689 103.87186788278004 130.45168812218873
1.4022155095734354 103.87187236284664 130.45168812218822
1.4022110120922429 103.87187760911746 130.45168812218654
1.4022075564722871 103.87188164006659 130.45168812218822
1.4022021991519362 103.87188788933183 130.45168812218654
1.4021969646112291 103.87189399537566 130.45168812218873
1.4021926003120253 103.87189935025921 130.2334044766279
1.4021897580417866 103.87190321688371 129.77747546268688
1.402186337754556 103.87190786984252 129.22858555619996
1.4021828726979502 103.8719125837055 128.67233975998602
1.402179831985498 103.8719167202907 128.1841543895416
1.4021755706886214 103.87192251735887 127.5000516550119
1.4021707268668873 103.87192910689377 126.72272281668876
1.4021659764450314 103.87193556936742 126.17120326286151
1.4021631050488594 103.87193947561458 126.17120326285996
1.4021579763047196 103.87194645275771 126.17120326286151
1.4021532345403807 103.87195290345348 126.17120326286151
1.4021484212721917 103.87195945142301 126.17120326286151
1.4021435986030233 103.87196601218153 126.17120326286151
1.4021384706916642 103.87197298819143 126.17120326286204
1.4021334657425952 103.87197979692334 126.17120326285996
1.402129088816039 103.87198575129348 126.17120326286151
1.402126033813602 103.87199281784241 123.97201969250807
1.402124148339439 103.87199776798569 122.15730207344235
1.4021214367078967 103.87200488713097 119.53530635248167
1.4021197455558525 103.87200932709887 117.89708313917338
1.4021169341706377 103.87201670813832 115.17704175491193
