349477808
1.400470643222434 103.86726618939193 261.79175755657747
1.400469831018572 103.86726061389362 261.79175755657747
1.4004690141329574 103.86725500625677 261.791757556578
1.4004681520859152 103.86724908860243 261.791757556578
1.400467269866435 103.8672430324714 261.791757556578
1.4004662839413822 103.8672362644377 261.7917575565777
1.4004652908004538 103.86722944686963 261.791757556578
1.4004644203620547 103.86722347161196 261.7917575565777
1.4004637595075369 103.867218935075 261.7917575565777
1.4004625913956197 103.86721091639215 261.791757556578
1.400461381667278 103.86720261202717 261.791757556578
1.400460709602254 103.86719799853425 261.7917575565778
1.4004597071893308 103.86719111731784 261.79175755657747
1.4004586414695996 103.86718380152237 261.7917575565777
1.400457744961281 103.86717764730452 261.7917575565777
1.4004570175499247 103.86717265387858 261.7917575565777
1.4004557447823738 103.86716391677223 261.79175755657747
1.4004549958712496 103.86715877575807 261.791757556578
1.400454284535994 103.86715389268923 261.79175755657747
1.4004533807068946 103.86714768821727 261.7917575565778
1.4004527246961744 103.86714318493223 261.7917575565778
1.4004518945438482 103.86713748622583 261.79175755657747
1.4004508825165718 103.86713053901137 261.79175755657747
1.4004500100720718 103.86712454998415 261.7917575565778
1.4004488181767982 103.86711636803891 261.791757556578
1.4004481533996676 103.86711180457591 261.79175755657747
1.4004470325108302 103.86710411006536 261.7917575565777
1.4004463764096393 103.86709960615978 261.7917575565777
1.4004455609494757 103.8670940083106 261.7917575565778
1.4004448176661028 103.86708890592998 261.7917575565777
1.4004435594916815 103.86708026900234 261.79175755657747
1.400442551969578 103.86707335271542 261.79175755657747
1.4004415138782007 103.86706622658126 261.7917575565777
1.4004407134442314 103.86706073188216 261.791757556578
1.4004394274264085 103.86705190382 261.79175755657747
1.4004385258796785 103.86704571501743 261.791757556578
1.4004375867679735 103.86703926834457 261.791757556578
1.4004363478698574 103.86703076374319 261.7917575565777
1.4004351244901523 103.86702236567045 261.7917575565777
1.4004341802544815 103.86701588382378 261.79175755657747
1.4004334835774699 103.86701110138053 261.7917575565778
1.4004325567938842 103.8670047393365 261.79175755657747
1.4004313902537944 103.86699673144835 261.7917575565777
1.4004301810368907 103.86698843059905 261.7917575565777
1.4004289829597707 103.86698020622063 261.79175755657747
1.4004281620938632 103.86697457126473 261.791757556578
1.4004272652548095 103.86696841478002 261.79175755657747
1.4004264712121037 103.86696296395615 261.79175755657747
1.4004252606484577 103.8669546538627 261.79175755657747
1.4004239881630087 103.86694591869808 261.791757556578
1.4004230306459706 103.86693934568083 261.7917575565777
