349477684
1.4003699146893467 103.8665436385197 266.0067727620863
1.4003695839943007 103.8665389641371 266.0067727620866
1.4003692165316641 103.86653377004383 266.0067727620863
1.4003688608370017 103.86652874229131 266.0067727620863
1.4003682385155964 103.8665199457638 266.0067727620863
1.4003677366018203 103.86651285120124 266.0067727620866
1.400367147374588 103.86650452246137 266.0067727620863
1.400366540125253 103.86649593897911 266.0067727620863
1.400365947807909 103.86648756656129 266.0067727620863
1.4003655810618738 103.86648238259872 266.0067727620863
1.4003650790300606 103.86647528636925 266.0067727620863
1.4003645495261947 103.8664678018221 266.0067727620863
1.4003639246309707 103.8664589689167 266.0067727620863
1.4003634931383182 103.86645286976045 266.0067727620863
1.4003629387715928 103.86644503377732 266.0067727620863
1.4003624313015133 103.86643786067941 266.0067727620863
1.400362081656141 103.86643291843649 266.0067727620863
1.400361670610255 103.86642710829649 266.0067727620863
1.400361100954722 103.86641905620702 266.0067727620863
1.4003607614746514 103.86641425765133 266.0067727620863
1.400360368801235 103.8664087072071 266.0067727620863
1.4003599054477924 103.86640215769991 266.0067727620866
1.4003595875620805 103.86639766438122 266.0067727620863
1.4003590975441391 103.86639073797146 266.0067727620866
1.4003585138540406 103.86638248750492 266.0067727620863
1.4003581015205058 103.8663766591657 266.0067727620863
1.4003577446356303 103.86637161459409 266.0067727620863
1.4003573652445918 103.86636625189776 266.0067727620863
1.4003568328252596 103.86635872614518 266.0067727620866
1.4003563187330628 103.86635145944715 266.0067727620863
1.400355806098828 103.86634421335772 266.0067727620863
1.4003552899173604 103.86633691712845 266.0067727620863
