349477651
1.400761012066663 103.87220647200485 358.6652978751185
1.4007688293551652 103.87220628729304 358.6652978751185
1.4007774387948577 103.87220608386376 358.6652978751185
1.4007820830147313 103.87220597412718 358.6652978751185
1.4007870302198744 103.87220585723146 358.6652978751211
1.4007923513838172 103.87220573149963 358.6652978751211
1.4007970990327532 103.87220561931915 358.6652978751185
1.4008048675560452 103.87220543575948 358.6652978751185
1.400811211015523 103.87220528587214 358.6652978751211
1.4008183234026084 103.87220528235075 358.8750670736317
1.4008253505743051 103.87220529797426 359.10669391766226
1.4008309981410303 103.87220531053048 359.2928543278802
1.4008374398335752 103.87220532485223 359.5051942693456
1.4008427594585608 103.87220533667931 359.6805453697052
1.4008510696187857 103.8722053551552 359.95446229914546
1.4008592741642933 103.87220537339626 0.15577933206234282
1.4008650108306466 103.8722053861505 0.15577933206234282
1.4008731884522485 103.87220540433167 0.15577933205973477
1.4008791397587308 103.87220541756308 0.15577933206234282
1.400884171239261 103.87220542874945 0.15577933206234282
1.400891938599262 103.87220544601844 0.15577933206234282
1.4009006287554793 103.87220546533902 0.15577933206234282
1.4009052163934963 103.87220547553858 0.15577933206234282
1.4009140295953832 103.87220549513269 0.15577933205973477
1.4009209914478795 103.87220551061074 0.15577933206234282
1.4009261413547236 103.87220552206033 0.15577933205973477
1.4009318122408538 103.87220553466821 0.15577933206234282
1.4009379891094662 103.87220554840097 0.15577933206234282
1.4009441635838344 103.87220556212843 0.15577933206234282
1.4009505198550407 103.87220557626003 0.15577933206234282
1.4009567792585125 103.87220559017628 0.15577933206234282
1.400964858493231 103.87220560813846 0.15577933205973477
1.4009697650867512 103.87220561904702 0.15577933205973477
1.4009752406341385 103.87220563122051 0.15577933206234282
1.4009827359482425 103.87220564788443 0.15577933206234282
1.4009910031111905 103.87220566626434 0.15577933206234282
1.4009983023270196 103.87220568249222 0.15577933206234282
1.401006681205472 103.87220570112046 0.15577933205973477
1.4010144195056038 103.87220571832451 0.15577933205973477
1.4010192633247194 103.87220572909345 0.15577933206234282
1.4010244050109701 103.87220574052459 0.15577933206234282
1.4010305933544935 103.87220575428269 0.15577933206234282
1.4010386185261348 103.87220577212446 0.15577933205973477
1.4010454155273082 103.87220578723571 0.15577933206234282
1.401050321299794 103.87220579814235 0.1557793320597475
1.4010573804277273 103.87220581383633 0.15577933206234282
1.401062763925918 103.87220582580501 0.15577933205973477
1.4010684075687583 103.87220583835204 0.15577933206234282
1.401075101818792 103.8722058532348 0.15577933205973477
1.4010833406719732 103.87220587155149 0.15577933205973477
1.401092063682169 103.87220589094454 0.15577933205973477
1.401097949956117 103.87220590403095 0.15577933206234282
1.4011039456096916 103.87220591736052 0.15577933206234282
1.401111311087627 103.87220593373544 0.15577933205973477
1.401117391230372 103.87220594725281 0.15577933205973477
1.4011241184186514 103.87220596220868 0.15577933206234282
1.4011315103072162 103.87220597864227 0.15577933206234282
1.4011395643740885 103.872205996548 0.15577933205973477
1.4011480916531562 103.87220601550577 0.15577933205973477
1.4011556718810738 103.87220603235801 0.15577933206234282
1.4011618430844328 103.87220604607772 0.15577933206234282
1.4011705211175194 103.87220606537056 0.15577933205973477
1.4011772622980871 103.87220608035742 0.15577933206234282
1.40118457010525 103.87220609660395 0.15577933206234282
1.401191549551003 103.87220611212048 0.15577933206234282
1.4011991652639613 103.8722061290515 0.15577933206234282
1.4012058505983724 103.87220614391413 0.15577933206234282
1.401210466197132 103.87220615417537 0.15577933205973477
1.401218287910529 103.87220617156433 0.15577933206234282
1.4012267059552441 103.872206190279 0.15577933206234282
1.4012351902787803 103.87220620914103 0.15577933205973477
1.401240017200558 103.87220621987201 0.15577933206234282
1.401245020693061 103.87220623099556 0.15577933206234282
1.4012508583813386 103.87220624397364 0.15577933206234282
1.401259439745229 103.8722062630513 0.15577933206234282
1.401264459532429 103.87220627421104 0.15577933205973477
1.401272319879107 103.87220629168574 0.1557793320597475
1.401278935556262 103.87220630639334 0.15577933206234282
1.401284355280026 103.87220631844217 0.15577933206234282
1.401289299513975 103.87220632943388 0.15577933206234282
1.401297210179257 103.87220634702038 0.15577933206234282
1.4013026893760736 103.87220635920137 0.1557793320597475
1.4013110595406852 103.87220637780935 0.1557793320597475
1.4013176444716882 103.87220639244852 0.15577933206234282
1.4013241983887252 103.87220640701874 0.15577933205973477
1.4013313085028902 103.87220642282541 0.15577933206234282
1.4013396060230863 103.87220644127183 0.15577933206234282
1.4013444294702155 103.87220645199493 0.15577933206234282
1.4013514128959874 103.87220646751992 0.15577933206234282
1.4013588505423018 103.87220648405469 0.15577933206234282
1.4013657890448 103.87220649947976 0.15577933206234282
1.4013722292051516 103.87220651379697 0.15577933206234282
1.401379413203139 103.87220652976778 0.15577933206234282
1.4013883089013122 103.87220654954386 0.15577933205973477
1.4013938056618431 103.87220656176375 0.15577933206234282
1.4013984231074388 103.8722065720288 0.15577933206234282
1.401404795827543 103.87220658619601 0.15577933206234282
1.4014095470379675 103.8722065967584 0.15577933206234282
1.4014144160968331 103.8722066075828 0.15577933205973477
1.4014211786280555 103.87220662261656 0.15577933206234282
1.4014290055705823 103.87220664001657 0.15577933206234282
1.4014371822090421 103.87220665819399 0.15577933205973477
1.40144552644723 103.87220667674397 0.15577933205973477
1.4014523407950494 103.87220669189283 0.15577933206234282
1.401458353643314 103.8722067052599 0.15577933206234282
1.4014641389634597 103.87220671812112 0.1557793320597475
1.4014727343293594 103.8722067372293 0.1557793320597475
1.401477920125471 103.87220674248337 0.14777812072116758
1.4014850795539016 103.87220668010502 0.047934253649778484
1.4014899070268128 103.87220663804443 359.9806105941964
1.4014977730015143 103.87220656951008 359.8709114182197
1.401505746893754 103.87220650003546 359.7597069962757
