666695117
1.3997020130732878 103.86879368449902 352.62347058198986
1.3997066389410544 103.86879308720539 352.62347058198986
1.3997137397020512 103.86879217035265 352.62347058198986
1.3997192437933978 103.86879145966246 352.62347058198986
1.3997256596295256 103.86879063124742 352.62347058198986
1.3997343911694704 103.86878950382788 352.62347058198986
1.3997404555542616 103.86878872079232 352.62347058198986
1.3997465663231943 103.86878793176761 352.62347058198856
1.399753026609954 103.86878709761302 352.62347058198986
1.3997614851813704 103.86878600543916 352.62347058198986
1.3997682330207797 103.86878513415562 352.62347058198986
1.3997754324887177 103.8687842045576 352.62347058198986
1.3997822385462262 103.8687833257569 352.6234705819885
1.3997871044507835 103.86878269746943 352.62347058198986
1.3997917165630875 103.86878210195171 352.62347058198986
1.3997996973411941 103.86878107147056 352.62347058198986
1.3998073033641691 103.86878008937789 352.62347058198986
1.3998145701665252 103.8687791510855 352.62347058198986
1.3998195417359338 103.8687785091545 352.62347058198986
1.399827026433062 103.86877754272741 352.62347058198986
1.3998331779549844 103.86877674844042 352.62347058198856
1.3998397922277035 103.86877589440284 352.62347058198986
1.3998459112013801 103.86877510431846 352.62347058198986
1.3998521269634812 103.8687743017367 352.62347058198856
1.3998592199809747 103.86877338588333 352.62347058198986
1.399866045904232 103.86877250451728 352.62347058198856
1.399874626060747 103.86877139664385 352.62347058198986
1.39988061947253 103.86877062277199 352.62347058198856
1.3998876749741629 103.86876971176258 352.62347058198986
1.3998952058963343 103.86876873936667 352.62347058198986
1.399903907925741 103.86876761575685 352.62347058198986
1.3999123084119929 103.86876653108237 352.62347058198856
1.3999174996862656 103.86876586078276 352.62347058198856
1.3999264454140732 103.86876470570638 352.62347058198856
1.3999352818046902 103.86876356474767 352.62347058198986
1.3999424233979967 103.86876264262192 352.62347058198856
1.3999503658561983 103.86876161708808 352.62347058198986
1.3999549096121926 103.86876103039623 352.62347058198986
1.3999633227623347 103.86875994408638 352.62347058198986
1.3999708095772432 103.86875897738535 352.6234705819898
1.3999770149173447 103.86875817614893 352.62347058198856
1.3999856383878222 103.86875706268235 352.62347058198986
1.3999917486458378 103.86875627372292 352.62347058198986
1.3999976731646355 103.86875550874623 352.6234705819898
1.4000064306589663 103.86875435722469 352.59722526476196
1.4000131352691167 103.86875344375639 352.5368081936082
1.400021874100889 103.86875225313595 352.45805983238836
1.4000287952758803 103.86875131016178 352.3956908357416
1.4000342118714821 103.86875057217873 352.3468801369563
1.4000399599223432 103.86874978903661 352.2950827076449
1.400047032161007 103.86874882548072 352.2313529132626
1.4000533290629058 103.86874796756047 352.21984955143887
1.400059126769172 103.86874717765298 352.2198495514376
1.400065545772002 103.86874630309705 352.21984955143887
1.4000744645389467 103.86874508796117 352.21984955143756
1.400079776258624 103.8687443642668 352.21984955143887
1.4000856194517546 103.86874356816189 352.21984955143756
1.4000929160647553 103.86874257403605 352.21984955143756
1.4000976943540335 103.86874192301876 352.21984955143756
1.400106553935757 103.86874071594642 352.21984955143756
1.400112081285847 103.86873996287345 352.21984955143756
1.4001177933713782 103.8687391846312 352.21984955143756
1.4001267281273357 103.86873796731668 352.21984955143887
1.400132207486633 103.86873722078212 352.21984955143756
1.4001378139769536 103.86873645692665 352.2198495514389
1.4001461784930258 103.86873531730429 352.21984955143887
1.4001532736911055 103.86873435061996 352.21984955143887
1.4001586514580786 103.8687336179268 352.2198495514376
1.4001654070461136 103.86873269751254 352.2198495514389
1.4001718608816216 103.86873181821052 352.2198495514389
1.4001772171188864 103.86873108845063 352.2198495514376
1.4001839026584053 103.86873017758009 352.21984955143887
1.400190717047041 103.8687292491545 352.21984955143756
1.4001994077691595 103.86872806508802 352.21984955143887
1.400208028749084 103.86872689052352 352.21984955143887
1.4002164797184136 103.86872573912208 352.21984955143887
1.400223951835889 103.86872472108418 352.2198495514389
1.4002302239190312 103.86872386654481 352.2198495514376
1.4002355514828475 103.86872314069139 352.2198495514376
1.4002410760656971 103.86872238799509 352.21984955143756
1.4002479555830776 103.86872145069583 352.21984955143887
