349477704
1.4012044853353685 103.86575624842826 89.4259876818511
1.4012045507055124 103.86576243262371 89.4259876818511
1.4012046227441022 103.8657692476743 89.4259876818511
1.4012046857453833 103.86577520777185 89.4259876818511
1.4012047548975772 103.86578174976474 89.42598768185044
1.4012048345672228 103.86578928674031 89.4259876818511
1.401204923940567 103.86579774171618 89.4259876818511
1.4012049817373151 103.86580320945666 89.42598768185044
1.4012050760655472 103.86581213318426 89.4259876818511
1.401205156666471 103.86581975827083 89.42598768185044
1.4012052060742868 103.86582443239789 89.4259876818511
1.4012052737412284 103.86583083389438 89.4259876818511
1.40120535682815 103.86583869416964 89.4259876818511
1.4012054476393252 103.86584728518558 89.4259876818511
1.4012055274133777 103.86585483205835 89.4259876818511
1.401205609261952 103.86586257518965 89.42598768185044
1.4012056812006646 103.865869380819 89.42598768185044
1.401205750130411 103.86587590179245 89.4259876818511
1.4012057991838984 103.86588054240958 89.4259876818511
1.4012058633994926 103.86588661741186 89.4259876818511
1.4012059214656982 103.8658921106635 89.4259876818511
1.401205975777566 103.86589724874358 89.4259876818511
1.401206061114703 103.86590532191775 89.4259876818511
1.4012061444868027 103.86591320919537 89.4259876818511
1.4012062092595032 103.86591933690983 89.42598768185044
1.401206267119864 103.86592481069499 89.42598768185044
1.4012063593261712 103.86593353372504 89.42598768185044
1.4012064272827058 103.86593996264612 89.42598768185044
1.4012065188331189 103.86594862363162 89.4259876818511
1.4012065916528094 103.86595551262825 89.4259876818511
1.4012066643289387 103.86596238804533 89.42598768185044
1.4012067394408951 103.86596949390227 89.4259876818511
1.4012068019186983 103.86597540452507 89.4259876818511
1.4012068671607942 103.86598157666134 89.4259876818511
1.4012069411952226 103.86598858058571 89.4259876818511
1.4012070341248013 103.86599737206227 89.4259876818511
1.4012071091527805 103.86600446998463 89.42598768185044
1.4012071678742304 103.86601002525084 89.4259876818511
1.4012072348276698 103.86601635929529 89.4259876818511
1.4012073231007944 103.86602471026364 89.4259876818511
1.4012073728648928 103.86602941813506 89.42598768185044
1.4012074577437028 103.8660374479927 89.42598768185044
1.4012075191326336 103.86604325562023 89.4259876818511
1.4012075763366176 103.86604866733704 89.4259876818511
1.4012076464918912 103.86605530429723 89.4259876818511
1.401207723541344 103.86606259347548 89.4259876818511
1.4012078024473185 103.86607005829008 89.4259876818511
1.4012078742138365 103.86607684768614 89.4259876818511
1.4012079579652783 103.86608477090556 89.4259876818511
1.4012080447030923 103.86609297665042 89.4259876818511
1.4012081258842952 103.86610065672001 89.4259876818511
1.4012082135829587 103.86610895337039 89.4259876818511
1.401208296542739 103.86611680170572 89.42598768185044
1.401208374851203 103.86612421000972 89.4259876818511
1.4012084663801831 103.86613286903183 89.42598768185044
1.4012085204319686 103.86613798255704 89.4259876818511
1.4012085811389967 103.86614372569719 89.42598768185044
1.4012086752222535 103.86615262637167 89.42598768185044
1.4012087598695298 103.86616063436514 89.4259876818511
1.401208838315242 103.86616805566644 89.4259876818511
1.401208927720062 103.86617651374917 89.4259876818511
1.401208992715591 103.8661826626092 89.4259876818511
1.4012090593199207 103.86618896367031 89.42598768185044
1.4012091432846665 103.86619690710513 89.42598768185044
1.4012092061817731 103.86620285745015 89.42598768185044
1.4012092819675919 103.86621002712637 89.4259876818511
1.4012093645939232 103.86621784394782 89.4259876818511
1.4012094350336533 103.86622450786416 89.4259876818511
1.4012095031962917 103.866230956359 89.4259876818511
1.4012095968466256 103.86623981610826 89.4259876818511
1.4012096642841885 103.86624619601162 89.4259876818511
1.4012097389596356 103.866253260654 89.42598768185044
1.4012097900533234 103.86625809435417 89.42598768185044
1.4012098526240342 103.86626401383529 89.4259876818511
1.401209920279996 103.86627041440639 89.42598768185044
1.4012100114168113 103.86627903637898 89.4259876818511
1.40121009857034 103.86628728151668 89.4259876818511
1.4012101762279439 103.86629462829711 89.42598768185044
1.4012102435255427 103.86630099497333 89.4259876818511
1.4012103236220153 103.86630857248655 89.42598768185044
1.4012103917314662 103.86631501597151 89.4259876818511
1.4012104568297081 103.86632117458302 89.42598768185044
1.4012105076363308 103.86632598113863 89.42598768185044
1.401210559516196 103.86633088922919 89.4259876818511
1.4012106435495315 103.86633883919838 89.4259876818511
1.4012107251729635 103.86634656118116 89.4259876818511
1.401210798867542 103.86635353305707 89.4259876818511
1.4012108821169098 103.86636140886618 89.4259876818511
1.401210974390804 103.86637013844386 89.4259876818511
1.4012110683010457 103.8663790228314 89.4259876818511
1.4012111380499863 103.86638562143878 89.4259876818511
1.401211214979301 103.86639289934841 89.4259876818511
1.4012113095557284 103.86640184676877 89.4259876818511
1.4012113935030848 103.86640978862658 89.42598768185044
1.4012114589636067 103.86641598153523 89.4259876818511
1.4012115493342523 103.8664245310747 89.42598768185044
1.4012116112541606 103.86643038902612 89.4259876818511
1.4012116771528709 103.86643662339488 89.42598768185044
1.4012117377737745 103.86644235845633 89.4259876818511
1.4012118149087918 103.86644965584318 89.42598768185044
1.4012118634441264 103.8664542475476 89.4259876818511
1.4012119504066076 103.86646247466938 89.4259876818511
1.4012120304105478 103.86647004347793 89.4259876818511
1.4012121021684756 103.86647683217069 89.42598768185044
1.4012121939642992 103.86648551656087 89.4259876818511
1.4012122578519937 103.86649156069015 89.42598768185044
1.40121232385183 103.86649780464138 89.4259876818511
1.4012123890589008 103.86650397359409 89.4259876818511
1.401212460887952 103.86651076902486 89.42598768185044
1.4012125507243873 103.86651926805769 89.4259876818511
1.4012126322121075 103.86652697725756 89.4259876818511
1.4012127136076873 103.8665346777428 89.4259876818511
1.4012128025437098 103.86654309159962 89.4259876818511
1.40121289035622 103.86655139916856 89.4259876818511
1.4012129379330165 103.86655590020848 89.4259876818511
1.4012130092970092 103.86656265165622 89.4259876818511
1.4012130589748857 103.8665673514727 89.4259876818511
1.4012131106518806 103.8665722404183 89.4259876818511
1.4012131790379352 103.86657871014008 89.4259876818511
1.4012132466204348 103.8665851038425 89.4259876818511
1.4012133090579375 103.86659101079934 89.4259876818511
1.401213376332818 103.86659737540234 89.42598768185044
1.401213436996191 103.86660311451885 89.42598768185044
1.4012134977079689 103.8666088582161 89.4259876818511
1.4012135645113581 103.86661517821771 89.4259876818511
1.4012136529674708 103.86662354669947 89.4259876818511
1.4012137086075687 103.86662881058975 89.4259876818511
1.4012137813528747 103.86663569273801 89.4259876818511
1.4012138362949655 103.86664089059512 89.4259876818511
1.401213897037699 103.86664663722969 89.4259876818511
1.4012139887891975 103.86665531748588 89.4259876818511
1.401214046970227 103.86666082177074 89.4259876818511
1.4012141184813511 103.86666758716662 89.42598768185044
1.4012141670128595 103.86667217854934 89.4259876818511
1.4012142148215514 103.86667670154998 89.42598768185044
1.4012142827867622 103.86668313148455 89.42598768185044
1.4012143583621453 103.86669028139094 89.4259876818511
1.4012144531573325 103.86669924961465 89.4259876818511
1.4012145398273304 103.86670744914694 89.4259876818511
1.4012146086555766 103.8667139607381 89.4259876818511
1.401214695565616 103.86672218298472 89.4259876818511
1.4012147596759918 103.86672824823886 89.4259876818511
1.401214849987581 103.8667367922988 89.4259876818511
1.4012149161020058 103.86674304715253 89.42598768185044
1.401214988283365 103.86674987597942 89.4259876818511
1.4012150468464375 103.86675541642903 89.4259876818511
1.4012151151620427 103.86676187953358 89.4259876818511
1.4012152016336472 103.86677006031722 89.42598768185044
1.4012152921304861 103.8667786219175 89.42598768185044
1.4012153703882437 103.86678602562198 89.42598768185044
1.4012154357349709 103.86679220785882 89.42598768185044
1.4012154946423343 103.86679778089012 89.42598768185111
1.401215569533162 103.86680486606609 89.4259876818511
1.4012156555226363 103.86681300125112 89.42598768185111
1.4012157156922858 103.86681869370791 89.4259876818511
1.4012157994954653 103.86682662205911 89.4259876818511
1.4012158535169468 103.86683173286029 89.4259876818511
1.4012159052838316 103.86683663036223 89.4259876818511
1.4012159812379803 103.86684381614675 89.42598768185111
1.4012160634137079 103.86685159053775 89.42598768185111
1.401216134800112 103.86685834418627 89.42598768185044
1.4012162079932853 103.86686526876952 89.4259876818511
1.4012162849253993 103.86687254708477 89.42598768185044
1.4012163767587462 103.8668812351634 89.42598768185044
1.4012164511382275 103.86688827198621 89.4259876818511
1.4012165134696666 103.86689416898092 89.4259876818511
1.4012166076503663 103.86690307914347 89.4259876818511
1.4012166723414876 103.86690919938445 89.42598768185107
1.4012167419531627 103.86691578514653 89.4259876818511
1.401216834970594 103.86692458526326 89.42598768185044
1.4012169219612631 103.86693281520785 89.4259876818511
1.401216997054291 103.86693991955194 89.4259876818511
1.401217090200039 103.86694873181696 89.42598768185044
1.4012171630143264 103.86695562058009 89.4259876818511
1.4012170595557594 103.86696326474221 89.65944533004463
1.4012169502499157 103.86696856132048 89.86889051888339
1.4012168365695432 103.86697406987244 90.08673043330425
1.4012167263587187 103.8669794103017 90.29792814497475
1.4012166240133561 103.86698436959777 90.49405371843307
1.4012164794884783 103.86699137276378 90.771000081973
1.401216364831283 103.8669969286465 90.99069780463017
1.4012162624326383 103.86700189052256 91.18688994486998
1.4012161197320956 103.86700880528517 91.20240295906333
1.40121598689193 103.86701524224794 91.20240295906335
1.4012158560813233 103.86702158086467 91.20240295906399
1.40121574265827 103.86702707694168 91.20240295906399
1.4012156069509372 103.86703365283464 91.20240295906333
1.401215471162832 103.86704023264063 91.202402959064
1.4012153709780855 103.8670450872346 91.20240295906333
1.401215240299727 103.86705141943901 91.202402959064
1.401215058467684 103.86706023036605 91.20240295906333
1.4012149417650854 103.86706588535348 91.20240295906399
1.401214776566281 103.86707389029122 91.202402959064
1.4012146598407835 103.86707954638662 91.20240295906333
1.4012144783198244 103.86708834223442 91.20240295906399
1.4012143156223729 103.86709622596184 91.202402959064
1.4012141413428583 103.86710467091252 91.20240295906399
1.401213960432402 103.86711343717289 91.20240295906399
1.4012138514490775 103.86711871810623 91.20240295906333
1.4012137180451951 103.86712518236963 91.20240295906399
1.4012135664939873 103.86713252598491 91.20240295906335
1.4012134321592562 103.86713903535198 91.20240295906399
1.4012132891679365 103.86714596418447 91.20240295906399
1.4012131486819654 103.867152771616 91.20240295906333
1.4012130394392774 103.86715806511275 91.20240295906333
1.4012129039317718 103.86716463130456 91.202402959064
1.401212801147083 103.8671696118693 91.20240295906399
1.4012126392666027 103.86717745599577 91.20240295906399
1.4012124739732135 103.86718546549777 91.20240295906333
1.401212310110357 103.86719340568015 91.20240295906399
1.4012122123264288 103.86719814392369 91.202402959064
1.401212077897005 103.86720465787013 91.20240295906333
1.4012119493882087 103.8672108849243 91.20240295906333
1.4012118462467718 103.86721588277085 91.20240295906399
1.401211689247627 103.86722349035846 91.20240295906399
1.401211593512068 103.86722812934275 91.20240295906399
1.4012114343917117 103.86723583971433 91.20240295906399
1.4012112857913388 103.86724304032609 91.20240295906399
1.4012111085331336 103.86725162958652 91.20240295906399
1.4012109729283997 103.86725820047667 91.202402959064
1.4012108077625025 103.86726620378721 91.20240295906399
1.4012106372767814 103.86727446487471 91.20240295906399
1.401210525012147 103.86727990478977 91.20240295906333
1.4012103467945038 103.86728854053415 91.202402959064
1.401210217613046 103.86729480017188 91.20240295906399
1.4012100384174269 103.86730348330252 91.20240295906333
1.4012098986267234 103.86731025702134 91.202402959064
1.4012097766675204 103.8673161666936 91.20240295906399
1.4012096185877714 103.86732382662699 91.20240295906335
1.40120949534757 103.86732979836978 91.20240295906399
1.4012093934925394 103.86733473386943 91.202402959064
1.4012092667202454 103.8673408767623 91.20240295906333
1.4012090855149717 103.8673496572645 91.202402959064
1.4012089326404307 103.86735706496837 91.20240295906399
1.4012087559378823 103.86736562728314 91.20240295906333
1.4012086138295845 103.86737251329461 91.20240295906399
1.4012084868940042 103.86737866409476 91.20240295906399
1.4012083788033265 103.86738390174423 91.20240295906333
1.4012082326640527 103.86739098307825 91.20240295906333
1.4012081283327944 103.86739603855975 91.20240295906399
1.4012079828874802 103.8674030862654 91.20240295906399
1.4012078402723294 103.8674099968315 91.20240295906399
1.4012077199253006 103.86741582837165 91.20240295906399
1.4012075494297094 103.86742408991128 91.20240295906335
1.4012073717453801 103.86743269978705 91.20240295906399
1.4012072672014764 103.86743776556803 91.20240295906399
1.4012071715108412 103.86744240235438 91.20240295906333
1.4012070041507994 103.86745051195317 91.20240295906333
1.4012068386193104 103.86745853294619 91.20240295906399
1.4012067176628038 103.86746439401325 91.20240295906333
1.401206591971843 103.86747048449217 91.202402959064
1.4012064489031864 103.86747741702348 91.20240295906333
1.4012062884139198 103.86748519368618 91.20240295906399
1.4012061299728669 103.86749287109949 91.202402959064
1.4012059531322478 103.8675014400799 91.20240295906333
1.401205784828167 103.86750959541283 91.20240295906399
1.4012056331659906 103.86751694434538 91.20240295906399
1.4012055224214925 103.86752231057284 91.202402959064
1.401205415271591 103.86752750262023 91.20240295906333
1.4012053185299052 103.86753219032741 91.20240295906335
1.4012051818487326 103.86753881333829 91.20240295906399
1.4012050193383805 103.8675466879244 91.20240295906399
1.4012049178819346 103.8675516040876 91.20240295906399
1.401204796756664 103.86755747332069 91.20240295906333
1.4012046486037313 103.86756465220229 91.20240295906333
1.4012044858915744 103.86757253656273 91.20240295906333
1.4012043349906051 103.86757984860051 91.20240295906399
1.4012042296069918 103.86758495505454 91.20240295906399
1.4012040733357343 103.86759252731233 91.20240295906399
1.4012039597252113 103.86759803240686 91.20240295906333
1.401203846644152 103.86760351184515 91.20240295906333
1.401203720841373 103.86760960772438 91.202402959064
1.4012035842306445 103.86761622731096 91.20240295906333
1.401203480064398 103.86762127477255 91.20240295906399
1.4012033316636014 103.86762846565489 91.20240295906333
1.401203175592665 103.86763602819896 91.202402959064
1.401203055272243 103.86764185842195 91.20240295906399
1.4012029091400349 103.8676489393749 91.202402959064
1.4012028107067211 103.8676537090392 91.202402959064
1.4012027012777972 103.86765901150395 91.20240295906333
1.401202593588082 103.86766422969336 91.20240295906399
1.4012024309935838 103.86767210833594 91.202402959064
1.4012022679028322 103.86768001102351 91.20240295906333
1.4012021575941953 103.86768535611245 91.20240295906333
1.4012019749348952 103.86769420700651 91.20240295906399
1.4012018468630063 103.86770041282543 91.20240295906333
1.401201751049075 103.86770505556039 91.20240295906399
1.401201628541576 103.86771099175131 91.202402959064
1.4012014929426875 103.86771886003135 91.16847691531444
1.401201423761898 103.86772413226096 91.1182825167315
1.4012013152250038 103.86773240379561 91.03953278566081
1.40120124235774 103.86773795696686 90.98666329959255
1.4012011776060442 103.86774289165466 90.9396821430636
1.4012010695228387 103.8677511286088 90.86126162832545
1.401200984557781 103.86775760374171 90.79961498008319
1.4012009081590044 103.8677634260426 90.77466243830995
1.4012007926483212 103.86777222903416 90.7746624383106
1.4012006864927649 103.86778031907558 90.77466243830999
1.40120059279854 103.86778745944576 90.77466243830999
1.4012004785961611 103.86779616272547 90.77466243830995
1.4012003863988236 103.86780318901525 90.77466243830995
1.4012003107133608 103.86780895694632 90.77466243830995
1.4012002061050557 103.86781692906308 90.77466243830999
1.4012001453475336 103.86782155934515 90.7746624383106
1.401200074204546 103.86782698109432 90.77466243830999
1.4011999972123783 103.86783284860368 90.77466243830995
1.4011999373391741 103.86783741149021 90.77466243830995
1.4011998586920242 103.86784340512229 90.77466243830999
1.4011997742155198 103.86784984300319 90.77466243830995
1.4011996761927288 103.86785731323306 90.77466243830995
1.4011995662059546 103.86786569522532 90.7746624383106
1.4011994556906457 103.86787411749434 90.7746624383106
1.4011993833096306 103.86787963358299 90.77466243830995
1.4011992850614976 103.8678871209786 90.77466243830999
1.4011992061634453 103.86789313372182 90.77466243830995
1.4011991236851924 103.86789941930739 90.77466243830999
1.4011990420155405 103.86790564326898 90.77466243830999
1.4011989346878893 103.86791382259881 90.77466243830995
1.4011988407705402 103.8679209799415 90.77466243830995
1.401198776701019 103.86792586261151 90.77466243830995
1.4011986992419039 103.86793176568722 90.77466243830999
1.4011986392142388 103.86793634033012 90.77466243830999
1.4011985267956493 103.8679449076263 90.77466243830999
1.4011984453798443 103.8679511122332 90.77466243830999
1.4011983771156478 103.86795631456971 90.77466243830995
1.401198291688937 103.86796282484067 90.77466243830999
1.4011982006758648 103.8679697608402 90.77466243830995
1.401198138195587 103.86797452238807 90.77466243830995
1.4011980401283355 103.86798199597533 90.77466243830999
1.401197952032931 103.86798870961864 90.77466243830995
1.4011978410142847 103.86799717021209 90.77466243830999
1.401197754428814 103.86800376878189 90.77466243830995
1.4011976536155846 103.86801145162939 90.77466243830995
1.4011975944056696 103.86801596394055 90.7746624383106
1.4011974879608071 103.8680240759643 90.77466243830995
1.4011973868689236 103.86803178004254 90.77466243830999
1.4011972754342514 103.86804027232873 90.77466243830999
1.4011971694147833 103.86804835192723 90.77466243830999
1.401197107701629 103.86805305500125 90.77466243830995
1.4011970320687435 103.86805881887767 90.77466243830995
1.4011969294092628 103.86806664241138 90.77466243830995
1.4011968449423757 103.86807307951177 90.77466243830995
1.401196751346456 103.86808021232109 90.77466243830999
1.4011966789516888 103.86808572942012 90.77466243830999
1.4011966169140133 103.86809045721958 90.77466243830999
1.4011965265192214 103.86809734607161 90.7746624383106
1.4011964159102224 103.86810577541605 90.77466243830995
1.401196318338469 103.86811321120973 90.77466243830999
1.4011962242359242 103.86812038261867 90.77466243830995
1.4011961209690467 103.8681282524252 90.77466243830999
1.401196031875734 103.86813504208494 90.77466243830999
1.4011959516597154 103.86814115521894 90.77466243830999
1.4011958388420447 103.8681497528704 90.77466243830995
1.4011957748535953 103.8681546293251 90.77466243830999
1.401195690076309 103.86816109006178 90.77466243830995
1.401195611822569 103.86816705364852 90.77466243830999
1.4011955513632923 103.86817166114811 90.77466243830995
1.4011954647000855 103.86817826560392 90.77466243830999
1.4011953873782514 103.8681841581683 90.77466243830999
1.4011953150777956 103.8681896680611 90.77466243830999
1.401195216494019 103.86819718095867 90.77466243830999
1.4011951530194295 103.86820201824538 90.77466243830999
1.4011950759589242 103.86820789088976 90.7746624383106
1.4011949865787903 103.86821470238974 90.77466243831061
1.4011949113152042 103.8682204380917 90.77466243830995
1.4011948343169278 103.86822630599018 90.77466243831061
1.4011947653142196 103.86823156455996 90.77466243830995
1.4011946806477027 103.86823801683863 90.77466243830995
1.4011945731931756 103.86824620574737 90.77466243830995
1.401194507080611 103.86825124406136 90.77466243830995
1.4011944398368341 103.86825636858201 90.77466243830999
1.4011943472341273 103.86826342565718 90.77466243831061
1.4011942423614223 103.86827141780338 90.77466243830995
1.4011941396332237 103.86827924651891 90.77466243830999
1.4011940608580868 103.86828524981698 90.7746624383106
1.4011939782417893 103.86829154584103 90.7746624383106
1.4011938783990225 103.86829915465839 90.77466243830995
1.4011937784652393 103.86830677040996 90.77466243831061
1.4011936654046964 103.8683153865231 90.77466243830995
1.4011935704903822 103.86832261974727 90.77466243830995
1.4011934877597625 103.86832892447575 90.77466243830995
1.4011933710139928 103.86833782142591 90.77466243830995
1.4011932556206763 103.86834661530588 90.77466243830995
1.4011931736060037 103.86835286546861 90.77466243830999
1.4011931103666604 103.86835768480276 90.7746624383106
1.4011930182676995 103.8683647034649 90.77466243830999
1.4011929148812416 103.86837258232072 90.77466243830995
1.4011928553636661 103.86837711802406 90.77466243831061
1.4011927832173958 103.86838261613146 90.77466243830995
1.4011927128047306 103.8683879821237 90.77466243830999
1.4011926360664833 103.8683938301734 90.7746624383106
1.4011925478556746 103.86840055251983 90.77466243830995
1.4011924834869909 103.86840545791084 90.77466243830995
1.401192405367352 103.86841141122984 90.77466243831061
1.401192337839322 103.86841655738559 90.77466243830995
1.4011922222041453 103.86842536967421 90.77466243830995
1.401192156621676 103.86843036756093 90.77466243830995
1.4011920765301944 103.86843647114453 90.77466243830995
1.401192001707833 103.86844217317969 90.77466243830999
1.4011918888590318 103.86845077311786 90.77466243830999
1.401191772982022 103.868459603826 90.77466243830999
1.4011917039913717 103.86846486143627 90.77466243830995
1.4011916265446491 103.86847076346224 90.77466243830995
1.4011915323115565 103.86847794473498 90.77466243830995
1.4011914649297772 103.86848307973398 90.77466243830999
1.4011913554882465 103.86849142000092 90.77466243830995
1.4011912609063748 103.86849862784834 90.77466243830995
1.4011911877858745 103.86850420017728 90.77466243830999
1.4011911260768186 103.86850890286794 90.77466243830995
1.401191049536834 103.86851473578511 90.77466243830995
1.401190933210646 103.86852360070534 90.77466243830995
1.4011908290991484 103.86853153477306 90.77466243830995
1.4011907185800017 103.86853995714895 90.77466243830999
1.4011906022744611 103.86854882048823 90.77466243830995
1.4011905108036078 103.8685557912395 90.77466243830999
1.4011903949899596 103.86856461708838 90.77466243830999
1.4011903126138059 103.86857089475347 90.77466243830995
1.4011902034323835 103.86857921517401 90.77466243830999
1.4011901314084572 103.86858470392116 90.77466243830999
1.4011900664443546 103.86858965465754 90.77466243831061
1.4011899799671206 103.86859624484944 90.77466243830995
1.4011898956136961 103.86860267319031 90.77466243830999
1.401189832091147 103.86860751406697 90.77466243830999
1.4011897219519558 103.86861590746628 90.77466243830999
1.4011896335962089 103.86862264080865 90.77466243830995
1.4011895228215059 103.8686310826343 90.77466243830995
1.4011894635662352 103.8686355983093 90.77466243830999
1.4011893648971847 103.86864311759446 90.77466243830995
1.4011892624997724 103.86865092100535 90.77466243830999
1.401189150940745 103.86865942259418 90.77466243831061
1.4011890785660903 103.86866493805475 90.77466243830995
1.4011889798897383 103.86867245788902 90.77466243830995
1.4011889041603376 103.8686782290024 90.77466243830999
1.401188843997696 103.86868281381841 90.77466243830995
1.4011887344281655 103.86869116378467 90.77466243830999
1.401188627453318 103.8686993160157 90.77466243830999
1.4011885502763866 103.86870519743584 90.77466243830999
1.40118847918366 103.86871061519622 90.77466243830995
1.401188372784269 103.86871872356818 90.77466243830999
1.4011882685421702 103.86872666753744 90.77466243830995
1.4011881722668715 103.86873400437953 90.77466243830995
1.4011880753212986 103.86874139229933 90.77466243830995
1.4011879699486618 103.86874942241738 90.77466243830999
1.4011878936832636 103.86875523436275 90.77466243830999
1.4011878139520715 103.86876131042412 90.77466243830995
1.401187716476512 103.86876873872585 90.77466243830999
1.401187622575457 103.86877589462426 90.77466243830995
1.4011875607189608 103.8687806085086 90.77466243831061
1.4011874720856496 103.86878736296654 90.77466243830999
1.4011874086273215 103.86879219891948 90.77466243830995
1.401187337832424 103.86879759396766 90.77466243831061
1.401187265420937 103.86880311220987 90.77466243830995
1.4011871493607042 103.86881195677783 90.77466243830995
1.4011870497970331 103.86881954419512 90.77466243830999
1.4011869665156191 103.86882589079411 90.77466243830995
1.4011868539843424 103.86883446642555 90.77466243830999
1.4011867613309443 103.86884152722868 90.77466243830995
1.4011866467932717 103.86885025575629 90.77466243830999
1.401186552252495 103.86885746038634 90.77466243831029
1.4011864838708774 103.86886267151513 90.77466243831029
1.4011863764512482 103.86887085759511 90.77466243830995
1.4011862866901896 103.86887769797457 90.77466243830995
1.4011862156325443 103.86888311303056 90.77466243830995
1.4011861045644385 103.86889157714262 90.77466243830999
1.401186034695426 103.86889690161463 90.77466243830995
1.4011859638258946 103.86890230233166 90.77466243830995
1.401185859349551 103.86891026410359 90.77466243831029
1.401185769298765 103.86891712655321 90.77466243831029
1.4011856833305676 103.86892367788184 90.77466243830995
1.401185598419131 103.8689301486771 90.77466243830995
1.4011855256418688 103.86893569476948 90.77466243830999
1.4011854178561383 103.86894390872895 90.77466243830995
1.4011853587860101 103.86894841024814 90.77466243830999
1.4011852992885945 103.86895294432871 90.77466243830999
1.401185213267982 103.86895949964395 90.77466243831029
1.4011851013434442 103.86896802900013 90.77466243830995
1.4011850092095075 103.86897505018572 90.77466243830999
1.4011849018830222 103.86898322913716 90.77466243830999
1.4011848316305986 103.86898858281133 90.77466243830999
1.401184765104273 103.86899365253261 90.77466243830999
1.4011846827411862 103.86899992911285 90.77466243831029
1.4011845836986594 103.8690074767685 90.77466243830999
1.4011844846332464 103.86901502616632 90.77466243830999
1.401184401158273 103.86902138747467 90.77466243830999
1.4011843167096072 103.86902782298303 90.77466243831029
1.4011842147507902 103.86903559287087 90.77466243830999
1.4011841557868816 103.8690400862819 90.77466243830995
1.4011840868185441 103.86904534209077 90.77466243830999
1.4011839931870977 103.86905247737778 90.77466243830995
1.401183878060078 103.86906125075632 90.77466243830995
1.4011838028087087 103.86906698536654 90.77466243831029
1.4011836851147135 103.8690759543598 90.77466243830999
1.401183570114031 103.86908471810384 90.77466243830999
1.4011834549181061 103.8690934967239 90.77466243831029
1.4011833824485254 103.86909901933915 90.77466243830995
1.4011832842173162 103.86910650514278 90.77466243830999
1.4011831927046174 103.86911347895423 90.77466243830999
1.4011830886328809 103.86912140983709 90.77466243830999
1.4011830270550443 103.86912610243202 90.77466243830999
1.4011829652619807 103.8691308114278 90.77466243831029
1.4011838944401531 103.86913696876391 89.49288151973242
1.4011851027759865 103.8691445266814 87.82829719269002
1.4011863772046063 103.8691524979972 86.06916375166006
1.4011874977662515 103.8691595069036 84.52202521112103
1.4011883873151778 103.86916507086815 83.29514821751546
1.4011892337047993 103.86917036487927 82.12998477649032
1.401190531456832 103.86917848207922 81.00137475746908
1.4011914763357267 103.86918439212279 81.00137475746908
1.4011923975575258 103.86919015419569 81.00137475746928
1.4011934231595475 103.86919656914775 81.00137475746908
1.4011943426146518 103.86920232017044 81.00137475746908
1.4011956858532533 103.86921072188119 81.00137475746928
1.4011969141444844 103.8692184046174 81.00137475746928
1.4011980447701506 103.86922547647355 81.00137475746928
1.4011988647145097 103.86923060507519 81.00137475746928
1.4012001185431748 103.86923844754374 81.00137475746993
1.4012009891653112 103.86924389312577 81.00137475746908
1.4012022574755274 103.86925182617404 81.00137475746928
1.4012034908129258 103.86925954047386 81.00137475746908
1.401204401223924 103.86926523492824 81.00137475746908
1.401205520658528 103.86927223678715 81.00137475746908
1.401206777590917 103.86928009866975 81.00137475746928
1.401207879779063 103.86928699265547 81.00137475746928
1.401209287383604 103.86929579696519 81.00137475746928
1.4012105181277914 103.86930349504581 81.00137475746928
1.4012115384282589 103.8693098768394 81.00137475746928
1.4012124050886399 103.86931529764233 81.00137475746865
1.4012133087560164 103.86932094991734 81.00137475746928
1.401214551536187 103.86932872328134 81.00137475746928
1.4012157231610805 103.86933605158212 81.00137475746928
1.4012167091933856 103.8693422190351 81.00137475746908
1.4012174744264594 103.86934700542908 81.00137475746928
1.4012186565551703 103.86935439942967 81.00137475746928
1.4012194571781826 103.86935940718142 81.00137475746908
1.4012202485755878 103.86936435722873 81.00137475746908
1.401221434343322 103.86937177399109 81.00137475746908
1.4012221668264435 103.86937635554038 81.00137475746973
