1166165687
1.403105624305851 103.87158785077037 217.9306656829349
1.4031012289987208 103.87158357447179 218.90238225382043
1.4030971739873503 103.8715775105041 221.86513466474995
1.4030944293938294 103.87157340616878 223.88788283335828
1.4030900015994519 103.87156678473188 227.1666004922372
1.4030872202836955 103.87156262548125 229.22769701569757
1.4030833466726593 103.87155683278434 232.08849687809663
1.4030785577715927 103.87154967133937 235.59053449518723
1.4030748352379674 103.87154354324186 236.82287503746954
1.4030734362380908 103.87153840401056 238.98950722953566
1.403071086208336 103.87152977116754 242.66935583954776
1.4030692982797661 103.8715232032054 245.48728874501555
1.4030674986239222 103.87151659216312 248.32451511854399
1.4030658168664134 103.87151041422085 250.96438056522007
1.403063529801281 103.87150201267896 254.51645174053874
1.4030623479253548 103.87149471281437 255.8799207115661
1.4030625959575274 103.87148963522245 257.893039028819
