1.4010749498570112 103.87466584986905 266.9945562255271 26.5 1.0
1.4010644206394822 103.87446839862179 266.9945562255268 22.0 2.0
1.4010560451146001 103.87431133514048 266.99455622552694 17.5 3.0
1.4010498232898418 103.87419465941773 266.9945562255268 13.0 4.0
1.4010457551707627 103.87411837144803 266.9945562255268 8.5 5.0
1.4010433621584715 103.8740734961728 266.99455622552694 5.0 6.0
1.4010409691453884 103.87402862089834 266.99455622552694 5.0 7.0
1.4010385761315152 103.87398374562468 266.9945562255268 5.0 8.0
1.4010361831168496 103.8739388703518 266.99455622552694 5.0 9.0
1.4010337901013945 103.87389399507971 266.99455622552694 5.0 10.0
1.4010313970851471 103.87384911980838 266.9945562255268 5.0 11.0
1.4010290040681086 103.87380424453785 266.99455622552694 5.0 12.0
1.4010266110502796 103.8737593692681 266.9945562255273 5.0 13.0
1.4010242180316592 103.87371449399913 266.9945562255268 5.0 14.0
1.4010218250122475 103.87366961873096 266.99455622552694 5.0 15.0
1.4010194319920446 103.87362474346358 266.99455622552694 5.0 16.0
1.4010170389710506 103.87357986819696 266.99455622552694 5.0 17.0
1.4010146459492656 103.87353499293114 266.9945562255268 5.0 18.0
1.4010122529266897 103.87349011766611 266.99455622552694 5.0 19.0
1.4010098599033223 103.87344524240186 266.9945562255268 5.0 20.0
1.4010074668791639 103.87340036713836 266.99455622552694 5.0 21.0
1.4010050738542152 103.87335549187569 266.99455622552694 5.0 22.0
1.4010026808284748 103.87331061661378 266.9945562255268 5.0 23.0
1.401000287801943 103.87326574135267 266.99455622552694 5.0 24.0
1.4009978947746202 103.87322086609234 266.99455622552694 5.0 25.0
1.4009955017465068 103.87317599083279 266.99455622552694 5.0 26.0
1.4009931087176015 103.87313111557404 266.9945562255271 5.0 27.0
1.400990715687906 103.87308624031604 266.99455622552694 5.0 28.0
1.4009883226574196 103.87304136505887 266.99455622552694 5.0 29.0
1.4009834242541561 103.87299647542032 263.8395286238255 5.0 30.0
1.4009707766730197 103.87295300180426 253.90480394778407 5.0 31.0
1.4009692311599256 103.87290804234641 268.0713294145249 5.0 32.0
1.4009683593169957 103.87286312048884 268.92281101676525 5.0 33.0
1.4009674874732252 103.872818198632 268.9228110167652 5.0 34.0
1.4009666156286154 103.8727732767759 268.92281101676525 5.0 35.0
1.4009657437831657 103.87272835492051 268.9228110167652 5.0 36.0
1.4009648719368752 103.87268343306586 268.92281101676525 5.0 37.0
1.4009640000897456 103.87263851121193 268.9228110167652 5.0 38.0
1.4009631282417758 103.87259358935874 268.9228110167656 5.0 39.0
1.4009622563929665 103.8725486675063 268.9228110167652 5.0 40.0
1.4009613845433164 103.87250374565457 268.92281101676525 5.0 41.0
1.4009605126928273 103.87245882380357 268.92281101676525 5.0 42.0
1.4009596408414975 103.8724139019533 268.9228110167652 5.0 43.0
1.4009587689893281 103.87236898010377 268.92281101676525 5.0 44.0
1.4009578971363192 103.87232405825496 268.9228110167652 5.0 45.0
1.4009565967746767 103.87227914981183 268.37958879288686 5.0 46.0
1.4009546228670147 103.8722342624399 267.525712174448 5.0 47.0
1.4009526489585482 103.87218937506873 267.52571217444824 5.0 48.0
1.400950675049277 103.87214448769834 267.52571217444796 5.0 49.0
1.4009487011392021 103.87209960032868 267.525712174448 5.0 50.0
1.4009467272283225 103.87205471295982 267.52571217444824 5.0 51.0
1.4009447533166384 103.87200982559175 267.52571217444796 5.0 52.0
1.4009427794041498 103.87196493822442 267.52571217444824 5.0 53.0
1.4009408054908574 103.87192005085787 267.525712174448 5.0 54.0
1.4009395405657066 103.87187513879789 268.42461330931906 5.0 55.0
1.4009383462822216 103.87183022427814 268.51417470506385 5.0 56.0
1.4009371519979077 103.87178530975912 268.5141747050638 5.0 57.0
1.4009359577127638 103.87174039524086 268.51417470506385 5.0 58.0
1.4009347634267901 103.87169548072337 268.5141747050638 5.0 59.0
1.4009335691399878 103.87165056620661 268.51417470506385 5.0 60.0
1.4009340409217992 103.87160573101158 270.62661347390537 5.0 61.0
1.4009443072716607 103.87156233439825 283.25528189878327 5.0 62.0
1.4009443855402972 103.87151747638174 270.1269238689455 5.0 63.0
1.4009430503261977 103.871472549401 268.33616188075206 5.0 64.0
1.4009417151112726 103.87142762242098 268.33616188075206 5.0 65.0
1.4009403798955211 103.87138269544172 268.33616188075206 5.0 66.0
1.4009390446789445 103.8713377684632 268.3361618807521 5.0 67.0
1.4009377094615416 103.87129284148546 268.33616188075206 5.0 68.0
1.400936374243314 103.87124791450844 268.3361618807517 5.0 69.0
1.4009350390242596 103.8712029875322 268.33616188075206 5.0 70.0
1.4009337143635063 103.87115827857673 268.34135208485145 5.0 71.0
1.4009324134256944 103.87111405945926 268.3531999667503 5.0 72.0
1.4009310904672825 103.87106936387039 268.34301663752746 5.0 73.0
1.4009297572407526 103.87102444611487 268.33834228749805 5.0 74.0
1.4009284240133977 103.87097952836011 268.33834228749805 5.0 75.0
1.4009270907852165 103.8709346106061 268.33834228749805 5.0 76.0
1.4009257575562108 103.87088969285283 268.33834228749805 5.0 77.0
1.4009244243263796 103.87084477510031 268.33834228749805 5.0 78.0
1.4009230910957229 103.87079985734854 268.33834228749805 5.0 79.0
1.4009217578642408 103.87075493959752 268.338342287498 5.0 80.0
1.4009204246319331 103.87071002184724 268.33834228749805 5.0 81.0
1.4009190913988006 103.87066510409772 268.33834228749805 5.0 82.0
1.4009177581648424 103.87062018634894 268.33834228749805 5.0 83.0
1.4009164249300592 103.87057526860094 268.338342287498 5.0 84.0
1.4009150916944504 103.87053035085366 268.33834228749805 5.0 85.0
1.4009137584580162 103.87048543310712 268.33834228749805 5.0 86.0
1.4009124521559422 103.87044051461244 268.3724788776382 5.0 87.0
1.4009112552427754 103.87039559307699 268.5111152358504 5.0 88.0
1.4009100583287786 103.87035067154234 268.5111152358504 5.0 89.0
1.4009088614139524 103.87030575000838 268.5111152358504 5.0 90.0
1.400907664498297 103.87026082847518 268.5111152358501 5.0 91.0
1.400892469009625 103.8702141466191 252.1048329744935 5.0 92.0
1.4008907516756268 103.87016895647093 267.86519611076386 5.0 93.0
1.4008895762633717 103.87012408303964 268.5367552399736 5.0 94.0
1.4008884008502878 103.87007920960912 268.5367552399736 5.0 95.0
1.4008872254363756 103.87003433617932 268.536755239974 5.0 96.0
1.4008860500216347 103.86998946275027 268.5367552399736 5.0 97.0
1.4008848746060656 103.86994458932193 268.5367552399736 5.0 98.0
1.4008836991896674 103.86989971589435 268.536755239974 5.0 99.0
1.400882523772441 103.86985484246753 268.5367552399736 5.0 100.0
1.400881344850224 103.86980996913235 268.5323096142871 5.0 101.0
1.4008801620367752 103.86976509589884 268.52737397352934 5.0 102.0
1.4008789792224978 103.86972022266605 268.52737397352934 5.0 103.0
1.4008777964073917 103.869675349434 268.52737397352934 5.0 104.0
1.4008766135914572 103.86963047620272 268.52737397352934 5.0 105.0
1.4008754307746947 103.86958560297215 268.52737397352934 5.0 106.0
1.4008742479571048 103.86954072974235 268.52737397352934 5.0 107.0
1.4008730651386854 103.86949585651328 268.52737397352905 5.0 108.0
1.400871882319438 103.86945098328496 268.52737397352934 5.0 109.0
1.400870699499363 103.86940611005737 268.52737397352934 5.0 110.0
1.4008695166784588 103.86936123683053 268.52737397352934 5.0 111.0
1.400868333856727 103.86931636360444 268.52737397352934 5.0 112.0
1.4008673027320515 103.8692714866999 268.7198204844535 5.0 113.0
1.4008662807186099 103.86922660957514 268.73138018567687 5.0 114.0
1.400865258704335 103.86918173245111 268.7313801856766 5.0 115.0
1.4008642366892268 103.86913685532781 268.73138018567687 5.0 116.0
1.4008632146732853 103.86909197820523 268.73138018567687 5.0 117.0
1.4008621926565104 103.86904710108341 268.73138018567687 5.0 118.0
1.4008611706389014 103.86900222396231 268.7313801856766 5.0 119.0
1.4008601486204595 103.86895734684197 268.73138018567687 5.0 120.0
1.4008591266011843 103.86891246972235 268.73138018567687 5.0 121.0
1.4008581045810757 103.86886759260346 268.7313801856766 5.0 122.0
1.4008570825601332 103.86882271548531 268.73138018567687 5.0 123.0
1.400856060538358 103.8687778383679 268.73138018567687 5.0 124.0
1.4008550385157488 103.86873296125123 268.7313801856766 5.0 125.0
1.400854016492307 103.86868808413529 268.73138018567687 5.0 126.0
1.4008529944680312 103.8686432070201 268.73138018567687 5.0 127.0
1.4008519724429218 103.86859832990564 268.73138018567687 5.0 128.0
1.4008509504169797 103.8685534527919 268.7313801856766 5.0 129.0
1.4008499283902034 103.86850857567893 268.73138018567687 5.0 130.0
1.4008489063625946 103.86846369856669 268.73138018567687 5.0 131.0
1.4008478843341519 103.86841882145517 268.7313801856766 5.0 132.0
1.4008468623048758 103.86837394434438 268.73138018567687 5.0 133.0
1.4008458402747663 103.86832906723436 268.73138018567687 5.0 134.0
1.4008448182438238 103.86828419012504 268.7313801856766 5.0 135.0
1.4008438114319843 103.86823931268452 268.75068735031925 5.0 136.0
1.4008428504377883 103.86819443424531 268.8088101311115 5.0 137.0
1.4008418894427572 103.86814955580685 268.80881013111116 5.0 138.0
1.4008409284468903 103.8681046773691 268.80881013111116 5.0 139.0
1.4008399674501881 103.86805979893212 268.80881013111156 5.0 140.0
1.4008390064526515 103.86801492049588 268.80881013111116 5.0 141.0
1.4008380454542784 103.86797004206034 268.8088101311115 5.0 142.0
1.4008370844550702 103.86792516362554 268.8088101311112 5.0 143.0
1.4008361234550273 103.8678802851915 268.8088101311115 5.0 144.0
1.400835162454149 103.86783540675818 268.80881013111116 5.0 145.0
1.4008342014524355 103.8677905283256 268.8088101311115 5.0 146.0
1.4008332404498862 103.86774564989375 268.80881013111116 5.0 147.0
1.400832279446502 103.86770077146265 268.80881013111116 5.0 148.0
1.4008313184422818 103.86765589303226 268.8088101311115 5.0 149.0
1.400830357437227 103.8676110146026 268.80881013111116 5.0 150.0
1.4008293964313367 103.86756613617372 268.8088101311115 5.0 151.0
1.4008284354246108 103.86752125774552 268.80881013111116 5.0 152.0
1.4008274744170504 103.86747637931809 268.8088101311115 5.0 153.0
1.400826513408654 103.8674315008914 268.80881013111116 5.0 154.0
1.4008255523994222 103.86738662246543 268.8088101311115 5.0 155.0
1.4008245913893562 103.86734174404022 268.80881013111116 5.0 156.0
1.4008236303784536 103.86729686561571 268.80881013111116 5.0 157.0
1.4008226693667165 103.86725198719196 268.8088101311115 5.0 158.0
1.4008217083541439 103.86720710876892 268.80881013111116 5.0 159.0
1.4008207473407361 103.86716223034665 268.8088101311115 5.0 160.0
1.4008197863264928 103.8671173519251 268.80881013111116 5.0 161.0
1.4008188253114144 103.86707247350427 268.80881013111156 5.0 162.0
1.4008178642955005 103.86702759508421 268.80881013111116 5.0 163.0
1.4008169032787519 103.86698271666484 268.8088101311115 5.0 164.0
1.4008159422611672 103.86693783824623 268.80881013111116 5.0 165.0
1.400814981242748 103.86689295982838 268.80881013111156 5.0 166.0
1.4008140202234936 103.86684808141123 268.80881013111116 5.0 167.0
1.4008130592034032 103.86680320299482 268.80881013111116 5.0 168.0
1.4008120981824779 103.86675832457917 268.8088101311115 5.0 169.0
1.4008111371607175 103.86671344616424 268.80881013111116 5.0 170.0
1.4008101761381213 103.86666856775005 268.8088101311115 5.0 171.0
1.4008092151146903 103.86662368933658 268.80881013111116 5.0 172.0
1.4008082540904239 103.86657881092385 268.8088101311115 5.0 173.0
1.4008072930653224 103.86653393251189 268.80881013111116 5.0 174.0
1.4008063320393853 103.86648905410063 268.8088101311115 5.0 175.0
1.400805371012613 103.8664441756901 268.80881013111116 5.0 176.0
1.4008044099850063 103.86639929728034 268.80881013111116 5.0 177.0
1.4008034489565635 103.86635441887128 268.8088101311115 5.0 178.0
1.4008024879272856 103.86630954046299 268.80881013111116 5.0 179.0
1.4008015268971725 103.86626466205543 268.8088101311115 5.0 180.0
1.4008005658662244 103.86621978364859 268.80881013111116 5.0 181.0
1.4007996048344407 103.86617490524249 268.8088101311115 5.0 182.0
1.4007986438018216 103.86613002683713 268.80881013111116 5.0 183.0
1.4007976827683675 103.8660851484325 268.8088101311115 5.0 184.0
1.4007967217340787 103.86604027002862 268.80881013111116 5.0 185.0
1.400795760698954 103.86599539162546 268.80881013111116 5.0 186.0
1.4007947996629937 103.86595051322305 268.8088101311115 5.0 187.0
1.400793838626199 103.86590563482139 268.80881013111116 5.0 188.0
1.400792877588569 103.86586075642045 268.8088101311115 5.0 189.0
1.4007919165501035 103.86581587802023 268.80881013111116 5.0 190.0
1.4007909555108031 103.86577099962076 268.8088101311115 5.0 191.0
1.4007899944706672 103.86572612122202 268.80881013111116 5.0 192.0
1.4007890334296957 103.86568124282404 268.8088101311115 5.0 193.0
1.4007880723878896 103.86563636442678 268.80881013111116 5.0 194.0
1.4007871113452481 103.86559148603025 268.80881013111116 5.0 195.0
1.4007861503017711 103.86554660763446 268.8088101311115 5.0 196.0
1.4007851892574594 103.8655017292394 268.80881013111116 5.0 197.0
1.4007842282123122 103.86545685084509 268.8088101311115 5.0 198.0
1.40078326716633 103.86541197245151 268.80881013111116 5.0 199.0
1.4007823061195122 103.86536709405868 268.8088101311115 5.0 200.0
1.4007813450718596 103.86532221566657 268.80881013111116 5.0 201.0
1.4007803840233712 103.86527733727522 268.8088101311115 5.0 202.0
1.4007794229740482 103.86523245888458 268.80881013111116 5.0 203.0
1.40077846192389 103.86518758049468 268.80881013111116 5.0 204.0
1.4007775008728962 103.86514270210553 268.8088101311115 5.0 205.0
1.4007765398210676 103.86509782371712 268.80881013111116 5.0 206.0
1.4007755787684033 103.86505294532942 268.8088101311115 5.0 207.0
1.4007746177149043 103.86500806694248 268.80881013111116 5.0 208.0
1.40077365666057 103.86496318855629 268.8088101311115 5.0 209.0
1.4007724707862779 103.86491831609783 268.52358394053425 5.0 210.0
1.4007710353209686 103.86487345022022 268.2069305901423 5.0 211.0
1.4007695998548384 103.86482858434334 268.206930590142 5.0 212.0
1.4007681643878893 103.86478371846721 268.206930590142 5.0 213.0
1.4007667289201204 103.86473885259184 268.2069305901423 5.0 214.0
1.4007652934515311 103.86469398671726 268.206930590142 5.0 215.0
1.4007638579821222 103.8646491208434 268.206930590142 5.0 216.0
1.4007624225118933 103.8646042549703 268.2069305901423 5.0 217.0
1.4007609870408444 103.86455938909795 268.206930590142 5.0 218.0
1.4007595515689757 103.86451452322636 268.206930590142 5.0 219.0
1.400758116096287 103.86446965735553 268.2069305901423 5.0 220.0
1.4007566806227787 103.86442479148545 268.206930590142 5.0 221.0
