37552599
1.3434988457463013 103.83893995660428 234.77235469987613
1.3434948582086967 103.83893435158983 234.77235469987613
1.3434904170066848 103.83892810888973 234.77235469987562
1.3434877369504348 103.83892434171425 234.77235469987613
1.3434840947952522 103.83891922218078 234.77235469987613
1.3434811950835983 103.83891514625043 234.77235469987613
1.3434768395043322 103.83890902390458 234.77235469987613
1.3434718762340845 103.83890204736826 234.77235469987613
1.3434688392348606 103.83889777846201 234.77235469987613
1.3434647359416616 103.83889115512804 235.4009217908005
1.3434606541050194 103.83888444464843 236.11607530199478
1.3434572099120432 103.83887878244569 236.71969232651483
1.3434540791097398 103.83887363545261 237.26840960664936
1.3434505796159881 103.83886788233625 237.88164454505002
1.3434467082763408 103.83886151791071 238.55975254399064
1.3434426058153768 103.83885477352516 238.87954232341647
1.3434394681508117 103.83884961525071 238.87954232341596
1.3434357666252814 103.83884352999718 238.87954232341647
1.3434317579532256 103.83883693979926 238.8795423234162
1.3434278229165684 103.83883047065692 238.87954232341596
1.343424116368321 103.83882437714618 238.87954232341596
1.3434210129494666 103.8388192751713 238.87954232341647
1.343418202389006 103.83881465465132 238.87954232341647
1.3434147899459141 103.83880904464517 238.87954232341647
1.3434120121616622 103.83880447800885 238.8795423234162
1.3434080667852608 103.83879799186825 238.87954232341596
1.3434041914555663 103.83879162088343 238.87954232341596
1.343401271279303 103.83878682015678 238.87954232341647
1.343396764037439 103.83877941031774 238.87954232341596
1.3433928862197118 103.83877303524274 238.87954232341647
1.3433899647591712 103.8387682324048 238.87954232341647
1.34338561303461 103.83876107823401 238.87954232341647
1.3433828003247517 103.83875645418064 238.87954232341647
1.343378217183386 103.83874891956411 238.87954232341647
1.343373800954283 103.83874165934891 238.87954232341647
1.343369748393845 103.83873499699962 238.87954232341647
1.3433667743536681 103.83873010772167 238.87954232341647
1.3433643640697277 103.83872614525065 238.87954232341647
1.3433617473472204 103.83872184339769 238.87954232341596
1.3433579745184787 103.83871564092325 238.8795423234162
1.3433541412959906 103.83870933916242 238.8795423234162
1.343350746691293 103.83870375848277 238.87954232341596
1.3433470160626886 103.83869762538478 238.87954232341647
1.3433425587592593 103.83869029764428 238.87954232341647
1.3433390456701901 103.83868452217813 238.87954232341647
1.3433363932237454 103.83868016159565 238.87954232341596
1.3433320804110531 103.83867307139583 238.8795423234156
1.3433274130547876 103.8386653983317 238.8795423234162
1.343323513103967 103.83865898687071 238.87954232341647
1.3433202654797929 103.83865364782501 238.87954232341596
1.3433176052524094 103.8386492744509 238.87954232341596
1.3433148857334551 103.83864480360234 238.87954232341647
1.3433118887646733 103.83863987663041 238.87954232341647
1.3433077332406054 103.83863304501094 238.87954232341585
1.343304110426758 103.83862708915912 238.87954232341647
1.3433016192098985 103.83862299363588 238.87954232341622
1.3432986401078262 103.83861809603661 238.87954232341596
1.3432940909470532 103.8386106172844 238.87954232341622
1.3432905016916947 103.83860471660233 238.87954232341585
1.3432876443118824 103.83860001911273 238.87954232341647
1.3432837570598548 103.83859362852864 238.87954232341647
1.3432799506737825 103.83858737088701 238.87954232341647
1.3432764166492295 103.83858156100366 238.87954232341647
