630466913
1.344328664002051 103.84010790269777 240.65004153617357
1.344325669383881 103.84010261728952 240.65004153617357
1.3443218864134947 103.84009594046404 240.65004153617357
1.3443190173389332 103.84009087663637 240.65004153617357
1.344315504618291 103.84008467679337 240.65004153617357
1.3443124491041754 103.84007928390572 240.65004153617357
1.3443099473006894 103.84007486830019 240.65004153617357
1.3443069163200339 103.84006951871338 240.65004153617357
1.3443035773874095 103.84006362560093 240.65004153617357
1.344300692687127 103.8400585341945 240.65004153617357
1.3442975504205388 103.84005298819153 240.65004153617357
1.3442933041179093 103.84004549359928 240.65004153617357
1.3442899878449013 103.84003964048043 240.65004153617357
1.344285574023503 103.84003185022283 240.65004153617357
1.3442813850089208 103.84002445674233 240.65004153617357
