1.344839330774804 103.8422571536865 292.4293380892537 20.6064 1.0
1.3448950230164884 103.8421229156109 292.4293380892543 16.1064 2.0
1.3449287234656166 103.84202398384231 285.59781224389377 11.6064 3.0
1.3449460306158605 103.8419622722472 285.59781224389377 7.106400000000001 4.0
1.3449582077718445 103.84191885251656 285.5978122438944 5.0 5.0
1.3449703849266748 103.84187543278607 285.5978122438944 5.0 6.0
1.3449825620803502 103.84183201305578 285.59781224389377 5.0 7.0
1.3449908927980003 103.84178785189916 280.64313793783936 5.0 8.0
1.3449959398096787 103.84174305778645 276.4147606291981 5.0 9.0
1.3450009868203694 103.84169826367426 276.4147606291982 5.0 10.0
1.3450060338300716 103.8416534695626 276.4147606291982 5.0 11.0
1.3449807289345996 103.84160172949697 273.8836890879125 5.0 12.0
1.3449810984636623 103.84155693150369 270.49677176692467 5.0 13.0
1.3449814679918846 103.84151213351112 270.49677176692467 5.0 14.0
1.344981837519268 103.84146733551924 270.49677176692467 5.0 15.0
1.3449811800170992 103.84142257355619 269.19104793361765 5.0 16.0
1.3449776316223423 103.84137791300627 265.5134754765097 5.0 17.0
1.3449740832268753 103.84133325245719 265.5134754765088 5.0 18.0
1.3449705348306984 103.84128859190896 265.5134754765096 5.0 19.0
1.3449635973218605 103.84124436962814 261.16771606753855 5.0 20.0
1.344955522069521 103.84120029447666 259.7100626590556 5.0 21.0
1.3449474468166331 103.84115621932617 259.7100626590565 5.0 22.0
1.3449381620266956 103.84111242028152 258.1330871940356 5.0 23.0
1.3449260663763982 103.8410692628821 254.46629057192285 5.0 24.0
1.3449139707257023 103.84102610548375 254.4662905719226 5.0 25.0
1.3449018750746082 103.84098294808642 254.4662905719226 5.0 26.0
1.3448897794231158 103.84093979069011 254.46629057192217 5.0 27.0
1.3448740007388533 103.84089786456617 249.52493377586404 5.0 28.0
1.3448573790358143 103.84085622027206 248.39522256472068 5.0 29.0
1.344840757332549 103.84081457597907 248.39522256472006 5.0 30.0
1.3448241356290587 103.84077293168713 248.39522256472054 5.0 31.0
1.3448052323812498 103.8407323145435 245.21071800001155 5.0 32.0
1.3447846789988571 103.84069244028863 242.9080801604828 5.0 33.0
1.344764125616388 103.84065256603486 242.90808016048226 5.0 34.0
1.3447435722338426 103.84061269178216 242.9080801604828 5.0 35.0
1.34472301885122 103.84057281753056 242.90808016048166 5.0 36.0
1.344699656789504 103.84053450128415 238.81955340162105 5.0 37.0
1.344676279695597 103.84049619337735 238.79768992796753 5.0 38.0
1.344652902601717 103.84045788547157 238.79768992796753 5.0 39.0
1.3446295255078646 103.84041957756686 238.79768992796812 5.0 40.0
1.3446050814417982 103.84038196981976 237.17270900710355 5.0 41.0
1.344578798539099 103.8403455687344 234.3714509080501 5.0 42.0
1.3445525156365283 103.84030916765008 234.3714509080499 5.0 43.0
1.3445262327340857 103.84027276656676 234.3714509080501 5.0 44.0
1.3444999498317718 103.84023636548444 234.37145090805063 5.0 45.0
1.3444721446397028 103.8402011478984 231.91447746901144 5.0 46.0
1.3444429048304027 103.84016704564817 229.59908666536813 5.0 47.0
1.3444136650213248 103.84013294339888 229.59908666536785 5.0 48.0
1.3443844252124695 103.8400988411505 229.59908666536785 5.0 49.0
1.3443551854038376 103.84006473890307 229.59908666536734 5.0 50.0
1.3443259455954277 103.84003063665654 229.59908666536785 5.0 51.0
1.3442933123735825 103.83999973050815 223.6544272328311 5.0 52.0
1.3442606007811864 103.8399688981744 223.51738142032983 5.0 53.0
1.3442278891891077 103.83993806584144 223.51738142032983 5.0 54.0
1.3441924109584045 103.8399104309472 218.1221114530916 5.0 55.0
1.344156823451828 103.83988292234542 217.9093242765644 5.0 56.0
1.3441212359456258 103.83985541374429 217.909324276564 5.0 57.0
1.344084335692377 103.83982970417411 215.066568764796 5.0 58.0
1.3440469567909294 103.83980465055949 214.0304236192289 5.0 59.0
1.3440095778898782 103.83977959694535 214.0304236192296 5.0 60.0
1.3439721989892224 103.83975454333172 214.0304236192296 5.0 61.0
1.3439348200889636 103.83972948971858 214.03042361922923 5.0 62.0
1.3438974411891007 103.83970443610595 214.0304236192296 5.0 63.0
1.3438622763562202 103.83967641561303 218.75611349946502 5.0 64.0
1.3438272896054706 103.83964815648868 219.1357820816887 5.0 65.0
1.343792302855086 103.83961989736497 219.13578208168806 5.0 66.0
1.343757316105066 103.83959163824191 219.13578208168767 5.0 67.0
1.3437223293554097 103.83956337911954 219.13578208168767 5.0 68.0
1.3436899185587572 103.83953226945818 224.0380583297797 5.0 69.0
1.3436578866453162 103.8395007405272 224.7582470907318 5.0 70.0
1.3436258547321762 103.83946921159703 224.75824709073228 5.0 71.0
1.3435934273576977 103.83943808924295 224.03509806808606 5.0 72.0
1.343590416310377 103.83939572473393 223.32301796999522 5.0 73.0
1.343557398621616 103.83936481465531 223.32301796999477 5.0 74.0
1.3435248797297206 103.83933343849479 224.18696451879833 5.0 75.0
1.343495853186326 103.83929879903425 230.246991417197 5.0 76.0
1.3434668266431462 103.83926415957464 230.2469914171978 5.0 77.0
1.3434378001001808 103.83922952011599 230.246991417197 5.0 78.0
1.3434087735574292 103.8391948806583 230.24699141719728 5.0 79.0
1.3433797470148923 103.83916024120154 230.2469914171974 5.0 80.0
1.343351931201888 103.83912466039803 232.1890333193685 5.0 81.0
1.343325069406422 103.83908833784251 233.71919135626558 5.0 82.0
1.343298207611101 103.83905201528802 233.7191913562654 5.0 83.0
1.343271345815925 103.83901569273452 233.71919135626578 5.0 84.0
1.3432444840208944 103.83897937018205 233.71919135626527 5.0 85.0
1.343217622226009 103.83894304763056 233.7191913562654 5.0 86.0
1.3431907604312687 103.83890672508012 233.71919135626558 5.0 87.0
1.343165317073165 103.83886944678935 235.8842768207776 5.0 88.0
1.3431412918021999 103.83883121299374 238.0488286727666 5.0 89.0
1.343117266531281 103.83879297919918 238.04882867276663 5.0 90.0
1.3430932412604095 103.83875474540572 238.04882867276686 5.0 91.0
1.3430692159895854 103.8387165116133 238.0488286727666 5.0 92.0
1.3430451907188081 103.83867827782196 238.04882867276663 5.0 93.0
1.3430211654480784 103.83864004403166 238.04882867276623 5.0 94.0
1.3429971401773961 103.83860181024245 238.04882867276697 5.0 95.0
1.3429690358665525 103.83856693545204 231.34327083095673 5.0 96.0
1.3429393549576805 103.83853354501541 228.57629318479152 5.0 97.0
1.3429172751793312 103.83849432835612 240.80426948724482 5.0 98.0
1.342895195400961 103.83845511169795 240.80426948724454 5.0 99.0
1.3428731156225704 103.83841589504084 240.80426948724514 5.0 100.0
1.342851035844159 103.83837667838482 240.80426948724514 5.0 101.0
1.3428289560657267 103.83833746172986 240.80426948724454 5.0 102.0
1.3428068762872738 103.838298245076 240.80426948724482 5.0 103.0
1.3427847965088011 103.83825902842321 240.80426948724454 5.0 104.0
1.3427627167303073 103.83821981177151 240.80426948724482 5.0 105.0
1.3427406369517927 103.83818059512087 240.80426948724454 5.0 106.0
1.3427185571732587 103.83814137847135 240.80426948724482 5.0 107.0
1.3426964773947032 103.83810216182287 240.80426948724514 5.0 108.0
1.342674397616128 103.8380629451755 240.80426948724454 5.0 109.0
1.3426523178375322 103.8380237285292 240.80426948724482 5.0 110.0
1.342630238058916 103.83798451188396 240.80426948724454 5.0 111.0
1.3426081582802791 103.83794529523982 240.80426948724482 5.0 112.0
1.3425860785016226 103.83790607859677 240.80426948724454 5.0 113.0
1.3425639987229454 103.8378668619548 240.80426948724482 5.0 114.0
1.3425419189442476 103.8378276453139 240.80426948724482 5.0 115.0
1.3425198391655304 103.83778842867405 240.80426948724454 5.0 116.0
1.3424977593867926 103.83774921203532 240.80426948724482 5.0 117.0
1.3424768046022917 103.83770939157584 242.42422455882587 5.0 118.0
1.3424558985179944 103.83766954497841 242.49434202846405 5.0 119.0
1.3424349924336325 103.83762969838206 242.49434202846462 5.0 120.0
1.3424140863492073 103.83758985178679 242.49434202846433 5.0 121.0
1.3423931802647187 103.83755000519263 242.49434202846433 5.0 122.0
1.3423722741801665 103.83751015859956 242.49434202846433 5.0 123.0
1.3423513680955508 103.83747031200757 242.49434202846433 5.0 124.0
1.3423304620108716 103.83743046541666 242.49434202846433 5.0 125.0
1.3423095559261295 103.83739061882684 242.49434202846433 5.0 126.0
1.3422886498413231 103.83735077223811 242.49434202846462 5.0 127.0
1.3422677437564543 103.83731092565048 242.49434202846405 5.0 128.0
1.342246837671522 103.83727107906394 242.49434202846462 5.0 129.0
1.3422259315865266 103.83723123247847 242.49434202846433 5.0 130.0
1.3422050255014668 103.8371913858941 242.49434202846405 5.0 131.0
1.342184119416345 103.83715153931084 242.49434202846462 5.0 132.0
1.3421632133311598 103.83711169272864 242.49434202846433 5.0 133.0
1.3421433249560262 103.83707133615327 243.93841083208255 5.0 134.0
1.3421235021008462 103.83703094674563 244.03137000718598 5.0 135.0
