1.3263596691883972 103.90748940302242 236.21387928736954 14.723400000000002 1.0
1.326308206910619 103.90741305637384 236.21387928736954 10.223400000000002 2.0
1.3262599008309324 103.90733707024013 237.96021868947756 10.0 3.0
1.3262112974324833 103.90726127382337 237.08657307207426 10.0 4.0
1.3261612686024755 103.90718639086009 236.44903455366384 10.0 5.0
1.3261112397726773 103.90711150790086 236.44903455366384 10.0 6.0
1.3260612109430898 103.9070366249457 236.44903455366415 10.0 7.0
1.3260113080121678 103.90696165911397 236.54701710505998 10.0 8.0
1.325961408142837 103.90688669127093 236.54701710506004 10.0 9.0
1.3259135743455948 103.90681047390282 239.61202938886964 10.0 10.0
1.3258847301019685 103.90672636421324 257.7569064000922 10.0 11.0
1.3258764484799535 103.9066368740054 264.1893606064009 10.0 12.0
1.3258671988889215 103.90654493443913 266.42083200721424 10.0 13.0
1.3258629502673922 103.90645215579528 267.42020777794056 10.0 14.0
1.3258744978824724 103.90636019903721 278.62571647718437 10.0 15.0
1.3258889162485834 103.90626843635638 279.0090665799937 10.0 16.0
1.3259170968426877 103.90618090921812 295.6754897743 10.0 17.0
1.3259586021337189 103.90609779845941 297.1567223336081 10.0 18.0
1.3260128436381755 103.90602215959728 305.495354047493 10.0 19.0
