39477474#1-AddedOnRampEdge
1.295832006743607 103.88962706025484 91.1288347966607
1.295831858541056 103.88963470319977 91.1288347966607
1.2958317038632168 103.8896426800801 91.1288347966607
1.2958315428170164 103.88965098538135 91.1288347966604
1.2958314295335558 103.88965682751311 91.1288347966607
1.295831314222041 103.88966277423282 91.1288347966607
1.2958311973984962 103.88966879892851 91.1288347966607
1.2958310633633265 103.88967571124226 91.1288347966607
1.2958309391824472 103.88968211536063 91.1288347966607
1.29583084364311 103.88968704240857 91.1288347966604
1.2958307531489135 103.8896917092737 91.1288347966604
1.2958305975902156 103.88969973157123 91.1288347966607
1.295830470162661 103.88970630312015 91.1288347966604
1.295830322702668 103.8897139077581 91.1288347966604
1.2958301716940268 103.88972169540165 91.1288347966607
1.2958298550261418 103.88973065553236 91.30939256405743
1.295829421200897 103.88973798089201 91.6780582972397
1.295828992572015 103.88974521850808 92.04235563859976
1.295828683222199 103.88975044203639 92.30528878302106
1.2958283373540522 103.88975628219495 92.59925808057336
1.2958280084545986 103.88976183582835 92.87878859317887
1.2958276592277567 103.88976773269972 93.1755627658981
1.2958272669481192 103.88977435653896 93.39257951816144
1.295826769597809 103.88978275454897 93.39257951816144
1.2958262913017928 103.88979083081719 93.39257951816144
1.2958260067842065 103.88979563503918 93.39257951816144
1.2958255549641706 103.88980326424651 93.39257951816144
1.2958252009691427 103.88980924162935 93.39257951816144
1.2958246993960076 103.8898177109418 93.39257951816144
1.295824293306128 103.8898245679715 93.39257951816128
1.2958237871278178 103.88983311504369 93.39257951816144
1.29582351354295 103.88983773465985 93.39257951816128
1.2958231447558348 103.88984396181294 93.39257951816128
1.2958227207653907 103.88985112110123 93.39257951816144
1.2958223490132803 103.88985739831915 93.39257951816144
1.2958220543539876 103.88986237378657 93.39257951816128
1.2958216232908704 103.8898696524995 93.39257951816144
1.2958211422545394 103.88987777503428 93.39257951816128
1.295820790962587 103.88988370677123 93.39257951816144
1.2958203888374453 103.88989049685117 93.39257951816144
1.2958200411449046 103.88989636780973 93.39257951816128
1.2958195575840412 103.88990453297092 93.39257951816144
1.2958192442690215 103.88990982344772 93.39257951816144
1.2958188556537527 103.88991638540564 93.39257951816128
1.2958184177684986 103.88992377931086 93.39257951816144
1.295817886237448 103.88993275447035 93.39257951816128
1.2958173676416627 103.88994151121103 93.39257951816144
1.2958168628959943 103.88995003408526 93.39257951816128
1.2958165438968934 103.8899554205388 93.39257951816144
1.2958160461405792 103.88996382539362 93.39257951816144
1.295815761414287 103.88996863313379 93.39257951816144
1.2958154604815892 103.88997371452673 93.39257951816144
1.2958150709390124 103.88998029213971 93.39257951816144
1.2958146437689138 103.88998750511107 93.39257951816144
1.2958142125863443 103.88999478583455 93.39257951816144
1.2958139332039014 103.88999950334023 93.39257951816128
1.2958135943985898 103.89000522422917 93.39257951816144
1.2958133070981903 103.89001007543295 93.39257951816144
1.2958129116471644 103.89001675281118 93.39257951816128
1.2958125009885875 103.89002368697582 93.39257951816144
1.2958120240070934 103.8900317410339 93.39257951816144
1.2958116921386684 103.89003734478892 93.39257951816128
1.29581135864848 103.89004297592794 93.39257951816144
1.2958109204389296 103.89005037530242 93.39257951816113
1.295810584427301 103.89005604901664 93.39257951816144
1.2958101195572864 103.89006389856486 93.39257951816128
1.2958096205325695 103.89007232483077 93.39257951816144
1.2958092550192426 103.89007849669403 93.39257951816144
1.2958089432064563 103.89008376179838 93.39257951816144
1.2958085041437295 103.89009117557701 93.39257951816144
1.295808007519789 103.89009956130303 93.39257951816144
1.2958075568347176 103.8901071713295 93.39257951816128
1.295807253692647 103.89011229002372 93.39257951816144
1.295806725968118 103.89012120089632 93.39257951816144
1.2958062844618972 103.89012865593249 93.39257951816144
1.2958059458943483 103.89013437280144 93.39257951816144
1.295805511304757 103.89014171104645 93.39257951816144
1.2958052361233177 103.89014635761133 93.39257951816144
1.2958047961080148 103.89015378747135 93.39257951816144
1.2958043689371825 103.8901610004462 93.39257951816144
1.2958040009289582 103.89016721443306 93.39257951816144
1.2958036134643933 103.89017375694885 93.39257951816144
1.2958031995689108 103.89018074576236 93.39257951816144
1.2958028499326288 103.89018664952978 93.39257951816144
1.2958023945185324 103.89019433940327 93.39257951816128
1.2958019922287356 103.8902011322485 93.39257951816128
1.2958017125592383 103.89020585459433 93.39257951816128
1.295801185258358 103.8902147583075 93.39257951816144
1.2958008078272458 103.8902211314017 93.39257951816144
1.295800429707944 103.890227516116 93.39257951816144
1.295799910187108 103.89023628845827 93.39257951816144
1.2957995093029528 103.89024305756661 93.39257951816144
1.2957991338048622 103.89024939801959 93.39257951816144
1.2957987452627235 103.89025595872687 93.39257951816144
1.2957983584521455 103.89026249019567 93.39257951816128
1.2957980165755099 103.89026826293457 93.39257951816144
1.2957975957419463 103.89027536889598 93.39257951816144
1.2957971112153996 103.89028355034121 93.39257951816144
1.2957967293760344 103.89028999786758 93.39257951816144
1.295796325864463 103.89029681133844 93.39257951816144
1.2957960305104448 103.8903017985211 93.39257951816144
1.295795577776853 103.89030944312678 93.39257951816097
1.2957952725229263 103.89031459747326 93.39257951816144
1.2957949253045151 103.89032046040826 93.39257951816144
1.29579457029535 103.89032645489333 93.39257951816144
1.2957941524599363 103.89033351022672 93.39257951816128
1.2957937794167367 103.89033980922375 93.39257951816144
1.2957934887961013 103.89034471647963 93.39257951816128
1.2957930209960589 103.89035261548656 93.39257951816144
1.2957927183864402 103.89035772518119 93.39257951816144
1.2957922941042543 103.89036488936956 93.39257951816144
1.2957918989129753 103.89037156234505 93.39257951816144
1.2957916260005031 103.89037617058989 93.39257951816144
1.295791254770283 103.89038243897204 93.39257951816128
1.2957908389383748 103.8903894604726 93.39257951816128
1.295790368311795 103.89039740720432 93.39257951816144
1.2957898492694744 103.89040617145606 93.39257951816144
1.295789388212503 103.89041395659991 93.39257951816144
1.2957889747469584 103.89042093814183 93.39257951816128
1.2957885943572864 103.89042736118326 93.39257951816144
