474470213
1.296425161419915 103.88545346900219 180.0549336164494
1.296417112534065 103.88545346485486 180.0549336164494
1.2964085729223507 103.88545346045467 180.0549336164494
1.296402586977842 103.88545345737028 180.0549336164494
1.2963963717115883 103.8854534541677 180.0549336164494
1.296390523272256 103.88545345115413 180.0549336164494
1.2963826598403323 103.88545344710228 180.0549336164494
1.2963775182267971 103.8854534444529 180.0549336164494
1.2963698398456451 103.88545360903926 179.8392901245855
1.2963646888021005 103.88545373127968 179.6794834534142
1.296357080508547 103.88545391183361 179.44343424037967
1.296348384825851 103.88545411819257 179.17364533778647
1.296342158717019 103.88545426594557 178.98048075336962
1.2963367098826817 103.88545439525288 178.81143790833602
1.296331649027267 103.885454515353 178.6569725672834
1.296322921746097 103.88545472246173 178.6569725672847
1.296316901560466 103.88545486532787 178.6569725672847
1.2963080318197886 103.88545507581729 178.6569725672834
1.2963018911368582 103.88545522154294 178.6569725672834
1.2962965576392471 103.8854553481131 178.65697256728345
1.2962897660991481 103.88545550928433 178.6569725672847
1.2962852416684412 103.88545561665437 178.6569725672834
1.2962762734963575 103.88545582947958 178.65697256728345
1.2962700555150868 103.88545597703954 178.65697256728345
1.296262593759432 103.88545615411569 178.65697256728345
1.2962565546311435 103.88545629743122 178.65697256728345
1.2962509862449327 103.8854564295755 178.65697256728345
1.2962430920364707 103.8854566169142 178.6569725672847
1.2962379938947315 103.88545673789898 178.6569725672847
1.2962328103987957 103.88545686090933 178.6569725672834
1.2962250766239911 103.88545704444071 178.65697256728345
1.2962189532079265 103.88545718975642 178.6569725672847
1.2962143844964897 103.88545729817717 178.65697256728345
1.2962057457672347 103.8854575031841 178.65697256728345
1.296199116793363 103.88545766049722 178.6569725672834
1.2961925377154329 103.88545781662624 178.6569725672834
1.2961872424220466 103.88545794228958 178.6569725672834
1.296180407792481 103.8854581044831 178.65697256728345
1.2961740810871623 103.88545825462298 178.6569725672834
1.2961667277237974 103.8854584291266 178.65697256728345
1.296160599278769 103.88545857456153 178.65697256728345
1.2961538586370247 103.88545873452453 178.6569725672847
1.2961478591121196 103.88545887689999 178.6569725672847
1.296140053208758 103.88545906214284 178.6569725672834
1.2961327697399478 103.8854592349877 178.6569725672847
1.2961259950330224 103.88545939575906 178.6569725672847
1.296118081976677 103.8854595835447 178.65697256728345
1.2961135362555576 103.88545969141971 178.6569725672834
1.2961088267016465 103.88545980318264 178.6569725672847
1.2961038778869234 103.88545992062349 178.6569725672834
1.2960959690765244 103.88546010830832 178.6569725672847
1.2960882490442738 103.8854602915132 178.6569725672847
1.2960798174680053 103.88546049160378 178.6569725672847
1.2960714249183247 103.88546069076818 178.65697256728345
1.296065543689133 103.88546083033619 178.6569725672847
1.2960592316311255 103.88546098012822 178.65697256728345
1.2960513367254347 103.88546116748293 178.65697256728345
1.2960442372314829 103.88546133596164 178.6569725672834
1.2960385966103125 103.88546146981969 178.65697256728345
1.296033059148903 103.88546160122965 178.65697256728345
1.2960245044733165 103.88546180424133 178.65697256728345
1.2960158262584678 103.88546201018471 178.6569725672847
1.2960088956996425 103.88546217465434 178.6569725672834
1.2960011973762513 103.88546235734378 178.6569725672834
1.295994779475385 103.88546250964745 178.6569725672847
1.2959871214023362 103.88546269138169 178.6569725672834
1.2959808789803893 103.885462839521 178.65697256728345
