596272111
1.2955766952831729 103.88864538772538 250.1956304577207
1.2955745835552364 103.88863956933328 250.1956304577207
1.2955722564080978 103.88863315740198 250.19563045772176
1.2955702212032543 103.88862754985216 250.1956304577207
1.2955679872976007 103.88862139482693 250.1956304577207
1.2955654136334847 103.88861430367362 250.1956304577216
1.295562526498216 103.88860634882103 250.1956304577216
1.2955606594193916 103.88860120450481 250.19563045772088
1.2955576122186552 103.8885928086279 250.1956304577207
1.2955557753349805 103.88858545261407 251.1900595285479
1.2955551991808598 103.88858081296054 252.51761700978685
1.2955544101033363 103.88857445867771 254.34263810521767
1.295553441210104 103.88856665637519 256.5894247721119
1.2955523822424322 103.88855812872157 259.0448565734142
1.295551451980582 103.88855063751018 261.19475252262566
1.2955504975269945 103.88854295148779 262.9914646326226
1.2955499803419928 103.88853617026582 263.40009201445974
1.2955497293680345 103.88852965307426 264.10274310083616
1.2955495507637012 103.88852501514846 264.6030336392759
1.2955493169538963 103.88851894366942 265.25813556843053
1.2955491055340325 103.88851345360371 265.8505435297365
1.295548907783715 103.88850831850354 266.4045665336072
1.295548597069826 103.88850025001157 267.2746571674864
1.295548293510553 103.88849236730843 267.83397146100583
1.295548057671933 103.88848624314794 267.83397146100583
1.2955478470012143 103.88848077253749 267.83397146100583
1.2955475112761026 103.88847205456675 267.8339714610057
1.2955472638448342 103.88846562937442 267.83397146100583
1.2955469305075986 103.88845697341235 267.83397146100583
1.2955466653692658 103.88845008841142 267.83397146100583
1.2955464007535549 103.88844321698215 267.8339714610056
1.2955461272688367 103.88843611524678 267.83397146100583
1.2955458997853486 103.88843020805227 267.83397146100583
1.2955456622369204 103.88842403949603 267.83397146100583
1.2955453926752551 103.88841703963418 267.83397146100583
1.2955450543156293 103.88840825325701 267.83397146100583
1.2955447811362013 103.88840115945175 267.83397146100583
1.2955445673293358 103.88839560740789 267.83397146100583
1.295544323549432 103.88838927703753 267.83397146100583
1.2955440764272117 103.88838092932473 267.9280878805615
1.295544053698696 103.88837622079555 268.1288755636558
1.2955440149323778 103.88836818981599 268.47137873938016
1.2955439868944632 103.88836238137708 268.7191112626145
1.2955439607679045 103.88835696890423 268.94995830392315
1.295543928726129 103.88835033101684 269.2330626583751
1.2955438935355683 103.8883430408203 269.54396251994274
1.2955438574970528 103.88833557496291 269.75034676727506
1.2955438247192934 103.88832878461848 269.75034676727506
1.295543786467653 103.88832086029231 269.75034676727506
1.2955437468520132 103.88831265340131 269.75034676727506
1.2955437097742009 103.88830497225904 269.75034676727506
1.2955436697196363 103.88829667444992 269.75034676727506
1.2955436318294218 103.88828882501848 269.75034676727506
1.2955435960635695 103.8882814156799 269.75034676727506
1.2955435542594658 103.88827275544855 269.75034676727506
1.29554352957233 103.88826764120928 269.75034676727506
1.2955435018455197 103.88826189726714 269.75034676727506
1.2955434417454756 103.88825299545412 269.7286464055887
1.295543381601233 103.88824498647331 269.7014302655883
1.2955433258633346 103.88823756425705 269.67620805904585
1.2955432623386334 103.88822910513159 269.6474622226532
1.2955432161574059 103.88822295551353 269.6265645717539
1.2955431688330512 103.88821665367567 269.60514966018013
1.2955431091735656 103.88820870926166 269.5976486117157
1.2955430644832449 103.88820275818321 269.5976486117157
1.2955430106350665 103.88819558762327 269.59764861171556
1.295542951926452 103.88818776983838 269.59764861171556
1.2955429018767675 103.88818110510071 269.5976486117157
1.2955428534450013 103.88817465581113 269.5976486117157
1.295542786903353 103.88816579497004 269.5976486117157
1.295542738986708 103.88815941428045 269.5976486117157
1.2955426859272716 103.8881523487675 269.5976486117157
1.2955426496234552 103.88814751447173 269.5976486117157
1.2955426051647978 103.88814159426119 269.5976486117157
1.2955425570928667 103.88813519290143 269.59764861171556
1.2955424522781718 103.88812657032742 269.54689748059025
1.295542321993503 103.88811832496042 269.4602917116432
1.2955422059041095 103.88811097797567 269.38312176968327
1.2955421053017142 103.88810461112243 269.3162466842005
1.2955419855663803 103.88809703339855 269.23665323501984
1.2955418837502657 103.8880905897345 269.1689718742871
1.295541786435537 103.88808443095186 269.125715751757
1.2955417104851836 103.8880796242627 269.125715751757
1.295541632930427 103.88807471603579 269.125715751757
1.2955415073096748 103.88806676584576 269.125715751757
1.2955413852914077 103.88805904364851 269.1257157517571
1.2955412751258724 103.88805207157904 269.1257157517571
1.2955411506768866 103.88804419555126 269.125715751757
1.2955410127371156 103.88803546573129 269.125715751757
1.2955408723510988 103.88802658109725 269.125715751757
1.2955407680836544 103.88801998230677 269.1257157517571
1.2955406530822426 103.88801270419526 269.125715751757
1.2955405117001397 103.88800375652677 269.125715751757
1.295540386207344 103.88799581444874 269.1257157517571
1.2955402883504488 103.88798962136843 269.1257157517571
1.295540153255361 103.88798107159198 269.1257157517571
1.2955400606912406 103.88797521347823 269.1257157517571
1.2955399621791663 103.88796897893673 269.125715751757
1.2955398715568598 103.8879632437164 269.125715751757
1.2955397562475224 103.8879559461274 269.1257157517571
1.2955396836918969 103.88795135429584 269.125715751757
1.2955395536913554 103.88794312694627 269.125715751757
1.2955394340931015 103.88793555792816 269.1257157517571
1.295539344080216 103.88792876883963 269.1475808827835
1.2955392693877505 103.887920083456 269.2268067873156
1.2955392174035516 103.88791403863533 269.28194638725637
1.2955391637007143 103.88790779396986 269.3389090236333
1.2955391106429073 103.88790162431154 269.3951874438607
1.295539052196883 103.8878948281035 269.45718098001896
1.2955389790985223 103.88788632809865 269.5347157478335
1.2955389127933221 103.8878786180171 269.5355987136793
1.2955388465630506 103.88787091665118 269.5355987136793
1.2955387741971924 103.8878625018322 269.5355987136793
1.295538702745468 103.8878541933133 269.53559871367906
1.2955386640329198 103.88784969175869 269.5355987136793
1.2955386059650487 103.88784293953898 269.5355987136793
1.2955385655428424 103.88783823918513 269.5355987136793
1.295538523493965 103.88783334968058 269.5355987136793
1.2955384678491213 103.8878268792191 269.53559871367906
1.2955384128580907 103.88782048478572 269.53559871367906
1.2955383620534529 103.88781457715359 269.5355987136793
1.2955383073126698 103.88780821182303 269.5355987136793
1.2955382579515684 103.88780247205045 269.5355987136793
1.2955382085510556 103.88779672769662 269.5355987136793
1.2955381541938376 103.88779040697263 269.53559871367924
1.2955380822179792 103.88778203753435 269.53559871367924
1.2955380369441596 103.88777677304243 269.5355987136793
1.2955379777519633 103.8877698901076 269.53559871367906
1.295537933046059 103.88776469165647 269.5355987136793
1.2955378836201987 103.88775894436515 269.5355987136793
1.2955378089627163 103.887750263117 269.5355987136793
1.2955377616212358 103.88774475820317 269.5355987136793
1.2955377034331228 103.88773799203422 269.5355987136793
1.2955376639433471 103.88773340012688 269.5355987136793
1.2955376250417077 103.88772887660943 269.53559871367906
1.295537569738806 103.8877224459402 269.5355987136793
1.2955375082435159 103.88771529521689 269.5355987136793
1.2955374311091188 103.88770632596862 269.5355987136793
1.295537360586098 103.8876981254996 269.53559871367906
1.2955373045808027 103.88769161316458 269.53559871367906
1.2955372338623725 103.88768338997876 269.5355987136793
1.2955371816959254 103.88767732403181 269.5355987136793
1.2955371082095748 103.88766877899599 269.5355987136793
1.295537054412371 103.88766252342786 269.5355987136793
1.29553699567848 103.88765569382105 269.5355987136793
1.2955369480257481 103.88765015273869 269.53559871367906
1.2955368924373587 103.88764368889602 269.5355987136793
1.2955368220753933 103.88763550717817 269.5355987136793
1.2955367484380411 103.88762694460026 269.53559871367906
1.2955366847595966 103.88761954005037 269.5355987136793
1.2955366315868437 103.88761335710765 269.5355987136793
1.2955365836537884 103.88760778344006 269.5355987136793
1.2955365227149203 103.88760069745516 269.5355987136793
1.2955364527450073 103.88759256134136 269.5355987136793
1.2955364037847408 103.8875868682347 269.5355987136793
1.295536335593743 103.88757893897845 269.53559871367906
1.2955362916362134 103.88757382759387 269.5355987136793
1.2955362495132412 103.88756892953289 269.5355987136793
1.29553618770894 103.88756174292817 269.5355987136793
1.2955361208420637 103.8875539676498 269.5355987136793
1.2955360627544878 103.88754721323046 269.5355987136793
1.2955360031966976 103.8875402878569 269.5355987136793
1.295535940596467 103.88753300871105 269.5355987136793
1.2955358658709426 103.88752431964093 269.5355987136793
1.2955358053477264 103.88751728201514 269.5355987136793
1.2955357546280761 103.88751138434753 269.5355987136793
1.2955356779923495 103.88750247316833 269.53559871367906
1.2955356253525379 103.88749635222905 269.5355987136793
1.2955355687087917 103.88748976571556 269.5355987136793
1.295535493019488 103.88748096459486 269.53559871367906
1.2955354222341746 103.88747273371139 269.5355987136793
1.2955353611300706 103.88746562855685 269.53559871367906
1.295535285336197 103.8874568152866 269.53559871367906
1.2955352260862516 103.88744992573771 269.5355987136793
1.295535160331257 103.88744227978812 269.53559871367906
1.2955351147685308 103.8874369817844 269.5355987136793
1.2955350673823325 103.88743147174998 269.5355987136793
1.2955350214423653 103.88742612988355 269.53559871367906
1.2955349787810087 103.88742116925285 269.53559871367906
1.2955349185376523 103.88741416420226 269.53559871367906
1.2955348707442522 103.8874086068244 269.53559871367906
1.2955348280606678 103.88740364361308 269.5355987136793
1.2955347685777374 103.88739672698973 269.5355987136793
1.2955347132049722 103.88739028829482 269.53559871367906
1.2955346586781948 103.88738394797244 269.5355987136793
1.2955346113991977 103.88737845041655 269.5355987136793
1.2955345548312645 103.88737187275413 269.53559871367924
1.2955344982296537 103.88736529117769 269.5355987136793
1.2955344564688618 103.88736043527749 269.5355987136793
1.2955344019971717 103.88735410136927 269.53559871367906
1.2955343262026742 103.88734528807154 269.5355987136793
1.295534277556593 103.8873396315626 269.5355987136793
1.2955342086954373 103.88733162447109 269.53559871367906
1.2955341600397958 103.88732596685394 269.5355987136793
1.2955340843749186 103.88731716863968 269.53559871367906
1.2955340165563856 103.88730928279122 269.5355987136793
1.295533943909991 103.88730083556858 269.5355987136793
1.2955338684995499 103.88729206694987 269.5355987136793
1.2955338230710975 103.88728678459586 269.5355987136793
1.2955337674632075 103.88728031859341 269.53559871367906
1.2955337077056814 103.88727297297505 269.5399249616632
1.29553365725753 103.88726646181216 269.546953327946
1.2955336035584664 103.88725953106815 269.554434604516
1.2955335508002532 103.88725272175859 269.5617848008731
1.2955335097751601 103.88724742680151 269.5675003544997
1.2955334588865461 103.88724085879831 269.57459007649027
1.2955334202866824 103.8872358768596 269.5799677471926
1.2955333594939158 103.88722803056925 269.5841029252048
1.295533297419447 103.88722001885778 269.5841029252048
1.295533235882188 103.88721207648511 269.58410292520495
1.2955331991602839 103.88720733693454 269.5841029252048
1.2955331486764745 103.88720082119127 269.5841029252048
1.2955331004160975 103.88719459241946 269.58410292520495
1.2955330616822076 103.88718959319435 269.5841029252048
1.2955330027225038 103.88718198350834 269.5841029252048
1.2955329667698159 103.88717734324452 269.5841029252048
1.295532907013487 103.88716963074627 269.5841029252048
1.2955328512078386 103.88716242814846 269.5841029252048
1.2955327846399618 103.88715383651902 269.58410292520495
1.2955327337146956 103.8871472638166 269.5841029252048
1.2955326716879594 103.88713925829875 269.5841029252048
1.2955326076633913 103.88713099493287 269.5841029252048
1.295532565503284 103.88712555351755 269.5841029252048
1.2955324985750263 103.88711691539154 269.5841029252048
1.295532450061918 103.88711065402752 269.58410292520495
1.2955323827663596 103.88710196850231 269.5841029252048
1.2955323302690074 103.8870951929155 269.58410292520495
1.295532284468133 103.88708928161356 269.5841029252048
1.2955322251024435 103.88708161956785 269.5841029252048
1.2955321788204814 103.88707564617833 269.5841029252048
1.2955321405695583 103.8870707093177 269.5841029252048
1.2955320929611294 103.88706456473092 269.5841029252048
1.2955320249107694 103.88705578180756 269.58410292520495
1.2955319674998018 103.8870483720611 269.5841029252048
1.2955319011403768 103.8870398073854 269.5841029252048
1.295531847772573 103.88703291947529 269.58410292520495
1.2955318001027702 103.88702676697922 269.5841029252048
1.2955317595100375 103.88702152788561 269.58410292520495
1.295531704628398 103.88701444459917 269.58410292520495
1.295531665447476 103.88700938772382 269.5841029252048
1.2955316108264296 103.88700233807508 269.58410292520495
1.2955315572682218 103.8869954256037 269.5841029252048
1.2955315120726567 103.88698959245582 269.5841029252048
1.2955314480441023 103.88698132863854 269.58410292520495
1.2955313813158464 103.88697271638912 269.5841029252048
1.2955313420550194 103.88696764921161 269.5841029252048
1.2955313061189784 103.88696301114696 269.5841029252048
1.2955312432679118 103.88695489931258 269.58410292520495
1.2955311811035328 103.8869468761084 269.5841029252048
1.2955311356790173 103.88694101342566 269.5841029252048
1.2955310884764972 103.88693492126784 269.5841029252048
1.2955310347478723 103.88692798682553 269.5841029252048
1.2955309744770243 103.88692020801918 269.5841029252048
1.295530914975357 103.88691252848962 269.5841029252048
1.2955308485638186 103.88690395714723 269.5841029252048
1.295530785358115 103.8868957995664 269.5841029252048
1.2955307284021778 103.88688844860826 269.58410292520495
1.295530686812653 103.88688308090174 269.58410292520495
1.295530646573054 103.88687788742331 269.5841029252048
1.2955306102422026 103.8868731984241 269.5841029252048
1.2955305589122694 103.88686657358782 269.5841029252048
1.2955304978823043 103.88685869683138 269.5841029252048
1.2955304597808268 103.88685377931327 269.5841029252048
1.2955304142928106 103.8868479084626 269.5841029252048
1.2955303586546738 103.88684072760252 269.58410292520495
1.2955302975488756 103.88683284106921 269.5841029252048
1.295530240878702 103.88682552701631 269.5841029252048
1.2955302013023577 103.88682041915504 269.5841029252048
1.295530142615375 103.88681284481049 269.5841029252048
1.2955300999494357 103.88680733819892 269.5841029252048
1.2955300574823265 103.88680185725063 269.58410292520495
1.2955300102376224 103.88679575969161 269.5841029252048
1.2955299589340292 103.8867891382809 269.5841029252048
1.2955299198148205 103.88678408942846 269.58410292520495
1.2955298640834958 103.88677689656461 269.5841029252048
1.2955298054716684 103.8867693319367 269.5841029252048
1.2955297602857985 103.88676350010722 269.5841029252048
1.2955297054064006 103.88675641720317 269.5841029252048
1.295529668440136 103.88675164622467 269.5841029252048
1.2955296273445047 103.88674634229892 269.58410292520495
1.2955295869020207 103.88674112267172 269.5841029252048
1.2955295258402317 103.88673324185838 269.5841029252048
1.2955294645920628 103.88672533699346 269.58410292520495
1.2955294231660264 103.88671999043187 269.5841029252048
1.29552935456893 103.88671113709928 269.5841029252048
1.2955293064719435 103.88670492957066 269.5841029252048
1.2955292704893249 103.8867002855566 269.5841029252048
1.2955292244820134 103.88669434773026 269.5841029252048
1.2955291635038513 103.88668647772886 269.5841029252048
1.2955291226475325 103.88668120470705 269.5841029252048
1.2955290585485475 103.88667293192958 269.5841029252048
1.2955290155150865 103.886667377924 269.5841029252048
1.2955289772744598 103.88666244249482 269.5841029252048
1.2955289134433905 103.88665420430314 269.5841029252048
1.2955288632652786 103.88664772819749 269.58410292520495
1.2955288181461804 103.88664190502192 269.5841029252048
1.2955287499286159 103.88663310070793 269.5841029252048
1.2955286872359335 103.88662500945124 269.58410292520495
1.2955286319025783 103.88661786800849 269.5841029252048
1.2955285644576362 103.88660916342148 269.5841029252048
1.295528510008289 103.88660213607635 269.58410292520495
1.29552846531042 103.88659636727897 269.5841029252048
1.2955284035314643 103.88658839396483 269.58410292520495
1.2955283676496419 103.88658376298736 269.5841029252048
1.2955283256344279 103.88657834042391 269.5841029252048
1.2955282801648345 103.88657247203336 269.58410292520495
1.2955282448052576 103.8865679084616 269.5841029252048
1.2955281983582663 103.88656191392943 269.5841029252048
1.295528148468602 103.88655547508175 269.5841029252048
1.2955280905788402 103.88654800373011 269.58410292520495
1.2955280256234458 103.88653962047923 269.5841029252048
1.2955279603559031 103.88653119694557 269.5841029252048
1.2955279176095036 103.88652568002868 269.5841029252048
1.2955278595866309 103.88651819150888 269.5841029252048
1.2955278129914232 103.88651217786288 269.58410292520495
1.2955277642818337 103.88650589133366 269.5841029252048
1.2955277160497785 103.88649966643766 269.58410292520495
