481669877
1.2870819047482505 103.80328097048249 58.86689682949448
1.2870854196696975 103.80328674602762 58.86689682949444
1.2870898765968986 103.80329406943005 58.86689682949431
1.2870923557140315 103.80329814299277 58.86689682949448
1.2870966329841846 103.80330517119168 58.86689682949444
1.2870992185734687 103.80330941970422 58.86689682949448
1.2871017394861513 103.80331356194336 58.86689682949448
1.2871054493802716 103.80331965785807 58.86689682949444
1.2871082294741205 103.80332422597093 58.86689682949448
1.2871128843709816 103.8033318746675 58.86689682949431
1.287116549285995 103.80333789667483 58.86689682949444
1.2871190758556774 103.80334204820934 58.86689682949444
1.2871222033409477 103.8033471871387 58.86689682949431
1.287126844354614 103.8033548130232 58.86689682949448
1.287130442088033 103.80336072464114 58.86689682949448
1.2871347896201915 103.80336813441896 59.043076425202166
1.2871390845922934 103.80337553287404 59.268945282296215
1.2871421247696821 103.80338076983843 59.428829558848285
1.287145224428991 103.80338610926549 59.59184248387882
1.2871489301243446 103.80339249264127 59.78672415767971
1.2871529874325591 103.80339948170015 60.000088213621396
1.2871561397744051 103.80340491187744 60.05121999259088
1.2871601280726748 103.80341178206088 60.05121999259104
1.2871645706126686 103.80341914915536 59.86867082945647
1.2871673939735393 103.80342351742095 59.552040863655314
1.2871701448271728 103.80342777350437 59.2434912423548
1.2871726232429304 103.8034316080756 58.96547139518202
1.2871756918476092 103.80343635577911 58.62122941927804
1.2871782088027302 103.80344024997794 58.33887489512674
1.2871823368120723 103.80344663677803 57.875833471265814
1.28718634997725 103.8034528458928 57.42577500346368
1.2871907885944927 103.80345971326128 57.31944525663664
1.28719387391988 103.80346448683494 57.31944525663673
1.2871965794769096 103.80346867283616 57.319445256636605
1.2872001472086283 103.80347419278239 57.31944525663664
1.287204646417464 103.80348115389747 57.31944525663664
1.2872086628025943 103.80348744014124 57.36932184036135
1.2872117905520202 103.80349236504962 57.428565915126285
1.2872157716726929 103.80349863366385 57.5039744196534
1.2872194772485548 103.80350446840927 57.57416382479525
1.2872226883917157 103.80350952462824 57.63498784311309
1.2872255466344076 103.8035140251753 57.689127218553935
1.2872285691421843 103.80351878437179 57.746377741804125
1.2872321351733613 103.80352439939227 57.77505174479906
