639245194
1.305356246150601 103.88107925667603 247.74315972898708
1.3053538875798925 103.88107353785973 247.74315972898708
1.3053511109966602 103.88106680549029 247.74315972898714
1.3053492316943192 103.88106224875398 247.74315972898708
1.3053461998558 103.88105489746822 247.74315972898714
1.3053442954086771 103.88105027976353 247.74315972898714
1.3053416430354658 103.88104384856571 247.74315972898714
1.3053383639367613 103.88103589774938 247.74315972898714
1.305335617447287 103.88102923834836 247.74315972898765
1.3053335870481286 103.88102431524842 247.74315972898708
1.3053301763984964 103.88101604546128 247.74315972898708
1.3053275815386325 103.88100975371601 247.74315972898708
1.3053249696587286 103.8810034207024 247.74315972898708
1.305322528887268 103.88099750257467 247.74315972898714
