445282986#0
1.3058235739096882 103.88131493519936 67.54907483176666
1.3058255825280998 103.881319758852 67.54907483176666
1.305828474923189 103.88132670487481 67.54907483176738
1.305831725054928 103.8813345099943 67.54907483176726
1.305834338006998 103.88134078494097 67.54907483176679
1.305836632724355 103.88134629565403 67.54907483176666
1.3058385436391833 103.88135088467381 67.54907483176666
1.3058411884211816 103.88135723605943 67.54907483176666
1.3058441476633387 103.88136434261423 67.54907483176726
1.3058465582039538 103.88137013147441 67.54907483176666
1.305849527454719 103.88137726206475 67.54907483176679
1.3058519611537727 103.88138310653947 67.54907483176726
1.3058552851272642 103.88139108990487 67.54952270075668
1.3058581827208429 103.8813980529955 67.55176334107375
1.3058611956586674 103.88140529326529 67.55409317437368
1.305864288556502 103.88141272568384 67.55648483886272
1.3058663617823705 103.88141770776967 67.55808801522265
1.305868308108671 103.88142238490826 67.55959306315741
1.3058709371754404 103.88142870271311 67.56162605808717
1.305874337172713 103.88143687311013 67.56239902164711
1.305877528695577 103.88144454253074 67.56239902164711
1.3058802590957286 103.88145110384589 67.56239902164711
1.3058822230405376 103.88145582332294 67.56239902164698
1.3058849121115423 103.88146228532175 67.56239902164639
1.3058867026755778 103.88146658815444 67.56239902164711
1.3058889661914088 103.88147202751871 67.56239902164698
1.305891384902655 103.88147783982689 67.56239902164698
1.3058944031679864 103.88148509289952 67.56239902164639
1.3058965776465423 103.88149031830196 67.56239902164698
1.3058983469900816 103.88149457014066 67.56239902164698
1.305901142644449 103.88150128826591 67.56239902164639
1.3059034077770928 103.88150673151563 67.56239902164639
1.3059068343122548 103.88151496568537 67.56239902164639
1.3059102273788334 103.88152311942818 67.56239902164698
1.3059128419303323 103.8815294023525 67.56239902164722
1.3059147462828296 103.88153397862598 67.56239902164698
1.30591719822353 103.88153987078687 67.56239902164661
1.305920219378245 103.88154713080326 67.56239902164639
1.305922324242311 103.88155218891819 67.56239902164639
1.3059252778668706 103.88155928665564 67.56239902164639
1.3059275374406751 103.88156471654742 67.56239902164639
1.3059304429773353 103.88157169872684 67.56239902164698
1.305933442550641 103.88157890688203 67.56239902164639
1.3059360664893775 103.88158521236477 67.56239902164698
1.305938977351209 103.88159220734104 67.56239902164698
1.3059414467138115 103.8815981413681 67.56239902164698
1.3059445560294651 103.88160561324092 67.56239902164698
1.3059466740573344 103.8816107029895 67.56239902164698
1.3059487807235102 103.88161576543528 67.56239902164639
1.30595096531591 103.88162101514251 67.56239902164698
1.305954378568842 103.8816292173951 67.56239902164639
1.3059572073714736 103.88163601517842 67.56239902164698
1.3059601865735904 103.88164317438083 67.56239902164698
1.305963361786825 103.88165080460983 67.56239902164639
1.3059662724294636 103.88165779905975 67.56239902164698
1.3059680938211287 103.88166217597389 67.56239902164639
1.3059702397656483 103.88166733280814 67.56239902164698
1.3059730839940105 103.88167416766066 67.56239902164698
1.3059749019053208 103.88167853621134 67.56239902164698
1.305976889748486 103.88168331311856 67.56239902164698
1.3059802690648945 103.88169143382008 67.56239902164698
1.3059828484497222 103.88169763223773 67.56239902164698
1.3059862003427087 103.88170568703922 67.56239902164639
1.3059882456483247 103.8817106020323 67.56239902164639
1.305990160278055 103.88171520300334 67.56239902164698
1.3059931951454045 103.88172249597315 67.56239902164698
1.3059957474609711 103.88172862934191 67.56239902164698
1.3059974885318577 103.8817328132406 67.56239902164698
1.305999663268746 103.88173803926499 67.56239902164698
1.3060023105265155 103.88174440078568 67.56239902164698
1.3060049365538715 103.88175071128843 67.56239902164639
1.3060078221814122 103.88175764562621 67.56239902164639
1.306011181101569 103.88176571731485 67.56239902164673
1.306013998160892 103.8817724868791 67.56239902164698
1.306016546994774 103.88177861188143 67.56239902164698
1.3060183154715699 103.88178286163838 67.56239902164722
1.3060213728412111 103.88179020868303 67.56239902164673
1.3060235551211639 103.88179545283411 67.56239902164698
1.3060268430710962 103.88180335397728 67.56239902164639
1.3060288447241823 103.8818081640711 67.56239902164698
1.3060312313563984 103.88181389929318 67.56239902164698
1.3060336124814613 103.88181962128124 67.56239902164698
1.3060355186637067 103.88182420195291 67.56239902164698
1.306038748058945 103.88183196238577 67.56239902164698
1.306040514333628 103.88183620685112 67.56239902164639
1.306042939144687 103.88184203381941 67.56239902164698
1.3060460160049883 103.88184942770168 67.56239902164639
