541158242
1.306509285080789 103.88257762853976 89.59453854111098
1.3065093506839325 103.88258629449977 89.59453854111098
1.3065094061017228 103.88259361501117 89.59453854111163
1.306509441130622 103.88259824221721 89.59453854111098
1.306509483711082 103.88260386696194 89.59453854111163
1.306509519499008 103.88260859443562 89.59453854111098
1.306509574597273 103.88261587274724 89.59453854111098
1.3065096303499524 103.8826232375079 89.59453854111098
1.3065096654052035 103.88262786820214 89.59453854111098
1.3065097113160062 103.88263393288418 89.59453854111098
1.306509767027234 103.88264129217616 89.59453854111098
1.3065098015496206 103.88264585248493 89.59453854111098
1.30650984203448 103.8826512004208 89.59453854111163
1.3065098800018642 103.88265621580653 89.59453854111098
1.3065099260114368 103.88266229354485 89.59453854111098
1.3065099778803408 103.88266914528712 89.59453854111098
1.3065100455755463 103.8826780876448 89.59453854111098
1.306510091601071 103.88268416749732 89.59453854111098
1.3065101486371122 103.88269170181324 89.59453854111098
1.3065103294609404 103.88269778400992 89.42377625719176
1.3065114377045282 103.88270480148739 88.08470686004635
1.3065122827218318 103.88271015219735 87.06159883126082
1.306513576533519 103.88271834470552 85.49321908665745
1.3065145166687049 103.88272429770889 84.35330389157797
1.30651555088985 103.8827308464714 83.1002558660878
1.3065168133613383 103.88273884053157 81.57369561784384
1.3065177290303376 103.88274463861356 81.10789112291612
1.306518481555193 103.88274940365517 81.10789112291612
1.3065192608126293 103.88275433796944 81.10789112291612
1.306520341876502 103.88276118334393 81.10789112291674
1.306521506260007 103.88276855630447 81.10789112291674
1.3065224597094938 103.88277459361564 81.10789112291674
1.306523344813863 103.88278019816065 81.10789112291612
1.3065242969666149 103.88278622726097 81.10789112291674
1.306525133157559 103.88279152208277 81.10789112291612
1.3065261756257265 103.88279812306703 81.10789112291612
1.3065272272455508 103.88280478200038 81.10789112291674
1.306528478311607 103.88281270384188 81.10789112291612
1.3065296232276302 103.88281995353378 81.10789112291612
1.306530346317115 103.88282453218929 81.10789112291612
1.3065311403799673 103.88282956025338 81.10789112291612
1.30653232690201 103.88283707339794 81.10789112291674
1.3065330610808332 103.88284172227212 81.10789112291602
1.3065341033432047 103.88284832195404 81.10789112291674
1.306535081588887 103.88285451627766 81.10789112291612
1.306536074873827 103.88286080583107 81.10789112291674
1.3065367984154028 103.88286538734967 81.10789112291674
1.30653778633477 103.88287164292802 81.10789112291674
1.3065389856676426 103.88287923719244 81.10789112291674
1.3065402552216108 103.88288727610214 81.10789112291612
1.306541173988474 103.88289309380202 81.10789112291612
1.30654196532493 103.8828981046032 81.10789112291612
1.3065426723560085 103.88290258157652 81.10789112291612
1.3065435397091896 103.88290807372132 81.10789112291612
1.3065448619192976 103.88291644605418 81.10789112291612
1.306545848878174 103.88292269555139 81.10789112291612
1.3065473210531573 103.8829312376578 80.95375475644535
1.3065488647187833 103.88293705134677 80.17027537165673
1.3065500473092657 103.88294150516964 79.56953748630251
1.3065520818093634 103.882949167419 78.5353999967079
1.3065533625959733 103.8829539910641 77.88421308948588
1.3065554101663277 103.88296170253822 76.84339932299193
1.3065573380908295 103.88296896340721 75.8641954021409
1.3065594975191797 103.88297709615644 75.24672930535073
