534619086
1.3058027765635414 103.88109606860283 49.411706439299934
1.3058085245357702 103.88110272849042 49.411706439299934
1.3058133843994633 103.88110835937114 49.411706439299934
1.305817109398052 103.8811126753405 49.411706439299934
1.3058209736181678 103.8811171526189 49.411706439299934
1.3058247647469206 103.88112154521 49.411706439299934
1.3058277952114306 103.88112505645752 49.411706439299934
1.3058328644194774 103.88113056895348 49.10520728819603
1.305836589420246 103.88113445826426 48.74281592166131
1.3058424511375812 103.8811405785423 48.17243076142865
1.3058464857179584 103.88114479108827 47.77980365915722
1.3058512080653408 103.88114972173871 47.32026664950058
1.3058549427338972 103.88115362114375 46.95689433205941
1.3058601599807984 103.88115906852379 46.449408862214305
1.3058637480568447 103.88116281487012 46.446385875515766
1.3058684259851168 103.88116769914218 46.4463858755153
1.3058724399229342 103.88117189013509 46.4463858755153
1.305877479541137 103.88117715205127 46.4463858755153
1.3058819642095079 103.88118183453874 46.4463858755153
1.3058855729588177 103.8811856024703 46.4463858755153
1.3058900749920652 103.88119030308863 46.4463858755153
1.3058958907427973 103.88119637537265 46.4463858755153
1.3058998575278578 103.88120051713298 46.4463858755153
1.3059053946144252 103.88120602633961 46.20155800428526
1.305909413488095 103.88120829838371 44.462377212350276
1.3059163835203973 103.88121223884616 41.41961822178106
1.305923522600703 103.8812162748788 38.28341046650273
1.3059303513335947 103.88122013545853 35.28200910939274
1.3059374267173118 103.88122413548072 32.18837866501749
1.305943774107544 103.88122772393655 29.665542626885575
1.305949286318755 103.8812308402293 29.665542626885287
1.305956504604835 103.88123492104043 29.665542626885905
1.305961084692507 103.88123751036325 29.665542626885905
1.3059673011165975 103.8812410247782 29.665542626885905
1.3059717748261221 103.88124355396083 29.665542626885575
1.3059757567170829 103.881245805097 29.665542626885905
1.305981498224883 103.88124905102113 29.665542626885905
1.3059888734010388 103.88125322052906 29.665542626885905
1.3059958236998255 103.88125714983533 29.665542626885575
1.3060006847780967 103.88125989801435 29.665542626885905
1.306005109414452 103.88126239945377 29.665542626885905
1.306010291871445 103.88126532932218 29.665542626885905
1.3060143127390451 103.88126760249355 29.665542626885617
1.3060192890046227 103.88127041579298 29.665542626885575
1.3060245811191504 103.88127340765557 29.665542626885575
1.3060316921780644 103.88127740059127 29.634642911349303
1.3060375870623075 103.88127921660475 27.91004529371382
1.306043906697414 103.88128116346954 26.05225038598297
1.3060492034820153 103.88128279522884 24.490767586378634
1.306057014834174 103.88128520164094 22.18586623431721
1.3060633185944797 103.88128714361521 20.32846093280248
1.3060691357194385 103.8812889356737 18.62017586618363
1.3060762045586332 103.88129111334275 17.252104366744856
1.306082354656095 103.88129300797873 17.252104366744536
1.3060884674050546 103.8812948911089 17.252104366744668
1.306093201961878 103.88129634966491 17.252104366744348
1.3060988152831743 103.88129807893837 17.252104366744536
1.3061052705383542 103.88130006758303 17.252104366744348
1.3061099861530976 103.88130152030362 17.252104366744668
1.306116471980739 103.88130351836664 17.252104366744856
1.3061246121422292 103.88130602607364 17.252104366744348
1.3061318860988085 103.88130826693236 17.252104366744348
1.3061382541086888 103.8813102286997 17.252104366744668
1.3061463085684395 103.88131148619138 15.724662071845385
1.3061514812517725 103.88131223768411 14.671162938975764
1.3061579379195474 103.88131317571543 13.35446323926328
1.3061658305969912 103.8813143223717 11.744261948305505
1.306171310903077 103.88131511855616 10.627039790153148
1.3061778562603328 103.88131606947233 9.294927538741396
1.3061830096573368 103.8813168181631 8.34443194203043
1.3061915808800124 103.88131806339905 8.344431942029997
1.3061984169452887 103.88131905654957 8.344431942030099
1.3062035403670984 103.8813198008855 8.344431942030099
1.3062083457035123 103.88132049900963 8.344431942029997
1.306213482780305 103.88132124532936 8.344431942029997
1.3062186312324102 103.8813219933017 8.34443194203043
1.30622439680601 103.88132283093005 8.344431942030099
1.3062319062756635 103.88132392191338 8.344431942029997
1.3062378235118954 103.8813247815754 8.344431942029997
1.3062460543638466 103.88132597736184 8.344431942030099
1.3062527066065204 103.88132694380633 8.34443194203033
1.3062590551773083 103.88132786613308 8.344431942029997
1.3062655911671208 103.88132834707578 7.73872450774415
1.3062724798738206 103.88132733313552 5.116245620760014
1.3062787348571998 103.88132641247218 2.7158640407009504
1.306285776258384 103.88132537605695 0.002541091701291146
1.306291711094683 103.88132450251564 357.71501756801837
1.3062964617522785 103.88132380327212 355.8887468332309
1.3063035192917427 103.88132276448148 353.1919948051106
1.3063107302081634 103.88132170311542 351.5988964776389
1.3063152215811182 103.88132104203565 351.59889647763885
1.3063203422959517 103.88132028832383 351.59889647763885
1.306326721701067 103.88131934934687 351.5988964776389
1.3063344299530284 103.8813182147785 351.5988964776385
1.3063409754953828 103.88131725134798 351.59889647763885
1.3063467686451564 103.88131639866117 351.5988964776389
1.3063513708162477 103.8813157212731 351.5988964776389
1.3063569484833555 103.88131490030291 351.59889647763885
1.3063640949293627 103.881313848426 351.59889647763885
1.3063722740331383 103.88131264455339 351.59889647763885
1.306380222487255 103.8813114746298 351.5988964776389
1.3063870189492 103.88131047426656 351.5988964776389
1.306394345260265 103.88130939591544 351.59889647763885
1.3064026673617766 103.88130817099504 351.59889647763885
1.3064075293731108 103.88130745536125 351.59889647763885
1.3064136744716999 103.88130655087134 351.5988964776389
1.3064194379032974 103.88130539153862 351.1974699531711
