474670379
1.3069189924015487 103.88105209722053 113.94741034459943
1.3069161886801721 103.88105837700228 113.94741034460063
1.3069135869839996 103.88106420428747 113.94741034460063
1.306910001315444 103.88107223547624 113.94741034460048
1.3069080088519842 103.88107669820047 113.94741034460063
1.3069056926056246 103.88108188613434 113.94741034460063
1.3069026323253599 103.88108874055698 113.94741034460063
1.3068995759270778 103.88109558628467 113.94741034459929
1.306896848471581 103.88110169524552 113.94741034459929
1.306893681482473 103.88110878867461 113.94741034460063
1.3068912492054756 103.88111423649389 113.94741034460048
1.306888655088549 103.88112004680252 113.94741034460048
1.3068856757200555 103.88112671999836 113.94741034460048
1.306883681219635 103.8811311872846 113.94741034460048
1.306880653725388 103.88113796827248 113.94741034460063
1.3068771740403708 103.88114576207808 113.94741034460048
1.3068738549807557 103.88115319611451 113.94741034460063
1.3068719840987135 103.88115738651985 113.94741034460048
1.3068692626993703 103.88116348191545 113.94741034459929
1.306866201184886 103.88117042960242 113.90049268593219
1.3068630616801877 103.88117787249203 113.68740196010629
1.3068605242354807 103.88118388806532 113.51516847245298
1.3068572089631727 103.8811917476507 113.29013471888304
1.3068544591695257 103.8811982666439 113.10348571272631
1.3068522734406904 103.88120344839686 112.95512761996058
1.306849852843101 103.881209186958 112.79083397573837
1.306847830606785 103.8812139811157 112.76404464169684
1.3068447375952725 103.8812213137824 112.76404464169684
1.3068428253166307 103.88122584726112 112.76404464169697
1.3068395094878753 103.8812337081651 112.76404464169684
1.3068375586567778 103.88123833304081 112.76404464169684
1.3068348818376456 103.88124467903133 112.76404464169684
1.3068314556228044 103.88125280162966 112.76404464169684
1.306828951350311 103.88125873856013 112.76404464169684
1.3068267669572262 103.88126391714586 112.76404464169697
1.3068239451943138 103.8812706067573 112.76404464169671
1.3068217646562994 103.88127577620361 112.76404464169684
1.3068187711924026 103.88128287286997 112.76404464169684
1.3068156802172868 103.88129020070808 112.76404464169805
1.306813767554045 103.88129473509802 112.76404464169684
1.306811741340108 103.88129953868489 112.76404464169805
1.3068084328285214 103.88130738224095 112.76404464169684
1.306806311913147 103.88131241033834 112.76404464169697
1.306803663369594 103.88131868929456 112.76404464169697
1.306801594999361 103.88132359282203 112.76404464169684
1.306799202890973 103.88132926384206 112.76404464169684
