1.3020053671292398 103.88458376088556 356.78584529101477 17.6702 1.0
1.3021231216551503 103.88457713882457 356.78584529101477 13.170200000000001 2.0
1.3022125314783353 103.88457211075695 356.78584529101477 10.0 3.0
1.3023019413011403 103.88456708268629 356.78584529101477 10.0 4.0
1.30239135237618 103.8845620767196 356.8143616281979 10.0 5.0
1.3024807613664209 103.88455703406255 356.77644136032836 10.0 6.0
1.3025701616869423 103.8845518461422 356.58903435997155 10.0 7.0
1.302659543919933 103.88454635515751 356.4872412388582 10.0 8.0
1.3027489261525138 103.88454086416974 356.4872412388582 10.0 9.0
1.3028383091838587 103.88453538604064 356.4980351835761 10.0 10.0
1.3029275121506751 103.88452812335888 354.1826115536459 10.0 11.0
1.3030162123627052 103.88451587391747 352.1123176357639 10.0 12.0
1.30310491257387 103.8845036244726 352.1123176357639 10.0 13.0
1.3031933130896058 103.88448985387116 350.11608032316923 10.0 14.0
1.3032801150903475 103.88446796972508 345.7871819678202 10.0 15.0
1.3033669170895401 103.88444608557514 345.7871819678202 10.0 16.0
1.3034505778242313 103.88441500707879 336.76364699378865 10.0 17.0
1.3035328510175497 103.88437986731094 336.76364699378865 10.0 18.0
1.3036151242083434 103.88434472753896 336.76364699378854 10.0 19.0
1.3036961072328068 103.88430680381543 333.8398959404489 10.0 20.0
1.3037764693443366 103.88426754027248 333.8398959404489 10.0 21.0
1.3038556294129768 103.88422623776486 330.7958017853379 10.0 22.0
1.303929402934281 103.88417579832768 325.4922213260255 10.0 23.0
1.3040031764519788 103.88412535888658 325.49222132602534 10.0 24.0
1.3040769499660712 103.88407491944159 325.49222132602534 10.0 25.0
1.3041494983064779 103.88402292781423 322.9513578104008 10.0 26.0
1.3042163857487123 103.88396376434784 318.34832143455674 10.0 27.0
1.3042832426247084 103.88390456679903 318.298349589292 10.0 28.0
1.3043493656725118 103.88384458832154 316.9634291407677 10.0 29.0
1.3044133107913316 103.88378229603585 315.57998475422676 10.0 30.0
1.3044772159446794 103.88371996326981 315.5541829656598 10.0 31.0
1.3045411210937137 103.88365763050058 315.55418296565927 10.0 32.0
1.304605026238436 103.88359529772814 315.5541829656598 10.0 33.0
1.3046685925290415 103.88353262673232 314.93957185387836 10.0 34.0
1.3047316218525455 103.88346941976822 314.759904805494 10.0 35.0
1.3047949625630015 103.88340560276585 314.5000495169916 10.0 36.0
1.3048589047136905 103.88334188191529 315.1246461692332 10.0 37.0
1.3049229743352235 103.88327844454734 315.12464616923364 10.0 38.0
1.3049870439523314 103.88321500717618 315.12464616923364 10.0 39.0
1.3050511135650136 103.8831515698018 315.12464616923364 10.0 40.0
1.3051151831732695 103.88308813242419 315.12464616923364 10.0 41.0
1.3051792527770998 103.88302469504336 315.12464616923364 10.0 42.0
1.3052433223765036 103.8829612576593 315.1246461692341 10.0 43.0
1.3052911763772304 103.88289000454027 301.3601351076661 10.0 44.0
1.305351021842174 103.8828226208686 311.45116970171625 10.0 45.0
1.3054108673025102 103.88275523719408 311.4511697017158 10.0 46.0
1.3054707127582381 103.88268785351673 311.45116970171625 10.0 47.0
1.3055305582093566 103.88262046983651 311.45116970171625 10.0 48.0
1.3055871997554749 103.88255195857147 309.0575267544389 10.0 49.0
1.3056379711689636 103.88247942994407 302.88370585614905 10.0 50.0
1.305684210493446 103.8824038596633 301.3672487282966 10.0 51.0
1.3057294009457097 103.88233871369046 304.60076188761286 8.944399999999995 52.0
1.3057536948817312 103.88230514897768 305.6250543593171 4.444399999999995 53.0
1.3057536948817312 103.88230514897768 305.6250543593171 0.0 54.0
1.3057536948817312 103.88230514897768 305.6250543593171 0.0 55.0
1.3057536948817312 103.88230514897768 305.6250543593171 0.0 56.0
1.3057536948817312 103.88230514897768 305.6250543593171 0.0 57.0
1.3057536948817312 103.88230514897768 305.6250543593171 0.0 58.0
1.3057536948817312 103.88230514897768 305.6250543593171 0.0 59.0
1.3057536948817312 103.88230514897768 305.6250543593171 0.0 60.0
1.3057536948817312 103.88230514897768 305.6250543593171 0.0 61.0
1.3057536948817312 103.88230514897768 305.6250543593171 0.0 62.0
1.3057536948817312 103.88230514897768 305.6250543593171 0.0 63.0
1.3057536948817312 103.88230514897768 305.6250543593171 0.0 64.0
1.3057536948817312 103.88230514897768 305.6250543593171 0.0 65.0
1.3057536948817312 103.88230514897768 305.6250543593171 0.0 66.0
1.3057536948817312 103.88230514897768 305.6250543593171 0.0 67.0
1.3057536948817312 103.88230514897768 305.6250543593171 0.0 68.0
1.3057536948817312 103.88230514897768 305.6250543593171 0.0 69.0
1.3057536948817312 103.88230514897768 305.6250543593171 0.0 70.0
1.3057536948817312 103.88230514897768 305.6250543593171 0.0 71.0
1.3057536948817312 103.88230514897768 305.6250543593171 0.0 72.0
1.3057536948817312 103.88230514897768 305.6250543593171 0.0 73.0
1.3057536948817312 103.88230514897768 305.6250543593171 0.0 74.0
1.3057536948817312 103.88230514897768 305.6250543593171 0.0 75.0
1.3057536948817312 103.88230514897768 305.6250543593171 0.0 76.0
1.3057536948817312 103.88230514897768 305.6250543593171 0.0 77.0
1.3057536948817312 103.88230514897768 305.6250543593171 0.0 78.0
1.3057536948817312 103.88230514897768 305.6250543593171 0.0 79.0
1.3057536948817312 103.88230514897768 305.6250543593171 0.0 80.0
1.3057536948817312 103.88230514897768 305.6250543593171 0.0 81.0
1.3057536948817312 103.88230514897768 305.6250543593171 0.0 82.0
1.3057536948817312 103.88230514897768 305.6250543593171 0.0 83.0
1.3057536948817312 103.88230514897768 305.6250543593171 0.0 84.0
1.3057684808125298 103.8822860692011 307.11616628445324 2.6 85.0
1.3057976834917975 103.88224931172526 308.31156702867 5.2 86.0
1.305841487508292 103.88219417551025 308.31156702867 7.800000000000001 87.0
1.305897646499574 103.88212348805288 308.3115670286705 10.0 88.0
1.3059538054861088 103.88205280059303 308.311567028671 10.0 89.0
1.3060099644678966 103.88198211313068 308.3115670286705 10.0 90.0
1.3060661234449387 103.88191142566583 308.31156702867 10.0 91.0
1.3061208639251376 103.88183995657792 306.2768137360757 10.0 92.0
1.3061719550395352 103.88176647660906 304.66352541307106 10.0 93.0
1.3062230461491757 103.88169299663821 304.66352541307106 10.0 94.0
1.3062741372540587 103.88161951666535 304.66352541307157 10.0 95.0
1.3063252283541842 103.88154603669048 304.6635254130712 10.0 96.0
1.3063763194495515 103.88147255671363 304.66352541307157 10.0 97.0
1.3064274105401612 103.88139907673475 304.66352541307157 10.0 98.0
1.3064788877205886 103.88132720677967 306.31317177936376 10.0 99.0
1.3065276514937405 103.88125470125584 300.8966176837305 10.0 100.0
1.3065720396436098 103.88117673546753 299.5208914587082 10.0 101.0
1.3066164277886545 103.88109876967793 299.5208914587082 10.0 102.0
1.3066608159288728 103.881020803887 299.5208914587082 10.0 103.0
1.3067052040642666 103.88094283809473 299.5208914587094 10.0 104.0
1.3067495921948342 103.88086487230116 299.5208914587094 10.0 105.0
1.3067857360019526 103.88078283280403 293.414447006577 10.0 106.0
1.3068215248870456 103.88070061793385 293.414447006577 10.0 107.0
1.3068573137674 103.88061840306324 293.41444700657814 10.0 108.0
1.306893102643017 103.8805361881922 293.414447006577 10.0 109.0
1.306928891513894 103.8804539733207 293.414447006577 10.0 110.0
1.3069646803800332 103.88037175844876 293.41444700657803 10.0 111.0
1.3070004692414332 103.8802895435764 293.414447006577 10.0 112.0
1.3070362580980934 103.88020732870356 293.414447006577 10.0 113.0
1.3070720469500146 103.88012511383029 293.41444700657814 10.0 114.0
1.3071078357971955 103.88004289895659 293.4144470065769 10.0 115.0
