723230941
1.4197410791618523 103.7690551533261 47.8731006326253
1.4197463282109395 103.76906091385779 47.8731006326253
1.4197521091632002 103.76906725812286 47.8731006326253
1.4197552276023067 103.76907068043177 47.8731006326253
1.4197585494859424 103.76907432600942 47.8731006326253
1.4197621224704742 103.769078247156 47.87310063262509
1.4197653103587637 103.76908174568143 47.8731006326253
1.4197705266636775 103.76908747027836 47.8731006326253
1.419774786085661 103.76909214475089 47.87310063262509
1.4197795606197736 103.76909738452962 47.87310063262509
1.4197842778099448 103.76910256137663 47.8731006326253
1.4197880689007885 103.7691067218825 47.8731006326253
1.4197923930713288 103.76911146741293 47.8731006326253
1.4197959640219007 103.76911538632744 47.87310063262509
1.4198015424548776 103.76912150833935 47.8731006326253
1.4198070499909614 103.76912755254601 47.87310063262509
1.4198109008925084 103.76913177869076 47.87310063262509
1.4198163903551648 103.76913780306289 47.8731006326253
1.4198203853400555 103.76914218733093 47.8731006326253
1.4198237628654415 103.76914589397242 47.87310063262509
1.4198289769282717 103.76915161610899 47.87310063262509
1.4198348104444976 103.76915801806035 47.8731006326253
1.419837890027899 103.7691613977275 47.8731006326253
1.4198438061420706 103.76916789032545 47.8731006326253
1.4198484794849495 103.76917301905277 47.87310063262509
1.419851936507419 103.76917681293783 47.8731006326253
1.4198557432521597 103.76918099062316 47.8731006326253
1.4198598896521393 103.76918554106074 47.8731006326253
1.4198640344449187 103.76919008973451 47.8731006326253
1.4198683012740392 103.76919477233622 47.87310063262413
1.419872503077923 103.76919938357648 47.8731006326253
1.4198779264956694 103.7692053354683 47.8731006326253
1.4198812201871303 103.76920895010696 47.8731006326253
1.4198848958051777 103.76921298388828 47.8731006326253
1.4198899272495034 103.76921850561166 47.8731006326253
1.4198954768194867 103.76922459594846 47.87310063262509
1.4199003766272427 103.76922997320827 47.87310063262509
1.4199060011894769 103.76923614584484 47.87310063262509
1.4199111957451687 103.76924184657373 47.8731006326253
1.4199144472975451 103.76924541496722 47.8731006326253
1.419917898801775 103.76924920279647 47.8731006326253
1.4199220529046956 103.76925376168778 47.87310063262509
1.419927440031134 103.76925967375216 47.8731006326253
1.4199320027129583 103.76926468103557 47.87310063262509
1.4199352958533304 103.76926829506955 47.8731006326253
1.4199400344952657 103.76927349545917 47.87310063262509
1.4199436483227177 103.76927746142896 47.87310063262509
1.419947436779726 103.76928161904478 47.87310063262509
1.4199519304869292 103.76928655063254 47.87310063262509
1.4199574610532755 103.76929262011416 47.87310063262509
1.4199633166239056 103.76929904626951 47.8731006326253
1.4199672679540223 103.76930338262935 47.87310063262509
1.4199712927083536 103.76930779956807 47.8731006326253
1.4199762369965616 103.76931322564289 47.8731006326253
1.4199803184666822 103.769317704824 47.8731006326253
1.419984834284673 103.76932266067718 47.8731006326253
1.4199897963017931 103.76932810620852 47.8731006326253
1.4199952028250955 103.76933403956012 47.8731006326253
1.4200009270056606 103.7693403215225 47.87310063262509
1.420006015450996 103.76934590580167 47.8731006326253
1.4200101580482019 103.76935045206636 47.8731006326253
1.4200159834267516 103.76935684508784 47.87310063262413
1.4200205086375162 103.76936181124917 47.8731006326253
1.4200254142126376 103.76936719483876 47.8731006326253
1.4200300993657546 103.76937233652775 47.87310063262509
1.4200352116314867 103.76937794694855 47.8731006326253
1.4200396993539437 103.76938287196867 47.87310063262509
1.4200427977069887 103.76938627223488 47.8731006326253
1.4200480482564435 103.76939203441425 47.8731006326253
1.4200536991104087 103.76939823590507 47.8731006326253
1.420059394455943 103.76940448622288 47.87310063262509
1.4200626346656442 103.76940804216876 47.87310063262509
1.4200659934035131 103.76941172819258 47.87310063262509
1.420069912119229 103.76941602876022 47.8731006326253
1.4200756726059134 103.76942235056683 47.87310063262509
1.4200790422820786 103.76942604859482 47.8731006326253
1.42008431876529 103.76943183923514 47.87310063262509
1.4200887597283822 103.76943671293965 47.87310063262509
1.4200923978734539 103.76944070559705 47.87310063262509
1.420095716832349 103.76944434796577 47.8731006326253
1.4201010270933934 103.7694501756754 47.87310063262509
1.4201047051614715 103.76945421214606 47.8731006326253
1.4201103238746413 103.7694603783644 47.8731006326253
1.4201147441985322 103.76946522941866 47.8731006326253
1.4201191437034142 103.76947005762523 47.8731006326253
1.420123916571586 103.76947529557684 47.8731006326253
1.4201294865201397 103.76948140827886 47.8731006326253
1.4201327243974526 103.76948496166523 47.8731006326253
1.4201374122224242 103.76949010628678 47.8731006326253
1.4201424049559785 103.7694955855282 47.8731006326253
1.420147062624927 103.76950069705526 47.87310063262509
1.420151385767412 103.76950544145856 47.8731006326253
1.4201562082322676 103.7695107338398 47.8731006326253
1.4201621797250137 103.7695172872139 47.87310063262509
1.4201658695833084 103.76952133662381 47.8731006326253
1.420168969176214 103.76952473825098 47.8731006326253
1.4201732470475266 103.7695294329718 47.8731006326253
1.420176436433921 103.76953293314223 47.87310063262509
1.4201797049294675 103.76953652013049 47.8731006326253
1.420184244472698 103.7695415020214 47.8731006326253
1.4201894985325834 103.76954726805378 47.8731006326253
1.4201949873359119 103.76955329170382 47.87310063262509
1.4202005886453803 103.76955943882294 47.87310063262509
1.4202051629720176 103.76956445888673 47.87310063262509
1.4202091992690709 103.76956888849362 47.87310063262509
1.4202130828313464 103.76957315048277 47.8731006326253
1.4202185955002098 103.76957969916698 48.300082582391234
1.420221816841273 103.76958373823325 48.73149464554954
1.4202262643161723 103.76958931468279 49.32729482483136
1.4202292631679425 103.76959307478171 49.72909211468563
1.4202341495531416 103.76959920155731 50.3837756679895
1.4202391029772954 103.76960541238947 51.047272627832264
1.420242359069289 103.76960949502812 51.48323901690692
1.420245212250679 103.76961307247883 51.63530909747741
1.4202490793312192 103.7696179212032 51.63530909747721
1.420252077100204 103.76962167994456 51.63530909747741
1.420255385586176 103.76962582827726 51.63530909747618
1.4202601916352073 103.76963185432378 51.63530909747741
1.420264466539901 103.76963721439697 51.63530909747721
1.420267544170405 103.76964107327242 51.63530909747618
1.420272838436275 103.76964771146787 51.63530909747721
1.420275954938595 103.76965161908262 51.63530909747721
1.4202799430723534 103.76965661958924 51.63530909747618
1.4202840680933984 103.76966179173147 51.63530909747721
1.420288413254393 103.76966723989537 51.63530909747721
1.420293860875626 103.76967407037496 51.63530909747639
1.4202992178326042 103.76968078717555 51.63530909747721
1.4203029864118177 103.76968551239457 51.63530909747618
1.420306458026417 103.76968986526566 51.63530909747721
1.4203112616796705 103.76969588830849 51.63530909747618
1.420315616160423 103.76970134815807 51.63530909747721
1.4203189869712765 103.76970557463677 51.63530909747721
1.4203227350292291 103.76971027412537 51.63530909747618
1.4203270312076444 103.7697156608728 51.63530909747618
1.4203318224251522 103.76972166832321 51.63530909747618
1.420335382354987 103.76972613192812 51.63530909747721
1.4203409311053912 103.76973308920842 51.63530909747721
1.4203452964677707 103.76973856270199 51.63530909747639
1.4203507189825784 103.76974536170229 51.63530909747721
1.4203550840732404 103.76975083485522 51.63530909747741
1.4203598351777005 103.76975679201016 51.63530909747618
1.4203648027897606 103.76976302063237 51.63530909747618
1.4203689519153784 103.76976822299838 51.63530909747639
1.4203745381125172 103.76977522723129 51.63530909747639
1.42037839685094 103.76978006549642 51.63530909747639
1.4203813505971543 103.76978376904036 51.63530909747741
1.420384569341324 103.76978780485105 51.63530909747721
1.4203881429144423 103.7697922855627 51.63530909747639
1.4203928538092703 103.76979819230108 51.63530909747639
1.4203962011344535 103.76980238933265 51.63530909747721
1.4204003207623772 103.76980755471322 51.635309097477005
1.4204039774796873 103.76981213967498 51.63530909747598
1.420408898346131 103.76981830968559 51.63530909747741
1.4204120502094169 103.769822261638 51.63530909747721
1.4204160167796644 103.7698272351078 51.63530909747721
1.4204207076020703 103.76983311667858 51.63530909747639
1.4204250868982458 103.76983860764335 51.635309097477005
1.4204302989518065 103.769845142758 51.63530909747598
1.4204342995917343 103.76985015894601 51.63530909747598
1.4204390589270224 103.76985612642153 51.63530909747741
1.4204420515487073 103.76985987870951 51.63530909747639
1.4204475097950335 103.76986672251216 51.635309097477005
1.4204506406966846 103.769870648182 51.63530909747639
1.4204540234928564 103.76987488968894 51.63530909747741
1.4204577819438682 103.76987960220934 51.63530909747741
1.4204607912511356 103.76988337541854 51.635309097477005
1.4204646870356825 103.76988826013414 51.63530909747598
1.4204677452164498 103.76989209462322 51.63530909747639
1.4204720290815813 103.7698974659323 51.63530909747639
1.4204749564416226 103.76990113639232 51.63530909747639
1.4204792485664752 103.76990651805787 51.63530909747741
1.420484627151989 103.76991326197827 51.63530909747741
1.4204895592538556 103.76991944607678 51.63530909747741
1.4204951011788964 103.76992639479994 51.63530909747639
1.420499686091173 103.76993214357604 51.63530909747639
1.4205041240761842 103.76993770812796 51.63530909747598
1.4205082938211069 103.76994293634795 51.63530909747598
1.4205115666697534 103.76994703999775 51.63530909747639
1.420514960369946 103.76995129517682 51.635309097477005
1.4205185077860594 103.7699557430921 51.63530909747639
1.420523149861102 103.76996156354164 51.63530909747741
1.4205280527166797 103.76996771096996 51.63530909747741
1.4205310057642286 103.76997141363833 51.63530909747639
1.4205366199807121 103.76997845300409 51.635309097477005
1.420541367152167 103.7699844052285 51.63530909747639
1.4205468433277162 103.76999127151215 51.63530909747598
1.420550566030278 103.76999593920985 51.63530909747639
1.420554120513915 103.77000039598681 51.63530909747639
1.420557210336492 103.77000427015015 51.635309097477005
1.4205622369694582 103.7700105727765 51.635309097477005
1.420567002242913 103.77001654769815 51.635309097477005
1.4205716861119684 103.7700224205512 51.63530909747639
1.4205765110657935 103.77002847030292 51.63530909747741
1.4205815512202276 103.7700347898832 51.635309097477005
1.4205855202248003 103.77003976640593 51.63530909747639
1.4205887733845122 103.77004384536906 51.63530909747741
1.4205918145178889 103.77004765848372 51.63530909747741
1.4205971646913826 103.77005436678041 51.63530909747639
1.4206018218635599 103.7700602061598 51.63530909747598
1.4206061284951623 103.77006560601512 51.63530909747639
1.4206105000393998 103.77007108726094 51.63530909747639
1.4206133132766725 103.77007461462891 51.63530909747639
1.4206184827062032 103.77008109630052 51.63530909747741
1.420622600767781 103.770086259718 51.63530909747639
1.4206276976045242 103.77009265036943 51.635309097477005
