480924749
1.4224684945515012 103.77315130314983 203.43186574978654
1.422460939975471 103.7731480546448 203.431865749786
1.4224565784551229 103.7731461791695 203.43186574978654
1.422451399071218 103.77314395200884 203.431865749786
1.4224458747649806 103.77314157652985 203.43186574978654
1.4224403253001463 103.77313919023256 203.431865749786
1.4224330644198644 103.77313606801813 203.4318657497848
1.4224264919315814 103.77313324181569 203.4318657497848
1.4224190746731766 103.77313005235793 203.43186574978532
1.4224112484301594 103.77312668703473 203.431865749786
1.422404924777627 103.7731239678329 203.431865749786
1.422400761651222 103.77312217766796 203.431865749786
1.4223956986479311 103.77312000055151 203.4318657497848
1.4223877950172592 103.77311660195124 203.431865749786
1.4223813819388023 103.7731138442958 203.43186574978654
1.422373124786963 103.7731102936797 203.431865749786
1.4223684035494302 103.77310826352421 203.431865749786
1.4223629844554082 103.773105933287 203.43186574978654
1.4223579514998372 103.7731037690912 203.43186574978532
1.4223529019575643 103.77310159776306 203.43186574978532
1.4223482189554124 103.77309958404896 203.4318657497848
1.4223409022593614 103.77309643783349 203.431865749786
1.4223336206445272 103.7730933067031 203.4318657497848
1.4223265015958948 103.773090245477 203.43186574978654
1.4223200434309484 103.77308746843411 203.43186574978654
1.4223133137763029 103.77308457464933 203.43186574978654
1.4223051484246372 103.77308106350772 203.43186574978654
1.4222974821289316 103.77307776696264 203.43186574978532
1.4222915333773154 103.77307520897003 203.4318657497848
1.4222860513335664 103.77307285166408 203.4318657497848
1.4222809735746353 103.77307066820262 203.43186574978532
1.4222734040865983 103.77306741328533 203.431865749786
1.4222652700734635 103.77306391561943 203.43186574978532
1.4222593048341605 103.77306135053702 203.431865749786
1.4222522470590506 103.77305831565882 203.43186574978532
1.4222478299996095 103.77305641630137 203.431865749786
1.4222409875661826 103.77305347402114 203.43186574978654
1.4222346328192927 103.77305074144854 203.43186574978654
1.4222288530061555 103.7730482561003 203.43186574978654
1.4222207110890666 103.77304475503564 203.43186574978654
1.4222143035399217 103.7730419997578 203.43186574978654
1.4222069000070034 103.773038816202 203.431865749786
1.422198724817091 103.77303530082987 203.43186574978654
1.4221914970880098 103.7730321928706 203.4318657497848
1.4221834350925442 103.77302872617263 203.431865749786
1.4221768284783942 103.77302588529584 203.43186574978532
1.4221692426836507 103.77302262336654 203.431865749786
1.4221623001893524 103.77301963805962 203.43186574978654
1.4221581352881316 103.77301784713147 203.43186574978532
1.4221515322624634 103.77301500779775 203.43186574978532
1.42214525726531 103.7730123095179 203.43186574978532
1.4221384720045334 103.77300912086736 203.74833638510097
1.4221331170718443 103.77300656211192 204.04751260913417
1.4221273682062663 103.77300381512296 204.36872901147686
1.422122959950688 103.77300170871965 204.6150489182212
1.4221154051020664 103.77299809877512 205.0371821872914
1.422108230297072 103.77299467042741 205.4380342393132
1.4221011635109053 103.77299129369447 205.713435642768
1.4220946774689784 103.77298819445944 205.713435642768
1.4220867260898333 103.77298439504015 205.71343564276916
1.4220824170285873 103.77298233603501 205.71343564276862
1.4220782074051401 103.7729803245444 205.71343564276916
1.4220703704664903 103.77297657980837 205.713435642768
1.4220636210872064 103.77297335474245 205.713435642768
1.422056740790448 103.77297006712004 205.71343564276916
1.4220504608179785 103.7729670663515 205.71343564276916
1.422044546297278 103.77296424020729 205.71343564276916
1.422039536981806 103.77296184659865 205.71343564276742
1.4220332444249073 103.77295883981685 205.71343564276862
1.4220273202526954 103.77295600906083 205.71343564276862
1.422020661994627 103.77295282753552 205.71343564276742
1.4220157027233513 103.77295045783956 205.71343564276862
1.4220092727285223 103.77294738538558 205.71343564276916
1.4220040274345622 103.772944879019 205.71343564276916
1.4219992106364163 103.77294257740118 205.71343564276862
1.4219916841016427 103.77293898098591 205.71343564276862
1.4219852117974843 103.77293588831522 205.713435642768
1.421977103315354 103.77293201382717 205.713435642768
1.421971679085703 103.77292942195947 205.71343564276916
1.421966957408844 103.7729271657936 205.71343564276916
