637696075
1.4215192854437992 103.77113123698884 359.39617546970396
1.4215266799412882 103.77113115564457 359.39617546970464
1.421532824395188 103.77113108805159 359.39617546970396
1.421540940669701 103.77113099876726 359.39617546970464
1.4215498949669227 103.77113090026411 359.39617546970464
1.42155623147388 103.77113083055835 359.39617546970396
1.4215638853874422 103.77113074636024 359.39617546970396
1.4215696901546868 103.77113068250395 359.39617546970396
1.4215744800137653 103.77113062981229 359.39617546970396
1.4215835241056891 103.77113053032124 359.39617546970396
1.4215893095757606 103.77113046667718 359.39617546970464
1.4215962106103759 103.77113039076113 359.39617546970464
1.4216038381695564 103.77113030685283 359.39617546970396
1.4216117610183472 103.77113021969609 359.39617546970464
1.4216184617511416 103.77113014598348 359.39617546970396
1.4216248403532572 103.77113007581447 359.39617546970396
1.421633738937192 103.77112997792392 359.39617546970396
1.4216423479549665 103.77112988321876 359.39617546970464
1.4216491759666618 103.7711298081059 359.39617546970396
1.4216553390218565 103.771129740308 359.39617546970464
1.4216619798686898 103.77112966725403 359.39617546970464
1.421668492886899 103.77112959560625 359.39617546970464
1.4216742470930617 103.77112953230595 359.39617546970396
1.421682465119673 103.77112944190182 359.39617546970396
1.4216914716783504 103.7711293428233 359.39617546970396
