480453615
1.416770785873983 103.77151783603298 179.06721384137757
1.4167638524968065 103.77151795185235 179.06721384137757
1.4167588628150656 103.77151803520302 179.06721384137757
1.4167504071406982 103.77151817645172 179.06721384137757
1.4167434348537047 103.771518292921 179.06721384137825
1.4167353998793983 103.77151842714203 179.06721384137822
1.4167295234865676 103.77151852530478 179.06721384137757
1.416721546904314 103.77151865855035 179.06721384137757
1.4167148903010605 103.7715187697462 179.06721384137825
1.41670936749151 103.77151886200245 179.06721384137822
1.4167018130364006 103.7715189881965 179.06721384137757
1.4166937996106015 103.77151912205743 179.06721384137757
1.416685354696459 103.77151926312618 179.06721384137757
1.4166805355642886 103.77151934362774 179.06721384137825
1.4166724805563577 103.77151947818322 179.06721384137757
1.4166667062501082 103.77151957464054 179.06721384137825
1.4166616026596628 103.77151965989383 179.06721384137825
1.4166545109166275 103.77151977835834 179.06721384137825
1.4166472842074527 103.77151989907738 179.06721384137822
1.4166395364340074 103.77152002850052 179.06721384137757
1.4166321954311791 103.77152015112874 179.06721384137757
1.416624969859967 103.77152027182869 179.06721384137757
1.4166180324198447 103.77152038771553 179.06721384137757
1.4166103096823333 103.7715205167204 179.06721384137757
1.4166031356857591 103.77152063655876 179.06721384137825
1.4165970729815285 103.77152073783348 179.06721384137757
1.4165889407224326 103.77152087367915 179.06721384137822
1.4165816114765053 103.77152099611082 179.06721384137822
1.4165740516000795 103.77152112239506 179.06721384137825
1.4165653134329694 103.77152126836206 179.06721384137757
1.4165592978535784 103.77152136884949 179.06721384137757
1.4165512916067315 103.77152150259008 179.06721384137822
1.416543395934742 103.77152163448352 179.06721384137757
1.4165382057653115 103.77152172118282 179.06721384137757
1.416532463557486 103.77152181710365 179.06721384137757
1.4165262033173247 103.77152192167794 179.06721384137757
1.416518407538656 103.77152205190264 179.06721384137757
1.4165094930579074 103.77152220081469 179.06721384137822
1.4165009706845744 103.77152234317676 179.06721384137757
1.4164925231494316 103.77152248428865 179.06721384137757
1.4164873881194902 103.77152257006678 179.06721384137757
1.4164798723156204 103.77152269561452 179.06721384137825
1.416471202515473 103.77152284043918 179.06721384137825
1.4164656236846025 103.77152293363072 179.06721384137825
1.4164593375926062 103.7715230386367 179.06721384137757
1.416452773422876 103.77152314828781 179.06721384137825
1.4164472937545216 103.77152323982284 179.06721384137757
1.4164411235409966 103.77152334289308 179.06721384137757
1.4164346731581055 103.7715234506434 179.06721384137825
1.4164258813212516 103.77152359750646 179.06721384137757
1.4164169283465784 103.77152374706121 179.06721384137757
1.4164087374558754 103.7715238838857 179.06721384137757
1.4164035841539193 103.7715239699689 179.06721384137757
1.4163983060419756 103.77152405813696 179.06721384137757
1.416389960367256 103.77152419754698 179.06721384137757
1.4163819523424606 103.77152433131674 179.06721384137757
1.4163752017292968 103.7715244440821 179.06721384137822
1.4163692992143833 103.77152454268038 179.06721384137757
1.4163608433951587 103.77152468393024 179.06721384137757
1.4163535781629173 103.77152480529196 179.06721384137757
1.4163470066434853 103.77152491506557 179.06721384137757
1.4163416441135337 103.77152500464365 179.06721384137757
1.416335315240286 103.77152511036398 179.06721384137757
1.416327268078035 103.77152524478733 179.06721384137757
1.4163225714056464 103.77152532324261 179.06721384137822
1.4163172607528247 103.77152541195406 179.06721384137757
1.4163101131275482 103.7715255313511 179.06721384137825
1.4163053692142091 103.77152561059548 179.06721384137757
1.4162965541544823 103.77152575784604 179.06721384137825
1.416291968864191 103.77152583444067 179.06721384137822
1.4162841263013766 103.77152596544617 179.06721384137757
1.4162789381371348 103.77152605211147 179.06721384137757
1.416270225304652 103.77152619765427 179.06721384137757
1.4162629230622408 103.77152631963396 179.06721384137757
1.4162569415541442 103.77152641955156 179.06721384137757
1.4162486715774494 103.77152655769665 179.06721384137757
1.4162400026432254 103.77152670250607 179.06721384137757
1.4162329811558776 103.77152681979581 179.06721384137757
1.416227632972678 103.77152690913402 179.06721384137757
1.4162220912317538 103.7715270017055 179.06721384137757
1.4162133082894532 103.77152714841925 179.06721384137822
1.4162081991186983 103.77152723376486 179.06721384137757
1.4161993471087608 103.7715273816323 179.06721384137757
1.4161934218783734 103.77152748060965 179.06721384137757
1.4161859758779398 103.77152760499052 179.06721384137825
1.4161799559991983 103.77152770554888 179.06721384137822
1.4161734305219764 103.77152781455295 179.06721384137757
1.4161681939451005 103.77152790202672 179.06721384137822
1.416163381089414 103.77152798242248 179.06721384137825
1.416154578481442 103.77152812946453 179.06721384137825
1.4161465987338322 103.77152826276121 179.06721384137822
1.4161420420167703 103.77152833887828 179.06721384137825
1.416137134005827 103.77152842086352 179.06721384137757
1.416129714529913 103.77152854480114 179.06721384137757
1.4161245349897928 103.77152863132206 179.06721384137822
1.4161175489366464 103.7715287480196 179.06721384137757
1.4161093347444915 103.77152888523241 179.06721384137757
1.4161029797300166 103.77152899138883 179.06721384137757
1.416098202996137 103.77152907118106 179.06721384137757
1.4160896070300493 103.77152921477109 179.06721384137757
1.4160809480169603 103.77152935941425 179.06721384137757
1.4160735157853184 103.77152948356479 179.06721384137757
1.4160686536826874 103.77152956478301 179.06721384137757
1.4160616437918214 103.77152968187862 179.06721384137822
1.416055413174619 103.77152978595691 179.06721384137757
1.416046560244336 103.77152993383923 179.06721384137825
1.4160397856090525 103.77153004700496 179.06721384137757
1.4160325419394162 103.77153016800558 179.06721384137757
1.4160262680520967 103.77153027280666 179.06721384137825
1.4160214424866902 103.77153035341445 179.06721384137757
1.4160165693464413 103.77153043481694 179.06721384137825
1.4160112617725835 103.77153052347634 179.06721384137825
1.4160066364279282 103.77153060073958 179.06721384137757
1.4160002805209664 103.77153070691065 179.06721384137757
1.415993950938724 103.77153081264197 179.06721384137825
1.4159872183791953 103.77153092510473 179.06721384137757
1.4159785678762318 103.77153106960539 179.06721384137757
1.4159700955259358 103.77153121113008 179.06721384137822
1.4159616317867387 103.77153135251093 179.06721384137825
1.4159541507431206 103.7715314774765 179.06721384137757
1.4159454527342927 103.77153162277061 179.06721384137757
1.41593885252639 103.7715317330224 179.06721384137757
1.4159304603073422 103.77153187320845 179.06721384137757
1.4159250625270123 103.7715319633745 179.06721384137757
1.4159170902830498 103.77153209654513 179.06721384137757
1.4159085110771272 103.77153223985458 179.06721384137825
1.415903186792058 103.77153232879292 179.06721384137757
1.4158954891701083 103.77153245737611 179.06721384137825
1.415887032386816 103.77153259864049 179.06721384137825
1.4158808506988438 103.77153270190107 179.06721384137757
1.4158756095574607 103.7715327894505 179.06721384137825
1.4158691037102993 103.7715328981259 179.06721384137822
1.4158629464231747 103.77153300097883 179.06721384137757
1.4158548975872918 103.77153313542867 179.06721384137757
1.415849395468976 103.77153322733747 179.06721384137757
1.4158408884568763 103.77153336944076 179.06721384137757
1.4158338053158006 103.7715334877593 179.06721384137757
1.4158273045385616 103.7715335963499 179.06721384137757
1.4158194823516668 103.77153372701363 179.06721384137825
1.415812521265967 103.7715338432933 179.06721384137825
1.4158077811334826 103.77153392247361 179.06721384137825
1.4158010625011066 103.77153403470325 179.06721384137757
1.4157922577844444 103.7715341817793 179.06721384137825
1.4157837825059763 103.77153432335231 179.06721384137822
1.4157792525227064 103.77153439902217 179.06721384137757
1.4157704774109632 103.77153454560363 179.06721384137757
1.415765688355373 103.77153462560109 179.06721384137825
1.415759034851159 103.7715347367427 179.06721384137825
1.4157541702532377 103.77153481800202 179.06721384137757
1.41574809365388 103.77153491950686 179.06721384137757
1.4157430820301904 103.77153500322208 179.06721384137757
1.4157365473532537 103.77153511237873 179.06721384137757
1.415730204696859 103.7715352183278 179.06721384137822
1.415725327661897 103.77153529979482 179.06721384137757
1.4157201911128037 103.77153538559679 179.06721384137757
1.415714459028476 103.77153548134669 179.06721384137757
1.4157064604554446 103.77153561495646 179.06721384137757
1.415697688202707 103.77153576148991 179.06721384137757
1.4156913798401443 103.77153586686602 179.06721384137757
1.415682599874865 103.77153601352826 179.06721384137757
1.415674542307605 103.7715361481234 179.06721384137757
1.4156684317853037 103.7715362501947 179.06721384137825
1.4156621001405985 103.77153635595965 179.06721384137757
1.4156570564070197 103.7715364402111 179.06721384137825
1.4156487913846472 103.77153657827151 179.06721384137757
1.4156432305632567 103.77153667116045 179.06721384137825
1.4156355384237584 103.7715367996513 179.06721384137757
1.4156310086645671 103.77153687531715 179.06721384137757
1.415624833446601 103.77153697846906 179.06721384137825
1.415616200481135 103.77153712267555 179.06721384137757
1.4156097723080097 103.77153723005281 179.06721384137757
1.4156031314874955 103.77153734098215 179.06721384137757
1.4155941651578714 103.77153749075714 179.06721384137825
1.4155877384264748 103.77153759811026 179.06721384137825
1.4155816814481994 103.77153769928694 179.06721384137757
1.4155731765401367 103.7715378413542 179.06721384137822
1.4155663981423836 103.77153795458156 179.06721384137757
1.4155613214855405 103.77153803938276 179.06721384137757
1.4155541790425572 103.77153815869117 179.06721384137757
1.4155491500316566 103.77153824269647 179.06721384137757
1.4155444097751406 103.77153832187835 179.06721384137757
1.4155376498867511 103.77153843479645 179.06721384137822
1.4155303187945425 103.77153855725601 179.06721384137825
1.4155235898598928 103.771538669657 179.06721384137822
1.4155172133314835 103.77153877617135 179.06721384137757
1.4155098386497167 103.77153889935896 179.06721384137757
1.4155024370371225 103.7715390229964 179.06721384137822
1.415497327261084 103.77153910835072 179.06721384137757
1.4154898259936475 103.77153923365276 179.06721384137825
1.4154842785652613 103.77153932631767 179.06721384137825
1.4154778300979627 103.77153943403357 179.06721384137825
1.4154692908251216 103.77153957667454 179.06721384137757
1.4154621323563956 103.77153969625037 179.06721384137822
1.4154548604414727 103.77153981772118 179.06721384137757
1.4154460071498411 103.77153996560746 179.06721384137757
1.4154398853358596 103.77154006786684 179.06721384137757
1.4154322058711304 103.77154019614537 179.06721384137822
1.4154266822427115 103.77154028841257 179.06721384137822
1.4154202563792426 103.77154039575076 179.06721384137822
1.4154141561751061 103.77154049764911 179.06721384137822
1.415405558161459 103.77154064127107 179.06721384137825
1.415398880692577 103.77154075281206 179.06721384137825
1.4153937373963141 103.7715408387261 179.06721384137822
1.415386784578025 103.77154095486652 179.06721384137757
1.4153788557558575 103.77154108731015 179.06721384137757
1.4153710246271647 103.7715412181219 179.06721384137825
1.4153644182254876 103.77154132847566 179.06721384137822
1.4153586496808725 103.77154142483383 179.06721384137822
1.415350128889004 103.7715415671657 179.06721384137757
1.415341443651825 103.77154171224443 179.06721384137822
1.4153353309148304 103.77154181435193 179.06721384137825
1.4153298220768908 103.77154190637187 179.06721384137822
1.415321607936176 103.77154204358132 179.06721384137757
1.4153129621145504 103.77154218800153 179.06721384137757
1.4153040602421567 103.77154233669883 179.06721384137822
1.4152951875266113 103.77154248490903 179.06721384137757
1.4152896914601556 103.77154257671555 179.06721384137757
1.4152839927677008 103.77154267190673 179.06721384137822
1.415277549729728 103.77154277953147 179.06721384137825
1.4152694718987235 103.77154291446381 179.06721384137825
1.4152635110251095 103.77154301403442 179.06721384137757
1.4152581388660779 103.77154310377114 179.06721384137757
1.4152536036748955 103.77154317952707 179.06721384137757
1.4152446876861688 103.77154332845996 179.06721384137757
1.4152400790842194 103.77154340544213 179.06721384137822
1.4152339948848016 103.77154350707274 179.06721384137757
1.4152289830714457 103.77154359079013 179.06721384137757
1.4152209744071116 103.77154372456697 179.06721384137757
1.4152162823608538 103.77154380294299 179.06721384137757
1.4152087165107803 103.77154392932302 179.06721384137825
1.4152020570612012 103.77154404056249 179.06721384137757
1.4151958579919426 103.77154414411177 179.06721384137822
1.4151912076596032 103.77154422179092 179.06721384137825
1.415183015412085 103.77154435863423 179.06721384137825
1.415177544329374 103.77154445002317 179.06721384137757
1.4151728357447968 103.77154452867534 179.06721384137825
1.4151663759883593 103.77154463657908 179.06721384137757
1.4151603205004624 103.7715447377299 179.06721384137825
1.4151554377840314 103.77154481929071 179.06721384137757
1.4151484572518358 103.77154493589343 179.06721384137825
1.4151396434302859 103.77154508311935 179.06721384137757
1.4151309901961688 103.77154522766278 179.06721384137825
1.4151240253396744 103.77154534400358 179.06721384137757
1.4151150863917974 103.77154549331955 179.06721384137822
1.415106131861926 103.77154564289573 179.06721384137822
1.4150994584289966 103.77154575436855 179.06721384137825
1.4150949193727602 103.77154583018877 179.06721384137822
1.4150878098857307 103.77154594894539 179.06721384137757
1.4150792790973867 103.77154609144331 179.06721384137822
1.4150747470938971 103.77154616714571 179.06721384137757
1.4150686577044223 103.7715462688626 179.06721384137757
1.4150635985694606 103.77154635337016 179.06721384137822
1.415058198290898 103.77154644357613 179.06721384137757
1.415050358259824 103.77154657453559 179.06721384137822
1.415045282902995 103.77154665931408 179.06721384137822
1.4150373280368467 103.77154679219171 179.06721384137757
1.41503220973916 103.77154687768747 179.06721384137757
1.4150264204566947 103.77154697439128 179.06721384137822
1.4150215148054563 103.77154705633497 179.06721384137825
1.4150129785099348 103.77154719892468 179.06721384137825
1.4150044146051846 103.77154734197555 179.06721384137822
1.414996156700025 103.77154747991499 179.06721384137757
1.414987916280343 103.77154761756233 179.06721384137825
1.4149792285785316 103.77154776268101 179.06721384137825
1.414971059148846 103.7715478991425 179.06721384137757
1.4149657174614858 103.77154798836958 179.06721384137757
1.414960085033444 103.77154808245318 179.06721384137757
1.414953638185818 103.77154819014073 179.06721384137825
1.4149478357436807 103.7715482870642 179.06721384137757
1.4149402055094202 103.77154841451892 179.06721384137757
1.4149323281696706 103.77154854610123 179.06721384137757
1.4149258322357328 103.77154865460867 179.06721384137757
1.414918868229432 103.7715487709347 179.06721384137757
1.4149111481438992 103.7715488998902 179.06721384137825
1.414906304992225 103.77154898078967 179.06721384137825
1.4149004519140767 103.77154907855885 179.06721384137822
1.41489560228594 103.77154915956649 179.06721384137822
1.4148889654741352 103.77154927042704 179.06721384137757
1.4148837801422325 103.77154935704222 179.06721384137757
1.4148789861579687 103.77154943712036 179.06721384137822
1.414870123785647 103.77154958515635 179.06721384137757
1.4148654994787373 103.7715496624002 179.06721384137757
1.4148575772069807 103.77154979473282 179.06721384137757
1.4148504527902253 103.77154991373816 179.06721384137757
1.4148435558755332 103.77155002894331 179.06721384137825
1.4148386369417345 103.77155011110852 179.06721384137822
1.4148307911845117 103.77155024216297 179.06721384137757
1.4148243550549569 103.77155034967119 179.06721384137757
1.4148193043763029 103.77155043403701 179.06721384137825
1.4148112662856973 103.77155056830411 179.06721384137757
1.4148066501846768 103.77155064541078 179.06721384137757
1.4148007389716095 103.77155074415082 179.06721384137757
1.4147952034785234 103.77155083661485 179.06721384137822
1.4147900461793899 103.77155092276159 179.06721384137757
1.4147838675372446 103.77155102596866 179.06721384137822
1.4147783932809084 103.77155111740977 179.06721384137822
1.4147733488894403 103.7715512016705 179.06721384137757
1.4147682120563896 103.77155128747533 179.06721384137757
1.414762868273478 103.77155137673701 179.06721384137757
