465525298
1.4177069887886293 103.77120304181433 3.41128134230242
1.4177118223357594 103.77120332553731 3.411281342302382
1.4177188833373169 103.77120374000896 3.4112813423030817
1.4177245515995802 103.77120407272862 3.411281342302382
1.4177319692310202 103.77120450813396 3.411281342302382
1.41774019245103 103.77120499082628 3.411281342303043
1.417746101675595 103.77120533769005 3.4112813423030817
1.4177509528778784 103.7712056224493 3.411281342302382
1.417759618352634 103.77120613110134 3.411281342302382
1.4177682188595926 103.77120503214763 1.3482644664028343
1.4177758228214152 103.77120319927613 358.3886087037706
1.4177834159988025 103.7712013690041 355.41445650231566
1.4177901045872137 103.77119975677566 352.79180789891643
1.4177958506966377 103.7711983717239 350.5453449702076
1.4178030427255888 103.77119663814526 347.75317285519884
1.417808639533928 103.77119528908125 346.39439657757845
1.4178135396440583 103.7711941079505 346.39439657757833
1.4178200511627965 103.77119253840311 346.39439657757845
1.417825017078313 103.77119134141049 346.39439657757833
1.4178329803378749 103.77119028618515 347.47230569523623
1.4178412178246098 103.77118922417115 348.6257714226475
1.4178466702816641 103.77118852121575 349.38971451087673
1.417851269800505 103.771187928225 350.034198433798
1.4178565792463866 103.77118724370723 350.77798376149224
1.4178649067747195 103.77118617008458 351.94361206957274
1.417869944004386 103.77118552066213 352.63740748878723
1.4178762565393608 103.77118470682149 352.63740748878723
1.417884540515058 103.77118363881377 352.63740748878786
1.417891223302391 103.77118277723851 352.63740748878723
1.4178966192760476 103.77118208156506 352.6374074887872
1.4179039838352092 103.77118113209262 352.63740748878723
1.4179117655357782 103.77118012884037 352.63740748878723
1.4179191072325346 103.77117918231541 352.63740748878786
1.4179253985646783 103.7711783712082 352.63740748878786
1.4179311789306492 103.77117762597706 352.63740748878723
1.4179390550830278 103.77117661054757 352.63740748878723
1.417946975028517 103.77117558947202 352.63740748878723
1.417954782653378 103.77117458287734 352.63740748878723
1.4179616910660546 103.77117369221317 352.63740748878786
1.4179679779284569 103.77117288168209 352.63740748878723
1.4179725033798725 103.77117229824017 352.63740748878786
1.4179777084443885 103.7711716271794 352.63740748878786
1.4179827964487641 103.77117097121055 352.63740748878786
1.4179873745047493 103.77117038098658 352.63740748878786
1.4179932785178437 103.7711696198141 352.63740748878723
1.4179989210093147 103.7711688923582 352.63740748878723
1.4180064095829759 103.7711676101748 352.23457222973644
1.4180141530478152 103.77116600562573 351.46305999133176
1.4180222751229556 103.77116432262358 350.6534328828361
1.418027434706453 103.77116325348912 350.1390498704409
1.418033892204741 103.77116191540941 349.49535069509443
1.418038618053677 103.7711609361505 349.02440906170295
1.4180456472094596 103.77115947961568 348.3243114378887
1.4180512767322349 103.77115831310347 348.250497390046
1.4180584933837588 103.77115681771697 348.250497390046
1.418065965263375 103.7711552694438 348.250497390046
1.418071564598621 103.77115410918678 348.250497390046
1.418080071955635 103.77115234634879 348.250497390046
1.4180866087341106 103.77115099184095 348.250497390046
1.4180943988087196 103.7711493776334 348.2504973900453
1.4180998614244325 103.7711482457064 348.250497390046
1.4181057936164458 103.7711470164769 348.25049739004584
1.4181139088599912 103.77114533488991 348.250497390046
1.4181226784181464 103.77114351772013 348.250497390046
1.4181278229951029 103.77114245169493 348.250497390046
1.4181340933660354 103.77114115239013 348.250497390046
1.41813850530423 103.77114023817747 348.2504973900453
1.4181437949180267 103.77113914209863 348.250497390046
1.4181521340085173 103.77113741412738 348.25049739004584
1.4181594865519498 103.77113589058185 348.250497390046
1.4181676267794092 103.77113420381761 348.250497390046
1.4181764028423738 103.77113238529968 348.2504973900453
1.4181816042533235 103.77113130749755 348.25049739004584
1.4181868964138107 103.7711302108909 348.250497390046
1.4181922771733424 103.77112909592533 348.250497390046
1.4181967573613012 103.77112816757023 348.2504973900453
1.4182012912461222 103.77112722808843 348.2504973900453
1.4182088158020525 103.77112566889939 348.250497390046
1.4182164111766387 103.77112409503574 348.250497390046
1.4182226342729416 103.77112280552659 348.2504973900453
1.418230281115171 103.77112122099808 348.2504973900452
1.4182360929276616 103.7711200167124 348.250497390046
1.4182420913483265 103.77111877375897 348.250497390046
1.418249141543321 103.77111731286372 348.250497390046
1.4182544492737255 103.77111621303057 348.250497390046
1.4182612734486129 103.77111479896968 348.250497390046
1.418265720199884 103.77111387754296 348.250497390046
1.4182737832968886 103.77111220676069 348.2504973900453
1.4182814803385932 103.77111061182997 348.250497390046
1.4182901552652167 103.77110881426827 348.250497390046
1.41829858779379 103.77110706693468 348.25049739004584
1.418304494261916 103.77110584303485 348.250497390046
1.4183090033246215 103.77110490869624 348.2504973900453
1.4183143712634152 103.7711037963869 348.25049739004584
1.4183211384338632 103.77110239413788 348.250497390046
1.418326559278748 103.77110127086566 348.25049739004584
