480455206
1.4185892055975933 103.77146279806831 179.48545273901334
1.418583938250679 103.77146284785003 179.48545273901397
1.4185763533115563 103.77146291953528 179.48545273901397
1.41856783025344 103.77146300008667 179.48545273901397
1.4185609781181474 103.77146306484616 179.48545273901397
1.4185549605130046 103.7714631217185 179.48545273901397
1.4185499493812934 103.77146316907867 179.48545273901397
1.4185430137760182 103.77146323462698 179.48545273901397
1.4185352535388547 103.77146330796887 179.48545273901397
1.4185289322018664 103.7714633677117 179.48545273901397
1.4185211457183684 103.77146344130159 179.48545273901334
1.4185147636512891 103.77146350161837 179.48545273901334
1.4185060460981682 103.77146358400773 179.48545273901397
1.4184984432528773 103.77146365586201 179.4854527390133
1.4184905377617956 103.77146373057654 179.4854527390133
1.4184824224677766 103.7714638072739 179.48545273901334
1.4184769826380697 103.77146385868552 179.48545273901397
1.418471875773542 103.7714639069503 179.48545273901397
1.4184649775017364 103.77146397214557 179.48545273901397
1.4184560564253865 103.77146405645826 179.48545273901334
1.4184476823541972 103.77146413560119 179.48545273901397
1.4184405181989408 103.77146420330928 179.48545273901397
1.4184353651060746 103.77146425201086 179.48545273901397
1.4184283093921994 103.77146431869403 179.48545273901397
1.4184236112241306 103.77146436309614 179.48545273901397
1.418417672102376 103.77146441922642 179.48545273901334
1.4184113257714135 103.77146447920519 179.48545273901397
1.4184034063015731 103.77146455405158 179.48545273901397
1.4183977008000743 103.77146460797388 179.4854527390133
1.4183930583113264 103.77146465184974 179.48545273901334
1.4183857229388126 103.77146472117582 179.48545273901397
1.4183797795747266 103.7714647773461 179.48545273901334
1.4183707888667763 103.77146486231656 179.48545273901397
1.4183618859752867 103.77146494645707 179.48545273901397
1.418355025789141 103.77146501129212 179.4854527390133
1.4183500290573312 103.7714650585158 179.48545273901397
1.4183435955372081 103.77146511931844 179.48545273901334
1.4183356684859199 103.77146519423627 179.4854527390133
1.4183301456421682 103.77146524643214 179.48545273901397
1.4183223957797266 103.77146531967536 179.48545273901397
1.4183164670010886 103.77146537570766 179.48545273901397
1.4183088433139646 103.77146544775835 179.48545273901334
1.418300972888942 103.77146552214093 179.48545273901397
1.4182940880719948 103.77146558720858 179.48545273901397
1.4182864504123842 103.77146565939127 179.48545273901334
1.418279971179723 103.77146572062577 179.48545273901397
1.4182718128073752 103.77146579772959 179.48545273901334
1.4182662554237055 103.77146585025179 179.48545273901397
1.418260727851389 103.7714659024922 179.48545273901397
1.418254995812477 103.77146595666501 179.48545273901397
1.4182460399547794 103.7714660413057 179.48545273901397
1.4182386176059565 103.77146611145336 179.48545273901334
1.4182308006316926 103.77146618533055 179.48545273901397
1.418222469353982 103.77146626406835 179.48545273901334
1.4182148322693497 103.77146633624538 179.48545273901334
1.4182100532139854 103.77146638141159 179.48545273901397
1.4182044225811705 103.77146643462588 179.48545273901397
1.4181969597574857 103.77146650515596 179.48545273901397
1.4181921898340228 103.77146655023581 179.48545273901397
1.4181869740351458 103.77146659952955 179.48545273901397
1.4181781072215707 103.77146668332847 179.48545273901334
1.4181713393070907 103.77146674729097 179.48545273901397
1.4181625444483774 103.77146683040982 179.48545273901397
1.418157177876706 103.77146688112843 179.48545273901334
1.4181521541787272 103.77146692860659 179.48545273901397
1.418144191147151 103.77146700386389 179.48545273901397
1.4181374942582439 103.77146706715509 179.48545273901397
1.4181329259523185 103.77146711032937 179.48545273901334
1.4181272197725767 103.77146716425749 179.48545273901397
1.4181202737696965 103.77146722990297 179.48545273901397
1.4181133834721913 103.77146729502195 179.48545273901397
1.4181058120231567 103.77146736657836 179.48545273901397
1.4180969987260572 103.77146744987124 179.48545273901334
1.418089607189594 103.77146751972728 179.48545273901397
1.4180829194360005 103.77146758293199 179.48545273901334
1.4180782792210576 103.77146762678576 179.48545273901397
1.4180702571467214 103.77146770260086 179.48545273901397
1.4180645311750224 103.77146775671591 179.48545273901334
1.418055904092933 103.77146783824875 179.48545273901397
1.4180506520587244 103.77146788788468 179.48545273901334
1.4180443898976387 103.77146794706711 179.48545273901397
1.418038142186479 103.77146800611294 179.48545273901397
1.418033140653255 103.77146805338138 179.48545273901397
1.4180246672097332 103.77146813346215 179.48545273901397
1.418020032772727 103.77146817726121 179.48545273901397
1.418013670436092 103.7714682373903 179.48545273901334
1.4180055972210783 103.7714683136885 179.48545273901397
1.4179974040624936 103.77146839112027 179.48545273901397
1.4179916478094892 103.77146844552132 179.48545273901397
1.417986545753327 103.7714684937397 179.48545273901397
1.417981448849758 103.7714685419094 179.48545273901334
1.4179739745324351 103.77146861254747 179.48545273901397
1.4179691618177241 103.77146865803131 179.48545273901397
1.4179612898111102 103.7714687324278 179.4854527390133
1.417952545625597 103.77146881506704 179.48545273901397
1.4179457640970834 103.77146887915764 179.48545273901397
1.4179407492351692 103.77146892655189 179.48545273901397
1.4179351290894426 103.77146897966652 179.48545273901397
1.4179289918546107 103.77146903766801 179.4854527390133
1.4179237215917677 103.77146908747595 179.48545273901397
1.4179175702651041 103.77146914561061 179.48545273901397
1.417909853487485 103.7714692185399 179.48545273901397
1.4179047851333118 103.77146926643962 179.48545273901334
1.4178959982063686 103.7714693494826 179.48545273901397
1.4178898628316332 103.77146940746643 179.48545273901397
1.4178812912249454 103.77146948847442 179.48545273901397
1.417876039861071 103.77146953810367 179.48545273901397
1.4178709868528905 103.7714695858583 179.48545273901397
1.4178655613463909 103.77146963713331 179.48545273901397
1.4178568233019557 103.77146971971416 179.48545273901397
1.4178510477264865 103.77146977429754 179.48545273901397
1.4178446180228133 103.77146983506287 179.48545273901397
1.4178362836708691 103.7714699138285 179.48545273901397
1.4178289817526166 103.77146998283685 179.48545273901397
1.4178223182356282 103.77147004581184 179.48545273901334
1.4178154635492601 103.7714701105935 179.48545273901397
1.4178087696345212 103.77147017385575 179.4854527390133
1.417802857582578 103.77147022972879 179.48545273901397
1.4177942440597564 103.77147031113265 179.48545273901334
1.4177860919311056 103.77147038817598 179.48545273901397
1.417777637020371 103.77147046808078 179.48545273901334
1.41777052909323 103.77147053525562 179.48545273901397
1.4177637095154803 103.77147059970535 179.48545273901397
1.417757986561434 103.77147065379121 179.48545273901397
1.4177530322246972 103.77147070061308 179.48545273901397
1.4177444283796106 103.7714707819253 179.48545273901397
1.41773611408245 103.77147086050108 179.48545273901397
1.4177272926756166 103.77147094386936 179.48545273901334
1.4177225019021167 103.7714709891454 179.48545273901334
1.417716625600104 103.77147104468041 179.48545273901334
1.4177086334940112 103.77147112021117 179.48545273901397
1.4177031409409107 103.77147117211946 179.48545273901397
1.4176961092518097 103.77147123857361 179.48545273901334
1.4176895116313972 103.7714713009255 179.48545273901334
1.4176849651473757 103.77147134389277 179.48545273901397
1.4176788644359843 103.77147140154852 179.48545273901397
1.4176722247292273 103.77147146429812 179.48545273901334
1.417663907820589 103.77147154289833 179.48545273901397
1.4176555741560326 103.77147162165689 179.48545273901397
1.4176478498616547 103.77147169465646 179.4854527390133
1.4176427173236952 103.77147174316225 179.4854527390133
1.4176356371996655 103.77147181007399 179.4854527390133
1.417628603619603 103.7714718765458 179.48545273901397
1.4176231495256155 103.77147192809046 179.48545273901397
1.4176173710774171 103.77147198270049 179.48545273901397
1.4176095971306335 103.7714720561692 179.48545273901397
1.4176016141777812 103.77147213161312 179.48545273901334
1.4175939486751492 103.77147220405693 179.48545273901334
1.4175871269655815 103.77147226852635 179.48545273901397
1.4175800507580865 103.7714723354009 179.48545273901397
1.4175712948883143 103.7714724181493 179.48545273901397
1.4175627721969521 103.77147249869397 179.48545273901397
1.4175561859067631 103.77147256093846 179.48545273901397
1.4175494734950953 103.77147262437484 179.48545273901397
1.4175447369166558 103.77147266913838 179.48545273901397
1.4175374061786201 103.7714727384183 179.48545273901334
1.417529079285502 103.77147281711244 179.48545273901334
1.4175212928953047 103.7714728906985 179.48545273901334
1.4175137010227414 103.77147296244621 179.4854527390133
1.4175066381088905 103.77147302919496 179.48545273901334
1.417501572031098 103.77147307707237 179.48545273901397
1.417495263317967 103.77147313669343 179.48545273901334
1.4174894250392838 103.7714731918686 179.48545273901397
1.4174844521357572 103.77147323886544 179.48545273901397
1.4174798641493225 103.77147328222459 179.48545273901397
1.4174738189110074 103.77147333935561 179.48545273901397
1.4174692017146397 103.77147338299079 179.48545273901397
1.4174627290107265 103.77147344416157 179.48545273901334
1.4174554192167603 103.77147351324331 179.48545273901397
1.4174490229998065 103.77147357369122 179.48545273901397
1.4174407759123264 103.77147365163088 179.4854527390133
1.4174318279823752 103.77147373619388 179.48545273901397
1.417425979059092 103.77147379146952 179.48545273901397
1.4174204044722467 103.77147384415247 179.48545273901397
1.4174136534242159 103.77147390795366 179.48545273901397
1.4174081935576544 103.77147395955242 179.4854527390133
1.417402645984873 103.77147401198008 179.48545273901334
1.4173943516126615 103.77147409036645 179.48545273901397
1.4173853229544386 103.77147417569222 179.48545273901397
1.4173803177916124 103.77147422299373 179.48545273901397
1.417374220021938 103.77147428062096 179.48545273901397
1.417369307524959 103.77147432704673 179.48545273901397
1.4173626450153498 103.77147439001102 179.48545273901397
1.4173542935702212 103.77147446893667 179.48545273901334
1.4173468946846592 103.77147453886009 179.48545273901397
1.4173396928277056 103.77147460692144 179.48545273901334
1.417332504643235 103.77147473572718 179.40781822546714
1.4173253570867923 103.77147492497996 179.2525993111245
1.4173207231185145 103.771475047678 179.1519642186519
1.4173132039260812 103.77147524677088 178.98866941866456
1.4173043375090835 103.77147548153549 178.79611718285784
1.417299589447682 103.77147560725444 178.69300496258276
1.4172912518488596 103.771475828017 178.51194497436498
1.4172825206621371 103.7714760592009 178.5039265128268
1.4172758042608282 103.77147623703742 178.5039265128268
1.417270310080981 103.771476382512 178.50392651282746
1.417261686420783 103.77147661084877 178.50392651282746
1.4172536674424678 103.77147682317478 178.5039265128268
1.417247266809699 103.77147699265032 178.50392651282746
1.417240035464565 103.77147718412138 178.5039265128275
1.4172328402147525 103.7714773746367 178.5039265128268
1.41722749523593 103.77147751616066 178.50392651282746
1.4172223336278407 103.77147765282932 178.5039265128268
1.4172171307552797 103.77147779059058 178.50392651282746
1.4172102905169417 103.77147797170586 178.50392651282746
1.4172015675737062 103.77147820267123 178.50392651282746
1.4171929228207734 103.77147843156627 178.5039265128275
1.4171845614356762 103.77147865295825 178.5039265128275
1.4171767405830555 103.77147886003809 178.5039265128268
1.4171703634536683 103.7714790288911 178.50392651282746
1.417162936924925 103.77147922553 178.5039265128275
1.4171545829565209 103.77147944672552 178.50392651282746
1.4171489202772953 103.77147959666137 178.5039265128268
1.417140436364489 103.77147982129749 178.5039265128275
1.4171326812785952 103.77148002663579 178.50392651282746
1.417124959591322 103.77148023108977 178.5039265128275
1.417119052220186 103.77148038750444 178.50392651282746
1.4171133384430925 103.77148053879317 178.5039265128275
1.4171080253243178 103.77148067947329 178.5039265128268
1.4171021164361448 103.7714808359281 178.5039265128275
1.4170936756783215 103.77148105942142 178.5039265128275
1.4170862879294865 103.77148125503328 178.50392651282746
1.4170795242263767 103.77148143412174 178.50392651282746
1.4170714656242642 103.77148164749632 178.5039265128268
1.417065651355177 103.77148180144574 178.5039265128275
1.417060239177924 103.77148194474861 178.5039265128275
1.4170520310898678 103.7714821620812 178.5039265128275
1.4170445103395235 103.77148236121454 178.5039265128275
1.4170356264657453 103.77148259644042 178.5039265128275
1.4170268533487247 103.7714828287337 178.5039265128275
1.417018632747244 103.77148304639749 178.5039265128275
1.4170113839828264 103.77148323832914 178.5039265128275
1.4170043619174195 103.77148342425825 178.5039265128268
1.416997836113315 103.7714835970474 178.5039265128275
1.4169932315346974 103.7714837189667 178.5039265128275
1.4169852582218576 103.77148393008274 178.5039265128275
1.416978584726439 103.7714841067824 178.5039265128275
1.416971951894212 103.77148428240537 178.50392651282746
1.4169664389899879 103.77148442837508 178.5039265128275
1.4169590978692936 103.77148462275196 178.5039265128275
1.4169529577869744 103.77148478532794 178.5039265128275
1.416945761974029 103.77148497585735 178.5039265128275
1.4169385444950995 103.77148516696042 178.5039265128275
1.4169310461016582 103.77148536550145 178.5039265128275
1.4169239880525692 103.77148555238313 178.5039265128275
1.4169157768566358 103.77148576979755 178.5039265128268
1.4169074959247905 103.77148598905842 178.5039265128275
1.4169029447038926 103.77148610956472 178.5039265128275
1.4168967931751089 103.77148627244364 178.5039265128275
1.416888137345288 103.77148650163092 178.5039265128275
1.4168809939028701 103.7714866907735 178.50392651282746
1.416872579048339 103.7714869135802 178.5039265128275
1.4168652678434273 103.77148710716473 178.5039265128275
1.4168567935272443 103.77148733154581 178.5039265128275
1.4168485959333244 103.7714875485999 178.5039265128275
