134991385
1.4185112647057803 103.7710258044919 334.17483073072447
1.4185174860548528 103.771022808776 334.1748307307236
1.4185221615277928 103.77102055743332 334.1748307307239
1.4185284528719755 103.77101752801316 334.17483073072447
1.4185330949071502 103.77101529277144 334.1748307307239
1.4185372829217042 103.77101283527169 333.6686999602103
1.4185426991196797 103.7710093405956 332.64944201404177
1.418549286502147 103.77100509023984 331.40809691295897
1.4185559319589762 103.77100080241287 330.1550456423166
1.4185622854080868 103.77099670299708 328.95743900498087
1.4185693821582055 103.77099212398348 327.6214688029195
1.418574218537933 103.77098900342146 327.03180047253915
1.4185811292044173 103.77098454447392 327.03180047253863
1.4185851509123797 103.77098194955994 327.03180047253863
1.41859111185896 103.7709781033971 327.03180047253915
1.4185982577774958 103.77097349265847 327.03180047253954
1.4186021157611424 103.77097100338374 327.03180047253915
1.4186064559944036 103.77096820294858 327.03180047253915
1.4186139763651622 103.77096335060317 327.03180047253954
1.4186192598208076 103.77095986428876 326.9491525900231
1.4186266795271067 103.77095487494253 326.7331834274386
1.418631901903393 103.77095136318039 326.5811685023203
1.4186382959403245 103.77094706354053 326.3950468373264
1.4186445273966666 103.77094287322718 326.213659499019
1.4186502193014128 103.77093904573273 326.04798230110305
1.4186573618842107 103.77093424273659 325.9415905628586
1.4186636686497742 103.77093000178176 325.9415905628586
1.4186684813259816 103.77092676552026 325.9415905628586
1.4186742531901624 103.77092288425727 325.9415905628586
1.4186782492332857 103.77092019713679 325.9415905628586
1.4186850118512944 103.77091564964594 325.9415905628586
1.4186914766726006 103.77091130240706 325.9415905628586
1.4186964568078146 103.77090795353836 325.9415905628586
1.4187026743993023 103.77090377254791 325.9415905628592
1.418708864043435 103.7708996103505 325.9415905628592
1.4187156014913447 103.7708950797849 325.9415905628586
1.4187218103201007 103.77088953704005 324.4948085455087
1.4187283512577233 103.77088342014 322.67142141967145
1.418732434060245 103.77087960201841 321.53168762359485
1.418738075436427 103.7708743263627 319.9568277602803
1.4187417277249161 103.77087091084562 318.9382219765303
1.4187470948027407 103.7708658917059 317.44431822229484
1.4187535348120772 103.77085986919084 316.765977100824
1.4187589010363046 103.77085485084926 316.7659771008249
1.4187631048427707 103.77085091956796 316.765977100824
1.4187684326284022 103.770845937173 316.7659771008249
1.4187736916318028 103.77084101910117 316.765977100824
1.4187779499284796 103.77083703686202 316.765977100824
1.4187838209346482 103.77083154646235 316.765977100824
1.4187888434611002 103.77082684953696 316.765977100824
1.4187928865162 103.77082306858559 316.765977100824
1.4187985228563158 103.77081742768499 316.42238532526846
1.4188040642890904 103.77081111785128 315.37410345387167
1.418807166869754 103.77080758505225 314.78672218075866
1.4188102593858398 103.77080406371337 314.2010716241036
1.4188157791429292 103.77079777856082 313.15570855511135
1.4188197364917996 103.77079327246732 312.4065291906116
1.418824482432142 103.77078786843246 311.5087779294121
1.4188288665786055 103.77078287635952 311.13883404496397
1.4188333886340463 103.7707777272544 311.1388340449635
1.418837038982339 103.77077357073145 311.1388340449635
1.4188423381850124 103.7707675367161 311.1388340449635
1.4188465472739005 103.77076274397481 311.1388340449635
1.4188497380049394 103.77075911080172 311.1388340449635
1.4188543164499716 103.77075389748754 311.1388340449639
1.4188584424409156 103.77074919936685 311.1388340449635
1.41886225016508 103.77074486364533 311.1388340449635
1.418865468753761 103.77074089263814 310.88212533295876
1.4188679143650644 103.77073703115624 309.97787838489967
1.4188713659551202 103.77073158129073 308.69897561783284
1.4188746716574814 103.77072636177361 307.47221744386667
1.4188782190287315 103.77072076067493 306.15499268356103
1.4188817291488063 103.77071521839368 304.8521367088037
1.4188849168610314 103.77071018517617 303.67054551575166
1.4188894400176957 103.77070304336725 302.21226664994913
1.4188928088698767 103.77069772413986 302.21226664994947
1.4188961982547788 103.77069237249243 302.21226664994947
1.4188994296721313 103.77068727026676 302.21226664994947
1.418902756978802 103.77068201663725 302.21226664994947
1.4189070490023161 103.77067523977419 302.21226664994947
1.4189117617708247 103.77066779857843 302.21226664995004
1.4189163384609993 103.77066057224258 302.21226664994947
1.4189190767949396 103.7706542733258 300.86807591848014
1.4189214787578388 103.7706480797157 299.22798724124675
1.418923678047342 103.77064240871142 297.7225155602757
1.4189258504571558 103.77063680701804 296.23399125062014
1.4189279097299003 103.77063149705552 294.82348396779037
1.4189310454269508 103.77062341146609 292.6805070901688
1.4189340244217703 103.77061572994299 291.1039476815289
1.418935818654872 103.77061110340145 291.1039476815289
1.4189387039135364 103.77060366358265 291.1039476815289
1.4189413710425982 103.77059678622452 291.1039476815291
1.418944300414486 103.77058923265682 291.1039476815289
1.4189460746111966 103.77058465778015 291.10394768152867
1.4189481125641192 103.77057940279163 291.1039476815289
1.4189502416509496 103.77057391280857 291.1039476815289
1.418952379028105 103.77056802557136 290.9316131041077
1.418954371324521 103.77056217119832 290.60277788081015
1.4189562771269146 103.77055657098835 290.2881756688348
1.418958836283116 103.77054905089481 289.8656878047208
1.4189617311643865 103.77054054427131 289.3877835150873
1.4189643012508635 103.77053299205886 288.96355688784496
1.4189669908411942 103.77052508868358 288.7126962709567
1.4189697843224165 103.77051688002426 288.7126962709567
1.4189720310951959 103.77051027787049 288.7126962709567
1.4189740752768167 103.77050427103183 288.7126962709565
1.4189758123370766 103.77049916667089 288.7126962709565
1.4189777652874098 103.77049342791572 288.7126962709565
1.4189790754902327 103.77048783342047 287.9998236225081
1.4189805287186272 103.77048158254371 287.18968226851274
1.418981784332337 103.77047618168123 286.48927111580747
1.4189830577576596 103.7704707042043 285.77873770431097
1.418984913663947 103.77046272125953 284.7433099865501
1.4189860981670441 103.77045762627006 284.0828081674756
1.4189874004986789 103.77045202445608 283.3571591273611
1.4189890464870785 103.77044494444604 283.03758764188444
1.4189905594392347 103.77043843667444 283.03758764188444
1.418992115662873 103.77043174277591 283.03758764188376
1.418993239510421 103.77042690868822 283.03758764188444
1.4189950959586584 103.77041892341146 283.03758764188444
1.4189970091007131 103.77041069427324 283.03758764188444
1.4189980833223146 103.77040607364502 283.03758764188444
1.4189995868984726 103.77039960620246 283.03758764188444
1.4190008982680054 103.77039194421744 282.4572863106692
1.419002142346747 103.7703831113204 281.45685911525254
1.419002854537414 103.77037805480202 280.8838530987154
1.4190038414559267 103.77037104772947 280.0897129149123
1.4190046715278621 103.77036515425968 279.42189655669677
1.4190055873688876 103.77035865183345 278.6854289813275
1.4190065177932134 103.77035204586636 277.99706827686725
1.419007622542019 103.77034420220379 277.99706827686794
1.4190087895617622 103.77033591642038 277.9970682768678
1.4190098715294956 103.77032823450185 277.99706827686725
1.4190107033978898 103.77032232827641 277.99706827686794
1.4190119236249983 103.7703136647226 277.99706827686794
1.4190128090712009 103.77030737809694 277.99706827686794
1.4190135299995756 103.77030225953989 277.99706827686794
1.4190145124041404 103.77029528451423 277.9970682768672
1.4190152376190694 103.77028667704413 277.38571492556997
1.4190157539806416 103.7702797873916 276.8156391515272
1.4190162012424874 103.77027381971507 276.3217394399878
1.419016775408591 103.77026615879394 275.6876738868073
1.4190174410856935 103.77025727686933 274.95270043908897
1.4190180954674172 103.77024854565502 274.2893454753159
1.4190184805907056 103.77024340707307 274.28934547531526
1.4190191159405612 103.77023492979437 274.2893454753158
1.4190196714295948 103.77022751807382 274.2893454753159
1.4190202900538442 103.77021926395896 274.28934547531526
1.4190207168139295 103.77021356982897 274.2893454753159
1.4190213035560186 103.77020574110739 274.28934547531526
1.4190217415218256 103.77019989746233 274.28934547531526
1.4190220955766253 103.77019517341627 274.2893454753152
1.4190226691967485 103.77018751977623 274.28934547531526
1.419023029376312 103.77018271400891 274.2893454753159
1.4190234873961984 103.77017660278746 274.2893454753159
1.4190238496047456 103.77017176994771 274.28934547531526
1.4190243570117 103.77016499976901 274.28934547531526
1.419025011436764 103.77015626797137 274.28934547531526
1.4190256546920597 103.77014768520814 274.2893454753159
1.419026271165156 103.77013945979138 274.28934547531526
1.4190266360013533 103.77013459189054 274.2893454753159
1.4190272183452006 103.77012682184954 274.28934547531526
1.419027611809895 103.77012157196675 274.2893454753159
1.419028231545402 103.77011330301926 274.2893454753159
1.419028815597801 103.77010551018053 274.2893454753159
1.419029435668406 103.77009723676107 274.2893454753158
1.4190298314795229 103.7700919555697 274.2893454753159
1.4190304146297057 103.77008417476793 274.28934547531526
1.4190310105913213 103.77007622302659 274.28934547531526
1.4190313713314782 103.77007140977611 274.2893454753159
1.4190318978787229 103.77006438420982 274.2893454753159
1.4190322518952392 103.77005966067057 274.28934547531526
1.419032753887096 103.7700529627392 274.2893454753159
1.419033329103871 103.7700452877887 274.2893454753152
1.4190338238617837 103.77003868637715 274.2893454753158
1.419034207858027 103.77003356282628 274.2893454753159
1.4190347183213614 103.77002675186134 274.28934547531594
1.4190353383612242 103.77001847884799 274.2893454753159
1.419035742243482 103.77001308996311 274.2893454753158
1.4190361125325157 103.77000814930281 274.28934547531526
1.4190365054399852 103.77000290685102 274.2893454753159
1.4190370112190946 103.76999615838506 274.2893454753159
1.4190374597762858 103.76999017341453 274.28934547531526
1.4190378621268362 103.76998480496583 274.2893454753152
1.4190384258301008 103.76997728363354 274.2893454753159
1.4190389538111001 103.76997023893296 274.2893454753159
1.41903946422032 103.76996342868735 274.2893454753158
1.4190401278651155 103.76995457386245 274.2893454753158
1.4190406359713252 103.76994779434457 274.28934547531526
1.4190411603757533 103.76994079736389 274.28934547531526
1.4190416018044338 103.769934907505 274.2893454753159
1.4190421360561107 103.76992777913466 274.2893454753159
1.4190427750899923 103.76991925268432 274.2893454753159
1.4190433352577512 103.76991177852223 274.2893454753159
1.419043759511858 103.76990611781784 274.2893454753158
1.419044353483725 103.76989819261631 274.28934547531526
1.4190447671474633 103.76989267321578 274.28934547531526
1.4190451050547555 103.76988816461235 274.2893454753158
1.4190457257261642 103.76987988316532 274.28934547531526
1.4190461904372627 103.7698736826533 274.2893454753152
1.4190466336564065 103.76986776890229 274.28934547531594
1.419047298640756 103.76985889619878 274.2893454753159
1.4190479375514218 103.76985037138883 274.2893454753159
1.419048332868846 103.76984509677649 274.2893454753159
1.4190487090801347 103.76984007709196 274.2893454753159
1.4190491587646736 103.7698340770737 274.2893454753152
1.4190496025814465 103.76982815534723 274.2893454753158
1.4190501503616695 103.7698208464644 274.2893454753159
1.4190506905291966 103.76981363915539 274.2893454753159
1.4190512653193739 103.76980596988538 274.28934547531526
1.4190517909209024 103.7697989569259 274.2893454753159
1.4190522819978912 103.76979240461776 274.28934547531526
1.4190529241286278 103.76978383683971 274.2893454753152
1.4190534058447786 103.7697774094301 274.2893454753159
1.4190540329163104 103.7697690425822 274.2893454753159
1.4190545438688533 103.76976222507861 274.2893454753159
1.4190549578467166 103.7697567014821 274.28934547531526
1.4190555366324216 103.7697489788981 274.28934547531526
1.419055962405464 103.7697432979212 274.28934547531526
1.4190563601793038 103.76973799053005 274.2893454753152
1.4190570127356803 103.7697292836425 274.2893454753159
1.4190575038826538 103.76972273039772 274.2893454753152
1.4190579672783776 103.76971654743032 274.2893454753152
1.4190583151388085 103.76971190601981 274.28934547531526
1.4190588947363085 103.76970417260208 274.28934547531526
1.4190593367839037 103.76969827447645 274.28934547531526
1.4190597835874592 103.76969231289308 274.2893454753159
1.4190603148136551 103.76968522488015 274.2893454753159
1.4190607884958295 103.76967890466186 274.2893454753152
1.4190611429973532 103.76967417463987 274.2893454753159
1.419061520716431 103.76966913483196 274.2893454753159
1.419062021994764 103.76966244640458 274.2893454753152
1.4190626241913566 103.76965441145057 274.2893454753159
1.4190631080169829 103.7696479558896 274.2893454753152
1.419063688002816 103.76964021728733 274.28934547531526
1.4190640966322998 103.76963476504869 274.2893454753152
1.4190646366277733 103.76962731603955 274.2662426236079
1.4190649163074518 103.7696198876081 273.9161665641754
1.419065232407183 103.76961149184115 273.52044313692335
1.4190654559168263 103.76960555531271 273.24061379475575
1.419065750816114 103.76959772263882 272.8714075796899
1.4190659730484292 103.76959182003588 272.59319656770276
1.4190662962922074 103.76958323451656 272.18858724675783
1.4190665138895497 103.76957745501986 272.17288117043745
1.4190668451104018 103.76956865762389 272.17288117043813
1.4190670268863343 103.76956382956133 272.17288117043745
1.419067346661465 103.76955533616824 272.17288117043745
1.4190676196872771 103.76954808446054 272.17288117043813
1.4190678988232905 103.76954067046209 272.1728811704375
1.4190681774447695 103.7695332701293 272.17288117043813
1.419068384917356 103.769527759548 272.17288117043745
1.4190685922313933 103.76952225317751 272.17288117043745
1.4190688148548745 103.76951634017966 272.1728811704375
1.419069088211525 103.76950907968134 272.17288117043745
1.419069384637739 103.76950120644243 272.17288117043745
1.4190696647487449 103.76949376654349 272.17288117043813
1.4190698119989902 103.76948749367644 272.06028733611487
1.4190687235552695 103.76947859751321 270.2539146652994
1.4190681258385491 103.76947371220282 269.25949815765813
1.4190671109057755 103.76946541686607 267.5690393575422
1.41906647644588 103.76946023124339 266.51216364376484
1.419065734601135 103.76945416793367 265.27742803391124
1.4190649875657129 103.7694480621992 264.036266421648
1.4190642276009722 103.76944185078982 263.0991276957568
1.419063663334839 103.76943723888127 263.0991276957568
1.4190628433005632 103.7694305365066 263.0991276957561
1.4190621049206513 103.76942450151657 263.0991276957568
1.4190613617334729 103.76941842723546 263.09912769575675
1.419060431708388 103.76941082587496 263.0991276957568
1.41905943965973 103.7694027175783 263.0991276957568
1.4190588681004714 103.76939804606154 263.0991276957561
1.4190579923051574 103.7693908879369 263.0991276957561
1.4190572128530483 103.76938451725287 263.0991276957568
1.4190562150213362 103.76937636169038 263.0991276957568
1.4190551436917471 103.76936840747655 262.975697379452
1.4190535384013505 103.76936171054524 261.9862276789034
1.4190522635665432 103.76935639220463 261.19951327974957
1.4190510728911634 103.76935142495937 260.4642743486331
1.4190498606749673 103.76934636785045 259.71553319620665
1.4190483559369782 103.76934009040266 258.7862124225364
1.4190468946545205 103.76933399424222 257.8842687938897
1.4190457153880751 103.7693290745928 257.15708808820307
1.4190441916374787 103.76932271782866 256.63367399571644
1.41904312239654 103.76931825718239 256.63367399571644
1.419042060711675 103.76931382805847 256.63367399571644
1.4190402773688628 103.76930638833086 256.63367399571644
1.419039125929206 103.76930158476911 256.6336739957164
1.4190372611762898 103.76929380541598 256.63367399571644
1.4190359284065663 103.76928824538382 256.6336739957165
1.4190347895423328 103.76928349428422 256.63367399571644
1.4190329386527303 103.76927577276614 256.63367399571575
1.4190314459381261 103.76926954547808 256.63367399571575
1.4190300391346073 103.7692636765929 256.63367399571644
1.419028666054064 103.76925794839282 256.63367399571644
1.4190271632169411 103.76925167887596 256.63367399571644
1.4190258972050245 103.76924639734355 256.63367399571644
1.419024573710958 103.76924087600788 256.63367399571644
1.419023035117634 103.76923445732395 256.63367399571644
1.4190214121419693 103.7692276866149 256.63367399571644
1.4190198704232708 103.7692212548927 256.63367399571575
1.4190187833713157 103.76921671994339 256.63367399571644
1.4190173227918732 103.769210626717 256.63367399571575
1.4190150546302955 103.76920458031597 255.62336546089293
1.419012920978459 103.76919926333778 254.56117805217735
1.419010823456285 103.76919403639336 253.5155646165651
1.4190088594205488 103.769189142092 252.53584454778985
1.4190062911793029 103.76918274213385 251.25475280810784
1.4190032526356218 103.76917517020023 249.7407234657421
1.4190013605212777 103.76917045512431 248.79971500521418
1.4189985393877587 103.76916342496848 248.29193803959132
1.418995655232842 103.76915623776583 248.2919380395912
1.4189937227904763 103.76915142219413 248.2919380395918
1.4189909360023392 103.76914447762582 248.2919380395918
1.418988084345522 103.7691373714073 248.2919380395912
1.4189860476728082 103.76913229609771 248.2919380395919
1.4189839322412 103.76912702452398 248.2919380395919
1.4189815300033992 103.7691210382404 248.2919380395912
1.4189791054218353 103.76911499627704 248.2919380395919
1.4189758612781636 103.7691069119967 248.2919380395912
1.4189731591024235 103.76910017827953 248.2919380395918
1.4189702172118521 103.76909284720232 248.2919380395919
1.4189670980159172 103.76908507428706 248.29193803959132
1.4189642112599088 103.76907788060313 248.29193803959132
1.418961538380186 103.76907121989068 248.29193803959132
1.4189584098819008 103.7690634237945 248.29193803959132
1.4189559564613192 103.7690573099658 248.2919380395919
1.4189528339615882 103.7690495288179 248.29193803959132
1.418950165316589 103.76904287865838 248.2919380395912
1.4189476699592605 103.76903666032506 248.29193803959132
1.4189450296007644 103.7690300806545 248.29193803959132
1.4189415122536408 103.76902398296886 247.0300806258974
1.4189386032130897 103.76901929694183 245.8141121659932
1.4189353524487107 103.76901406044915 244.45269890017707
1.4189321719667445 103.76900893717088 243.1194783250913
1.4189279187923103 103.76900208594633 241.33720307542347
1.4189236626752755 103.76899522998174 239.55754326599845
1.4189197138750527 103.76898886905836 238.3631115378313
1.4189168436253068 103.76898424551761 238.36311153783183
1.4189128005130875 103.76897773267183 238.36311153783112
1.4189084646365246 103.76897074822676 238.36311153783112
1.4189044518272784 103.76896428419457 238.36311153783112
1.4189000116075536 103.76895713166842 238.36311153783163
1.418896905024155 103.76895212742981 238.36311153783095
1.4188931108166802 103.7689460155323 238.36311153783163
1.4188891803747123 103.7689396841815 238.36311153783205
1.4188854038258927 103.76893360072947 238.36311153783163
1.4188826878391507 103.76892922568342 238.3631115378313
1.4188783791653181 103.76892228505808 238.36311153783183
1.4188742818046864 103.76891568482657 238.36311153783163
1.4188700637827236 103.76890889022782 238.3631115378315
1.4188657326021512 103.76890191334762 238.36311153783143
1.4188633383296312 103.76889805653487 238.3631115378315
1.418859080074267 103.76889119712627 238.36311153783163
1.4188567029499703 103.76888736793674 238.36311153783163
1.4188527639980892 103.76888102287805 238.3631115378315
1.4188502355950765 103.76887695000131 238.3631115378315
1.418845815287778 103.76887036918919 238.00177570999463
1.4188420927750889 103.76886557101851 237.19874454934308
1.4188374663842802 103.76885960778492 236.1997664899136
1.4188343819712859 103.76885563209935 235.5334346908894
1.4188311737031065 103.76885149676939 234.8403056280936
1.418827911386784 103.76884729177357 234.13566379493878
1.4188244234746432 103.76884279599369 233.38271717666711
1.4188200454658142 103.76883715291467 232.43863101246697
1.4188167902309359 103.76883295704654 232.4031160899171
1.418811592291729 103.76882625710996 232.40311608991658
1.4188065837082693 103.76881980124541 232.40311608991692
1.418802172931687 103.76881411593014 232.40311608991678
1.4187989519857604 103.76880996425918 232.40311608991658
1.4187952254957954 103.76880516096212 232.40311608991692
1.418789715032083 103.76879805819402 232.40311608991698
1.4187845449844012 103.76879139420863 232.40311608991698
1.4187795528775977 103.76878495958198 232.40311608991658
1.4187766839962854 103.76878126170836 232.40311608991678
1.4187719577302638 103.7687751697399 232.40311608991678
1.4187664573333152 103.76876807994759 232.4031160899171
1.4187628577127556 103.76876344018027 232.4031160899171
1.4187587430845356 103.7687581365886 232.40311608991658
1.4187543318906874 103.7687524507357 232.4031160899171
1.418751486764936 103.76874878348212 232.4031160899171
1.4187485561655186 103.7687450060564 232.40311608991658
1.4187445516443382 103.76873984438839 232.40311608991658
1.4187401342957102 103.76873415060231 232.40311608991658
1.4187346951113857 103.76872713971079 232.40311608991698
1.418730109542957 103.76872122909614 232.40311608991678
1.4187259728405865 103.76871589705193 232.40311608991698
1.4187222942272868 103.76871140252186 232.2107857865107
1.4187186137279026 103.76870702806467 231.92304908329155
1.4187150002351636 103.76870273324823 231.6405186967544
1.4187109347567997 103.76869790122433 231.32262772619717
1.418707800387041 103.7686941758695 231.0775394399417
1.4187021864449736 103.76868750341926 230.63858740888168
1.4186974956727487 103.76868192820247 230.27187227496657
1.4186917824459035 103.76867513774738 230.135247966619
1.418688066696497 103.76867072139389 230.1352479666192
1.4186833295427028 103.76866509105034 230.13524796661892
1.4186799689740301 103.76866109684687 230.13524796661892
1.4186744171648324 103.7686544982448 230.1352479666191
1.41867114783814 103.768650612487 230.13524796661892
1.418666389245082 103.76864495666189 230.135247966619
1.4186614890182108 103.76863913249795 230.1352479666187
1.4186584052924789 103.7686354673362 230.13524796661892
1.4186538672731361 103.76863007367398 230.13524796661892
1.4186509077792673 103.76862655616802 230.1352479666186
1.4186453286666745 103.76861992511462 230.1352479666186
1.418639618351631 103.76861313812061 230.1352479666191
1.4186352893104763 103.76860799283946 230.135247966619
1.4186314179420814 103.76860339152522 230.1352479666191
1.4186269548333108 103.76859808689807 230.1352479666191
1.4186226199409424 103.76859293466251 230.1352479666192
1.4186187602149372 103.76858834718588 230.13524796661892
1.4186156345237695 103.76858463214623 230.1352479666187
1.4186119179301027 103.76858021478951 230.1352479666191
1.418608705287709 103.76857639640401 230.1352479666191
1.4186045778656047 103.76857149075725 230.1352479666191
1.4185996969287542 103.76856568952073 230.135247966619
1.418594668993354 103.76855971356913 230.135247966619
1.4185911554015873 103.76855553749036 230.1352479666186
1.418585916625336 103.76854931094394 230.1352479666192
1.4185802718782485 103.76854260188098 230.1352479666187
1.4185769008630469 103.7685385952616 230.1352479666191
1.418573938270531 103.76853507407291 230.13524796661892
1.4185688459023311 103.76852902153983 230.13524796661892
1.418565746089676 103.76852533725821 230.135247966619
1.4185601462524733 103.76851868157298 230.1352479666191
1.4185559435961652 103.76851368650684 230.135247966619
1.418552307086273 103.76850936433388 230.1352479666191
1.418547967878438 103.76850420696945 230.1352479666191
1.4185425018621343 103.7684977103371 230.1352479666186
1.4185367916537848 103.76849092347042 230.13524796661892
1.4185315550922424 103.76848469955652 230.13524796661892
1.418526474560947 103.76847866109239 230.1352479666191
1.4185211058083294 103.76847228006288 230.1352479666192
1.4185165454278368 103.76846685982387 230.13524796661892
1.418512411034176 103.76846194589142 230.1352479666192
1.4185071578517763 103.76845570222294 230.135247966619
1.418502448732951 103.76845010520107 230.13524796661892
1.418497392899463 103.76844409609161 230.1352479666191
1.418492605504127 103.76843840603428 230.1352479666186
1.4184871706249687 103.76843194641026 230.1352479666192
1.4184819990618125 103.7684257997504 230.135247966619
1.4184762572911276 103.7684189753706 230.135247966619
1.41847241188373 103.76841440491282 230.1352479666192
1.418467296558124 103.76840832509416 230.1352479666191
1.4184625797024972 103.76840271887687 230.1352479666186
1.4184592378757688 103.7683987469498 230.1352479666187
1.418455474205322 103.7683942736405 230.1352479666191
1.418451973519497 103.7683901129015 230.1352479666191
1.4184470970048064 103.76838431692157 230.1352479666187
1.4184439032076983 103.76838052093505 230.1352479666187
1.4184396038808034 103.76837541097152 230.1352479666192
1.4184338782557337 103.76836860578179 230.135247966619
1.4184283041043348 103.76836198062605 230.13524796661892
1.4184236437452322 103.76835644155786 230.1352479666192
1.4184200580702782 103.76835217980515 230.1352479666191
1.418416715673408 103.76834820720055 230.1352479666192
1.4184110553469307 103.76834147962154 230.1352479666192
1.4184059011440573 103.76833535359557 230.1352479666186
1.4184003143552386 103.76832871341979 230.1352479666187
1.4183947177042031 103.76832206152228 230.1352479666186
1.4183903958334363 103.76831692476442 230.1352479666192
1.4183848480810886 103.76831033098547 230.1352479666187
1.4183811650071028 103.76830595346931 230.135247966619
1.4183772951890867 103.7683013539986 230.1352479666192
1.4183731303479277 103.7682964038783 230.1352479666187
1.4183686583870412 103.76829108873092 230.13524796661892
1.418364024923406 103.76828558162957 230.13524796661892
1.4183598218122833 103.76828058602355 230.1352479666191
1.4183557505544055 103.76827574713165 230.1352479666192
1.4183507061742526 103.76826975163571 230.13524796661892
1.4183471503050329 103.76826552530882 230.1352479666191
1.4183432180444084 103.7682608516221 230.1352479666192
1.4183392954795824 103.76825618945931 230.13524796661892
1.4183362244776865 103.76825253942131 230.1352479666185
1.4183326305889266 103.76824826790634 230.1352479666186
