95840934
1.418526793909167 103.77107918547891 353.1448810198996
1.4185315943702426 103.77107836750169 352.83965279107724
1.4185383646710437 103.7710761066638 351.00660325312776
1.4185437995714822 103.77107429176233 349.52941333007647
1.4185509118197182 103.77107191673629 347.59214251653015
1.418558796490494 103.77106928377158 345.4438804966526
1.4185644624327993 103.77106739171712 343.90300124032615
1.4185691139114998 103.77106583842722 342.6415764836533
1.418577422629381 103.77106306385836 341.4539206828563
1.4185858086687826 103.77106026346915 341.4539206828563
1.4185932979880937 103.77105776252581 341.4539206828563
1.4186007766855584 103.77105526512942 341.4539206828563
1.4186073644322421 103.77105306525236 341.4539206828563
1.418613023909394 103.77105117535665 341.4539206828563
1.4186201075063973 103.77104880989792 341.4539206828563
1.4186256199334215 103.7710469691073 341.4539206828563
1.4186303857355662 103.77104519897502 341.2388384570039
1.4186366172671099 103.77104258050628 340.5914204128872
1.4186413696544402 103.77104058356895 340.097442475538
1.4186488426648176 103.77103744343486 339.320457144177
1.4186565679650875 103.77103419728935 338.51722860501326
1.418661681401896 103.77103204864017 337.9857107432805
1.418665994934066 103.77103023610826 337.5375087698323
1.418670974251768 103.77102814381543 337.10706558655824
1.418678783995024 103.7710248621871 337.10706558655824
1.4186835080222238 103.77102287716644 337.1070655865574
1.4186894280593962 103.77102038958634 337.1070655865574
1.4186971969579714 103.77101712512071 337.10706558655824
1.4187034642261025 103.7710144916352 337.10706558655824
1.4187085246914435 103.77101236524426 337.1070655865576
1.4187152253560256 103.77100903225278 336.5016990638911
1.4187222281999077 103.77100534867184 335.6339983586435
1.4187288350791651 103.77100187337302 334.8149270954714
1.4187344967229405 103.77099889527956 334.11296310473097
1.418739698542237 103.77099615905932 333.4681401216817
1.4187467863843446 103.7709924307681 332.5900251566408
1.4187539136363667 103.77098868174674 332.1340153399039
1.4187604053748473 103.77098416635619 330.8966301438463
1.4187659495901133 103.77097986452465 329.3340803712013
1.4187709949920027 103.7709759497291 327.9091433925981
1.418774626806983 103.77097313175474 326.8827054024707
1.4187788040325222 103.77096989058892 325.70232583187885
1.41878288731366 103.77096672231582 324.54962203029555
1.4187865613454065 103.77096387158481 323.5141770960557
1.4187912994987937 103.7709601951874 322.1823712677286
1.4187958277729622 103.77095668163808 322.0441536119958
1.4188018798640618 103.77095198573852 322.0441536119958
1.4188081751586936 103.77094710113397 322.0441536119958
1.4188147782565166 103.77094197770067 322.0441536119958
1.418818972903064 103.77093872301741 322.0441536119963
1.4188242227304642 103.77093464960494 322.0441536119958
1.418828064758763 103.7709316685229 322.0441536119958
1.4188337793331638 103.77092723450686 322.0441536119958
1.418838081779366 103.77092337608036 321.5233468543394
1.4188433322343181 103.77091813293774 320.35079645424304
1.418848768379739 103.77091270436317 319.1351226535734
1.418852842160646 103.77090863625574 318.2236562257056
1.4188590316647367 103.7709024553716 316.839205510184
1.4188637874798313 103.77089770617974 315.77664249028646
1.4188694551270324 103.77089204642559 314.8868419255736
1.4188734294379437 103.77088807764946 314.88684192557315
1.4188777453877723 103.77088376771015 314.8868419255736
1.4188836496106538 103.7708778717096 314.88684192557315
1.4188900298782738 103.77087150032719 314.8868419255736
1.418893772800897 103.77086776261696 314.8868419255736
1.418898334791772 103.77086320697904 314.8868419255736
1.4189015446850823 103.77086000155579 314.88684192557315
1.4189052365642305 103.77085602272281 314.6251523047488
1.41891045634894 103.7708492294452 313.20668753462996
1.4189150586126469 103.77084323983892 311.9538689006939
1.4189201539206155 103.77083660856115 310.56597529634655
1.4189256472245118 103.77082945931232 309.0704730708492
1.4189289030045773 103.77082522208416 308.1853149359633
1.4189322155885489 103.77082091092862 307.39103268682845
1.418935583630341 103.77081652759759 307.39103268682885
1.4189383879668156 103.77081287789964 307.39103268682845
1.4189412259143834 103.7708091844586 307.39103268682845
1.4189459358476817 103.77080305472549 307.39103268682845
1.418950690109297 103.77079686730131 307.39103268682845
1.4189545854046988 103.77079179777695 307.39103268682845
1.4189593718819988 103.77078556842562 307.39103268682845
1.418963009737672 103.77078083394555 307.39103268682845
1.4189667643991597 103.77077594744875 307.39103268682885
1.4189711774100087 103.77077020414441 307.39103268682896
1.4189744997396387 103.77076588030499 307.39103268682845
1.418978771275037 103.77076032112349 307.39103268682885
1.418981554681922 103.77075669866394 307.39103268682845
1.4189865675117674 103.77075010682326 307.338706910995
1.418990743522615 103.77074339745892 306.3558186898282
1.418995450082453 103.77073583569091 305.246831099224
1.4190000251297898 103.77072848521665 304.16834325775915
1.4190032296693094 103.77072333666108 303.41305615583786
1.4190056760499965 103.77071940619713 302.83672015317234
1.4190085884117398 103.77071472706726 302.15107384471713
1.4190122599230883 103.77070882825385 301.7647821403369
1.4190152009888604 103.77070410300672 301.7647821403378
1.419019816207696 103.77069668799074 301.76478214033745
1.4190244450474456 103.77068925109069 301.7647821403369
1.419027570100803 103.77068423024075 301.7647821403369
1.4190305158208405 103.77067949751569 301.76478214033745
1.4190339970215997 103.77067390446337 301.7647821403378
1.419038020788812 103.77066743969954 301.7647821403369
1.4190405880263675 103.77066331506119 301.7647821403372
1.419044952773943 103.77065630246297 301.7647821403369
1.4190492637161727 103.7706492375788 301.67211761497566
1.4190522712548523 103.77064351829121 301.0792693583492
1.419056424707919 103.77063561987482 300.2600751045721
1.419059183977713 103.77063037270779 299.7157091907764
1.4190630440240006 103.77062303224838 298.9541897294166
1.4190660570639984 103.77061730249895 298.3599369799783
1.4190692072823712 103.77061131188414 297.73893717650776
1.4190718122924333 103.77060635806501 297.6175646224583
1.4190747588395163 103.7706007547617 297.6175646224589
1.4190770032393616 103.77059648669716 297.6175646224589
1.4190792426325365 103.7705922281535 297.6175646224592
1.4190817517921026 103.77058745660837 297.6175646224589
1.41908528412576 103.77058073934339 297.6175646224589
1.4190887368810416 103.77057417340863 297.6175646224589
1.4190910799648804 103.77056971768137 297.6175646224589
1.419094016821555 103.77056413280549 297.6175646224583
1.4190961211940474 103.7705601310238 297.6175646224589
1.4190998507641306 103.77055303868367 297.6175646224589
1.4191021212902248 103.77054872093576 297.6175646224583
1.4191049090147867 103.77054341965687 297.6175646224589
1.4191087622361045 103.77053609217509 297.6175646224589
1.4191112263404442 103.77053140630878 297.6175646224589
1.4191137718048705 103.77052656572397 297.6175646224589
1.4191176945953223 103.77051910594572 297.6175646224583
1.4191214818238356 103.77051190395889 297.6175646224589
1.419124802491727 103.77050558920746 297.6175646224589
1.4191285346194968 103.77049849200283 297.6175646224589
1.4191311618636673 103.77049349590118 297.6175646224589
1.4191335772828257 103.77048890261676 297.6175646224583
1.4191375549531997 103.77048133847556 297.6175646224589
1.4191408766915619 103.77047502168811 297.6175646224583
1.4191431807576524 103.77047064015824 297.6175646224589
1.4191470683635987 103.77046324728792 297.6175646224589
1.4191508090602256 103.77045613378779 297.6175646224589
1.4191549545973015 103.77044825042223 297.6175646224589
1.419158780131357 103.77044097559072 297.6175646224589
1.419162976700813 103.77043299517918 297.6175646224589
1.4191662697957355 103.77042673286101 297.6175646224589
1.4191703087939582 103.77041905209481 297.6175646224589
1.419173531826704 103.77041292301033 297.6175646224589
1.4191776920293708 103.77040501175534 297.6175646224592
1.4191805206566082 103.7703996326925 297.6175646224589
1.4191846301489877 103.7703918178706 297.6175646224589
1.419187056849692 103.7703872031318 297.6175646224589
1.4191911191074909 103.77037947813346 297.6175646224589
1.4191935831321638 103.77037479241734 297.6175646224589
1.4191965836250455 103.77036908652565 297.6175646224592
1.4191995826549733 103.77036338341594 297.6175646224589
1.4192032461873747 103.77035641665402 297.6175646224586
1.4192057515277208 103.77035165236971 297.6175646224589
1.419208853111085 103.77034575423893 297.6175646224592
1.4192114498391006 103.77034081616705 297.6175646224589
1.419215465885403 103.77033317904622 297.6175646224589
1.4192193201494987 103.7703258495787 297.6175646224592
1.4192229510097254 103.77031894494743 297.6175646224589
1.419225459241787 103.77031417516378 297.6175646224589
1.4192279667330516 103.77030940678883 297.6175646224583
1.4192304470600208 103.77030469007084 297.6175646224589
1.419233907352352 103.77029810980005 297.6175646224589
1.4192373885239447 103.77029148982407 297.6175646224589
1.4192415248728083 103.77028362392903 297.6175646224592
1.4192438907366058 103.77027912487995 297.6175646224586
1.4192475369694626 103.7702721910147 297.6175646224592
1.41925060007449 103.77026636605547 297.6175646224583
1.419254124349036 103.77025966411233 297.6175646224586
1.4192576082455597 103.77025303895404 297.6175646224589
1.41926179909494 103.77024506941743 297.6175646224589
1.4192647876305209 103.77023938626306 297.6175646224589
1.419267919671539 103.77023343021123 297.6175646224589
1.4192715460168284 103.77022653416468 297.6175646224586
1.419275520312399 103.77021897643768 297.6175646224589
1.4192781294040384 103.77021401485337 297.6175646224589
1.4192804674540118 103.77020956869595 297.6175646224589
1.4192830638043783 103.77020463134103 297.6175646224589
1.4192857184325296 103.770199583162 297.6175646224589
1.4192882930044681 103.77019468722197 297.6175646224583
1.4192923117770748 103.7701870449147 297.6175646224589
1.4192954463808884 103.7701810839888 297.6175646224589
1.419297558507562 103.77017706745863 297.6175646224589
1.4193005765676447 103.77017132815824 297.6175646224589
1.41930292412779 103.77016686391546 297.6175646224589
1.419306250347138 103.77016053860324 297.6175646224589
1.4193104129575587 103.770152622766 297.6175646224592
1.4193137831630578 103.77014621380725 297.6175646224589
1.419316704026331 103.7701406593411 297.6175646224589
1.419320742888022 103.77013297883063 297.6175646224589
1.4193237489018913 103.7701272624375 297.6175646224592
1.4193265609389707 103.77012191492074 297.6175646224589
1.4193302528523783 103.77011489418506 297.6175646224589
1.4193327925106558 103.77011006463795 297.6175646224589
1.4193349796805588 103.77010590540115 297.6175646224583
1.4193379184014645 103.77010031697557 297.6175646224589
1.41934132659471 103.77009383577675 297.6175646224586
1.4193455253764076 103.7700858511534 297.6175646224592
1.4193492480956753 103.77007877183522 297.6175646224583
1.4193533897383523 103.77007200721496 298.271769398263
1.419358468781937 103.77006564840806 300.2209207176622
1.4193640127049856 103.7700587075862 302.3558012841691
1.4193692413734726 103.77005216145335 304.37113333839784
1.419372417367321 103.77004818520626 305.5939997072858
1.4193768777716984 103.77004260091641 307.3072385756685
1.4193819632303613 103.77003623407768 308.46743714061347
1.4193874219491665 103.77002939992856 308.46743714061347
1.4193917425903018 103.77002399061787 308.46743714061296
1.4193955251443318 103.77001925497572 308.46743714061347
1.4193985579786954 103.77001545795969 308.46743714061347
1.4194041631669936 103.77000844043498 308.46743714061347
1.4194089779429513 103.77000241248233 308.467437140614
1.4194125081701998 103.76999799274543 308.46743714061387
1.4194180526456028 103.76999105123119 308.467437140614
1.4194232691090174 103.76998452037789 308.46743714061347
1.4194283443559805 103.7699781663232 308.46743714061347
1.419434054570627 103.76997166893591 308.9824004822998
1.419438224660564 103.7699685469995 310.64817220298715
1.4194446844829849 103.76996371085558 313.24474100832515
1.419448708526363 103.7699606982568 314.8681362603966
1.4194547110035745 103.76995620450414 317.2915187656984
1.4194601217547298 103.76995215374694 319.4715332854383
1.4194643884416775 103.76994895949305 321.18333833762716
1.4194710267738688 103.7699439897076 323.03388165483443
1.4194781159096426 103.76993868242812 323.03388165483443
1.4194828992840496 103.76993510135618 323.0338816548352
1.4194876885670635 103.76993151586075 323.03388165483443
1.4194926460264399 103.76992780446007 323.03388165483443
1.419496696720706 103.76992477190885 323.03388165483443
1.4195024670097978 103.76992045198337 323.0338816548352
1.4195069078119023 103.76991712737794 323.03388165483443
1.4195117677382858 103.76991348899519 323.0338816548352
1.4195187324824463 103.76990827484104 323.03388165483443
1.4195236912430198 103.76990456246601 323.0338816548352
1.4195276786635729 103.76990157728446 323.03388165483443
1.4195345562051185 103.76989642841438 323.03388165483443
1.4195401956491611 103.76989220644572 323.0338816548352
1.419546447284083 103.76988789223437 323.4053056848663
1.4195535217969875 103.76988400069006 324.8331997968267
1.419559618462185 103.76988064703963 326.06600560509236
1.4195651575288393 103.76987760011271 327.186878073568
1.4195714781812379 103.76987412325145 328.46573073882143
1.4195767152533807 103.76987124244543 329.5243289392095
1.4195843001169703 103.76986707016746 331.05431501617363
1.419588751990075 103.76986462128328 331.06092934657966
1.4195966510961167 103.76986027614684 331.06092934657966
1.4196013845042859 103.76985767239594 331.06092934657966
1.4196056945028144 103.76985530155399 331.06092934657966
1.4196129795234842 103.76985129421321 331.06092934657966
1.4196196445086098 103.76984762794126 331.0609293465803
1.419623661903381 103.76984541805457 331.0609293465791
1.419630324984056 103.76984175283015 331.06092934657966
1.419636899203931 103.76983813648619 331.0609293465791
1.4196447091547137 103.76983384039185 331.06092934657966
1.4196521640228494 103.76982973962116 331.0609293465803
1.4196576200467224 103.76982673837385 331.06092934657966
1.419661664781694 103.7698245134477 331.06092934657966
1.4196679695916234 103.76982104530043 331.0609293465803
1.4196738664580926 103.76981780155451 331.06092934657966
1.4196789371119867 103.76981501229123 331.0609293465797
1.4196834754429921 103.76981251584789 331.06092934657966
1.4196887617430738 103.76980960796199 331.0609293465803
1.4196968506030734 103.76980618420514 332.20313674496896
1.4197050428508857 103.7698040197386 334.8271839432204
1.4197131508077787 103.76980187754245 337.43786529728663
1.419717656475945 103.7698006871038 338.89053079097766
1.419725960990395 103.76979849297527 341.56394795459596
1.4197315054206308 103.76979702808617 343.3411769728375
1.4197382025788186 103.7697952586358 345.139710089915
1.4197440325524626 103.76979371830346 345.139710089915
1.4197494962408892 103.76979227474703 345.139710089915
1.4197573842776097 103.76979019065556 345.139710089915
1.4197618240531413 103.76978901762622 345.1397100899147
1.419770055436717 103.76978684281933 345.139710089915
1.4197750148977297 103.76978553248428 345.139710089915
1.4197812032364012 103.7697838974685 345.139710089915
1.4197882656977432 103.76978203150145 345.139710089915
1.419794535264227 103.76978037502448 345.139710089915
1.4198027482568512 103.76977820507646 345.139710089915
1.4198107259352744 103.76977609730058 345.139710089915
1.419815329461767 103.76977488100658 345.139710089915
1.4198239939124289 103.76977259177909 345.139710089915
1.4198297351356446 103.76977107489512 345.139710089915
1.419836359904663 103.76976932457022 345.139710089915
1.4198444462475865 103.76976718808399 345.139710089915
1.419849730449186 103.76976579194925 345.1397100899147
1.4198541750090996 103.7697646176556 345.139710089915
1.4198608707187412 103.7697628485874 345.139710089915
1.4198666202441312 103.7697613295098 345.139710089915
1.4198734733029041 103.76976060354579 346.47562087433494
1.419880221527014 103.76976103025582 349.22258398533324
1.4198859838576636 103.76976139462491 351.5877744691502
1.419894896578242 103.76976195820238 355.26215046073577
1.4199036806347332 103.769762513644 358.87675434435556
1.4199112824973457 103.76976299433204 1.9774185323668003
1.4199164031211782 103.76976331812406 3.6718409746206397
1.4199211520929909 103.76976361841544 3.6718409746206397
1.4199259068688093 103.76976391907381 3.671840974620563
1.4199337283820672 103.76976441365093 3.671840974620233
1.4199404801094704 103.76976484058234 3.671840974620233
1.4199480103165756 103.76976531673931 3.6718409746203218
1.4199534276711578 103.76976565929444 3.671840974620563
1.41996003735798 103.76976607724417 3.671840974620563
1.4199664124376004 103.769766480359 3.6718409746206397
1.4199724092614256 103.76976685955562 3.671840974620563
1.4199782315278333 103.76976722771444 3.671840974620563
1.419986473452641 103.76976774887527 3.6718409746203218
1.4199911777729641 103.76976804634309 3.6718409746203218
1.4199995003738595 103.76976857260527 3.6718409746206397
1.4200043728487675 103.769768880706 3.6718409746203218
1.420011942085902 103.76976935933077 3.6718409746206397
1.4200192763194155 103.76976982309557 3.671840974620563
1.420025266069819 103.7697702018448 3.671840974620563
1.4200302396315185 103.76977051633749 3.6718409746203218
1.4200360685798292 103.76977088491871 3.671840974620233
1.4200422850902665 103.7697712780066 3.671840974620233
1.420047143414161 103.76977158521244 3.671840974620233
1.4200559494656846 103.76977214204446 3.671840974620563
1.4200615126221494 103.76977249381885 3.671840974620233
1.4200700124837011 103.76977409062476 5.018162592082432
1.4200770704680208 103.76977644089237 7.454034241017973
1.4200837041063026 103.76977864985524 9.755755431607911
1.4200886531516388 103.76978029785846 11.476234324766063
1.4200934955832394 103.76978191035991 13.159041665623922
1.4201007035431397 103.76978431056853 15.656517422305425
1.4201078136435563 103.76978667819046 18.10331005144073
1.4201148753130728 103.7697890296852 18.558246949704955
1.420122286004997 103.76979149740234 18.558246949704955
1.4201295647077223 103.76979392116786 18.558246949704955
1.4201365829991626 103.76979625821791 18.558246949704955
1.420142808119509 103.76979833114663 18.558246949704547
1.4201479657492593 103.76980004860721 18.558246949704955
1.4201523772714946 103.76980151761835 18.558246949704852
1.4201584679793644 103.76980354578849 18.558246949704955
1.4201632164807976 103.76980512701174 18.558246949704955
1.420169556857436 103.7698072383201 18.558246949704955
1.4201781629264458 103.76981010409081 18.558246949705257
1.4201857192151783 103.76981262029078 18.558246949704955
1.4201922108880123 103.76981478197989 18.558246949704955
1.4202006054905667 103.76981757733347 18.558246949704955
1.4202064786263593 103.76981953305335 18.558246949704955
1.4202116281080486 103.76982124780065 18.558246949704955
1.420218174335877 103.76982342765623 18.558246949704955
1.4202246972781654 103.76982559975785 18.558246949705158
1.4202306289640199 103.76982771382252 18.725460566734267
1.420236551577648 103.76983085027194 20.130380049253695
1.4202437587035848 103.76983466696294 21.845033897752774
1.4202491708550222 103.76983753308595 23.134554237914717
1.4202545407080815 103.76984037680894 24.41418805686121
1.42026121674666 103.76984391225102 26.00342450475899
1.4202679000508385 103.76984745154076 27.590266637198315
1.4202751694060591 103.76985130118663 28.086991461773074
1.4202813720814162 103.76985458594888 28.086991461773646
1.4202867743579126 103.76985744684241 28.086991461773646
1.4202945006417704 103.76986153846482 28.086991461773035
1.4202988956729727 103.76986386594962 28.086991461773074
1.4203047979461054 103.76986699162731 28.086991461773074
1.4203096294198028 103.76986955023978 28.086991461772502
1.420314052559262 103.76987189260991 28.086991461773074
1.420318433705823 103.7698742127418 28.086991461773074
1.4203225170025224 103.76987637514077 28.086991461772467
1.4203290644008928 103.76987984245865 28.086991461773074
1.420333616811133 103.76988225328695 28.086991461773074
1.4203377173058802 103.76988442479353 28.086991461773074
1.4203426898722304 103.76988705812471 28.086991461773074
1.4203498896668973 103.7698908709333 28.086991461773646
1.4203543228638214 103.76989321862959 28.086991461772502
1.420362112243818 103.76989734366596 28.086991461773074
1.4203667038182823 103.76989977523456 28.086991461773035
1.420373768898787 103.76990351670231 28.086991461773074
1.4203797226200467 103.7699066696255 28.086991461773646
1.4203848269267996 103.76990937272268 28.086991461772467
1.4203905409320827 103.76991239869903 28.086991461773646
1.4203959498996344 103.76991526313603 28.086991461773074
1.4204009270547604 103.76991789889729 28.086991461773074
1.4204078719325297 103.76992157670907 28.086991461773074
1.4204155951122883 103.76992576221966 28.194075170251452
1.4204202796488592 103.7699305492233 30.796226439145517
1.4204249094125059 103.76993528025598 33.39330544455923
1.4204287128351138 103.76993916687265 35.538358870513626
1.4204329316662678 103.76994347798433 37.9221078790214
1.4204369108722852 103.76994754422944 40.1675595778785
1.4204401915360287 103.76995089665272 42.01174250522615
1.4204452670211574 103.76995608315642 44.84299913621159
1.4204498625417639 103.7699607791971 45.833767455136496
1.42045394626319 103.76996495224377 45.833767455136496
1.4204596764563293 103.76997080777625 45.833767455136496
1.4204653464696924 103.76997660181264 45.83376745513695
1.4204706588932565 103.7699820304375 45.83376745513742
1.4204760693657752 103.76998755925604 45.833767455136496
1.4204796273155669 103.76999119503066 45.83376745513556
1.4204844741435658 103.7699961478758 45.83376745513742
1.4204888903947401 103.77000066072591 45.83376745513604
1.4204940973067883 103.77000598153141 45.83376745513695
1.420499095163668 103.77001108870901 45.833767455136496
1.4205035617447113 103.77001565298993 45.83376745513601
1.4205067674746286 103.77001892884044 45.83376745513601
1.4205113415363795 103.77002360295305 45.833767455136496
1.4205157791295304 103.77002813761202 45.833767455136496
1.4205219415025745 103.77003443477791 45.83376745513601
1.4205276986078226 103.77004031781141 45.83376745513604
1.4205328250543725 103.7700455563915 45.833767455136496
1.4205385374635717 103.7700513937513 45.83376745513695
1.4205439465095002 103.77005692111223 45.83376745513695
1.420549525725173 103.77006262236516 45.833767455136496
1.4205530777145692 103.77006625204916 45.833767455136496
1.4205586404696235 103.77007193648144 45.83376745513556
1.4205645345228828 103.77007795945859 45.833767455136496
1.4205704848240623 103.77008403991404 45.833767455136496
1.420575690709682 103.77008935967095 45.833767455136496
1.4205808596942753 103.77009464171965 45.83376745513556
1.4205861332923684 103.77010003067016 45.833767455136496
1.420590883824249 103.77010404760519 45.091865032565465
1.4205951097597338 103.77010745674337 44.28543513121026
1.420600598022425 103.77011188422365 43.23708876671505
1.4206041285781295 103.77011473238647 42.56237970615658
