535359948#0
1.2674324521100013 103.82622288900038 146.30817396076486
1.2674276295170053 103.82622608336591 146.335614130531
1.2674214630138787 103.826230167904 146.335614130531
1.2674173817815952 103.82623287005187 146.33687936085667
1.2674133954530855 103.82623550859877 146.338951605711
1.2674061617966987 103.8262402965487 146.34271193486737
1.2673990626150589 103.8262449954899 146.34640235894935
1.2673950156676008 103.82624767416033 146.3485061158384
1.267390361482658 103.8262507547606 146.35092553780134
1.2673841814703561 103.82625484530442 146.35413814268668
1.2673792651327618 103.8262580994232 146.3546249606756
1.2673751464219916 103.82626082559361 146.35462496067655
1.267368706108983 103.82626508843009 146.35462496067598
1.267361747602356 103.82626969425831 146.35462496067598
1.2673548782932416 103.82627424104678 146.3546249606756
1.2673481882561277 103.8262786691752 146.35462496067598
1.267341425034153 103.82628314574458 146.35462496067598
1.2673366217691662 103.82628632502049 146.35462496067598
1.2673314521441528 103.82628974678968 146.35462496067598
1.2673255696267849 103.82629364042151 146.3546249606756
1.2673218678536444 103.82629609062111 146.3546249606756
1.2673172465771168 103.82629914943894 146.35462496067598
1.2673109974255516 103.82630352469505 146.09360191975648
1.267307197606737 103.82630655758983 145.52765803963956
1.2673025392786699 103.8263102757194 144.8333995429485
1.2672974514888284 103.82631433663168 144.07479674085684
1.2672933080854991 103.82631764376461 143.45692161720652
1.2672884980749526 103.82632148296224 142.73975059985014
1.2672833939767008 103.82632555689128 141.97910005707317
1.267276723891174 103.82633088074157 141.2493662798268
