468226853
1.2645428668472194 103.82383538212359 8.12764404637381
1.264551782557782 103.82383664309941 8.12764404637381
1.2645605201246035 103.82383787887981 8.1276440463739
1.2645691990966048 103.82383910637294 8.127644046373822
1.2645780996791216 103.82384036520911 8.1276440463739
1.2645858192199606 103.82384145700698 8.12764404637381
1.2645911106724326 103.82384220539299 8.1276440463739
1.2645968508099503 103.82384301723786 8.1276440463739
1.264602310887567 103.82384378947305 8.12764404637381
1.2646099593766902 103.82384487122181 8.1276440463739
1.2646183279384446 103.82384605481258 8.127644046373822
1.2646246336539209 103.8238469466488 8.127644046373822
1.264632049710498 103.82384799552389 8.12764404637381
1.264636971278986 103.82384869159604 8.127644046373822
1.2646422857996367 103.82384944324461 8.12764404637381
1.264650237308438 103.82385056785026 8.12764404637381
1.2646563593265274 103.82385143370558 8.1276440463739
1.2646645622645125 103.82385259387158 8.12764404637381
1.2646722898078393 103.8238536868011 8.1276440463739
1.2646798131666384 103.82385475085218 8.127644046373822
1.2646855503909038 103.8238555622849 8.127644046373822
1.2646940425254105 103.82385676335278 8.1276440463739
1.2647014469443685 103.8238578105818 8.1276440463739
1.2647101769007743 103.82385904528547 8.1276440463739
1.2647175812867029 103.8238600925098 8.127644046373822
1.2647225851785289 103.82386080022509 8.127644046373822
1.2647307727293715 103.82386195821472 8.1276440463739
1.2647368250698647 103.82386281421519 8.1276440463739
1.264744678458648 103.82386392494327 8.12764404637381
1.2647528226163078 103.82386507679563 8.1276440463739
1.2647582603061156 103.82386584586418 8.127644046373888
1.2647659140207022 103.8238669283517 8.127644046373822
1.2647742927158299 103.82386811337534 8.127644046373822
1.2647794113263553 103.82386883731557 8.12764404637381
1.2647845188446525 103.82386955968697 8.127644046373822
1.2647933663292648 103.82387081101285 8.127644046373822
1.2648016940669 103.82387198882937 8.127644046373822
1.2648091515646558 103.82387304356526 8.127644046373822
1.2648146497813981 103.82387382119427 8.127644046373913
1.2648219668005711 103.82387485606183 8.1276440463739
1.2648305991011133 103.82387607695352 8.127644046373822
1.264837492237048 103.82387705187001 8.127644046373888
1.2648460410581095 103.82387826095491 8.1276440463739
1.264852834622023 103.82387922178862 8.1276440463739
1.2648591867259489 103.82388012018534 8.1276440463739
1.2648669915257411 103.82388122404109 8.127644046373888
1.2648719058768876 103.82388191909217 8.127644046373822
1.264879860094414 103.82388304408047 8.127644046373822
1.264888397126587 103.82388425149794 8.12764404637381
1.2648966533171409 103.82388541919514 8.127644046373888
1.2649020928397214 103.82388618852275 8.127644046373822
1.264910579252196 103.82388738878088 8.12764404637381
1.2649167869876874 103.82388826675904 8.127644046373888
1.2649247528999221 103.82388939340127 8.127644046373822
1.2649329224028572 103.82389054883791 8.12764404637381
1.2649396250988434 103.82389149681974 8.1276440463739
1.2649445471766945 103.82389219296357 8.127644046373888
1.264950563543024 103.82389304387578 8.127644046373822
1.2649573820886808 103.82389400824255 8.1276440463739
1.2649647384482479 103.82389504867389 8.127644046373888
1.2649697768957893 103.82389576127618 8.127644046373822
1.2649754932670452 103.82389656975919 8.127644046373888
1.2649825851529903 103.82389757278523 8.127644046373822
1.2649871820506373 103.8238982229378 8.1276440463739
1.2649917281899528 103.82389886591149 8.1276440463739
1.264997460299517 103.82389967662037 8.1276440463739
1.2650040366519817 103.82390060673298 8.12764404637381
1.265011686217224 103.82390168863316 8.12764404637381
1.2650183680679323 103.82390263366666 8.127644046373888
1.265024010115948 103.82390343163785 8.12764404637381
1.26503026913848 103.82390431686952 8.127644046373888
1.2650377996853328 103.82390538193653 8.1276440463739
1.265042869105453 103.82390609891927 8.127644046373822
1.2650497827389557 103.82390707673443 8.127644046373888
1.265056461954856 103.82390802139521 8.12764404637381
1.265062997176637 103.82390894569048 8.12764404637381
1.265070613528127 103.82391002289305 8.127644046373835
1.2650788592656497 103.82391118911144 8.12764404637381
1.2650846929191495 103.82391201418187 8.12764404637381
1.2650913934256942 103.8239133010191 8.55473657193574
1.2651001324374902 103.82391528066385 9.491879748107307
1.26510607463918 103.82391662674839 10.129440559826254
1.2651141039090035 103.82391844561556 10.991046560304596
1.2651201446280012 103.82391981401716 11.639139336222613
1.2651254878248348 103.82392102440933 12.21215897726451
1.2651304423808982 103.82392214676285 12.74319598243535
1.2651368449439486 103.82392359713282 12.869849988010282
1.26514389277426 103.82392519367487 12.869849988010396
1.2651489717646063 103.82392634421642 12.869849988010321
1.2651551113987 103.82392773502517 12.869849988010357
1.2651621478504766 103.82392932898964 12.869849988010357
1.2651701593753397 103.8239313274749 13.097609469633042
1.2651765560865493 103.8239342592674 14.942663609590666
1.2651837874408063 103.82393757360026 17.03802294027033
1.2651908772070888 103.82394082303941 19.097054668952033
1.2651957102426474 103.8239430381554 20.500607722564244
1.2652009197173124 103.82394542580404 22.0111907059892
1.2652061110233093 103.82394780512546 23.512117627489776
1.265213339462613 103.82395111812232 24.789989163742977
1.265221255337527 103.82395474619024 24.789989163743115
1.2652289185110916 103.82395825843803 24.78998916374304
1.2652354142909072 103.82396123563646 24.789989163743115
1.2652391061774746 103.82396404887365 26.08785427467407
1.2652430233408205 103.82396716215318 27.620901799893154
1.2652475221257842 103.82397073769343 29.38875289497606
1.2652523996585536 103.82397461425452 31.31039567877983
1.2652572793402301 103.82397849252352 33.233844506813895
1.2652630068448045 103.82398304462446 35.48686985395189
1.2652681301941993 103.82398711655547 37.4926554867593
1.2652734836898798 103.82399137140195 38.68360712271647
1.2652785155384432 103.82399537061004 38.683607122716595
1.2652855100460256 103.8240009296985 38.68360712271647
1.2652901695942464 103.82400575258612 39.799091285516255
1.2652930447035036 103.82401055204748 42.32879898588543
1.2652957105597682 103.82401500219979 44.698084315324664
1.2652986830659505 103.82401996424727 47.35691333001934
1.2653025922126127 103.82402648984223 50.862330836982466
1.265305568338325 103.82403145793187 53.523039779864625
1.2653093833506612 103.82403782638708 56.90370095383666
1.2653122351006134 103.82404258685449 59.265492931222624
1.265314587877877 103.8240465143796 59.26549293122271
1.26531803437158 103.8240522676614 59.265492931222624
1.2653221102820642 103.82405907163776 59.265492931222624
1.2653263576503766 103.82406616183118 59.26549293122254
1.2653301071576828 103.82407242093805 59.26549293122254
1.2653331652467763 103.82407752585047 59.26549293122254
1.265337026573732 103.82408397161954 59.26549293122277
1.2653396640341976 103.82408837437056 59.265492931222624
1.2653435195939595 103.82409481051239 59.26549293122271
1.2653461802643826 103.82409925200815 59.265492931222624
1.2653488906533983 103.8241037764999 59.265492931222624
1.2653528206193498 103.82411033684915 59.26549293122271
1.2653562032050576 103.82411598344862 59.26549293122254
1.2653597905110034 103.82412197179058 59.265492931222624
1.2653640154437134 103.8241290245322 59.265492931222624
1.265367798983256 103.82413534044981 59.26549293122254
1.2653706455539502 103.82414009227172 59.265492931222624
1.265374152025383 103.82414594567554 59.26549293122269
1.2653785624145655 103.82415330800247 59.265492931222624
1.2653813870456958 103.8241580232004 59.265492931222624
1.2653856322958892 103.82416510985844 59.265492931222624
1.2653896548704644 103.82417182480086 59.265492931222624
1.2653924251013364 103.82417644918769 59.265492931222624
1.2653964761900682 103.82418321172925 59.26549293122254
1.2653989923196498 103.82418741194111 59.265492931222624
1.2654017358301501 103.82419199172327 59.26549293122254
1.2654053304610162 103.82419799229312 59.265492931222624
1.2654098547372052 103.82420554473353 59.26549293122248
1.2654124573427186 103.82420988930097 59.26549293122271
1.265416795890568 103.82421713170241 59.26549293122269
1.2654195078911856 103.82422165888475 59.26549293122254
1.265423208139714 103.82422783576382 59.265492931222624
1.2654271315046302 103.82423438509437 59.265492931222624
1.2654301795183651 103.82423947318837 59.265492931222624
1.2654341845199464 103.82424615879624 59.265492931222624
1.2654374309565566 103.82425157812052 59.26549293122254
1.265440163239524 103.82425613916057 59.26549293122269
1.2654446781631878 103.82426367598895 59.26549293122254
1.265448582043298 103.82427019279338 59.265492931222624
1.2654510455238481 103.82427430511767 59.26549293122254
1.2654534942901545 103.82427839287926 59.265492931222624
1.265457640006147 103.82428531338392 59.26549293122277
1.2654601193031552 103.8242894521109 59.26549293122248
1.2654636497068914 103.82429534546583 59.26549293122271
1.265468078395423 103.8243027383408 59.265492931222624
1.2654719064848277 103.82430912862684 59.265492931222624
1.2654759573106162 103.82431589073003 59.26549293122271
1.265479660645303 103.82432265796278 59.64614378946495
1.2654837643996584 103.82433051156929 60.2988977308682
1.265486552897432 103.82433584808858 60.74254696306243
1.265489454759015 103.82434140155918 61.204255121652594
1.265493600707892 103.82434933591605 61.863829760330496
1.265496769985232 103.82435540115665 62.36786867717117
1.2655002105959567 103.82436198566465 62.589367211042685
1.2655042511888408 103.82436971839537 62.58936721104282
1.2655078447964265 103.82437659570294 62.58936721104282
1.2655112651581146 103.82438314145921 62.589367211042685
1.2655149882307668 103.82439026653208 62.58936721104282
1.265518349300171 103.82439669881711 62.589367211042685
1.2655224614983513 103.82440456858346 62.58936721104282
1.2655253437931355 103.82441008460816 62.58936721104282
1.2655278296777452 103.82441484199833 62.589367211042685
1.2655299206963486 103.82441884370918 62.589367211042685
1.26553257099813 103.82442391575466 62.58936721104282
1.2655361291461888 103.8244307252014 62.58936721104282
1.2655395375614586 103.82443724809531 62.589367211042685
1.2655417581366146 103.82444149774656 62.58936721104282
1.2655441513990837 103.82444607788015 62.58936721104282
1.2655478713690254 103.82445319701547 62.58936721104282
1.2655519222859597 103.82446094950447 62.589367211042685
1.2655548362433755 103.82446639429808 62.51212759452933
1.2655594697064376 103.82447410120352 61.83197841477132
1.2655627479356508 103.82447955392912 61.35059185211599
1.265566516803279 103.82448582274063 60.797080680715446
1.2655691248232912 103.82449016069769 60.41405936904814
1.2655732898338528 103.82449708841948 59.80247480048084
1.265576606057252 103.82450260434142 59.31569410567388
1.265580340210677 103.82450881541237 59.174734377977934
1.265583409159938 103.82451392003973 59.17473437797787
1.265586641961875 103.82451929720564 59.17473437797776
1.2655903606231116 103.82452548250828 59.174734377977984
1.2655948167583493 103.82453289446207 59.17473437797785
1.2655974857587124 103.82453733384877 59.17473437797801
1.2655998839785925 103.82454132284238 59.174734377977934
1.2656027213629948 103.82454536300145 58.73163532695299
1.2656058344773862 103.82454963567523 58.14066917299889
1.265610524238779 103.82455607225867 57.24984700928391
1.2656139122090513 103.8245607221655 56.606095257836145
1.2656180549190752 103.8245664079343 55.81896599636098
1.265622214398224 103.82457211671833 55.0289663181134
1.26562547734962 103.82457659503982 54.409658003155506
1.2656286349674686 103.82458092879358 54.124746031665886
1.2656320277552915 103.82458558531243 54.12474603166569
1.2656370285698106 103.82459244880887 54.124746031666014
1.265639939761263 103.82459644434844 54.12474603166569
1.2656447508377313 103.82460304743407 54.124746031665886
1.265648031840867 103.82460755053121 54.124746031666014
1.2656530967763369 103.82461450203218 54.124746031666014
1.2656567419785738 103.82461950498379 54.12474603166562
1.2656597474897702 103.82462362997495 54.124746031665886
1.2656632035816486 103.82462837337721 54.124746031665886
1.265667903026505 103.82463482325127 54.124746031665815
1.2656727618978583 103.82464149193434 54.12474603166582
1.2656772194800343 103.82464760985779 54.12474603166575
1.2656805332476784 103.82465215792352 54.12474603166569
1.2656846072024694 103.82465752516283 53.9575533682249
1.2656881486548661 103.82466079660321 52.76981939082445
1.2656937610500318 103.8246659810908 50.880443506589216
1.265699092082018 103.82467090566728 49.08098135849232
1.2657031124792408 103.82467461953614 47.723009178848535
1.265708165983137 103.8246792877442 46.01755841185226
1.2657143473569128 103.82468499782964 43.93782336538764
1.265718147328021 103.82468850807842 42.94118286703662
1.2657225747312533 103.82469259792184 42.94118286703662
1.2657265287249257 103.82469625045 42.94118286703688
1.2657300972401984 103.82469954688993 42.941182867036865
1.2657365867806964 103.8247055416465 42.941182867036865
1.2657415896139996 103.82471016304731 42.941182867036645
1.2657449398794767 103.82471325787755 42.941182867036865
1.2657490894507755 103.82471709107189 42.941182867036645
1.2657542754761262 103.82472188169763 42.941182867036865
1.2657576655369889 103.8247250132891 42.941182867036865
1.2657617538507047 103.82472878989637 42.941182867036865
1.2657676432161746 103.82473423023728 42.941182867036865
1.2657721107621005 103.82473835716287 42.941182867036865
1.265778044110879 103.8247438381337 42.941182867036865
1.2657845989595153 103.8247498932192 42.941182867036865
1.2657900126305512 103.82475489413424 42.941182867036865
1.2657962545181478 103.82476066011992 42.941182867036865
1.2658010918816895 103.82476512866705 42.94118286703662
1.2658053657327426 103.82476907666573 42.941182867036865
1.2658099193561998 103.82477328310605 42.941182867036645
1.265814468653049 103.82477748554969 42.94118286703641
1.2658204386046001 103.82478300033266 42.94118286703662
1.2658263360398936 103.82478844812826 42.94118286703662
1.2658321012210982 103.82479377375326 42.94118286703662
1.2658385601313593 103.82479974021517 42.94118286703662
1.2658438030602592 103.8248045834061 42.94118286703711
1.265849157765214 103.82480952985095 42.941182867036865
1.2658556657647249 103.82481554165945 42.94118286703662
1.2658593003737535 103.82481889915407 42.941182867036865
1.265865290361315 103.82482443244554 42.941182867036865
1.2658693259795164 103.82482816037512 42.941182867036865
1.2658728315185321 103.82483139864047 42.941182867036865
1.2658769598534334 103.82483521221774 42.94118286703688
1.2658829435561987 103.8248407397036 42.94118286703662
1.2658882946296992 103.82484568279395 42.941182867036865
1.2658921045211233 103.82484920220693 42.941182867036645
1.265896589247066 103.82485334500285 42.94118286703662
1.2659029453794683 103.82485921652317 42.941182867036865
1.265907937017699 103.82486382758279 42.941182867036865
1.2659134264516725 103.82486889848458 42.94118286703688
1.2659178981315982 103.82487302922921 42.94118286703662
1.2659242052303268 103.82487885545439 42.941182867036865
1.265928225771834 103.82488256945685 42.94118286703662
1.2659318704165907 103.82488593622215 42.941182867036645
1.2659365398770175 103.82489024966787 42.941182867036865
1.2659424132102246 103.82489567519927 42.94118286703662
1.2659476468522322 103.82490050981157 42.94118286703662
1.26595139493282 103.82490397212645 42.94118286703662
1.2659553773615344 103.82490765092199 42.94118286703662
1.2659617048230323 103.8249134959575 42.941182867036865
1.2659676287795285 103.82491896825255 42.94118286703662
1.265973685569964 103.82492456325384 42.941182867036645
1.2659775287065977 103.82492811337744 42.94118286703662
1.265982115797501 103.82493235073383 42.941182867036645
1.2659870370725315 103.8249368967951 42.94118286703662
1.2659936413628023 103.82494299755315 42.941182867036645
1.2659986722230905 103.82494764484456 42.941182867036865
1.2660025142754263 103.82495119396654 42.94118286703662
1.266006749113047 103.82495510592662 42.94118286703662
1.2660131424080376 103.82496101177638 42.941182867036865
1.2660179795145332 103.82496548008643 42.941182867036645
1.2660224181355724 103.82496958029284 42.941182867036865
1.2660260422333958 103.8249729280779 42.94118286703662
1.2660294297894978 103.82497605735594 42.941182867036865
1.2660353337356662 103.82498151116644 42.941182867036865
1.2660392408200316 103.82498512036227 42.94118286703662
1.2660456617041984 103.8249910516978 42.941182867036865
1.26604973787075 103.82499481708443 42.941182867036645
1.2660543227496133 103.82499905239756 42.941182867036865
1.266059440208294 103.82500377968493 42.94118286703662
1.2660654406980456 103.82500932267831 42.941182867036865
1.2660703813157224 103.82501388660762 42.94118286703662
1.266074762720188 103.82501793395991 42.941182867036865
1.2660783689819446 103.82502126526886 42.94118286703662
1.2660831696464578 103.8250256999155 42.941182867036865
1.2660876643000378 103.82502985188245 42.941182867036645
1.2660922338166354 103.82503407300464 42.94118286703662
1.2660961290731543 103.82503767127449 42.941182867036645
1.2661001400485978 103.82504137644048 42.94118286703688
1.2661044087757203 103.82504531970635 42.941182867036865
1.266110569261193 103.82505101049696 42.941182867036865
1.2661165333896525 103.82505651990145 42.94118286703662
1.2661213620149285 103.8250609803771 42.941182867036865
1.2661277003042777 103.82506683541531 42.941182867036865
1.2661322895693399 103.82507107478034 42.94118286703662
1.2661370520727433 103.82507547417548 42.941182867036865
1.2661421668271833 103.82508019896495 42.94118286703662
1.2661477248056692 103.82508533318568 42.941182867036645
1.2661531404208053 103.8250903358973 42.94118286703662
1.2661584612276884 103.82509525102915 42.941182867036865
1.2661630631417196 103.82509950207883 42.941182867036865
1.2661686384418003 103.82510465230054 42.941182867036865
1.2661744083097382 103.82510998225564 42.941182867036645
1.2661807849375688 103.8251158727094 42.941182867036865
1.2661842551461227 103.82511907833837 42.94118286703662
1.2661902382572272 103.82512460527838 42.941182867036645
1.266195626764495 103.825129582949 42.94118286703662
1.2662019565645892 103.82513543014534 42.941182867036645
1.2662077131057936 103.82514074778987 42.94118286703662
1.2662118218520546 103.82514454327249 42.941182867036865
1.266218109011204 103.82515035107902 42.941182867036645
1.2662229860470768 103.82515485627448 42.94118286703662
1.2662277028664801 103.82515921346888 42.941182867036865
1.2662325633308242 103.82516370335627 42.941182867036844
1.266236022315846 103.82516689861751 42.941182867036865
1.266241335956976 103.8251718071301 42.94118286703662
1.2662467143867517 103.82517677549168 42.941182867036645
1.2662512057167457 103.82518092438872 42.94118286703688
1.266255767628318 103.82518513848599 42.941182867036865
1.2662603406585422 103.82518936285419 42.94118286703662
1.2662667472846727 103.82519528101925 42.941182867036865
1.266271371650069 103.8251995528087 42.94118286703662
1.266277053688754 103.82520480163114 42.94118286703662
1.2662819607904632 103.82520933460023 42.94118286703662
1.2662872169824813 103.82521419004391 42.94118286703662
1.2662927898792609 103.8252193380458 42.941182867036865
1.2662982652890642 103.82522439599343 42.941182867036865
1.2663026517070208 103.82522844797735 42.94118286703662
1.2663090416832548 103.82523435076205 42.941182867036844
1.266312918520331 103.8252379320171 42.94118286703642
1.2663195324360252 103.82524404166749 42.94118286703662
1.266324077542493 103.82524824024104 42.941182867036865
1.2663303006962539 103.8252539889224 42.941182867036645
1.266336116192415 103.82525936102724 42.941182867036865
1.2663414256207066 103.82526426564839 42.941182867036865
1.2663461687816995 103.8252686471762 42.941182867036844
1.2663504845236166 103.82527263387269 42.941182867036865
1.2663552402253047 103.82527702698508 42.94118286703689
1.2663617494652906 103.82528303994064 42.941182867036865
1.2663668427434749 103.82528774489168 42.941182867036865
1.2663713103626872 103.82529187188591 42.941182867036645
1.2663769235530553 103.82529705710945 42.941182867036865
1.2663806221473346 103.82530047371161 42.941182867036865
1.2663859711108736 103.82530541485379 42.94118286703662
1.2663900029319735 103.82530913927653 42.94118286703662
1.2663962693316395 103.82531492790672 42.941182867036844
1.2664001934800901 103.82531855286612 42.94118286703662
1.2664045925591416 103.82532261654596 42.94118286703708
1.2664107021065691 103.82532826028284 42.941182867036865
1.2664143140028563 103.82533159679716 42.941182867036865
1.2664206423922757 103.82533744269088 42.941182867036865
1.2664271657132598 103.825343468654 42.941182867036865
1.2664306746575524 103.82534671006572 42.941182867036865
1.26643483441195 103.8253505526678 42.941182867036865
1.26644105636202 103.82535630023747 42.941182867036865
1.2664466216702852 103.82536144122975 42.941182867036865
1.2664516028963007 103.82536604267196 42.94118286703639
1.2664577778324768 103.82537174681227 42.941182867036865
1.2664619577200817 103.82537560801256 42.94118286703639
1.2664661013531016 103.82537943572245 42.941182867036865
1.2664700596225904 103.82538309220148 42.941182867036865
1.2664747249592962 103.8253874018388 42.94118286703641
1.26647851699928 103.82539090476217 42.94118286703662
1.2664849523119337 103.82539684942714 42.94118286703711
1.2664911514227404 103.825402575899 42.941182867036844
1.2664962993247646 103.82540733130942 42.941182867036865
1.2665017414273236 103.82541235848967 42.941182867036865
1.2665063491918633 103.82541661494434 42.941182867036844
1.2665097218273562 103.82541973043993 42.941182867036844
1.2665145737682901 103.82542421245428 42.941182867036865
1.266520204701381 103.82542941406805 42.941182867036844
1.2665262867354246 103.82543503238955 42.94118286703662
1.2665305557305624 103.82543897590364 42.94118286703665
1.2665364258978669 103.82544439851176 42.941182867036865
1.2665425816981373 103.82545008497533 42.941182867036844
1.2665477140014585 103.82545482597644 42.94118286703688
1.2665542388447306 103.8254608533461 42.941182867036865
1.2665587968103735 103.82546506379877 42.941182867036865
1.2665633997411425 103.82546931578833 42.941182867036865
1.2665684446268193 103.8254739760368 42.94118286703711
1.266573951153666 103.82547906272957 42.941182867036865
1.2665788028821219 103.82548354454775 42.941182867036865
1.2665833218706046 103.82548771899503 42.941182867036844
1.2665880920934243 103.82549212552183 42.94118286703639
1.2665938362336195 103.82549743171164 42.941182867036865
1.2665979554860063 103.82550123689992 42.94118286703689
1.2666033698769184 103.82550623848154 42.941182867036844
1.2666078470563702 103.82551037430748 42.94118286703662
1.2666119041279176 103.82551412205581 42.941182867036865
1.2666167750635564 103.82551862161682 42.941182867036865
1.2666201136480015 103.82552170565766 42.941182867036865
1.266623525517982 103.82552485739653 42.94118286703712
1.2666289131771584 103.82552983428457 42.941182867036645
1.2666322547062352 103.82553292104554 42.941182867036865
1.266636629127431 103.82553696194786 42.941182867036865
1.2666419107966438 103.82554184092695 42.941182867036645
1.2666474756824502 103.82554698152934 42.941182867036865
1.266650980308441 103.82555021895227 42.94118286703642
1.2666550771189262 103.82555400340979 42.94118286703662
1.266659889847809 103.82555844920198 42.94118286703662
1.2666632126775406 103.82556151868933 42.941182867036645
1.2666674780505052 103.82556545885764 42.94118286703662
1.266673219885951 103.82557076291859 42.94118286703662
1.2666794728142563 103.82557653910517 42.94118286703708
1.2666852258092305 103.82558185347482 42.941182867036865
1.266688958782137 103.82558530183486 42.941182867036645
1.2666946995987987 103.82559060495473 42.94118286703708
1.266699239175734 103.82559479842095 42.941182867036865
1.266703300158298 103.82559854978224 42.941182867036865
1.2667074684488027 103.82560240027 42.941182867036865
1.266711890989255 103.82560648562297 42.94118286703662
1.2667183194456793 103.82561242395498 42.94118286703662
1.2667238564580272 103.82561753880923 42.94118286703662
1.266729481533989 103.82562273501289 42.941182867036844
1.2667341062792163 103.82562700715395 42.941182867036844
1.2667382190396488 103.82563080634549 42.94118286703662
1.266743781202378 103.82563594443262 42.94118286703665
1.2667498820168168 103.82564158010311 42.94118286703662
1.2667557666660243 103.82564701608943 42.941182867036844
1.2667608180370977 103.8256516823292 42.94118286703662
1.2667654546312368 103.82565596541585 42.941182867036645
1.2667687787351734 103.8256590360804 42.941182867036865
1.266772523465243 103.8256624953013 42.941182867036844
1.2667765471415846 103.82566621220083 42.941182867036645
1.2667807421405028 103.82567008736079 42.94118286703688
1.2667852812163232 103.82567428036423 42.94118286703642
1.2667890625747724 103.82567777342089 42.94118286703689
1.2667925177642427 103.82568096517666 42.941182867036865
1.2667972145688209 103.82568530388318 42.94118286703642
1.2668025754104884 103.82569025599867 42.941182867036865
1.266806563953893 103.82569394044393 42.94118286703661
1.2668112237579554 103.825698244971 42.941182867036865
1.2668148427028414 103.825701587997 42.941182867036865
1.2668209533669572 103.82570723276635 42.94118286703639
1.2668260390050292 103.82571193066062 42.94118286703616
1.2668298865338798 103.82571548484273 42.94118286703639
1.266833747480035 103.82571905141916 42.941182867036865
1.266838987674712 103.8257238920862 42.941182867036865
1.2668432897613915 103.82572786616934 42.941182867036645
1.266847337705394 103.82573160548638 42.941182867037305
1.2668523839806118 103.82573626701898 42.94118286703639
1.2668583735429946 103.82574179991983 42.941182867036865
1.2668620897239107 103.82574523276837 42.941182867037305
1.266868622322279 103.82575126730259 42.94118286703642
1.2668749302940536 103.82575709433641 42.941182867037305
