632486148
1.268686536350132 103.82848160207284 221.55036558681638
1.268680845245543 103.82847659517415 221.55036558681536
1.268674479038503 103.82847099433639 221.55036558681536
1.2686688065861322 103.8284660038475 221.55036558681536
1.2686651674052982 103.82846280218263 221.55036558681536
1.268661530083883 103.82845960215364 221.55036558681536
1.268656196462896 103.8284549097606 221.55036558681638
1.2686504710987778 103.82844987272125 221.55036558681536
1.2686449910433915 103.8284450514987 221.55036558681638
1.2686387578691285 103.82843956770009 221.55036558681638
1.2686346293947386 103.82843593556642 221.55036558681536
1.2686290816625407 103.82843105480346 221.55036558681536
1.268624722066826 103.82842721933474 221.55036558681536
1.268619734356045 103.82842283126531 221.55036558681638
1.268616053474767 103.82841959291345 221.55036558681638
1.2686119469580406 103.82841598009762 221.55036558681638
1.2686064257034895 103.82841112262912 221.55036558681536
1.2686026119276053 103.82840776735975 221.55036558681536
1.2685962892033766 103.82840220477728 221.55036558681638
1.2685916659236967 103.82839813732572 221.55036558681638
1.2685853515288477 103.82839258207126 221.55036558681638
1.2685819254394068 103.82838956787923 221.55036558681536
1.2685775240158295 103.82838569561143 221.55036558681638
1.2685735084518965 103.82838216281378 221.55036558681638
1.2685689610024504 103.8283781620759 221.55036558681638
1.2685623187077488 103.82837231834297 221.55036558681638
1.268556322216766 103.82836704277284 221.55036558681638
1.2685502280103338 103.82836168123498 221.55036558681638
1.2685457879294932 103.82835777495747 221.55036558681638
1.26853952235079 103.82835226265038 221.55036558681638
1.2685333844671658 103.8283468626864 221.55036558681638
1.268529155819238 103.82834314242257 221.55036558681638
1.2685253328339388 103.82833977905106 221.55036558681638
1.2685200940742982 103.82833517011498 221.55036558681638
1.2685147244845965 103.82833044607777 221.55036558681638
1.2685111794094068 103.82832732720499 221.55036558681536
1.2685066791978292 103.82832336802595 221.55036558681638
1.2685030755856823 103.82832019765374 221.55036558681536
1.2684984434582565 103.82831612241829 221.55036558681638
1.2684921202520016 103.82831055941195 221.55036558681638
1.2684865108628618 103.82830562440492 221.55036558681638
1.2684805284790464 103.82830036124608 221.55036558681638
1.268475435679476 103.82829588072227 221.55036558681638
1.268469720898687 103.82829085299421 221.55036558681638
1.2684652946813553 103.8282869589136 221.55036558681536
1.268460793506392 103.82828299888706 221.55036558681536
1.2684547752079856 103.82827770413147 221.55036558681638
1.2684500973294548 103.82827358864536 221.55036558681536
1.268446200673493 103.82827016046026 221.55036558681536
1.2684415280538754 103.82826604960081 221.55036558681593
1.2684366370798528 103.82826174663839 221.55036558681536
1.2684326960204684 103.82825827938824 221.55036558681638
1.2684285780692641 103.82825465651288 221.55036558681536
1.2684239348756827 103.8282505715418 221.55036558681638
1.2684193207228291 103.82824651212005 221.55036558681536
1.2684144406115565 103.82824221871446 221.55036558681536
1.2684110455473954 103.8282392318179 221.55036558681638
1.2684076097756012 103.82823620910777 221.55036558681536
1.2684034767986643 103.82823257301315 221.55036558681593
1.268399011024324 103.82822864413133 221.55036558681638
1.2683945761141249 103.82822474240304 221.55036558681536
1.2683881373401704 103.8282190777232 221.5503655868168
1.2683828062277414 103.82821438753757 221.55036558681638
1.2683792118140491 103.8282112252581 221.55036558681638
1.2683748368369043 103.82820737625752 221.55036558681536
1.2683702632459866 103.82820335252129 221.55036558681536
1.2683662756005931 103.82819984428595 221.55036558681536
1.2683602643803604 103.82819455575773 221.55036558681593
1.2683556784836685 103.8281905211952 221.55036558681536
1.268350360242439 103.82818584233338 221.55036558681536
1.2683451217083814 103.82818123359607 221.55036558681638
1.2683396621766307 103.82817643043026 221.55036558681638
1.268333951601439 103.82817140640245 221.55036558681536
1.2683297321327207 103.82816769421451 221.55036558681536
1.268324832224816 103.82816338339244 221.55036558681536
1.2683185335492142 103.82815784196794 221.55036558681536
1.2683132382994342 103.82815318333353 221.55036558681536
1.268306489349563 103.82814724576848 221.55036558681638
1.26830054832108 103.82814201899339 221.55036558681536
1.268296607399958 103.82813855186505 221.55036558681638
1.268292273801443 103.8281347392685 221.55036558681536
1.268285860513988 103.8281290970113 221.55036558681638
1.2682798266914435 103.82812378859825 221.55036558681638
1.2682738894674155 103.82811856517029 221.55036558681638
1.2682680462023719 103.8281134244052 221.55036558681638
1.2682628776670386 103.82810887725124 221.55036558681536
1.2682561606092075 103.82810296774416 221.55036558681536
1.268252375764304 103.82809963792799 221.55036558681638
1.268245713504743 103.82809377663114 221.55036558681493
1.268239533002146 103.82808833917257 221.55036558681536
1.2682341062811742 103.82808356487308 221.55036558681638
1.268229989304689 103.82807994285552 221.55036558681638
1.268225299577118 103.82807581694523 221.55036558681536
1.2682186360641663 103.82806995454574 221.55036558681536
1.2682147277057545 103.82806651606539 221.55036558681536
1.2682100093364155 103.82806236495678 221.55036558681536
1.2682046726908205 103.8280576699035 221.55036558681638
1.2681989362286745 103.82805262310119 221.55036558681536
1.26819246412866 103.82804692910227 221.5503655868168
1.268188292530043 103.82804325902951 221.55036558681638
1.2681836353467177 103.82803916175092 221.55036558681536
1.2681788761391752 103.82803497471389 221.55036558681638
1.2681746071418576 103.82803121895212 221.55036558681536
1.2681681449689481 103.82802553368687 221.55036558681536
1.2681647260481166 103.82802252580208 221.55036558681638
1.2681596659489818 103.82801765180409 221.95291130936434
1.2681534708651796 103.82801147289244 222.64784581418843
1.2681496496369367 103.82800766163945 223.07660779335401
1.268144918434393 103.82800294278763 223.60750980974717
1.2681406374973252 103.82799867302589 224.08784963414715
1.2681358097882545 103.82799385791951 224.62941069158242
1.2681301096207573 103.82798817263223 225.1363718800506
1.2681266960383775 103.827984767961 225.13637188005018
1.2681232216481577 103.82798130264065 225.1363718800497
1.268119178956106 103.82797727050202 225.13637188005018
1.2681146714423521 103.82797277475514 225.13637188005018
1.2681109276487044 103.82796904073464 225.1363718800506
1.2681072051843554 103.8279653279878 225.1363718800511
1.2681028810768982 103.82796101516844 225.1363718800511
1.2680983778779265 103.8279565237251 225.1363718800511
1.268094689923834 103.82795284539843 225.13637188005018
1.2680892009590023 103.82794737076259 225.1363718800506
1.268084373532099 103.82794255593775 225.13637188005018
1.268078161110273 103.82793635973353 225.13637188005018
1.2680749609986994 103.8279331679759 225.1363718800511
1.2680694999238138 103.82792772115725 225.1363718800506
1.2680661084214297 103.82792433850845 225.1363718800506
1.2680607754705966 103.8279190194794 225.1363718800506
1.268055715651002 103.82791397286859 225.1363718800506
1.2680521442063064 103.82791041074725 225.1363718800506
1.2680459987362944 103.82790428132016 225.1363718800506
1.2680422434989427 103.82790053588597 225.1363718800511
1.2680372044166144 103.82789550995834 225.1363718800506
1.2680330315732171 103.82789134800828 225.1363718800506
1.26802912338766 103.82788745002519 225.1363718800506
1.2680246090034026 103.8278829474259 225.1363718800506
1.2680209847522759 103.82787933263603 225.1363718800511
1.268015370005407 103.82787373254669 225.1363718800511
1.2680092870208644 103.82786766544206 225.1363718800506
1.2680044758180669 103.82786286679912 225.1363718800506
1.267999240997288 103.8278576456441 225.1363718800506
1.2679954741267407 103.82785388860717 225.13637188005018
1.2679921914256485 103.82785061447575 225.1363718800511
1.267988743185524 103.82784717523744 225.1363718800506
1.2679825726625502 103.82784102082296 225.1363718800506
1.2679778885766744 103.82783634896518 225.1363718800506
1.2679720495505018 103.82783052518214 225.1363718800511
1.2679674553740559 103.82782594299908 225.1363718800506
1.2679622907660435 103.8278207918736 225.1363718800506
1.2679559652090004 103.82781448282987 225.1363718800511
1.2679505574039664 103.82780908914229 225.1363718800511
1.26794517605234 103.82780372183909 225.13637188005018
1.2679395411501653 103.82779810164725 225.1363718800506
1.2679331702623124 103.82779174739109 225.1363718800506
1.2679278786039907 103.82778646954709 225.1363718800506
1.2679233322515056 103.82778193506323 225.1363718800506
1.2679171380101308 103.82777575699245 225.13637188005018
1.2679125935024245 103.8277712243486 225.1363718800506
1.2679088079809933 103.82776744870961 225.1363718800506
1.2679045164321114 103.8277631683642 225.1363718800511
1.2679004575355695 103.82775912006379 225.1363718800506
1.2678946136464295 103.82775312644164 225.2846190396563
1.2678897868931185 103.82774805791763 225.51319343739252
1.267885113855455 103.82774315080889 225.73449952056902
1.2678792191299337 103.82773696081827 226.01366748839342
1.2678745169859706 103.82773202314533 226.23635192427943
1.2678683755185045 103.82772557405357 226.52718239401085
1.2678625352276547 103.8277194412243 226.61063214076154
1.2678585062895824 103.82771521047795 226.61063214076202
1.2678537016628588 103.82771016518896 226.61063214076202
1.2678497813789091 103.82770604853918 226.61063214076202
1.267843699063947 103.82769966156296 226.61063214076154
1.2678400691560479 103.82769584983411 226.61063214076202
1.2678358567995425 103.82769142648199 226.61063214076202
1.2678309566564696 103.82768628089232 226.61063214076202
1.2678259381766634 103.82768101103846 226.61063214076202
1.267822399181914 103.8276772947766 226.61063214076202
1.2678179377301564 103.82767260985217 226.61063214076202
1.2678127411140347 103.82766715293926 226.61063214076248
1.2678076921608927 103.82766185108572 226.61063214076202
1.2678015403879337 103.82765539117248 226.61063214076154
1.2677979185501433 103.82765158791806 226.61063214076202
1.2677920770391762 103.82764545380779 226.61063214076202
1.2677876104103238 103.827640763447 226.61063214076202
1.267783737206093 103.8276366962353 226.61063214076202
1.267780581841852 103.82763338281994 226.61063214076202
1.2677770942305542 103.82762972051542 226.61063214076154
1.2677733402601394 103.82762577850991 226.61063214076202
1.267767806348486 103.82761996740656 226.61063214076202
1.2677630951220091 103.8276150201964 226.61063214076202
1.2677579917210806 103.82760966116794 226.61063214076202
1.2677523432167497 103.82760372973206 226.61063214076154
1.2677489173005907 103.82760013221298 226.61063214076202
1.2677454466310742 103.82759648769888 226.61063214076154
1.2677401010173694 103.82759087432534 226.61063214076202
1.2677342926072779 103.82758477497413 226.61063214076202
1.2677283561598451 103.82757854117223 226.61063214076202
1.2677248722867385 103.82757488279323 226.61063214076202
1.2677216283335042 103.82757147635158 226.61063214076202
1.2677183469296462 103.82756803058342 226.61063214076202
1.2677125354465728 103.82756192800538 226.61063214076154
1.267707096930384 103.82755621707598 226.61063214076202
1.267703883693368 103.82755284288916 226.61063214076202
1.26770053179542 103.82754932309594 226.61063214076202
1.2676957765735537 103.82754432968686 226.61063214076202
1.267691934848328 103.82754029553111 226.61063214076154
1.2676875096391083 103.82753564866489 226.61063214076154
1.2676824360135062 103.82753032090338 226.61063214076202
1.2676790756689633 103.82752679224049 226.61063214076202
1.2676756031650043 103.82752314580019 226.61063214076202
1.267671536889452 103.82751887584654 226.61063214076202
1.2676677843788051 103.82751493537413 226.61063214076202
1.2676622339236328 103.82750910689892 226.61063214076202
1.267656562050659 103.82750315092412 226.61063214076154
1.2676524531238924 103.8274988361829 226.61063214076202
1.2676486598285093 103.8274948528829 226.61063214076154
1.2676438147757674 103.82748976514347 226.61063214076202
1.26763967712092 103.8274854202352 226.61063214076154
1.2676363578578855 103.82748193471168 226.61063214076202
1.267630647206208 103.82747593801587 226.61063214076154
1.267625924345143 103.82747097858868 226.61063214076202
1.2676212846403225 103.82746610648302 226.61063214076154
1.267617607289269 103.82746224493502 226.61063214076154
1.2676132177697972 103.8274576355464 226.61063214076202
1.2676094379780254 103.82745366642649 226.61063214076154
1.2676059347335435 103.82744998770602 226.61063214076154
1.2676013473997814 103.8274451705947 226.61063214076202
1.2675974270246528 103.8274410538497 226.61063214076154
1.2675918006834226 103.82743514568752 226.61063214076202
1.267587723645127 103.82743086443217 226.61063214076202
1.2675828710884123 103.82742576881306 226.61063214076202
1.2675776591294212 103.82742029578937 226.61063214076202
1.2675722242613905 103.82741458869125 226.61063214076202
1.2675675099987 103.82740963829328 226.61063214076248
1.2675628387716205 103.82740473308657 226.61063214076202
1.2675581149125468 103.82739977261154 226.61063214076202
1.2675530714741379 103.82739447654963 226.61063214076202
1.267549913283732 103.82739116016694 226.61063214076154
1.2675460659314197 103.82738712010253 226.61063214076248
1.2675428632626682 103.82738375701358 226.61063214076154
1.2675371758738376 103.8273777847461 226.61063214076202
1.2675333287308315 103.82737374490151 226.61063214076202
