46705561
1.2668877632589879 103.82690895173691 194.32380151024384
1.2668811577369277 103.82690748630029 193.2357380859443
1.2668750281830319 103.82690612645729 192.61303862129304
1.2668665804062968 103.82690425231598 192.61303862129319
1.2668618861948766 103.82690321090405 192.61303862129304
1.266856323734108 103.8269026493044 191.7551568777677
1.2668489733489927 103.82690191425361 190.61079783661785
1.2668416322879639 103.82690118013524 189.46676003510447
1.2668350813037041 103.82690052502583 188.44563672475374
1.2668274746184263 103.82689976434456 187.26059704561885
1.266821632613669 103.82689918013429 186.35154403800598
1.2668154018910573 103.82689855705155 185.77344327492705
1.266808245845678 103.82689784143497 185.77344327492705
1.2668034553219731 103.82689736237455 185.77344327492705
1.266796181984945 103.82689667639562 185.7196810721032
1.266787783433433 103.82689682956263 184.42753834202182
1.2667797725667347 103.82689697565925 183.19307304157576
1.2667752570146669 103.8268970580108 182.49682280777438
1.2667686886581082 103.82689717779989 181.48404271434805
1.2667612175399696 103.82689731405294 180.33277583764965
1.266753268262774 103.8268974590263 179.1096560440156
1.2667468434113833 103.8268975761982 178.9743539240353
1.2667384490879128 103.82689772928794 178.97435392403466
1.266731486565702 103.8268978562655 178.97435392403466
1.2667259522648144 103.82689795719614 178.9743539240353
1.2667198740119434 103.82689873963993 178.09661827156998
1.2667147971626993 103.82689940781117 177.34345989071966
1.266707032119174 103.82690042977941 176.19051116369025
1.2667022313201137 103.82690106161927 175.4774443764786
1.2666939068913081 103.82690215720893 174.24132125129694
1.2666890093059282 103.82690280178693 173.51463412023057
1.2666822891187468 103.8269036862401 172.5187202048299
1.2666736875645639 103.82690481830254 172.48014915417173
1.2666674005579681 103.82690564574415 172.48014915417104
1.2666619166125672 103.82690636749375 172.48014915417104
1.266654832542531 103.82690729983794 172.48014915417178
