-639718967
1.315197190460833 103.75800309301209 133.94325786471708
1.3151930546453918 103.75800736093038 133.94325786471708
1.3151869692067844 103.75801364074506 133.94325786471708
1.3151820854924703 103.75801868045089 133.9432578647176
1.3151789428774594 103.75802192344466 133.94325786471754
1.3151750915361229 103.75802589780226 133.9432578647176
1.3151718753846187 103.75802921668131 133.9432578647176
1.315168051667236 103.75803316253256 133.9432578647176
1.315164440453209 103.75803688909284 133.9432578647176
1.3151612013872394 103.7580402316182 133.9432578647176
1.3151552112636753 103.75804641307295 133.94325786471754
1.3151496957895372 103.75805210471741 133.94325786471754
1.315146183118865 103.75805572958662 133.9432578647176
1.315140978752033 103.75806110018654 133.94325786471754
1.315135267472673 103.75806699389025 133.9432578647176
1.3151292625165003 103.75807319065106 133.94325786471754
1.3151258263587302 103.75807673656331 133.9432578647176
1.3151212128813812 103.75808149739993 133.94325786471754
1.3151177051316154 103.75808511719084 133.94325786471708
1.315114264906697 103.75808866730007 133.94325786471754
1.3151092734800258 103.75809381815796 133.94325786471754
1.3151030758890008 103.75810021370626 133.94325786471754
1.3150988108300066 103.75810461499547 133.94325786471708
1.31509463782994 103.75810892128526 133.94325786471708
1.3150905280521428 103.75811316233337 133.94325786471708
1.3150855784224655 103.75811827005899 133.9432578647176
1.3150800599412815 103.75812399262475 133.91865382855048
1.315076245303918 103.75812797336916 133.8795052830188
1.3150715602494145 103.75813286243265 133.83142377337646
1.3150660878121077 103.75813857316518 133.7752614757125
1.3150614799320193 103.75814338169364 133.72797192701563
1.315055971162422 103.75814913034044 133.671436873859
1.3150524430190251 103.7581528121154 133.63522857398468
1.3150470340043146 103.75815845666341 133.6232274682411
1.315041326126636 103.75816441308821 133.6232274682411
1.3150363125219948 103.75816964500807 133.6232274682411
1.3150306361131798 103.75817556859356 133.6232274682412
1.3150254058753739 103.75818102657966 133.62322746824074
1.3150222660295616 103.75818430314861 133.6232274682411
1.3150186892302973 103.7581880356979 133.6232274682411
1.31501385191345 103.75819308365337 133.6232274682412
1.3150081070246729 103.75819907870047 133.62322746824066
1.3150040478059584 103.75820331467582 133.62322746824074
1.3150006984640468 103.75820680986311 133.6232274682412
1.3149964203031637 103.75821127431426 133.62322746824066
1.3149923889290343 103.75821548123245 133.62322746824074
1.3149875114021492 103.75822057114861 133.6232274682411
1.3149829921068144 103.7582252872342 133.6232274682412
1.3149769287199622 103.75823161464783 133.6232274682412
1.3149730877076318 103.75823562291485 133.62322746824066
1.3149681884711126 103.7582407354858 133.6232274682411
1.3149644175982502 103.75824467055908 133.6232274682411
1.3149586129527877 103.75825072796437 133.6232274682412
1.3149542585745542 103.75825527195136 133.6232274682411
1.31494887418894 103.7582608907967 133.6232274682411
1.3149432998901995 103.75826670782476 133.6232274682412
1.314937166855491 103.75827310791854 133.6232274682411
1.3149340313614857 103.75827637994557 133.6232274682411
1.3149302868881387 103.75828028746956 133.62322746824074
1.314924245229637 103.75828659220801 133.6232274682412
1.3149203070004922 103.7582907019247 133.6232274682412
1.3149171469202985 103.75829399960838 133.6232274682411
1.3149137385889944 103.75829755635311 133.6232274682412
1.314907932000667 103.75830361578524 133.6232274682412
1.314902235102287 103.75830956075099 133.6232274682412
1.3148974645071028 103.75831453907827 133.6232274682412
1.314894325809766 103.75831781444788 133.62322746824066
1.3148882326496558 103.7583241729301 133.6232274682411
1.3148848318578974 103.75832772180678 133.6232274682411
1.3148817131078212 103.75833097636044 133.6232274682412
1.3148781543822763 103.75833469004795 133.6232274682412
1.3148724986557552 103.75834059204868 133.623227468241
1.3148678873739468 103.75834540412512 133.6232274682412
1.3148630521524773 103.75835044989245 133.6232274682412
1.3148598183935467 103.75835382446279 133.6232274682411
1.3148547528579455 103.75835911057301 133.6232274682411
1.3148508474420926 103.75836315600061 133.6496468847551
1.3148470621158286 103.75836705360817 133.69585153945854
1.3148428056472279 103.75837143633318 133.74780725898566
1.3148393918095598 103.75837495143288 133.78947765874756
1.3148362085114589 103.75837822915469 133.8283340434142
1.3148306869989548 103.7583839144475 133.89573139243956
1.3148262675503988 103.75838846498667 133.94967644354438
1.3148225699976255 103.758392272217 133.99480964874635
1.314819399856558 103.75839553639136 134.00653114371707
1.3148140631706862 103.75840103137499 134.00653114371707
1.3148094079313646 103.75840582469883 134.00653114371755
1.3148037415708096 103.75841165913589 134.00653114371755
1.314797933566502 103.7584176394181 134.00653114371707
1.314792907027046 103.75842281505547 134.00653114371755
1.3147870830497488 103.75842881178433 134.00653114371755
1.3147815413154227 103.75843451789821 134.00653114371707
1.3147778365232727 103.75843833258232 134.00653114371755
1.314772397427566 103.758443933013 134.00653114371755
1.3147670614565763 103.75844942726005 134.00653114371755
1.314762267928999 103.7584543629736 134.00653114371707
1.3147560404973366 103.75846077512372 134.00653114371755
1.3147500052701477 103.75846698936815 134.00653114371755
1.3147448238715602 103.7584723244576 134.00653114371755
1.3147391662334642 103.7584781499127 134.00653114371718
1.3147348957655398 103.75848254705134 134.00653114371755
1.314730375108545 103.75848720180011 134.00653114371707
1.314724492444081 103.75849325895616 134.00653114371764
1.3147209655378287 103.75849689047749 134.00653114371755
1.3147155452694774 103.75850247152174 134.00653114371707
1.31471092219093 103.75850723172991 134.00653114371696
1.31470686125727 103.75851141311882 134.00653114371707
1.314701931270732 103.7585164893384 134.00653114371764
1.3146968836996449 103.75852168663025 134.00653114371755
1.31469284113464 103.75852584910554 134.0065311437174
1.314686869450374 103.75853199792144 134.00653114371707
1.3146832220865552 103.75853575347305 134.00653114371755
1.3146787389386208 103.7585403695997 134.00653114371696
1.31467533144833 103.75854387816263 134.00653114371755
1.31467081271973 103.75854853092524 134.0065311437174
1.3146672620513338 103.75855218691314 134.00653114371755
1.314663177063061 103.75855639306981 134.00653114371764
1.314659206957253 103.75856048093637 134.00653114371755
1.314654258085128 103.75856557660123 134.00653114371755
1.3146480690551716 103.75857194920921 134.00653114371696
1.3146434889374752 103.7585766651816 134.00653114371707
1.3146376008032532 103.75858272796862 134.00653114371707
1.314632433002363 103.75858804905583 134.00653114371755
1.3146276354539426 103.75859298890818 134.00653114371755
1.3146238868246047 103.75859684872857 134.00653114371707
1.3146183552576851 103.75860254437164 134.00653114371707
1.3146139379485384 103.75860709270599 134.00653114371755
1.3146107274514232 103.75861039843213 134.00653114371755
1.3146063823681515 103.75861487239821 134.00653114371755
1.3146028513611105 103.75861850814107 134.00653114371696
1.3145994858102006 103.75862197352009 134.00653114371755
1.3145944708794066 103.75862713720242 134.00653114371755
1.3145890011251453 103.75863276919901 134.00653114371755
1.3145858373227224 103.75863602684524 134.00653114371755
1.3145806078217326 103.75864141146214 134.0065311437174
1.3145774583353431 103.75864465436764 134.00653114371755
1.314571844265441 103.7586501933228 134.22049775412398
1.3145666231931408 103.75865529070961 134.467169507016
1.314560760259328 103.75866101475242 134.74417914412933
1.3145572384057367 103.75866445317439 134.9105797000328
1.3145528177440355 103.75866876647844 135.12177619733956
1.314547672247764 103.75867378655697 135.36799432514215
1.3145438421019204 103.75867752334572 135.53848521859632
1.314538984447695 103.75868226259809 135.54150980750728
1.3145354736866393 103.75868568778678 135.54369576155023
1.314529215442899 103.75869179349013 135.54759241894735
1.31452366142333 103.75869721213424 135.55059257726577
1.3145191053354746 103.75870165717049 135.55059257726577
1.3145157220622516 103.75870495797867 135.55059257726552
1.3145113542348297 103.75870921934313 135.55059257726566
1.3145059242980464 103.75871451692872 135.55059257726566
1.3145004276986234 103.75871987955202 135.55059257726566
1.3144955818666901 103.75872460726981 135.5505925772659
1.314489993721893 103.758730059207 135.55059257726566
1.3144839693328685 103.75873593675519 135.55059257726566
1.314477647214258 103.75874210477586 135.55059257726566
1.314471450035812 103.75874815699454 135.54504900300205
1.3144674311356876 103.75875208340072 135.54007714540464
1.314462842259393 103.75875656666523 135.5344001593321
1.3144582667719833 103.75876103684892 135.52873973685908
1.3144523676067128 103.75876680024629 135.52144176744926
1.3144459313205257 103.75877308840283 135.51347931595703
1.3144418127190245 103.75877711221561 135.51070094388652
1.3144384991388969 103.75878034953438 135.51070094388652
1.3144336928295275 103.7587850452275 135.51070094388606
1.3144287516989943 103.75878987263886 135.51070094388632
1.3144225362946855 103.75879594499676 135.51070094388606
1.3144169200942295 103.75880143194132 135.51070094388632
1.3144116083747341 103.75880662141245 135.51070094388632
1.3144079679966498 103.75881017800778 135.51070094388606
1.314401971026468 103.75881603695854 135.51070094388652
1.314398668796908 103.75881926318772 135.51070094388652
1.3143934590284645 103.758824353054 135.51070094388606
1.3143895303199755 103.75882819134372 135.51070094388606
1.3143839763776384 103.75883361746267 135.51070094388606
1.3143802122985184 103.75883729491187 135.51070094388632
1.3143752475728283 103.75884214537486 135.51070094388606
1.3143704232757476 103.75884685864114 135.51070094388632
1.3143640557631513 103.75885307960587 135.51070094388652
1.3143590673582495 103.75885795320293 135.51070094388606
1.3143535484155664 103.75886334512742 135.51070094388587
1.3143478790018315 103.75886888405982 135.51070094388606
1.3143418943325769 103.75887473099208 135.51070094388606
1.3143371749025112 103.75887934180454 135.51070094388606
1.3143309786032784 103.758885395496 135.51070094388606
1.3143251529146018 103.75889108710643 135.51070094388632
1.3143215305962277 103.75889462605709 135.51070094388632
1.3143175277497656 103.75889853677798 135.51070094388606
1.3143117225577796 103.75890418303852 135.53372705379581
1.3143063972035174 103.75890910556573 135.78856707596273
1.3143004813739774 103.75891457390271 136.071687186663
1.3142948122364995 103.75891981420817 136.34301187179534
1.3142887929713072 103.75892537815646 136.6310914135238
1.3142822422206482 103.75893143338686 136.9445882902953
1.3142764352091902 103.75893680113684 137.0952525646235
1.3142712971722676 103.75894155051571 137.09525256462396
1.3142666391584699 103.75894585618192 137.09525256462396
1.3142627030319505 103.75894949456678 137.0952525646237
1.3142572918617714 103.75895449641807 137.09525256462396
1.3142521028298644 103.75895929293429 137.09525256462325
1.3142478285888965 103.75896324385738 137.09525256462325
1.314241818611689 103.75896879921977 137.09525256462396
1.314238196466299 103.75897214737391 137.09525256462396
1.3142329906706196 103.75897695938566 137.0952525646235
1.3142267904021834 103.75898270202836 137.08462488240525
1.3142223767412953 103.75898683888975 137.03134884572194
1.3142182485377951 103.75899070819598 136.98151827114071
1.3142121551873847 103.7589964194063 136.90796665771498
1.3142065797002873 103.75900164523068 136.84066603062885
1.3142007053869829 103.75900715114052 136.76975850148838
1.3141949472071655 103.75901254820006 136.7002531703143
1.3141895282777771 103.75901762728498 136.6981755181724
1.3141832501417217 103.75902351169191 136.69817551817306
1.314177127224434 103.75902925061445 136.6981755181724
1.314171361277261 103.75903465495398 136.69817551817286
1.31416767602181 103.75903810909098 136.69817551817286
1.314163213801086 103.75904229146633 136.69817551817286
1.314157082087713 103.75904803863311 136.6981755181726
1.3141532546364763 103.75905162604808 136.69817551817286
1.3141496109840516 103.75905504119105 136.69817551817306
1.3141440040406391 103.75906029649835 136.6981755181726
1.3141401781454285 103.7590638824548 136.69817551817306
1.3141360756324818 103.75906772768103 136.6981755181726
1.3141296670647193 103.75907373433913 136.69817551817286
1.3141244904985538 103.75907858625985 136.69817551817286
1.3141187397392038 103.7590839763635 136.69817551817286
1.3141150657572689 103.75908741993364 136.69817551817286
1.31411065376856 103.75909155522685 136.6981755181726
1.3141047440433171 103.75909709432678 136.69817551817286
1.3141005361711842 103.75910103830438 136.6981755181724
1.3140965697801135 103.75910475594526 136.69817551817286
1.31409216455726 103.75910888489676 136.6981755181724
1.3140862980837549 103.75911438345729 136.69817551817286
1.3140800364670906 103.75912025237967 136.69817551817286
1.3140756772088518 103.7591243382491 136.69817551817286
1.3140707607177158 103.75912894640479 136.69817551817306
1.3140652948954508 103.75913406944049 136.69817551817286
1.3140606108960373 103.75913845968495 136.69817551817286
1.3140562151158064 103.75914257978576 136.69817551817286
1.3140507283207636 103.7591477224788 136.69817551817286
1.314047195287452 103.75915103393942 136.69817551817286
1.3140409030124425 103.75915693159699 136.69817551817286
1.3140369051319967 103.75916067875198 136.6981755181726
1.3140335762752333 103.7591637988408 136.6981755181724
1.3140286128912777 103.75916845094807 136.69817551817306
1.3140243247435355 103.75917247016625 136.69817551817286
1.3140178009422951 103.75917858482971 136.6981755181726
1.314011248902936 103.75918472596028 136.69817551817286
1.314004843526585 103.75919072962567 136.69817551817286
1.3139987981852563 103.75919639583547 136.6981755181726
1.313992924240129 103.759201683858 136.89997435118727
1.3139863801788496 103.75920722325885 137.45136919231715
1.313980432510424 103.7592122578265 137.95262741927715
1.313973997797694 103.75921770466614 138.4949642338935
1.3139700517059711 103.75922104494404 138.8275281265893
1.3139660513724474 103.75922443113636 139.16461654537346
1.3139597528762281 103.75922976267164 139.59894518325555
1.313953272885626 103.75923524783776 139.59894518325598
1.313947877264041 103.7592398151099 139.5989451832553
1.3139423104976344 103.75924452725222 139.59894518325572
1.313937811236007 103.75924833577577 139.59894518325598
1.313931969146679 103.75925328097263 139.59894518325572
1.313925353318419 103.759258881122 139.59894518325555
1.313921604016685 103.75926205482129 139.59894518325572
1.3139158774031354 103.75926690227037 139.59894518325572
1.3139104296263706 103.75927151369036 139.5989451832553
1.3139049904636042 103.75927611781876 139.59894518325572
1.313901439702256 103.75927912345799 139.5989451832553
1.3138950671982197 103.75928451763856 139.59894518325547
1.3138883586707628 103.75929019625532 139.59894518325547
