75411587
1.3128308929575596 103.76169632628289 314.22935440066766
1.312834250146837 103.76169289632502 314.22935440066743
1.3128383275675348 103.76168873052436 314.22935440066766
1.3128424989780525 103.76168446869657 314.22935440066766
1.3128470682536106 103.76167980037981 314.22935440066766
1.312850518097982 103.76167627575839 314.22935440066766
1.3128556002973661 103.76167108339985 314.22935440066766
1.3128616708841128 103.76166488123008 314.22935440066766
1.312865787728468 103.76166067515102 314.22935440066766
1.3128689818293497 103.76165741181633 314.2293544006679
1.312874870732962 103.76165139526763 314.22935440066766
1.3128802048466433 103.76164594553414 314.22935440066766
1.3128847984665166 103.76164125234504 314.22935440066743
1.3128895375120115 103.76163641057808 314.22935440066766
1.312894024762178 103.76163182606422 314.22935440066766
1.3128975361787436 103.76162823853568 314.22935440066766
1.3129027854080382 103.76162287552626 314.2293544006679
1.312908425114179 103.76161711357612 314.22935440066766
1.3129137542783427 103.76161166889909 314.22935440066766
1.3129184461828363 103.76160687529467 314.22935440066766
1.3129242938299508 103.76160090089611 314.22935440066743
1.3129289720783055 103.76159612124374 314.22935440066766
1.3129329419827853 103.76159206528902 314.2293544006681
1.3129366433554217 103.7615882836867 314.22935440066766
1.3129410278498188 103.76158380415548 314.22935440066766
1.3129452409480231 103.76157949973553 314.22935440066766
1.3129506084077662 103.76157401593244 314.22935440066766
1.3129563260432735 103.76156817436322 314.22935440066766
1.31296123670974 103.7615631572546 314.22935440066743
1.3129647186491797 103.76155959984165 314.22935440066766
1.3129707956566536 103.76155339111064 314.22935440066766
1.3129756573145759 103.76154842407271 314.22935440066766
1.312980495582855 103.76154348093138 314.22935440066743
1.312986532712545 103.76153731294235 314.22935440066766
1.3129917572637313 103.76153197514503 314.22935440066766
1.3129949308590734 103.76152873275954 314.2293544006679
1.3129981243777669 103.76152547001882 314.22935440066766
1.3130039116093863 103.7615195573444 314.22935440066766
1.3130096617664695 103.76151368254806 314.22935440066743
1.3130156360105985 103.76150757880734 314.22935440066766
1.3130214119279702 103.7615016659248 314.21889267224003
1.3130267660945922 103.76149608134081 314.1172195652875
1.3130310851536708 103.76149157641034 314.03520178886833
1.3130354629366547 103.76148701022872 313.95206843574823
1.3130398507699328 103.76148243356425 313.86874414935494
1.3130457392923358 103.76147629162818 313.7569224957177
1.3130497311675895 103.76147212796178 313.6811184360447
1.3130531937225225 103.76146851639508 313.6370554625384
1.313056547266515 103.76146501853061 313.6370554625384
1.3130610999585042 103.7614602699125 313.6370554625384
1.3130642408085103 103.76145699389531 313.63705546253817
1.3130674650179985 103.7614536309312 313.6370554625386
1.3130711397367925 103.76144979807 313.6370554625384
1.313074990458224 103.76144578163179 313.6370554625384
1.3130789243064451 103.7614416784894 313.63705546253794
1.313083582786349 103.76143681953057 313.63705546253794
1.3130891531715316 103.7614310094223 313.6370554625384
1.313094187318674 103.76142575862916 313.6370554625384
1.3130996491359757 103.76142006176092 313.63705546253794
1.313104779406631 103.76141471070746 313.6370554625384
1.313108494886659 103.76141083533057 313.63705546253794
1.3131124659489266 103.76140669337232 313.6370554625386
1.3131177183554716 103.76140121492668 313.6370554625384
1.3131224058591322 103.76139632569466 313.6370554625384
1.313127907837764 103.7613905869364 313.63705546253794
1.3131336217243748 103.76138462715056 313.6370554625384
1.3131397139489525 103.76137827274476 313.6370554625386
