165821277
1.3224492507121752 103.81313323051796 88.49397902169585
1.32244947188107 103.8131414393796 88.49397902169585
1.3224496478764165 103.81314797158934 88.49397902169521
1.3224498408294463 103.81315513319795 88.49397902169585
1.3224499810445318 103.81316033739533 88.49397902169586
1.3224501292259487 103.81316583727006 88.49397902169521
1.3224502937831184 103.81317194494481 88.49397902169586
1.3224504260008945 103.8131768523167 88.49397902169518
1.3224505848897583 103.81318274960854 88.49397902169586
1.3224485692601593 103.81318724451489 91.2291785921877
1.3224455850023313 103.81319332356036 95.34997610259845
1.32244213153338 103.81320035840646 100.20697209898344
1.3224392798485174 103.81320616739569 104.24305433071656
1.3224355413129136 103.81321378293308 109.49856731705987
1.322432247262941 103.8132204930365 114.03293196965025
1.3224301229648865 103.81322482031132 116.02839810653491
1.3224280760849791 103.81322898988245 116.02839810653548
1.3224245309461728 103.81323621146305 116.02839810653548
1.3224221801467524 103.81324100012952 116.02839810653578
1.322420055615885 103.81324532787843 116.02839810653548
1.3224163257006925 103.81325292585525 116.02839810653578
1.3224140147299672 103.81325763338904 116.02839810653548
1.3224102320791005 103.81326450785946 116.49381653022104
1.3224034124988073 103.81326899195393 121.8902968514293
1.3223959110334964 103.81327392440974 128.02239181955352
1.3223892004389186 103.81327833684244 133.57611052707506
1.322382627390656 103.81328265883397 138.97526396105144
1.3223778388756238 103.81328580743723 142.82924529763608
