639276611
1.322723495808013 103.81540251770261 272.83695406885045
1.3227239209311625 103.81539391085701 272.83695406885107
1.3227242386857896 103.8153874777442 272.83695406885107
1.3227246733856761 103.81537867701127 272.83695406885045
1.3227250508593158 103.81537103485397 272.83695406885107
1.3227254662010686 103.81536262603571 272.83695406885107
1.3227258488785838 103.81535487852206 272.83695406885107
1.3227261262240744 103.81534926351198 272.83695406885045
1.3227265615342867 103.81534045041978 272.83695406885107
1.3227269454252182 103.81533267833838 272.83695406885045
1.32272738748526 103.81532372859094 272.83695406885107
1.3227276406311137 103.81531860351429 272.83695406885107
1.3227279136785592 103.81531307551874 272.8369540688511
1.3227282092516364 103.81530709147914 272.83695406885045
1.3227285185471938 103.81530082962001 272.83695406885045
1.3227287944283868 103.81529524425285 272.8369540688505
1.322729228450751 103.81528645722976 272.83695406885045
1.3227296132515478 103.81527866672401 272.83695406885107
1.322729940866407 103.8152720339789 272.83695406885107
1.3227303377477109 103.81526399889555 272.83695406885107
1.3227307314917787 103.81525602732675 272.83695406885107
1.322731033744264 103.81524990805583 272.83695406885107
1.3227313895001425 103.81524270557831 272.83695406885107
1.3227317200646407 103.81523601311403 272.83695406885107
1.3227321601674342 103.81522710298475 272.83695406885107
1.3227324472735396 103.81522129035933 272.83695406885045
1.3227328796537163 103.81521253657765 272.8369540688505
1.322733123854282 103.81520759259854 272.83695406885107
1.3227333872122993 103.8152022607657 272.8369540688511
1.322733789621762 103.8151941137568 272.83695406885045
1.3227341386404041 103.81518704767504 272.8369540688511
1.3227345360741265 103.81517900140177 272.83695406885107
1.322734864291408 103.81517235645457 272.83695406885045
1.3227351439732211 103.81516669413548 272.83695406885107
1.3227354552780521 103.8151603915899 272.83695406885045
1.3227358235299853 103.81515293611697 272.83695406885107
1.3227361974653098 103.81514536558002 272.83695406885107
1.3227366215417133 103.81513677990735 272.83695406885045
1.322737030731907 103.815128495614 272.83695406885107
1.322737321404352 103.815122610781 272.8369540688505
1.3227376935598938 103.81511507627485 272.83695406885107
1.3227380619253253 103.81510761850116 272.83695406885045
1.3227384181835173 103.8151004058452 272.83695406885107
1.322738728334944 103.81509412664737 272.83695406885045
1.3227390078570391 103.81508846755801 272.83695406885045
1.3227393184358676 103.81508217970652 272.83695406885107
1.3227396590092473 103.81507528459728 272.83695406885107
1.3227399099396284 103.81507020436321 272.83695406885107
1.3227402526582055 103.81506326582245 272.83695406885107
