812741964
1.3253400752811417 103.81355272421969 5.612073780979666
1.3253469355690333 103.81355339070866 5.612073780979144
1.3253545763557646 103.81355413302448 5.612073780979144
1.3253591872107104 103.81355458097708 5.612073780979666
1.3253654532915988 103.81355518973778 5.612073780979144
1.3253704420487713 103.81355567440424 5.612073780979144
1.3253779355274078 103.81355640240876 5.612073780979144
1.3253864744971617 103.81355723198453 5.612073780979144
1.3253916994483017 103.81355773959763 5.612073780979144
1.3253994749016251 103.81355849499641 5.612073780979144
1.3254073116075222 103.81355925634598 5.612073780979144
1.3254139241032645 103.8135598987614 5.612073780979144
1.3254199349212004 103.81356048272275 5.612073780979017
1.3254266535887442 103.81356113545294 5.612073780979017
1.3254340861621088 103.81356185754028 5.612073780979144
1.3254419624646012 103.81356262273663 5.612073780979144
1.3254479864573872 103.81356320797791 5.612073780979144
1.325455093005152 103.81356389839127 5.612073780979144
1.3254627892426138 103.81356464609394 5.612073780979144
1.3254703441077014 103.81356538006206 5.612073780979793
1.3254774602985788 103.81356607141223 5.612073780979144
1.3254834185431452 103.81356665026587 5.612073780979793
1.3254888145297599 103.8135671744952 5.612073780979793
1.3254953660690412 103.81356781098845 5.612073780979144
1.3255006991287175 103.8135683291043 5.612073780979144
1.3255082738450712 103.81356906500092 5.612073780979144
1.3255157140789675 103.81356978783231 5.612073780979017
1.3255213205166498 103.81357033250728 5.612073780979144
1.3255299739568422 103.8135711732037 5.612073780979017
1.3255374189675178 103.81357189649913 5.612073780979144
1.325543027870891 103.8135724414136 5.612073780979144
1.3255513827338916 103.81357325310269 5.612073780979017
1.325556782847161 103.81357377773283 5.612073780979666
1.3255655820066055 103.81357463258603 5.612073780979144
1.3255740607117004 103.81357545630654 5.612073780979793
1.3255818412104152 103.81357621219509 5.612073780979144
1.325587551061295 103.81357676691673 5.612073780979144
1.3255921785582578 103.81357721648584 5.612073780979144
1.3255972023960132 103.81357770456012 5.612073780979793
1.325604445838691 103.81357840827272 5.612073780979017
1.325611805231147 103.81357912325004 5.612073780979144
1.325618322522616 103.81357975641582 5.612073780979793
1.3256254849453888 103.81358045225716 5.612073780979144
1.3256340425090034 103.81358128363875 5.612073780979144
1.3256407872782774 103.81358193890436 5.612073780979144
1.3256458797023345 103.81358243364184 5.612073780979144
1.3256541598586271 103.8135832380728 5.612073780979144
1.325663120702081 103.81358410863365 5.612073780979144
1.3256706082061014 103.81358483605707 5.612073780979144
1.3256768433101302 103.81358544180777 5.612073780979144
1.3256819506728041 103.81358593799652 5.612073780979017
1.3256871718691925 103.81358644524438 5.612073780979793
1.3256929257406842 103.81358700424252 5.612073780979793
1.325700903919045 103.81358777933573 5.612073780979144
1.325707859348634 103.81358845506718 5.612073780979144
1.3257126422285161 103.81358891973184 5.612073780979793
1.3257183617977784 103.81358947539741 5.612073780979144
1.325727095718103 103.81359032391212 5.612073780979144
1.325733986718864 103.81359099338415 5.612073780979144
1.3257394725939275 103.81359152634592 5.612073780979144
1.3257469357176215 103.8135922514006 5.612073780979144
1.3257542441926526 103.81359295509313 5.604030749944682
1.3257610316609536 103.81359358829307 5.57076405521335
1.3257655647634043 103.8135940111842 5.548546416174676
1.3257711570786668 103.81359453288881 5.521137345258502
1.3257800377547029 103.81359536136318 5.477611338311717
1.325788028849813 103.81359610684888 5.438445371546585
1.3257935792373903 103.81359662464206 5.411241836647496
1.3257987660333754 103.81359710851594 5.391389676566515
1.325805313508969 103.81359771932698 5.391389676566515
1.32581012619667 103.81359816830044 5.391389676565739
1.3258168260029675 103.81359879332234 5.391389676566515
1.3258254194952646 103.81359959500533 5.391389676566515
1.3258331446053917 103.8136003156773 5.391389676566515
1.325839440019476 103.81360090297359 5.391389676566515
1.3258470048226865 103.81360160869059 5.391389676565866
1.325853972507233 103.81360225870264 5.391389676566515
1.3258612507851275 103.81360293768981 5.391389676565866
1.3258660020251718 103.81360338093077 5.391389676566387
1.3258735599760645 103.81360408600847 5.391389676566387
1.32587866553661 103.8136045623038 5.391389676565866
1.3258831737981374 103.81360498287738 5.391389676565866
1.3258894223241227 103.81360556579942 5.391389676566387
1.3258973740297697 103.81360630761026 5.391389676565739
1.3259056287899167 103.81360707769288 5.391389676565866
1.3259112681789555 103.81360760378878 5.391389676565866
1.3259168791135676 103.81360812723015 5.391389676565739
1.3259238735338532 103.81360877973623 5.391389676565866
1.3259326221355463 103.81360959588903 5.391389676565866
1.3259385793117462 103.8136101516311 5.391389676566387
1.3259435734022558 103.81361061752736 5.391389676565866
1.3259504905494743 103.81361126282462 5.391389676566515
1.3259571960161032 103.8136118883743 5.391389676565866
1.3259658571854762 103.81361269637048 5.391389676565866
1.3259706388752632 103.81361314245196 5.391389676566515
1.325976857738008 103.81361372260656 5.391389676566515
1.3259851344211846 103.81361449473418 5.391389676566515
1.3259899947661933 103.81361494815332 5.391389676566515
1.3259977083036671 103.81361566774535 5.391389676565866
1.326003407063836 103.8136161993798 5.391389676565866
1.326009665108631 103.8136167831896 5.391389676565866
1.3260178273487193 103.8136175446408 5.391389676566515
1.3260267163687591 103.81361837389295 5.391389676566515
1.3260326941452147 103.81361893155663 5.391389676565739
1.3260390460696543 103.81361952412438 5.391389676566515
1.3260457041905735 103.81362014525703 5.391389676565866
1.3260503151728 103.81362057541315 5.391389676565866
1.3260578741457352 103.81362128058578 5.391389676565866
1.3260650556960578 103.81362195054885 5.391389676565866
1.3260724097048333 103.81362263660047 5.391389676565866
1.3260777145380056 103.81362313148554 5.391389676566515
1.326083829788654 103.81362370197404 5.391389676566515
1.3260915609563284 103.81362442321057 5.391389676565866
1.3260971767300607 103.81362494710311 5.391389676566515
1.3261039229480878 103.81362557645416 5.391389676566515
1.3261104327142588 103.81362618374675 5.391389676566515
1.3261165631097016 103.81362675564803 5.391389676565866
1.3261221572490665 103.81362727752229 5.391389676565739
1.3261281700739038 103.81362783845543 5.391389676565866
1.3261337852769728 103.81362836229468 5.391389676566515
1.326140871876796 103.81362902339971 5.391389676565866
1.3261487786050412 103.81362976101406 5.391389676565739
1.3261575278441413 103.81363057722577 5.391389676566515
1.3261622762271046 103.8136310201998 5.391389676565739
1.3261685191334514 103.81363160259706 5.391389676565739
1.3261737662979387 103.81363209945215 5.400720730398816
1.3261806013076378 103.81363277426631 5.4479216717337495
1.3261869657889085 103.8136334026256 5.491873378292098
1.32619427743037 103.81363412449716 5.542366041188543
1.326200891546087 103.81363477750261 5.588041745580398
1.3262098895965613 103.8136356658717 5.650180311027667
1.3262168998020427 103.81363635798269 5.698591093280951
1.3262239588147917 103.81363705491238 5.702170074674838
1.3262290132455696 103.81363755393156 5.702170074674838
1.3262372645256026 103.81363836857263 5.702170074674838
1.3262444586343896 103.81363907884017 5.702170074674838
1.3262520891589864 103.81363983219462 5.702170074674838
1.3262599964101267 103.81364061286999 5.702170074674838
1.3262650236078213 103.81364110920043 5.702170074674189
1.3262728814935378 103.81364188500199 5.702170074674838
1.326280272816186 103.81364261474019 5.702170074674838
1.326286875466239 103.81364326661348 5.702170074674838
1.3262934725173179 103.813643917934 5.702170074674838
1.3263017327988686 103.81364473346363 5.702170074674838
1.3263083085925567 103.8136453826854 5.702170074674838
1.32631633356743 103.81364617498339 5.702170074674838
1.3263228033621501 103.81364681373995 5.702170074674838
1.3263314274984823 103.81364766519256 5.702170074674838
1.3263397525141978 103.81364848711326 5.702170074674838
1.326346350987201 103.81364913857406 5.702170074674838
1.3263519953272218 103.81364969583421 5.702170074674838
1.3263604853070647 103.8136505340416 5.702170074674838
1.3263651254152025 103.81365099215493 5.702170074674838
1.3263738551861946 103.81365185403664 5.702170074674838
1.3263807337832334 103.81365253315373 5.702170074674838
1.3263865195962325 103.81365310438133 5.702170074674838
1.326391493785996 103.81365359547816 5.702170074674838
1.3263961961200041 103.81365405973494 5.702170074674838
1.3264012653818813 103.81365456021814 5.702170074674838
1.3264060986892123 103.81365503740577 5.702170074674838
1.3264134307509607 103.81365576129294 5.702170074674838
1.3264221817896158 103.81365662527425 5.702170074674838
1.3264281980286956 103.81365721925151 5.702170074674838
1.326436951048611 103.81365808342842 5.702170074674838
1.32644529609758 103.81365890732673 5.702170074674838
1.3264532021794735 103.81365968788622 5.702170074674838
1.326460462634024 103.81366040470357 5.702170074674189
1.326466825730412 103.81366103292565 5.702170074674838
1.3264733982530814 103.81366168182417 5.702170074674838
1.3264788826837077 103.81366222329643 5.702170074674838
1.3264847203192132 103.81366279964026 5.702170074674838
1.3264908121313215 103.81366340107867 5.702170074674838
1.3264962554346578 103.81366393849046 5.702170074674838
1.3265035933995817 103.81366466296025 5.702170074674838
1.3265094395557784 103.81366524014527 5.702170074674838
1.3265171676846008 103.81366600313551 5.702170074674838
1.3265219264389185 103.81366647296245 5.702170074674838
1.32652949861643 103.81366722055574 5.702170074674838
1.3265357428703937 103.8136678370445 5.702170074674838
1.3265418584694328 103.81366844083131 5.702170074674838
1.3265496994043522 103.81366921495871 5.702170074674838
1.3265565946688103 103.81366989572102 5.702170074674838
1.3265632863446986 103.81367055638323 5.702170074674838
1.3265680565630218 103.81367102734191 5.702170074674838
1.3265733903584507 103.813671553942 5.7021700746747115
1.3265811380826007 103.81367231886674 5.702170074674189
1.326587790546772 103.81367297565757 5.702170074674838
1.3265952126548575 103.81367370843454 5.702170074674189
1.3266012567797645 103.81367430516464 5.702170074674838
1.32660707130898 103.81367487922701 5.702170074674838
1.3266138851228306 103.81367555194768 5.702170074674838
1.3266221462585936 103.81367636756092 5.702170074674838
1.3266301463573242 103.81367715740221 5.702170074674838
1.3266347809402468 103.81367761496968 5.702170074674838
1.3266420132380794 103.81367832900676 5.7021700746747115
1.3266498512947946 103.8136791028498 5.702170074674189
1.32665501047933 103.81367961221059 5.702170074674838
1.3266617172547404 103.81368027436339 5.702170074674838
1.326667220657506 103.81368081770847 5.702170074674838
1.3266735221788344 103.81368143985092 5.702170074674838
1.3266822521494468 103.81368230175158 5.702170074674838
1.3266898732176793 103.81368305417149 5.702170074674838
1.3266964101787415 103.81368369955862 5.702170074674838
1.326704582065287 103.81368450636016 5.702170074674838
1.3267118327027256 103.81368522220777 5.7021700746747115
1.326718823872299 103.81368591243839 5.702170074674838
1.3267278175528543 103.81368680037471 5.702170074674838
1.3267331449341042 103.8136873263413 5.702170074674838
1.3267402687482723 103.8136880296677 5.702170074674838
1.326745444161963 103.81368854063068 5.7021700746747115
1.3267540862116816 103.81368939385081 5.702170074674838
1.3267599028047246 103.81368996811666 5.702170074674838
1.3267646617542945 103.81369043796256 5.702170074674838
1.3267719386042145 103.81369115639797 5.702170074674838
1.32677727804884 103.81369168355549 5.702170074674838
1.3267842895117932 103.8136923757895 5.702170074674838
1.3267928453901423 103.81369322050195 5.702170074674838
1.326797460057942 103.81369367610301 5.702170074674838
1.3268022776428492 103.81369415173783 5.702170074674838
1.3268081978762536 103.81369473623592 5.702170074674838
1.3268130110636054 103.81369521143658 5.702170074674189
1.32681759228959 103.81369566373594 5.702170074674838
1.326825255480491 103.81369642031426 5.702170074674838
1.326831121965806 103.81369699950584 5.702170074674838
1.3268398635943883 103.81369786255706 5.702170074674838
1.3268446878585922 103.81369833885128 5.702170074674838
1.326851219246434 103.81369898368789 5.702170074674838
1.3268590374143165 103.81369975556684 5.702170074674838
1.3268659003116476 103.813700433133 5.702170074674838
1.326874562241379 103.81370128831557 5.702170074674838
1.326880822437311 103.81370190637764 5.702170074674838
1.3268869125139184 103.81370250764404 5.702170074674838
1.326893492740513 103.81370315730238 5.702170074674838
1.3269001575206079 103.81370381530857 5.702170074674838
