22562897
1.3230535647123651 103.81299385773804 275.2720203589662
1.3230542681433535 103.81298624368422 275.27202035896613
1.323055042855253 103.81297785807365 275.27202035896545
1.3230554607607625 103.81297333459472 275.27202035896556
1.32305590593009 103.81296851600756 275.2720203589662
1.3230563847497154 103.81296333318382 275.27202035896613
1.3230568119621542 103.81295870896479 275.27202035896613
1.3230575110049285 103.81295114240847 275.27202035896545
1.3230580818147446 103.81294496386695 275.27202035896613
1.3230587216552803 103.81293803812514 275.2720203589662
1.323059353811069 103.81293119556409 275.2720203589662
1.323059861859262 103.81292569636445 275.27202035896556
1.3230604413460247 103.81291942390146 275.27202035896545
1.323060919892952 103.81291424402822 275.27202035896556
1.3230616674647286 103.81290615218406 275.27202035896545
1.3230624055355056 103.81289816318002 275.2720203589662
1.3230629215989054 103.81289257722155 275.27202035896556
1.3230636572475896 103.81288461443413 275.27202035896556
1.3230641926197118 103.81287881947435 275.27202035896545
1.3230646452454238 103.8128739201758 275.27202035896556
1.3230653439874185 103.81286635687204 275.2720203589662
1.3230661257429746 103.81285789501486 275.27202035896545
1.3230665384411244 103.81285342789866 275.2720203589662
1.3230673312656622 103.81284484622837 275.27202035896613
1.3230679575451167 103.8128380672707 275.27202035896556
1.3230684208242154 103.81283305265706 275.27202035896613
