650909752
1.322540703221521 103.81338074267697 189.5462222505455
1.322536101655237 103.8133799760425 189.5462222505455
1.3225290381972983 103.81337879924962 189.54622225054536
1.3225235630210836 103.81337788706912 189.54622225054484
1.3225171808898377 103.81337682378728 189.54622225054536
1.322508495220067 103.81337537672908 189.54622225054473
1.3225024626938466 103.81337437169242 189.54622225054473
1.3224963840271582 103.8133733589686 189.54622225054536
1.3224899576787965 103.81337228832 189.5462222505455
1.3224815435435433 103.81337088650022 189.54622225054536
1.322474831153157 103.81336976819613 189.5462222505455
1.322467669506822 103.81336857504468 189.54622225054536
1.322460899204178 103.81336744709223 189.54622225054473
1.3224560588621082 103.8133666406769 189.54622225054484
1.3224514709790223 103.81336587632198 189.54622225054536
1.322443532127044 103.81336455368573 189.54622225054536
1.3224359660614626 103.81336329315677 189.54622225054484
1.3224287374344428 103.81336208884606 189.54622225054536
1.3224237919826198 103.81336126491911 189.5462222505455
1.3224163466055125 103.81336002449717 189.54622225054536
1.3224102273999243 103.81335900501936 189.5462222505455
1.3224036478745487 103.81335790885086 189.5462222505455
1.3223975610462173 103.81335689476717 189.5462222505455
1.3223913779379284 103.81335586464293 189.54622225054473
1.3223843221828102 103.81335468913312 189.54622225054482
1.3223775321187783 103.81335355788823 189.54622225054536
