22563331
1.3238330994282412 103.81373619845967 113.55182758881051
1.3238303795357484 103.8137424063537 113.55182758881114
1.3238269307067616 103.81375027797536 113.55182758881051
1.323825012333244 103.81375465647902 113.55182758881114
1.323821702525184 103.81376221079854 113.55182758881051
1.3238197017620743 103.81376677734846 113.55182758881114
1.3238177510465583 103.8137712296695 113.55182758881051
1.323814880281483 103.81377778191536 113.55182758881051
1.323812729008121 103.81378269199034 113.55182758881051
1.3238091269873726 103.81379091325694 113.55182758881051
1.3238062910276365 103.81379738606272 113.55182758881114
1.3238043359345646 103.81380184837488 113.55182758881114
1.3238019158450356 103.81380737199675 113.55182758881114
1.3237983245671463 103.81381556874345 113.55182758881114
1.3237955405933093 103.81382192289614 113.55182758881051
1.3237920840680344 103.81382981208274 113.55182758881114
1.3237886421748022 103.81383766787302 113.55182758881114
1.3237862058455676 103.8138432285601 113.55182758881051
1.3237837218488486 103.81384889804359 113.55182758881051
1.3237807521885492 103.81385567600738 113.55182758881114
1.3237775007536312 103.81386309709455 113.55182758881114
1.32377497453824 103.81386886293791 113.55182758881051
1.3237717784062624 103.81387615780126 113.55182758881114
1.3237683165685117 103.81388405911235 113.55182758881051
1.3237662244850246 103.81388883409126 113.55182758881051
1.323764186128694 103.81389348644308 113.55182758881051
1.3237623496462216 103.81389767803725 113.55182758881051
1.3237600758393622 103.81390286778213 113.55182758881114
1.323758210799561 103.81390712455558 113.55182758881051
1.3237551519838804 103.81391410600726 113.55182758881051
1.3237521782666026 103.81392089322998 113.55182758881051
1.3237488892933493 103.81392839999393 113.55182758881051
1.323746603096495 103.8139336180175 113.55182758881051
1.3237445983043776 103.81393819376189 113.55182758881051
1.3237419546489648 103.81394422765 113.55182758881051
