633369736
1.2817191312499638 103.8493220783524 299.09135222447156
1.281721750298807 103.8493173965547 299.0913522244715
1.281724529025214 103.84931242931822 299.09135222447156
1.2817276885381614 103.84930678138969 299.0913522244717
1.2817302464219062 103.84930220893028 299.0913522244715
1.2817337078676296 103.8492960212682 299.0913522244717
1.281737281790946 103.84928963254173 299.0913522244715
1.2817396358990403 103.84928542435048 299.0913522244715
1.281743083791309 103.84927926091635 299.0913522244717
1.2817468561591367 103.84927251745131 299.0913522244715
1.2817491529052327 103.84926841179998 299.0913522244715
1.2817533438307105 103.84926092012336 299.0913522244715
1.2817570291473255 103.84925433227043 299.0913522244717
1.281761118834604 103.84924702156653 299.0913522244715
1.281764535636005 103.84924091370989 299.09135222447156
1.281767929724917 103.8492348464539 299.09135222447156
1.281770271342654 103.84923066059 299.0913522244717
1.2817746406182822 103.84922285009509 299.0913522244715
1.2817773537060393 103.84921800019318 299.0913522244717
1.2817803230836697 103.84921269214871 299.0913522244715
1.2817838055598638 103.8492064668918 299.0913522244715
1.281786257783142 103.84920208330976 299.0913522244715
1.2817900422355395 103.8491953182416 299.0913522244715
1.2817934428030922 103.84918923940401 299.0913522244717
1.281796003930599 103.8491846611452 299.0913522244717
1.2817991985174424 103.8491789505176 299.0913522244715
1.281802380772215 103.84917326193467 299.0913522244715
1.2818058240277466 103.84916710678803 299.0913522244715
1.2818086118057312 103.8491621233698 299.0913522244715
1.2818115347964434 103.8491568982459 299.0913522244715
1.281814557695332 103.84915149452658 299.0913522244717
1.2818180830161872 103.84914519268015 299.0913522244717
1.2818221191986066 103.84913797761999 299.0913522244715
1.2818249694298176 103.84913288256043 299.0913522244715
1.281828152911512 103.84912719178384 299.0913522244717
1.281832410382263 103.84911958114951 299.0913522244715
1.2818356560153539 103.84911377927129 299.0913522244714
1.2818390466120388 103.84910771825676 299.0913522244715
1.281842542336061 103.84910146931705 299.0913522244715
1.281845899694021 103.8490954677198 299.0913522244715
1.2818498271535494 103.84908844701158 299.0913522244715
1.2818529033573234 103.84908294800412 299.09135222447145
1.2818570598986454 103.84907551779024 299.0913522244715
1.2818612222762495 103.84906807714336 299.0913522244715
1.281865283183732 103.84906081788388 299.0913522244715
1.2818695543912386 103.84905318269298 299.0913522244715
1.2818728158709625 103.84904735248676 299.09135222447156
1.2818758207202083 103.84904198103196 299.0913522244716
