747360393
1.2819993061436914 103.85080261125043 31.623339354465582
1.2820060483492808 103.85080673197835 31.623339354465582
1.2820136999632215 103.85081140852209 31.623339354465582
1.2820208194982763 103.85081575986776 31.623339354465582
1.2820277775709354 103.85082001253019 31.623339354465582
1.282034874009336 103.85082434975956 31.623339354465582
1.282040396652947 103.85082772511079 31.623339354465582
1.2820445330603594 103.85083025321666 31.623339354465582
1.2820498367788913 103.8508334947644 31.62333935446594
1.2820540190320076 103.85083605089045 31.623339354465582
1.2820605174538395 103.8508400226217 31.623339354465774
1.2820673442747925 103.85084419506522 31.623339354465582
1.282073862008735 103.85084817859972 31.623339354465582
1.2820801423620303 103.85085201705098 31.62333935446585
1.282085446190337 103.85085525866582 31.623339354465582
1.282090866813192 103.85085857166362 31.623339354465582
1.2820958192645888 103.85086159852253 31.623339354465582
1.2821036134025487 103.85086636217473 31.623339354465582
1.282110228372014 103.85087040513802 31.62333935446585
1.282114636388483 103.85087309924705 31.62333935446585
1.2821224477074427 103.85087787340001 31.623339354465582
1.2821283119179925 103.85088145751152 31.62333935446585
1.2821345363138847 103.85088526176254 31.623339354465582
1.282141122919396 103.85088928739029 31.623339354465582
1.2821451679420943 103.85089175964333 31.623339354465582
1.2821513634049668 103.85089554621096 31.623339354465582
1.2821563940855991 103.85089862088236 31.623339354465582
1.282160819300371 103.85090126332594 31.55758350738928
1.2821673833387213 103.85090486715715 31.126018750752685
1.2821727251271988 103.85090779994077 30.77474051171187
1.2821806767474369 103.85091216559127 30.25177865755507
1.28218860914137 103.85091652068603 29.73008701500302
1.2821928815201644 103.85091886633533 29.4491371897533
1.2821993888223349 103.85092243901691 29.021301659584683
1.2822035928798605 103.85092474715604 28.950161049918535
1.282211278171484 103.85092896658507 28.95016104991866
1.2822189504801802 103.85093317888614 28.950161049918535
1.2822270003134155 103.85093759845819 28.95016104991866
1.2822350785738077 103.85094203363752 28.950161049918382
1.2822422138307326 103.8509459510829 28.950161049918815
1.2822497200745722 103.85095007220998 28.95016104991866
1.2822554426081223 103.85095321403276 28.950161049918815
1.2822625650126958 103.85095727052719 29.108952681212234
1.282269971235208 103.85096205695234 29.89208129826464
1.28227413233398 103.85096474614888 30.33227486461532
1.2822808438503714 103.85096908360578 31.042417588580733
1.2822850074567773 103.8509717744229 31.482975770278994
1.2822922472382332 103.85097645328209 32.24886527640805
1.2822981957533786 103.85098029763358 32.87783371091858
1.2823039063782595 103.85098398824356 33.0681567597244
1.282310458881692 103.85098822293504 33.06815675972396
1.2823172508524414 103.85099261238727 33.06815675972396
1.2823248699782819 103.85099753640566 33.06815675972396
1.2823297216966534 103.85100067192948 33.06815675972396
1.282336626407295 103.85100513424221 33.0681567597244
1.2823432742784682 103.8510094305671 33.0681567597244
1.2823480234069051 103.85101249979004 33.06815675972396
1.2823555133240896 103.8510173403047 33.06815675972423
1.2823603121834182 103.85102044166729 33.06815675972415
1.2823653055759427 103.85102366875098 33.06815675972415
1.2823711430847486 103.85102744136239 33.06815675972423
1.282378291782758 103.85103206135706 33.0681567597244
1.2823828483210966 103.85103500611466 33.06815675972423
1.2823895378574826 103.85103932936663 33.06815675972423
1.2823967371919351 103.85104398208615 33.06815675972423
1.2824013123420102 103.851046938872 33.06815675972423
1.2824073151568107 103.85105081831585 33.0681567597244
1.2824122470133952 103.85105400563071 33.06815675972423
1.2824183358502752 103.85105794066814 33.06815675972423
1.2824230163672083 103.85106096554952 33.06815675972396
1.28242928015401 103.85106501365198 33.06815675972415
1.282433627279631 103.8510678230723 33.06815675972423
1.2824385102824443 103.85107097881439 33.06815675972423
1.2824462876956357 103.8510760051294 33.06815675972423
1.2824527823481962 103.85108020243365 33.06815675972396
1.2824601713862591 103.85108497775316 33.06815675972396
1.28246741967619 103.85108988295329 33.298021455533316
1.2824738016467387 103.85109429765264 33.600128465386256
1.2824788716157902 103.85109780478089 33.84014399982269
1.2824842359151065 103.85110151551078 34.094098112251444
1.2824894420022037 103.85110511679808 34.340557661146505
1.282495467062959 103.85110928460674 34.62577025672494
