827210936
1.2829822260970165 103.85123361883811 6.7336233261675
1.282989422045433 103.85123437010685 6.619190125466735
1.2829949760529513 103.85123477822096 6.311531146979245
1.283003058900796 103.85123537215678 5.863710077149091
1.2830108473252129 103.85123594445805 5.432157903816416
1.2830171342473389 103.85123640642743 5.083805987978573
1.2830257133131164 103.85123703682581 4.608502774422623
1.2830306236988387 103.85123739764587 4.336504932911995
1.2830381514848728 103.85123795079511 4.255473823293821
1.2830444200059203 103.8512384114123 4.255473823294113
1.2830524269232797 103.85123899976857 4.255473823293795
1.2830585240925767 103.85123944779464 4.255473823294113
1.2830658639451706 103.85123998713429 4.255473823294139
1.2830748035169892 103.85124064402288 4.255473823294139
1.2830796028736908 103.85124099668435 4.255473823293795
1.283085717485488 103.85124144599206 4.255473823294113
1.283090323997828 103.85124178448314 4.255473823294113
1.2830960150392468 103.85124220266644 4.255473823293795
1.2831015143478868 103.85124260676105 4.255473823294113
1.2831066778867504 103.85124298618295 4.255473823293795
1.2831137522924876 103.8512435060172 4.255473823294113
1.2831222815698768 103.85124396043787 4.034513220156977
1.283130096593469 103.85124425690618 3.6782658287530596
1.2831358851314054 103.85124447649835 3.4143719801394345
1.2831433141703958 103.85124475832407 3.0756796041825947
1.2831486788187272 103.85124496183569 2.8311090016228313
1.2831553272264262 103.85124521404757 2.528034050454775
1.2831634778397318 103.85124552324665 2.212313015560076
1.2831721169444728 103.85124585097695 2.212313015560076
1.2831767399262313 103.85124602635288 2.212313015559745
1.2831851503774598 103.85124634540902 2.212313015560076
1.2831926964574003 103.85124663167464 2.2123130155600887
1.2832013857395057 103.85124712312336 2.420236139585048
1.283208092549268 103.8512479204652 3.11822577987164
1.2832137501324967 103.85124859306929 3.707355180582122
1.2832189606973528 103.85124921252942 4.250093101309968
1.2832256727267062 103.85125001049177 4.949285573459754
1.2832304266820993 103.85125057566769 5.444442209728815
1.2832381000069042 103.851251487914 6.243351167939953
1.283245855945394 103.85125240998187 6.849084215503797
1.2832546942240586 103.85125346072415 6.849084215503391
1.2832631663661638 103.85125446793813 6.849084215503391
1.2832687776934764 103.85125492345976 6.578952046174697
1.283276182027684 103.85125546478176 6.146123468290889
1.2832840905925582 103.85125604296745 5.683744548239015
1.2832895965575455 103.85125644550193 5.361820517937421
1.2832962287672336 103.8512569303748 4.974063863801293
1.2833024802628947 103.85125738741411 4.608612884299059
1.2833094621513024 103.85125789785155 4.234130322753286
1.283318084711581 103.8512585282365 4.2341303227532485
1.2833231879726084 103.85125890132973 4.234130322753286
1.2833312040437002 103.85125948737496 4.234130322753286
1.2833399963753178 103.85126013017162 4.234130322753286
1.2833473693765642 103.85126066920277 4.2341303227532485
1.283354188887316 103.85126116776888 4.234130322753286
1.283360666652467 103.85126164135036 4.234130322753286
1.283369068454919 103.85126225559586 4.2341303227532485
1.28337381895519 103.8512626028991 4.2341303227532485
1.2833804326137586 103.85126308641557 4.2341303227532485
1.2833873680523544 103.85126359345693 4.234130322753286
1.283393782289817 103.85126406239395 4.234130322753286
1.283401426139894 103.8512646212264 4.234130322753286
1.2834077409064915 103.85126508289119 4.234130322753286
1.2834136689453877 103.85126551628275 4.234130322753286
1.2834217014315221 103.85126610352786 4.2341303227532485
1.2834293438901798 103.85126666225851 4.234130322753286
1.2834343608940497 103.85126702919698 4.234324637223955
1.2834405384382965 103.85126748141732 4.235078306692129
1.28344837626212 103.8512680551766 4.236034532706952
1.2834570561621648 103.8512686905791 4.237093493257338
1.2834627051226253 103.85126910410501 4.237782674727399
1.2834686075884854 103.8512695361885 4.238502784228499
1.2834743710693488 103.85126995809773 4.239205937355292
1.2834825384971027 103.85127055598521 4.239587653862603
1.2834877612883766 103.85127093831385 4.239587653862603
1.2834925956665832 103.8512712902141 4.237029575221137
1.283497402784494 103.8512713693645 3.8872474132519677
1.2835034154210059 103.85127146836405 3.4496163620527778
1.2835122054088604 103.85127161309332 2.809672442529304
1.283518014169664 103.85127170873598 2.3867353705603267
1.2835243742808353 103.85127181345675 1.9236836106488566
1.2835300749251581 103.85127190731922 1.5087188475027524
1.283536424378748 103.85127201186447 1.046663163257029
1.2835429970770527 103.85127212008548 0.9751531430923891
1.283550149311443 103.85127223784869 0.9751531430923763
1.2835572119934007 103.85127235413735 0.9751531430923891
1.283561702548843 103.85127242807538 0.9751531430923891
1.2835669950557214 103.8512725152177 0.9751531430923891
1.283573158027835 103.85127261669241 0.9751531430927071
1.2835798636097404 103.85127272710129 0.9751531430927198
1.2835886348237238 103.85127287152126 0.9751531430923763
1.2835968426397495 103.85127300666473 0.9751531430927071
1.2836025902852237 103.85127310130095 0.9751531430923891
1.2836085381160491 103.85127319923323 0.9751531430927198
1.2836149553710237 103.85127330489469 0.9751531430927198
1.2836201937941547 103.85127339114642 0.9751531430927071
1.283628111027273 103.85127352150528 0.9751531430923763
1.2836340835424516 103.85127361984397 0.9751531430927198
1.283640348678274 103.85127372300069 0.9751531430927198
