49890790
1.2820986917850608 103.85222512177454 122.6765059054993
1.2820961072282722 103.85222912926173 122.6765059054993
1.2820936138080417 103.85223299543699 122.6765059054996
1.2820909138909198 103.85223718179623 122.6765059054993
1.2820861361611076 103.85224458990994 122.6765059054993
1.2820815814642181 103.85225165219967 122.67650590549992
1.2820784153528009 103.85225656141678 122.67650590549992
1.2820756010993366 103.85226092506016 122.6765059054993
1.2820717446849195 103.85226690462717 122.6765059054993
1.2820683250745746 103.85227220690714 122.67650590549965
1.282065330926837 103.85227684948566 122.67650590549965
1.2820624689412201 103.85228128714003 122.6765059054996
1.2820587507198884 103.85228705243142 122.6765059054993
1.2820551257492592 103.85229267313281 122.67650590549965
1.2820509529907473 103.8522991432071 122.67650590549965
1.2820483615123464 103.85230316142614 122.6765059054993
1.282043576951474 103.85231058013096 122.6765059054996
1.2820391467955539 103.85231744931285 122.6765059054993
1.282035457085303 103.852323170396 122.67650590549965
1.282032542498147 103.85232768961143 122.6765059054996
1.2820291816420015 103.8523329007895 122.6765059054993
1.2820248070512201 103.85233968381456 122.6765059054998
1.282020034653678 103.85234708365911 122.67650590549943
1.2820161207936944 103.85235315229752 122.67650590549943
1.2820113624097065 103.8523605304132 122.67650590549943
1.2820065618985645 103.85236797384906 122.67650590549943
1.2820032841213396 103.85237305620873 122.6765059054998
1.2820003390108943 103.85237762275167 122.6765059054998
1.2819966965908693 103.85238327050841 122.6765059054993
1.2819937166807873 103.85238789100988 122.67650590549943
1.2819893183158126 103.85239471089743 122.67650590549943
1.28198500542355 103.85240139825514 122.6765059054998
1.281980909181563 103.85240774968555 122.67650590549943
1.2819775463271272 103.85241296396143 122.67650590549943
1.2819738236062295 103.8524187362284 122.67650590549965
1.2819709178638663 103.8524232417288 122.6765059054998
1.2819668323938929 103.85242957645644 122.67650590549943
1.2819640774063639 103.85243384820379 122.6765059054998
1.281961162289416 103.85243836823986 122.6765059054998
1.281956709947718 103.85244527182049 122.6765059054993
1.2819527582516066 103.85245139912479 122.67650590549965
1.2819487485445213 103.85245761637796 122.6765059054993
1.2819462636466632 103.85246146933746 122.6765059054998
1.2819427593694785 103.85246690289597 122.67650590549943
1.2819385152311018 103.85247348364653 122.6765059054998
1.281933805999931 103.85248078554685 122.6765059054996
1.2819297594411436 103.85248705994015 122.6765059054998
1.281926364641743 103.85249232374763 122.6765059054998
1.2819216051916456 103.8524997035147 122.67650590549943
1.2819190578617814 103.85250365327789 122.67650590549943
1.281914535643773 103.85251066520452 122.6765059054996
1.2819103657795334 103.85251713078883 122.6765059054993
1.281906669865624 103.85252286148925 122.67650590549943
1.2819023973115127 103.85252948629925 122.67650590549943
1.2818981554602975 103.85253606350277 122.6765059054998
1.2818935032866747 103.85254327693175 122.67650590549965
1.2818894741235165 103.85254952435162 122.67650590549965
1.2818865085057927 103.85255412269085 122.6765059054993
1.2818840087228947 103.85255799872972 122.6765059054993
1.2818799061725257 103.85256435994002 122.6765059054998
1.2818763376792528 103.85256989306791 122.67650590549943
1.2818717910910977 103.85257694278093 122.6765059054998
1.2818677779070682 103.85258316542402 122.6765059054996
1.2818646629002601 103.85258799539825 122.67650590549943
1.2818614694433272 103.8525929470133 122.67650590549965
1.281856774578718 103.85260022663611 122.67650590549943
1.2818519781745044 103.8526076637011 122.67650590549943
1.2818493291678186 103.85261177111862 122.6765059054996
1.281844694042325 103.85261895811274 122.67650590549943
1.2818411752471703 103.85262441418071 122.6765059054993
1.2818378839208044 103.85262951754692 122.67650590549943
1.2818352035752443 103.85263367355678 122.6765059054993
1.2818316325840038 103.85263921055729 122.6765059054993
1.281828814587574 103.85264358000163 122.67650590549943
1.2818261282665175 103.85264774527673 122.67650590549943
1.281821686726838 103.85265463210592 122.67650590549943
1.281816952001893 103.85266197353347 122.6765059054993
1.2818139067540086 103.85266669534239 122.67650590549943
1.28180940367154 103.85267367759657 122.6765059054996
1.281806113674703 103.85267877890088 122.67650590549943
1.2818025949083185 103.85268423492373 122.6765059054993
1.2817978511429338 103.85269159036858 122.6765059054998
