289205958
1.3038694805859619 103.87819364292983 157.17653536128105
1.3038614581992833 103.87819700155755 157.17653536127992
1.303854681342144 103.8781998387357 157.17653536128054
1.3038503977733196 103.8782016320814 157.17653536127992
1.303845190747564 103.87820381203872 157.17653536127992
1.303840814357429 103.87820564424469 157.17653536128054
1.3038340765661243 103.87820846506753 157.17653536128054
1.303827258745875 103.87821131939499 157.17653536127992
1.30382297194791 103.87821311409252 157.17653536128054
1.3038173576565721 103.87821546455426 157.17653536128105
1.303810544898852 103.8782183167622 157.17653536128054
1.3038063232592372 103.87822008418067 157.17653536128054
1.3038013724852435 103.87822215685625 157.17653536128043
1.3037967425029142 103.87822413032391 157.13522430557603
1.3037911645256282 103.87822659686529 156.98067838548437
1.303784876189278 103.87822937752229 156.80644450326503
1.303776669144918 103.87823300661812 156.57904297264795
1.3037710892272938 103.8782354740174 156.42443414196003
1.3037641744440536 103.8782385316846 156.2328426426951
1.303758582332383 103.87824100447597 156.07790498319065
1.3037520632708188 103.87824388715784 156.03377791495592
1.3037470925947319 103.87824608515483 156.03377791495592
1.3037394819589727 103.87824945052283 156.03377791495654
1.303733951767328 103.8782518959335 156.03377791495592
1.3037278681303177 103.87825458607365 156.033777914956
1.3037204418478134 103.87825786992188 156.033777914956
1.3037150555742711 103.87826025169292 156.03377791495544
1.3037106289694986 103.87826220910539 156.03377791495592
1.3037060451146232 103.87826423605269 156.03377791495654
1.3036996859324912 103.87826704803676 156.03377791495592
1.3036928366360858 103.87827007674576 156.03377791495592
1.3036872281246208 103.87827255678866 156.03377791495592
1.303682021642122 103.87827485905729 156.03377791495592
1.303676420758341 103.87827733572723 156.03377791495544
1.303671502000983 103.87827951076585 156.03377791495592
1.303665408553985 103.87828230639317 155.91573109826822
1.3036592812364822 103.87828516917038 155.73678870175567
1.3036519918350364 103.8782885748911 155.5239014413814
1.3036453209221603 103.87829169164438 155.3290749223031
1.3036411078035435 103.87829366007827 155.20603021268943
1.3036364811548458 103.8782958217198 155.07091079995496
1.3036295678220686 103.8782990517353 154.86901775396015
1.3036252900906755 103.87830105035724 154.8406980839675
1.3036192172942633 103.87830388766115 154.84069808396808
