1.3059323528798412 103.9209417289672 164.73076208098536 14.723400000000002 1.0
1.305843153806838 103.92096596384296 164.73076208098524 10.223400000000002 2.0
1.3057559038951534 103.92098966913838 164.73076208098536 10.0 3.0
1.3056686539818159 103.92101337442985 164.73076208098536 10.0 4.0
1.305581404066825 103.9210370797174 164.73076208098524 10.0 5.0
1.3054941541501814 103.92106078500099 164.73076208098536 10.0 6.0
1.3054069042318854 103.92108449028066 164.73076208098536 10.0 7.0
1.3053196543119356 103.92110819555639 164.73076208098536 10.0 8.0
1.3052324043903345 103.92113190082821 164.730762080985 10.0 9.0
1.305145673447101 103.92115719946769 162.59496521855812 10.0 10.0
1.3050648750247034 103.9211976421181 153.46639546055079 10.0 11.0
1.3049850271767045 103.92123952778499 150.91381809840732 10.0 12.0
1.3049130021430306 103.92129386488259 142.67553903549663 10.0 13.0
1.3048524414663605 103.92136062368103 132.05355261998764 10.0 14.0
1.3048215490601314 103.92144395951162 106.69924423399381 10.0 15.0
1.3048061672093612 103.92153182517987 93.07554875428313 10.0 16.0
1.3048098399760493 103.92162081168517 82.80944875955466 10.0 17.0
1.3048327643508706 103.92170775137502 75.34386244985204 10.0 18.0
1.304855688723981 103.92179469106881 75.34386244985204 10.0 19.0
1.30487861309538 103.92188163076648 75.3438624498522 10.0 20.0
1.304901531492017 103.92196857233562 75.35178565190594 10.0 21.0
1.3048964426815943 103.92206282494264 75.38924701479115 10.0 22.0
1.3049192988457754 103.92214978691906 75.38924701479162 10.0 23.0
1.304942155008239 103.92223674889944 75.38924701479145 10.0 24.0
1.3049650111689852 103.92232371088369 75.38924701479145 10.0 25.0
1.3049878673280142 103.92241067287182 75.38924701479162 10.0 26.0
1.305010723485326 103.92249763486387 75.38924701479115 10.0 27.0
1.3050335796409205 103.9225845968598 75.38924701479145 10.0 28.0
1.3050564357947967 103.92267155885968 75.38924701479162 10.0 29.0
1.3050792919469554 103.92275852086341 75.38924701479145 10.0 30.0
1.3051023339202534 103.92284518404175 75.07322027871288 10.0 31.0
1.305126050965436 103.92293177970086 74.69431682413105 10.0 32.0
1.3051499671020055 103.92301846032964 74.69431682413105 10.0 33.0
1.3051738832369326 103.92310514096236 74.69431682413105 10.0 34.0
1.3051977993702166 103.92319182159903 74.69431682413105 10.0 35.0
1.3052217155018566 103.92327850223964 74.69431682413105 10.0 36.0
1.3052456316318535 103.92336518288417 74.69431682413105 10.0 37.0
1.3052695477602068 103.92345186353262 74.69431682413105 10.0 38.0
1.3052934638869165 103.92353854418499 74.69431682413105 10.0 39.0
1.305317380011982 103.92362522484132 74.69431682413136 10.0 40.0
1.3053412961354034 103.92371190550156 74.69431682413105 10.0 41.0
1.30536521225718 103.92379858616574 74.69431682413105 10.0 42.0
1.3053891283773122 103.92388526683386 74.69431682413105 10.0 43.0
1.3054130444958003 103.9239719475059 74.69431682413105 10.0 44.0
1.3054369606126435 103.92405862818188 74.6943168241314 10.0 45.0
1.3054608767278415 103.92414530886178 74.6943168241314 10.0 46.0
1.3054847928413944 103.92423198954562 74.69431682413105 10.0 47.0
1.305508708953302 103.92431867023339 74.69431682413105 10.0 48.0
1.3055326250635642 103.92440535092507 74.69431682413105 10.0 49.0
1.3055565411721806 103.92449203162072 74.69431682413105 10.0 50.0
1.3055804572791516 103.92457871232028 74.69431682413136 10.0 51.0
1.3056043733844764 103.92466539302376 74.69431682413105 10.0 52.0
1.3056282894881548 103.92475207373116 74.69431682413105 10.0 53.0
1.3056522055901874 103.9248387544425 74.69431682413105 10.0 54.0
1.3056761216905732 103.92492543515777 74.69431682413105 10.0 55.0
