121902741
1.272255957156074 103.83319381345132 271.7163399880196
1.2722562197460543 103.83318497310825 271.7163399880196
1.2722564793835582 103.8331762321621 271.7163399880196
1.2722566842094971 103.83316933649924 271.7163399880196
1.2722569084627045 103.83316178679792 271.7163399880196
1.2722571556576572 103.83315346473961 271.7163399880196
1.2722573619024866 103.83314652130629 271.7163399880196
1.2722576040076605 103.83313837059868 271.7163399880196
1.2722578469445993 103.83313019188799 271.7163399880196
1.272258074754455 103.83312252244457 271.7163399880196
1.2722583046684381 103.83311478216282 271.7163399880196
1.2722585307575258 103.8331071706492 271.7163399880196
1.2722587597774861 103.83309946046401 271.7163399880196
1.2722589135735036 103.83309428276738 271.7163399880196
1.272259132334601 103.83308691795578 271.7163399880196
1.272259270736934 103.83308225850213 271.7163399880196
1.2722594155740148 103.83307738241594 271.7163399880196
1.2722596053117134 103.83307099470474 271.71633998801894
1.2722597701000096 103.83306544693993 271.71633998801894
1.2722600305249108 103.83305667947111 271.7163399880196
1.2722602406645263 103.83304960490676 271.7163399880196
1.2722603902611114 103.83304456858482 271.7163399880196
1.2722606065125315 103.83303728825913 271.71633998801894
1.2722608655718481 103.8330285667608 271.7163399880196
1.272261131039767 103.83301962950922 271.7163399880196
1.2722612967514073 103.83301405065518 271.7163399880196
1.2722615433510733 103.83300574862122 271.71633998801894
1.27226174934363 103.83299881366707 271.7163399880196
1.27226195111524 103.83299202081487 271.7163399880196
1.272262124738387 103.83298617560958 271.7163399880196
1.2722623010802647 103.83298023887491 271.7163399880196
1.2722625023588126 103.83297346262044 271.7163399880196
1.2722627062225993 103.83296659933053 271.7163399880196
1.2722629585480663 103.83295810452609 271.7163399880196
1.2722631619981022 103.83295125516412 271.7163399880196
1.272263321116585 103.83294589827065 271.7163399880196
1.272263554918335 103.83293802708458 271.7163399880196
1.2722636910622804 103.83293344365262 271.7163399880196
1.272263874121655 103.83292728076196 271.7163399880196
1.2722640134050185 103.8329225916374 271.71633998801894
1.2722641871522182 103.83291674225029 271.7163399880196
1.2722643573660573 103.83291101181712 271.7163399880196
1.2722646158897275 103.83290230833698 271.7163399880196
1.2722648548171946 103.83289426458344 271.7163399880196
1.2722651025894884 103.83288592305823 271.71633998801894
1.272265305259864 103.83287909993771 271.7163399880196
1.272265537303611 103.83287128792966 271.71633998801894
1.2722657541827966 103.83286398645251 271.71633998801894
1.2722659992329717 103.83285573656705 271.7163399880196
1.2722661416173962 103.8328509430373 271.7163399880196
1.2722663981960631 103.83284230503085 271.71633998801894
1.272266580628917 103.8328361632251 271.7163399880196
1.272266815933374 103.83282824143704 271.7163399880196
1.2722670191355574 103.8328214004073 271.7163399880196
1.2722672839796387 103.83281248413287 271.71633998801894
1.272267528916729 103.83280423804878 271.7163399880196
1.2722677493793664 103.83279681592404 271.7163399880196
1.2722679112809023 103.83279136532472 271.71633998801894
1.272268062506766 103.83278627413368 271.7163399880196
1.272268735557587 103.83277864197841 272.2811252074764
1.27226982863943 103.83277398353262 273.4923987071671
1.272271012360943 103.83276893880283 274.80806846507784
1.2722727208908446 103.8327616574687 276.7115780565676
1.2722738082148686 103.83275702356116 277.92408391373505
1.2722748521899891 103.83275257439591 279.0878497939193
1.272276041598624 103.83274750542874 280.41202033914686
1.2722778227057192 103.83273991478812 282.3885573747051
1.2722793359463753 103.83273346572831 283.14903549268075
1.2722813255024465 103.83272498672912 283.1490354926809
1.2722829059146672 103.8327182514004 283.14903549268075
1.2722839659143155 103.83271373394217 283.14903549268075
1.2722851337925796 103.83270875673172 283.1490354926809
1.2722867287506598 103.83270195941186 283.14903549268075
1.2722886577155923 103.83269373863662 283.14903549268075
1.2722902709385011 103.83268686347633 283.14903549268075
1.2722920878920956 103.83267912006569 283.1490354926809
1.2722941177284182 103.8326704694009 283.14903549268075
1.2722958759967096 103.83266297609235 283.1490354926809
1.2722971446382194 103.83265718598464 283.0382101203005
1.2722988447114527 103.83264924251216 282.836423545857
1.2723003117919613 103.83264238768164 282.6622864423198
1.272301780537751 103.83263552507015 282.48795033318174
1.272303252374432 103.83262864801654 282.3132492349086
1.2723045520363319 103.83262257543744 282.15898875862274
1.272305781650064 103.8326168301534 282.0305960965378
1.2723070274208765 103.83261100937644 282.0305960965378
1.272308366086222 103.8326047545562 282.0305960965378
1.2723100977586255 103.83259666343781 282.0305960965378
1.2723116423956096 103.83258944622925 282.0305960965378
1.2723127087489818 103.83258446376743 282.0305960965378
1.2723143455369683 103.83257681598948 282.03059609653764
1.2723157540774108 103.8325702346822 282.0305960965378
1.272316868669026 103.83256502683031 282.0305960965378
1.2723187920194956 103.8325584518078 282.66945424070497
1.272320443100787 103.8325534647931 283.3927114395067
1.2723228068277643 103.83254632526493 284.4290518114006
1.27232523638811 103.83253898689003 285.4947290556219
1.2723270066860657 103.8325336397867 286.271118393218
1.2723288782009168 103.83252798696235 287.09143742938255
1.272330389835339 103.83252342114018 287.75344400857216
1.2723319643034603 103.83251866553171 288.23412863323074
1.272333804364497 103.832513107712 288.2341286332305
1.2723362058711025 103.83250585407168 288.23412863322994
1.2723383039591991 103.83249951689298 288.23412863322994
1.2723403140794196 103.83249344541709 288.23412863323074
1.2723426366057882 103.83248643033272 288.2341286332305
1.2723440834934683 103.83248206007478 288.23412863323074
1.2723463743089807 103.83247514077145 288.23412863323074
1.2723485629914388 103.83246852995623 288.23412863322994
1.272350471733828 103.83246276468714 288.23412863322994
1.2723520641073807 103.83245798389108 288.2456215810861
1.272353682131598 103.83245312629437 288.2573834169456
1.2723554681770806 103.83244776426784 288.27036664564463
1.2723582765505306 103.83243933303065 288.29078144494986
1.2723609579018318 103.83243128313644 288.31027288632794
1.2723633422935376 103.83242412476773 288.32760564666177
1.272365392883436 103.83241796853146 288.3375990929987
1.2723674094333406 103.83241191448921 288.3375990929987
1.2723696774644087 103.83240510545565 288.3375990929987
1.2723722873362064 103.83239727015516 288.3375990929987
1.2723740143993962 103.83239208520345 288.3375990929985
1.2723767516704736 103.8323838674274 288.3375990929985
1.2723790227278293 103.83237704930804 288.3375990929985
1.2723815564340082 103.8323694426699 288.3375990929985
1.272383809772462 103.83236267774564 288.3375990929985
1.2723862799600536 103.8323552618015 288.3375990929985
1.2723890509324987 103.83234694284735 288.3375990929985
1.2723907287904115 103.8323419056182 288.3375990929985
1.272392653922258 103.83233612602848 288.3375990929987
1.272395040283256 103.83232896174637 288.3375990929987
1.2723967066268957 103.83232395908496 288.3375990929987
1.272398546164782 103.83231858664763 288.3976625665382
1.272401395736048 103.83231096401578 288.7705580394476
1.2724042713121324 103.83230327182065 289.1469078842146
1.2724060193733935 103.83229859573905 289.37570224301004
1.272407937605697 103.83229346444813 289.6267688889202
1.272411010084754 103.83228524553532 290.02888381946275
1.2724139793766958 103.83227730264898 290.40196754890576
1.2724156463406393 103.83227284350332 290.40196754890553
1.2724175812869696 103.83226766750197 290.40196754890513
1.2724201750532225 103.83226072915048 290.40196754890513
1.2724227950646605 103.83225372059276 290.40196754890576
1.2724246777648467 103.83224868435023 290.40196754890513
1.2724270149396928 103.8322424323832 290.40196754890513
1.2724287763463418 103.83223772060205 290.40196754890513
1.2724313236895428 103.83223090643233 290.40196754890513
1.2724340740200837 103.8322235492693 290.40196754890576
1.272435794500302 103.8322189469666 290.40196754890513
1.2724378139664954 103.83221354487327 290.40196754890576
1.2724397727750758 103.83220930345615 290.8445818572728
1.2724434870422971 103.83220128479712 291.6949716613764
1.2724457510003757 103.83219639718216 292.2135231318995
1.2724492893482202 103.8321887583119 293.02405415042716
1.2724527095174512 103.83218137457504 293.8073448093928
1.2724561489796402 103.83217394918691 294.5945873315767
1.272458347668823 103.83216920247949 294.73863627431683
1.2724603465616413 103.8321648871085 294.73863627431655
1.2724627383289184 103.83215972356844 294.73863627431626
1.2724663024172789 103.83215202912703 294.73863627431655
1.272468339956201 103.8321476303236 294.73863627431683
1.2724718397658739 103.83214007465205 294.73863627431683
1.2724746350746212 103.83213403991387 294.73863627431626
1.2724771969241393 103.83212850918626 294.738636274316
1.2724803861820566 103.83212162395868 294.73863627431655
1.27248376514222 103.8321143291865 294.738636274316
1.2724870459000834 103.83210724642129 294.73863627431683
1.2724902788441972 103.83210026688015 294.73863627431626
1.272492492023587 103.83209548888952 294.73863627431626
1.2724949817973112 103.83209011376465 294.73863627431655
1.2724971559879235 103.83208541994604 294.73863627431683
1.272500792019214 103.83207757018748 294.73863627431683
1.2725031910169524 103.83207239103696 294.73863627431626
1.2725070933587346 103.83206447809705 295.0109871569639
1.2725098598479347 103.8320589892349 295.2684153756365
1.2725121366877934 103.83205447186313 295.4802935930568
1.2725150586707872 103.83204867449291 295.7522148568527
1.2725185828410306 103.83204168235095 296.0801706834765
1.272522098868934 103.83203470636377 296.40734284285764
1.2725247802942024 103.83202938627272 296.62626459343795
1.2725268403353855 103.83202529904088 296.62626459343824
1.2725289234907615 103.83202116594924 296.62626459343824
1.2725328312593898 103.83201341272726 296.6262645934385
1.2725360445124758 103.8320070374612 296.62626459343824
1.2725397161640097 103.831999752708 296.62626459343824
1.2725417745951102 103.83199566867046 296.6262645934388
1.2725444245885775 103.83199041094147 296.62626459343824
1.2725480507802027 103.83198321638298 296.6262645934388
1.2725506422419626 103.83197807478393 296.62626459343795
1.2725541900628823 103.83197103571696 296.62626459343824
1.272557616424303 103.83196423763209 296.6262645934388
1.2725609190759892 103.83195768499388 296.6262645934391
1.2725638342890173 103.83195190105475 296.6262645934385
1.2725664680461255 103.83194667553917 296.62626459343824
1.2725689171915573 103.83194181630307 296.6262645934388
1.272572107233537 103.83193548708834 296.62626459343824
1.272576134906908 103.83192749596783 296.62626459343824
1.2725786664979362 103.83192247315507 296.6262645934391
1.2725819787922155 103.83191590138503 296.6262645934388
1.2725856382013796 103.83190864092028 296.6262645934388
1.2725884544926354 103.83190305324678 296.62626459343824
1.272592588212616 103.83189567355585 297.09475736305467
1.272595930728279 103.83188979379929 297.5235413397492
1.2725999443004972 103.83188273359968 298.0384841377783
1.2726038815960918 103.83187580757676 298.5436437724074
1.2726079918609328 103.83186857728683 299.07091335590684
1.272610807888801 103.83186362366484 299.43206283531623
1.2726150677332142 103.83185613025212 299.48432211692966
1.2726184492106933 103.8318501819582 299.48432211692966
1.2726224063076024 103.8318432211028 299.48432211693023
1.2726250271843191 103.83183861076739 299.48432211692966
1.272629351976178 103.83183100310653 299.4843221169299
1.272633002116625 103.83182458221232 299.48432211692966
1.2726362070040997 103.83181894455429 299.48432211692966
1.27263994752172 103.83181236467914 299.48432211693023
1.2726443898695288 103.83180455022746 299.48432211692966
1.2726477429799214 103.83179865183305 299.48432211693023
1.2726512735051256 103.8317924413515 299.48432211692966
1.272653556990877 103.83178842451392 299.4843221169299
1.2726565022989182 103.83178324347695 299.48432211693023
1.2726596303639925 103.83177774095542 299.4843221169299
1.2726628160757292 103.83177213702865 299.48432211693023
1.2726667897257375 103.83176514705413 299.48432211692966
1.2726695502973808 103.83176039930737 299.55213474448436
1.272672272976235 103.83175615882926 299.895837318354
1.2726769986555124 103.83174879874726 300.4925706899791
1.272680749879616 103.83174295634541 300.9663433299493
1.2726840670986899 103.83173778989132 301.3853104404678
1.2726886263710264 103.83173068898218 301.96107736115215
1.2726915034689181 103.83172620800154 302.32432101204523
1.272696332547367 103.83171868687852 302.56097832386234
1.2727009698367884 103.83171146446023 302.56097832386257
1.2727049902539234 103.83170520279914 302.56097832386234
1.2727087125485224 103.83169940545359 302.5609783238629
1.2727127412644204 103.83169313086738 302.56097832386234
1.2727166727400967 103.83168700772937 302.56097832386234
1.272721248295415 103.83167988145942 302.56097832386234
1.2727257592935322 103.83167285573502 302.5609783238629
1.2727294460690752 103.83166711370887 302.5609783238629
1.2727334196789855 103.83166092494801 302.5609783238629
1.2727362378061737 103.83165653581173 302.56097832386234
1.2727409651850694 103.83164917308144 302.56097832386234
1.2727436557444582 103.83164498262752 302.5609783238629
1.2727480736783268 103.8316381018471 302.5609783238629
1.272751536408274 103.83163270876398 302.5609783238629
1.2727549482322722 103.83162739496505 302.5609783238629
1.2727576353848127 103.83162320981707 302.56097832386234
1.272762226088863 103.83161605995275 302.5609783238629
1.2727656341341327 103.83161075203896 302.56097832386234
1.2727699035352569 103.83160410259282 302.5609783238629
1.2727745874494594 103.83159697662674 302.6767280607355
1.272779311592429 103.8315906014852 303.34966757738744
1.2727824843137472 103.83158631995782 303.8017976111523
1.2727857861991712 103.83158186412585 304.27242242306227
1.272789054931928 103.83157745303276 304.73834900280076
1.272794129629001 103.83157060482488 305.4616069427784
1.2727975230551936 103.83156602546026 305.945084898528
1.2728009013297317 103.83156146654247 306.3882761842892
1.2728035907940065 103.83155783716114 306.3882761842892
1.2728086703325343 103.8315509824196 306.3882761842892
1.2728126356838283 103.83154563125265 306.3882761842892
1.2728173813019112 103.83153922713034 306.38827618428974
1.2728206356084895 103.83153483550478 306.3882761842892
1.2728248791333319 103.83152910894773 306.3882761842892
1.2728284049825318 103.83152435088046 306.3882761842892
1.2728332791169854 103.83151777332745 306.3882761842892
1.27283718256272 103.83151250570063 306.38827618428957
1.2728422412395428 103.83150567911105 306.3882761842892
1.272847212193829 103.83149897090128 306.38827618428974
1.2728504809204573 103.83149455981587 306.3882761842892
1.272854447042819 103.83148920760789 306.3882761842892
1.272859184811235 103.83148281407794 306.38827618428957
1.272864059534812 103.8314762357295 306.3882761842892
1.2728667503741617 103.83147260449199 306.38827618428957
1.2728702215887922 103.8314679201526 306.38827618428957
1.2728731113952012 103.83146402041271 306.38827618428957
1.2728781350720941 103.83145724105432 306.38827618428974
1.2728811427595066 103.83145318223617 306.38827618428974
1.272884750118613 103.83144831417216 306.38827618428957
1.272888163621152 103.83144370771397 306.3882761842892
1.2728934970312957 103.8314365103761 306.38827618428957
1.272897198503207 103.8314315153085 306.3882761842901
1.2729015659699527 103.83142562149314 306.3882761842901
1.2729052671504464 103.83142062681873 306.38827618428974
1.2729090193642583 103.83141610806713 306.79953921115924
1.2729142629119532 103.83141015650405 307.64903672051304
1.27292004416223 103.83140359463445 308.58622154698634
1.2729250006343553 103.83139796890949 309.389816124794
1.2729303234079123 103.83139192742279 310.25253488431696
1.2729343097301629 103.8313874028431 310.89823274200336
1.2729377982587928 103.83138344327212 311.2235032295523
1.2729423675241545 103.83137825703673 311.2235032295523
1.2729466063811483 103.8313734458234 311.2235032295523
1.2729516430616243 103.83136772905956 311.22350322955185
1.272955883193595 103.83136291639903 311.22350322955236
1.2729589295370822 103.83135945871956 311.2235032295523
1.2729648353008147 103.83135275552337 311.2235032295523
1.2729703451062826 103.83134650175009 311.22350322955236
1.2729758103608362 103.83134029854315 311.22350322955185
1.27297917162272 103.83133648342294 311.22350322955236
1.2729830720379893 103.83133205634951 311.22350322955236
1.2729890048094283 103.83132532249851 311.22350322955276
1.272992462851301 103.83132139753037 311.22350322955236
1.2729957704686223 103.83131764329802 311.22350322955236
1.2730013255344754 103.83131133815262 311.22350322955276
1.2730043277138934 103.83130793060022 311.22350322955276
1.2730089436125966 103.83130269143408 311.2235032295523
1.2730130002802962 103.83129808700974 311.22350322955185
1.2730174156356233 103.8312930754655 311.2235032295523
1.2730207739863226 103.83128926364924 311.2235032295523
1.2730250978981201 103.83128435589573 311.2235032295523
1.273030778947143 103.83127790775573 311.22350322955236
1.273036066654072 103.83127190606932 311.2235032295523
1.2730400647935813 103.83126736807579 311.22350322955276
1.2730458012628305 103.83126085703218 311.22350322955276
1.273050587394422 103.83125542464677 311.2235032295523
1.2730537071050367 103.83125188369304 311.22350322955236
1.2730589847497185 103.83124589342725 311.22350322955276
1.2730647578382803 103.83123934081952 311.2235032295523
1.2730705352188987 103.83123278334013 311.2235032295523
1.2730763596663084 103.8312261724386 311.2235032295523
1.2730799897905145 103.83122205215179 311.2235032295523
1.2730838156883257 103.83121770965673 311.22350322955236
1.2730883179050068 103.83121259952183 311.2235032295523
1.2730918831173752 103.83120855291159 311.2235032295523
1.2730959292757864 103.8312039604148 311.22350322955276
1.273100035881314 103.83119929930892 311.2235032295523
1.2731048645766287 103.83119381861198 311.22350322955276
1.2731085747584958 103.83118960745738 311.2235032295523
1.2731124154575137 103.8311852481623 311.2235032295523
1.2731169862544574 103.83118006018671 311.2235032295523
1.2731214882160398 103.83117495034104 311.2235032295523
1.2731248842188534 103.83117109578782 311.22350322955276
1.2731280212363787 103.83116753518975 311.22350322955276
1.27313296662564 103.8311619220418 311.2235032295523
1.273137553538358 103.83115671577416 311.2235032295523
1.273141359211045 103.83115239623466 311.22350322955236
1.2731469202983734 103.83114608425288 311.22350322955185
1.2731514884553723 103.83114089927334 311.2235032295523
1.2731548636345307 103.8311370683553 311.22350322955236
1.2731590748781472 103.83113228848185 311.22350322955236
1.2731631698816863 103.83112764054395 311.2235032295523
1.2731684000888457 103.83112170411971 311.22350322955276
1.2731723410690172 103.83111723100234 311.22350322955276
1.2731753803569048 103.83111378132968 311.22350322955276
1.2731787969755533 103.83110990337654 311.22350322955276
1.27318198223575 103.83110628802137 311.2235032295523
1.2731861471113592 103.83110156077659 311.22350322955236
1.2731918320309936 103.83109510824129 311.22350322955236
1.2731950803702228 103.83109142128964 311.22350322955185
1.273200058939549 103.83108577048066 311.2235032295523
1.2732057221139526 103.8310793426266 311.22350322955185
1.2732115114610816 103.83107277156303 311.22350322955236
1.2732167447378446 103.83106683165413 311.22350322955236
1.2732214925780134 103.83106144272867 311.22350322955276
1.2732247994505845 103.83105768933987 311.2235032295523
1.273229064373257 103.8310528485386 311.2235032295523
1.2732322027602325 103.83104928638544 311.2235032295523
1.2732366009156901 103.83104429436132 311.2235032295523
1.2732418629499773 103.83103832181155 311.2235032295523
1.2732451550586499 103.83103458518003 311.22350322955276
1.2732498768491767 103.83102922582133 311.22350322955276
1.2732547142435036 103.83102373524913 311.22350322955236
1.2732586667205041 103.83101924908179 311.22350322955276
1.2732621507398854 103.83101529462635 311.22350322955236
1.2732679742976334 103.83100868473208 311.22350322955236
1.2732722752025087 103.83100380308963 311.22350322955276
1.2732773408418796 103.83099805345292 311.22350322955276
1.2732814020032983 103.83099344392564 311.22350322955276
1.2732856905417893 103.83098857631923 311.2235032295523
1.2732891250737874 103.83098467803309 311.2235032295523
1.2732926192637266 103.83098071203358 311.2235032295523
1.2732961972548702 103.8309766509174 311.22350322955236
1.273301774194189 103.83097032094123 311.2235032295521
1.2733051077582833 103.83096653725627 311.2235032295521
1.2733086412395538 103.8309625266599 311.2235032295523
1.2733135679435665 103.83095693471816 311.2235032295521
1.2733180456326434 103.83095185242043 311.2235032295523
1.2733236315968715 103.83094551220047 311.22350322955276
1.2733281489545567 103.83094038487769 311.2235032295523
1.273331953781014 103.83093606629703 311.22350322955253
1.2733353536550263 103.83093220734828 311.2235032295521
1.2733385169077702 103.83092861697104 311.22350322955253
1.2733423259397216 103.83092429361696 311.22350322955276
1.2733459625418162 103.83092016597534 311.2235032295521
1.2733517195964092 103.83091363156286 311.22350322955236
1.2733569656218806 103.83090767718217 311.22350322955276
1.2733606367465262 103.8309035103564 311.2235032295521
1.2733642211868388 103.83089944191971 311.2235032295523
1.2733697011156404 103.83089322205224 311.2235032295523
1.2733741115833037 103.83088821605206 311.22350322955276
1.273379402404822 103.83088221082636 311.2235032295523
1.2733849366816186 103.83087592927225 311.22350322955253
1.273390811009803 103.83086926175054 311.2235032295523
1.2733966909916663 103.83086258781167 311.2235032295521
1.2734019716606573 103.8308565941091 311.22350322955276
1.2734054261793244 103.83085267313663 311.2235032295523
1.2734089478123418 103.83084867598755 311.22350322955236
1.2734131063423473 103.83084395594307 311.2235032295523
1.273416610607881 103.83083997850649 311.22350322955276
1.2734201752771837 103.83083593250996 311.2235032295521
1.273424999374412 103.83083045702845 311.22350322955253
1.273430275951545 103.8308244679699 311.2235032295523
1.2734334757390342 103.83082083612408 311.2235032295521
1.2734385481650834 103.83081507878245 311.22350322955253
1.2734440499250375 103.83080883413511 311.2235032295521
1.2734494100461249 103.83080275025168 311.22350322955236
1.2734531341672701 103.8307985232727 311.22350322955253
1.2734581290722211 103.8307928539194 311.2235032295523
1.2734639700414936 103.83078622426001 311.2235032295523
1.2734686789279155 103.83078087954543 311.22350322955236
1.2734734963987662 103.83077541158454 311.22350322955236
1.2734775710897297 103.83077078669902 311.2235032295523
1.273482708954135 103.8307649550826 311.22350322955276
1.2734884204725163 103.83075847235315 311.2235032295523
1.2734925653346314 103.83075376782135 311.2235032295523
1.2734971494633043 103.83074856470992 311.22350322955253
1.2735004520289877 103.83074481620751 311.2235032295523
1.2735061642805967 103.83073833264561 311.22350322955276
1.273509901827489 103.83073409042757 311.2235032295521
1.2735143128874786 103.83072908375367 311.2235032295523
1.2735193701260934 103.83072334364928 311.22350322955253
1.2735240423258536 103.8307180405745 311.22350322955276
1.2735281471911226 103.83071338143985 311.22350322955236
1.2735312593210943 103.83070984908699 311.22350322955253
1.2735367186032158 103.83070365265198 311.22350322955236
1.2735402730525074 103.8306996182545 311.22350322955276
1.273543917748848 103.83069548142406 311.22350322955276
1.2735494543124233 103.83068919727233 311.22350322955185
1.2735534476647907 103.83068466470768 311.2235032295523
1.273557085203931 103.83068053600078 311.22350322955253
1.2735624367532172 103.83067446184519 311.2235032295523
1.2735668477502515 103.83066945524222 311.22350322955236
1.2735721237815403 103.83066346680152 311.22350322955253
1.273577326966753 103.83065756104307 311.22350322955253
1.2735826552351257 103.83065151331172 311.2235032295523
1.2735878080433423 103.83064566473242 311.2235032295523
1.273590968847125 103.83064207713299 311.2235032295523
1.2735966337061204 103.83063564736185 311.2235032295523
1.273602295297702 103.83062922129922 311.2235032295521
1.2736071162442688 103.8306237493918 311.22350322955276
1.2736116878377497 103.830618560507 311.2235032295523
1.2736160182735519 103.83061364534277 311.2235032295523
1.2736203114374256 103.83060877248316 311.22350322955276
1.2736253578227494 103.83060304469632 311.2235032295523
1.2736283890053208 103.83059960422031 311.22350322955276
1.2736332357086162 103.83059410307803 311.22350322955253
1.2736379097067667 103.8305887979608 311.22350322955276
1.2736418964587235 103.83058427288698 311.22350322955185
1.2736452092628507 103.8305805127626 311.2235032295523
1.2736502101991154 103.83057483656142 311.2235032295521
1.2736534306129497 103.83057118130252 311.2235032295523
1.273659289011202 103.83056453185812 311.22350322955276
1.2736632242744952 103.83056006522517 311.22350322955253
1.2736686915747573 103.83055385968773 311.2235032295523
1.2736717284714347 103.83055041272574 311.22350322955253
1.2736755566514566 103.83054606763517 311.2235032295523
1.2736807335498224 103.83054019171178 311.22350322955276
1.2736862080495859 103.83053397800248 311.22350322955276
1.2736916904809823 103.8305277552905 311.22350322955253
1.2736951564345296 103.83052382133688 311.2235032295523
1.273698161108151 103.83052041094876 311.22350322955236
1.2737028515664301 103.83051508714814 311.2235032295523
1.2737064511399712 103.83051100153203 311.22350322955236
1.273710960226345 103.83050588359347 311.2235032295523
1.2737143768915264 103.83050200558337 311.2235032295523
1.2737188214506496 103.83049696088497 311.22350322955253
1.2737228995699719 103.83049233210593 311.2235032295523
1.2737272201624454 103.83048742811305 311.22350322955253
1.2737311451150628 103.8304829731824 311.2235032295523
1.273735484845656 103.83047804746715 311.22350322955236
1.2737397338016831 103.8304732247835 311.22350322955276
1.2737440569549514 103.8304683178839 311.22350322955253
1.2737474587573336 103.83046445674323 311.22350322955253
1.2737529041516733 103.83045827606855 311.22350322955253
1.2737579268808887 103.83045257513056 311.22350322955276
1.273762097051045 103.83044784187089 311.22350322955276
1.2737674866618056 103.83044172451197 311.2235032295523
1.2737713600285276 103.83043732813239 311.2235032295521
1.273777082741336 103.83043083269321 311.22350322955253
1.273780088797675 103.83042742073513 311.22350322955185
1.273783891689308 103.83042310434662 311.22350322955276
1.2737893587228477 103.83041689911043 311.2235032295523
1.273793542660631 103.83041215022381 311.22350322955276
1.2737967813967679 103.8304084741675 311.2235032295523
1.2738009928390828 103.83040369406238 311.22350322955276
1.2738048404554099 103.83039932690994 311.22350322955185
1.2738096798662812 103.83039383404282 311.2235032295523
1.2738140654881007 103.83038885623895 311.22350322955253
1.27381792894325 103.83038447110889 311.2235032295521
1.2738226584258732 103.83037910301327 311.2235032295523
1.2738269206700208 103.83037426524642 311.2235032295523
1.2738304820681379 103.83037022295944 311.22350322955276
1.273836243116967 103.83036368400704 311.2235032295523
1.27384090976583 103.83035838722932 311.2235032295523
1.2738440178931676 103.83035485941733 311.22350322955253
1.2738476985698217 103.83035068174574 311.22350322955276
1.2738534993791255 103.83034409766384 311.2235032295523
1.2738573102226827 103.83033977224908 311.2235032295521
1.2738611160741355 103.83033545250044 311.22350322955236
1.2738670392598765 103.83032872951766 311.2235032295521
1.2738700496080408 103.8303253126876 311.2235032295523
1.2738746596983241 103.83032008010512 311.2235032295523
1.2738789447617347 103.83031521643724 311.2235032295523
1.2738833028166918 103.83031026992185 311.2235032295523
1.2738888781779671 103.83030394172937 311.22350322955276
1.2738923197527325 103.83030003544481 311.22350322955276
1.2738956297419546 103.83029627851352 311.22350322955253
1.2739010562998314 103.83029011921694 311.2235032295523
1.2739054389169582 103.83028514482258 311.22350322955276
1.273911231483204 103.83027857009604 311.2235032295521
1.2739165260338725 103.83027256063119 311.2235032295523
1.2739215519813154 103.83026685603853 311.22350322955253
1.2739252975378887 103.83026260472575 311.2235032295523
1.2739296091143535 103.83025771096433 311.2235032295523
1.2739352465749103 103.8302513122868 311.2235032295521
1.2739400572677837 103.83024585201399 311.2235032295521
1.2739448872235046 103.83024036987725 311.2235032295521
1.273949082775136 103.8302356078071 311.2235032295523
1.2739532331790355 103.83023089698088 311.2235032295523
1.2739570686009614 103.83022654366809 311.2235032295523
1.2739620788726584 103.8302208568674 311.22350322955253
1.2739668571488068 103.83021543338819 311.2235032295521
1.2739709752520418 103.83021075922395 311.2235032295521
1.2739750456545818 103.83020613920135 311.22350322955276
1.2739789315045487 103.8302017286511 311.2235032295523
1.2739845057980614 103.83019540166936 311.22350322955253
1.273987751940841 103.83019171720491 311.2235032295523
1.273993055523047 103.83018569748808 311.22350322955253
1.2739978500248403 103.83018025559197 311.2235032295523
1.2740016817490682 103.83017590647579 311.22350322955276
1.2740063068651033 103.83017065683724 311.2235032295523
1.2740121540253364 103.83016402014366 311.22350322955253
1.2740160388905186 103.83015961071084 311.22350322955253
1.2740211148064735 103.83015384940137 311.2235032295523
1.274024563161643 103.83014993541981 311.2235032295523
1.2740290404445724 103.83014485357585 311.22350322955236
1.2740349230049401 103.83013817670177 311.2235032295521
1.2740394720924877 103.83013301335738 311.2235032295523
1.2740442446932503 103.83012759631907 311.22350322955276
1.2740481924097502 103.83012311554793 311.22350322955276
1.2740517530145252 103.83011907415965 311.22350322955276
1.2740574550881116 103.83011260214293 311.22350322955253
1.2740622935107688 103.83010711039469 311.2235032295523
1.2740655018214364 103.83010346887019 311.22350322955253
1.2740691233076444 103.8300993954397 311.2545746783439
1.274074919914236 103.83009327942993 311.6430568541179
1.2740791205770614 103.83008884730316 311.9246183950996
1.274083429685477 103.83008430075525 312.21346574525256
1.2740884831918455 103.83007896879167 312.55221366037995
1.2740927034589715 103.83007451598026 312.835093251519
1.2740981418275257 103.83006877794779 313.1995777832304
1.2741027565632876 103.83006390893173 313.3052127569301
1.2741072667268498 103.83005915024995 313.3052127569303
1.2741119569652672 103.83005420157082 313.3052127569301
1.274116946916447 103.83004893666413 313.3052127569301
1.2741216695547621 103.8300439537997 313.30521275693053
1.2741253748549022 103.83004004433064 313.30521275692985
1.2741313470112126 103.83003374309737 313.3052127569301
1.2741375537771928 103.8300271943269 313.3052127569303
1.2741412002225787 103.83002334695549 313.3052127569301
1.2741472641385567 103.8300169489062 313.3052127569301
1.2741511258753977 103.83001287438029 313.3052127569301
1.2741571056499494 103.83000656510868 313.3052127569303
1.274160541296392 103.83000294015147 313.3052127569303
1.2741664802373485 103.82999667396335 313.3052127569301
1.2741712536789522 103.82999163749578 313.3052127569303
1.274175003547896 103.82998768100173 313.3052127569301
1.2741811084004346 103.8299812397598 313.30521275693076
1.2741871496529564 103.82997486562229 313.3052127569301
1.2741933305424769 103.82996834415343 313.3052127569301
1.274197715575531 103.82996371749626 313.30521275693053
1.2742032290070782 103.82995790026352 313.3052127569301
1.2742069684521327 103.82995395476748 313.3052127569301
1.2742112017267926 103.82994948823077 313.3052127569301
1.2742145713303348 103.8299459329552 313.3052127569303
1.274217873968602 103.8299424483348 313.30521275693076
1.274223058907818 103.82993697769479 313.3052127569301
1.2742265198628666 103.82993332603397 313.3052127569301
1.274229938999659 103.82992971849565 313.3052127569303
1.2742351404185748 103.82992423046771 313.3052127569301
1.2742400562320686 103.82991904378262 313.3052127569301
1.274245890812616 103.82991288770442 313.3052127569301
1.2742508221948365 103.82990768459263 313.3052127569301
1.2742544489020082 103.82990385804621 313.3052127569301
1.2742591169111963 103.82989893281976 313.3052127569303
1.274262435097661 103.82989543179414 313.3052127569301
1.2742667035911404 103.8298909280975 313.3052127569301
1.2742713311411245 103.82988604555955 313.3052127569301
1.2742771466312501 103.82987990962333 313.3052127569301
1.2742831312896976 103.82987359519717 313.3052127569303
1.2742876203553701 103.82986885877415 313.3052127569301
1.2742935167165712 103.82986263751047 313.30521275693053
1.2742986824739895 103.82985718710842 313.3052127569301
1.2743030410830918 103.8298525883303 313.3052127569301
1.2743062382687111 103.82984921497261 313.3052127569303
1.274309687091232 103.82984557611228 313.3052127569303
1.274314296346331 103.82984071287687 313.3052127569303
1.2743203040310402 103.8298343741552 313.3052127569303
1.2743263589432938 103.82982798560357 313.3052127569301
1.2743318711147449 103.82982216969893 313.3052127569301
1.2743367424308416 103.82981702996216 313.3052127569301
1.2743415735325292 103.82981193265567 313.3052127569304
1.2743451960735106 103.82980811050432 313.3052127569303
1.2743503987634088 103.82980262113418 313.30521275693053
1.2743541761772506 103.82979863557605 313.30521275693064
1.274359592635953 103.82979292065782 313.30521275693013
1.2743644137885595 103.82978783384841 313.3052127569301
1.2743694529486471 103.82978251701876 313.30521275693013
1.2743735716765192 103.82977817133924 313.30521275693053
1.2743776465613836 103.82977387191856 313.30521275693013
1.2743809386004143 103.82977039848033 313.3052127569301
1.2743851538677295 103.82976595094172 313.30521275693013
1.2743884602353128 103.82976246238537 313.30521275693013
1.2743924154564126 103.8297582892221 313.3052127569301
1.2743974826929676 103.82975294276858 313.30521275693013
1.274403459764056 103.8297466363464 313.30521275693064
1.2744091726652043 103.82974060865051 313.3052127569301
1.274413069664776 103.82973649691674 313.30521275693064
1.2744185104363186 103.82973075634531 313.30521275693064
1.2744228120574257 103.8297262176943 313.30521275693064
1.2744285029806541 103.82972021318713 313.30521275693053
1.274432990403457 103.82971547849618 313.30521275693064
1.2744363579688145 103.82971192536958 313.30521275692956
1.2744422844039012 103.8297056723731 313.30521275693053
1.274448138352551 103.82969949585716 313.3052127569297
1.2744515982942877 103.82969584526391 313.30521275693064
1.2744566037878435 103.829690563955 313.30521275693064
1.2744627931673698 103.82968403352491 313.3052127569303
1.2744680881560388 103.82967844676884 313.30521275693064
1.27447255390975 103.82967373494066 313.3052127569297
1.2744782628033464 103.82966771147233 313.3052127569297
1.2744817409255274 103.8296640416966 313.30521275693053
1.27448529256077 103.82966029435707 313.30521275693053
1.2744884492754063 103.82965696369926 313.3052127569302
1.2744940412918968 103.82965082689034 313.09866937721347
1.2744986206900628 103.82964519727255 312.4019715662532
1.274503110916924 103.82963967727619 311.71847565821554
1.2745086266292016 103.8296328966139 310.8786760363653
1.2745142351437697 103.82962600186634 310.02486313731026
1.2745172712468291 103.82962226947623 309.5628436793173
1.274521216841895 103.82961741901501 308.9713355470083
1.2745253508809253 103.82961233689284 308.97133554700844
1.2745286719137559 103.82960825422828 308.9713355470083
1.274531963756335 103.82960420744828 308.97133554700844
1.2745365967614828 103.82959851192908 308.9713355470083
1.274541778864819 103.82959214138373 308.97133554700844
1.2745456280993668 103.82958740938172 308.97133554700844
1.2745512518743616 103.82958049587343 308.9713355470083
1.27455562875372 103.8295751152186 308.97133554700844
1.2745611739075602 103.82956829836199 308.97133554700844
1.2745667508526752 103.82956144242314 308.97133554700844
1.27457087614305 103.82955637105552 308.97133554700844
1.274573738595339 103.82955285214008 308.9713355470083
1.2745772681723353 103.82954851310427 308.97133554700844
1.274582004293071 103.82954269082083 308.97133554700844
1.2745861141581614 103.82953763841591 308.97133554700844
1.2745906020442943 103.82953212129607 308.9713355470083
1.27459458606539 103.8295272235956 308.97133554700844
1.2745988989018242 103.82952192167056 308.97133554700844
1.274603105803781 103.82951674997454 308.97133554700844
1.2746062315976734 103.82951290732358 308.9713355470083
1.2746109940456811 103.8295070526747 308.971335547009
1.274613869699805 103.82950351752949 308.9713355470083
1.2746173253708817 103.82949926934852 308.97133554700844
1.2746204476501002 103.82949543101812 308.97133554700844
1.2746255433572786 103.82948916668157 308.9713355470083
1.2746294978308916 103.82948430530453 308.97133554700844
1.2746336115698662 103.8294792481368 308.97133554700844
1.2746377304951126 103.82947418459337 308.97133554700844
1.274642658269888 103.82946812670194 308.9713355470091
1.274647327341013 103.8294623868442 308.9713355470083
1.274651856000068 103.82945681960003 308.97133554700844
1.27465482740209 103.82945316674817 308.971335547008
1.274660015212008 103.82944678918592 308.971335547008
1.2746629116951969 103.82944322843441 308.9713355470086
1.2746683116690212 103.82943659005133 308.9713355470091
1.274672454900175 103.82943149662736 308.971335547008
1.2746765696783764 103.82942643818163 308.9713355470087
1.2746819298044283 103.82941984878462 308.9713355470081
1.274686018036884 103.82941482297244 308.9713355470087
1.274691303013947 103.82940832595868 308.9713355470077
1.2746945617777592 103.82940431984224 308.9713355470086
1.2747002281615 103.82939735395132 308.9713355470087
1.27470420024368 103.82939247092669 308.9713355470081
1.27470956415398 103.8293858768772 308.971335547008
1.2747125496504446 103.82938220669807 308.9713355470091
1.2747165832383378 103.82937724806209 308.971335547008
1.2747211980278805 103.82937157493377 308.9713355470081
1.2747242202874551 103.82936785956035 308.971335547009
1.2747288449666132 103.82936217427428 308.971335547008
1.2747319396938595 103.82935836981363 308.971335547009
1.2747353987229708 103.82935411750346 308.971335547009
1.2747409190700483 103.82934733114011 308.9713355470077
1.2747441163825397 103.8293434005676 308.9713355470077
1.274749764856545 103.82933645669304 308.9713355470087
1.274753726737315 103.82933158620885 308.9713355470087
1.2747585702012438 103.82932563196236 308.971335547009
1.2747634549235551 103.82931962699537 308.9713355470081
