122065454#1
1.2744222313202902 103.82963643478666 315.24902722950316
1.2744275242992091 103.82963121669887 315.24902722950407
1.2744309997035657 103.82962779046848 315.24902722950316
1.274434792935081 103.82962405090787 315.24902722950316
1.274438807367042 103.82962009327659 315.24902722950316
1.2744436118673181 103.82961535675574 315.24902722950316
1.2744488463998584 103.82961019628713 315.24902722950316
1.2744530325973917 103.82960606932052 315.2490272295042
1.2744571747138205 103.82960198581127 315.24902722950316
1.2744629076224403 103.82959633401802 315.24902722950407
1.2744670232522213 103.82959227662057 315.24902722950316
1.2744702354831463 103.8295891098397 315.24902722950316
1.2744763000488408 103.82958313108189 315.24902722950316
1.2744795339282446 103.82957994295877 315.24902722950316
1.2744852158016011 103.82957434147846 315.24902722950316
1.2744895499568005 103.82957006864734 315.24902722950316
1.274494462542435 103.82956522556998 315.24902722950407
1.274500149508953 103.82955961906839 315.24902722950316
1.2745060609032925 103.82955379131438 315.24902722950316
1.274512297653636 103.82954764280773 315.24902722950407
1.2745157738813646 103.82954421576508 315.24902722950316
1.274521184133165 103.82953888206276 315.24902722950316
1.27452497108982 103.82953514868763 315.24902722950304
1.274529534926245 103.82953020260653 314.84456569469484
1.2745329391374198 103.82952648882753 314.5206666670196
1.2745361471295256 103.82952298911108 314.2153946915762
1.2745392898305608 103.82951956062307 313.91631282527936
1.2745441979322134 103.82951420619459 313.44921627242286
1.274549979727753 103.82950789862129 312.89903615937385
1.2745530285857503 103.82950457250998 312.6089755046301
1.2745572758990755 103.82949993895969 312.3512736721669
1.274561856509875 103.82949494180282 312.35127367216785
1.2745655335903094 103.82949093034047 312.35127367216785
1.2745715704970326 103.82948434445672 312.35127367216785
1.2745767447354517 103.82947869968952 312.35127367216785
1.2745800209365181 103.82947512556112 312.35127367216785
1.2745838617934162 103.82947093542884 312.35127367216785
1.2745881494576212 103.82946625785797 312.3512736721669
1.274593825777185 103.82946006535175 312.35127367216785
1.2745973248480484 103.82945624808634 312.3512736721669
1.2746027963950188 103.829450278974 312.35127367216785
1.2746069031544522 103.82944579875864 312.35127367216785
1.2746119153135058 103.82944033080939 312.35127367216774
1.2746158876558134 103.82943599723458 312.35127367216785
1.2746212440283686 103.82943015377002 312.3512736721669
1.2746265938606471 103.82942431744044 312.35127367216785
1.2746317996509837 103.82941863825147 312.3512736721669
1.274635298828861 103.82941482086903 312.35127367216785
1.27463989680027 103.8294098047721 312.35127367216774
1.2746443175376905 103.82940498202622 312.35127367216785
1.2746479159063246 103.82940105643283 312.35127367216785
1.2746518120905792 103.82939680594136 312.35127367216785
1.2746575740187776 103.82939052004072 312.35127367216785
1.2746620819677341 103.8293856021524 312.35127367216785
1.2746675129520912 103.82937967729055 312.3512736721669
1.2746726385194587 103.82937408561932 312.35127367216785
1.2746757564737845 103.8293706841275 312.35127367216774
1.2746804393968283 103.82936557535326 312.35127367216785
1.2746838508691705 103.82936185365169 312.35127367216785
1.2746898562742932 103.82935530213267 312.35127367216796
1.2746958801490074 103.82934873046442 312.3512736721669
1.2746997023712012 103.82934456066049 312.35127367216774
1.2747040609653821 103.8293398057084 312.35127367216785
1.274708185341851 103.82933530627308 312.35127367216774
1.2747121463705176 103.82933098503992 312.35127367216785
1.2747156887647777 103.82932712051054 312.35127367216785
1.2747210775023974 103.82932124173657 312.35127367216774
1.2747267387400871 103.82931506568214 312.35127367216785
1.274732197548446 103.82930911046527 312.3512736721669
1.2747352464586834 103.8293057842958 312.3512736721669
1.2747401806375722 103.82930040141663 312.35127367216785
