721709060
1.271016357493664 103.83046879385907 55.52527406795039
1.2710193431599355 103.8304731099167 55.52527406795066
1.2710236424964503 103.83047932500658 55.525274067950214
1.271028473582688 103.83048630879007 55.52527406795066
1.2710323575473494 103.83049192342142 55.52527406795066
1.2710357684790872 103.8304968542398 55.52527406795039
1.271038608916072 103.83050096035508 55.525274067950214
1.2710425401936514 103.83050664338172 55.52527406795039
1.2710469388935761 103.83051300211075 55.52527406795039
1.2710505219882635 103.8305181818067 55.52527406795066
1.2710549355652845 103.83052456204202 55.52527406795039
1.2710585530833387 103.83052979150017 55.52527406795039
1.2710634944143262 103.83053693465288 55.52527406795066
1.2710678039005487 103.83054316441533 55.525274067950484
1.2710722849341116 103.8305496421654 55.52527406795039
1.2710768848893235 103.8305562918278 55.52527406795039
1.2710799683232659 103.83056074921788 55.52527406795039
1.2710828630240714 103.83056493377671 55.52527406795039
1.2710867731401223 103.8305705862126 55.52527406795066
1.2710918298332836 103.8305778961322 55.52527406795039
1.27109657647 103.83058475783643 55.525274067950484
1.2711006372955698 103.83059062813697 55.52527406795066
1.271103558199785 103.83059485057535 55.52527406795039
1.2711075575580242 103.8306006320192 55.52527406795066
1.2711102205992877 103.83060448169272 55.52527406795066
1.2711135870446921 103.8306093482023 55.52527406795066
1.2711171843066449 103.83061454837865 55.52527406795039
1.2711216732637656 103.83062103758324 55.52527406795039
1.2711249072872692 103.8306257126647 55.525274067950484
1.2711275387680838 103.83062951671472 55.52527406795039
1.2711316966439776 103.83063552731069 55.52527406795066
1.271135065494057 103.83064039729653 55.52527406795039
1.271140161656228 103.83064776427256 55.525274067950214
1.271145208041797 103.83065505929189 55.52527406795066
1.2711490965699723 103.83066068052078 55.525274067950214
1.2711519288447863 103.83066477483726 55.52527406795039
1.271155575527801 103.83067004645652 55.52527406795039
1.2711600687823121 103.8306765418736 55.52527406795039
1.2711631992707761 103.83068106728568 55.52527406795039
1.2711675920901426 103.83068741751445 55.525274067950214
1.2711709526728423 103.83069227554918 55.52527406795066
1.2711752739728321 103.83069852239008 55.525274067950484
1.2711797351301497 103.83070497140777 55.52527406795066
1.271183637619716 103.83071061281932 55.52527406795066
1.2711879668396773 103.83071687110933 55.52527406795039
1.2711916589615138 103.8307221651031 55.494004120366895
1.2711970388671217 103.83072826652044 54.28281906586253
1.2712007035931634 103.83073242273149 53.45662311413032
1.271204348660599 103.83073655664745 52.6343254442959
1.271208128560201 103.83074084347827 51.781411089006205
1.2712140343545457 103.83074754131258 50.44928212208942
1.2712189289014726 103.8307530922787 49.3465955480024
1.2712240836777202 103.83075893837415 48.80555422395976
1.271229577603 103.83076516910272 48.805554223960016
1.2712346137539774 103.8307708806638 48.805554223960016
1.271237765224143 103.8307744547851 48.805554223960016
1.2712414782531822 103.83077866577726 48.805554223960016
1.271246399490635 103.83078424701354 48.805554223960016
1.2712495449389274 103.83078781430537 48.805554223959554
1.2712529844124982 103.83079171505491 48.805554223960016
1.2712588314882218 103.83079834629586 48.805554223960016
1.2712632944791464 103.83080340782914 48.80555422395976
1.2712690941054248 103.83080998525713 48.80555422395976
1.271272633003678 103.83081399876549 48.80555422395976
1.2712759457994642 103.83081775584824 48.805554223960016
1.2712811968909092 103.83082371117612 48.805554223960016
1.2712856130452046 103.83082871959147 48.805554223959795
1.2712886255401306 103.8308321360993 48.805554223960016
1.2712923883874132 103.83083640359106 48.805554223960016
1.2712969688158737 103.8308415983118 48.80555422395976
1.2713015125103386 103.83084675137208 48.80555422395976
1.271306505379092 103.83085241384649 48.80555422395976
1.2713123171643341 103.83085900506427 48.805554223960016
1.271317191392687 103.83086453298716 48.805554223959795
1.271321601522893 103.8308695345706 48.80555422395998
1.2713246614370803 103.8308730048573 48.805554223959795
1.2713299514633833 103.83087900434184 48.805554223960016
1.271333727362194 103.83088328663561 48.80555422395976
1.271339416351024 103.83088973858858 48.80555422395976
1.2713428797194812 103.8308936664378 48.805554223959795
1.271347009199668 103.83089834973264 48.805554223960016
1.2713511291510906 103.83090302222078 48.805554223959795
1.2713544273307629 103.83090676272737 48.805554223960016
1.2713600150051731 103.83091309977844 48.80555422395976
1.2713630711092265 103.8309165657441 48.80555422395976
1.2713672666485722 103.83092132395751 48.805554223960016
1.2713725903988269 103.83092736168896 48.805554223960016
1.2713779932439249 103.83093348912287 48.805554223960016
1.271381789111299 103.83093779406336 48.80555422395976
1.2713851535792158 103.83094160974834 48.80555422395976
1.2713885146493416 103.83094542157984 48.805554223960016
1.2713934434662888 103.8309510114126 48.80555422395976
1.2713966171327038 103.83095461070724 48.80555422395976
1.2714018081993959 103.83096049796072 48.805554223960016
1.271407574410282 103.83096703749241 48.805554223960016
1.2714120463789456 103.83097210920786 48.805554223960016
1.2714153533480617 103.83097585968281 48.80555422395976
1.2714190594617456 103.8309800628326 48.805554223960016
1.2714231065614343 103.83098465269887 48.80555422396022
1.2714265819505488 103.83098859418106 48.80555422396022
1.2714306383428744 103.83099319458626 48.805554223959554
1.2714357270463803 103.83099896574848 48.805554223959795
1.2714390692901187 103.83100275622886 48.80555422396022
1.2714448636862061 103.83100932772588 48.805554223960016
1.2714489095593136 103.83101391620114 48.805554223960016
1.2714545619659758 103.8310203266662 48.805554223959795
1.2714580248925036 103.83102425401451 48.80555422396022
1.2714613570165976 103.83102803301811 48.805554223959554
1.2714649347786555 103.83103209060283 48.80555422396022
1.27147069694001 103.83103862554213 48.80555422396022
1.2714745055493684 103.83104294493367 48.805554223959795
1.2714787455129435 103.83104775352943 48.805554223959795
1.271484241465868 103.83105398655847 48.80555422395998
1.2714890565971828 103.83105944745922 48.80555422396022
1.2714934507451658 103.83106443091751 48.80555422396022
1.2714979709566947 103.83106955734605 48.805554223959554
1.271502385149991 103.83107456353798 48.805554223959795
1.2715062837565765 103.83107898499661 48.80555422396022
1.2715119638042434 103.83108542680989 48.80555422395998
1.2715173395930286 103.83109152355938 48.805554223959795
1.2715229150465488 103.83109784675118 48.80555422396022
1.2715276022536286 103.83110316257155 48.80555422395998
1.2715320993133923 103.83110826274347 48.80555422396022
1.2715358732224744 103.83111254278114 48.805554223959554
1.27153914027936 103.8311162479914 48.805554223959795
1.2715448139452534 103.83112268256716 48.80555422396022
1.2715502966734782 103.83112890059812 48.805554223959795
1.2715561138069507 103.8311354978823 48.805554223959795
1.2715592730047345 103.83113908076821 48.805554223959795
1.2715631480366711 103.83114347549066 48.80555422396022
1.2715684183012559 103.831149452564 48.805554223959795
1.271572040276214 103.83115356029137 48.80555422395998
1.2715766772094206 103.83115881909565 48.805554223959795
1.2715810279030837 103.8311637532721 48.80555422396022
1.2715840260081586 103.83116715346078 48.805554223959795
1.2715880490232436 103.83117171601285 48.805554223959795
1.2715924274700776 103.83117668166454 48.80555422396046
1.2715979119204728 103.83118290164882 48.80555422396022
1.2716034074202944 103.8311891341644 48.805554223959554
1.2716085010808504 103.83119491094901 48.80555422396022
1.2716118856497063 103.83119874943122 48.80555422396022
1.2716165545225926 103.83120404445883 48.805554223959795
1.271621192702821 103.8312093046775 48.805554223959554
1.271624789316594 103.83121338364253 48.805554223959554
1.2716285998204915 103.83121770518308 48.805554223959554
1.2716337262235569 103.8312235191015 48.805554223959795
1.2716389904522898 103.83122948932973 48.80555422396022
1.2716440453436335 103.8312352221458 48.805554223959795
1.271648543809337 103.8312403239126 48.805554223960044
1.2716532100995757 103.83124561601127 48.805554223959795
1.2716589840158634 103.83125216428269 48.805554223959554
1.2716646041664397 103.83125853816647 48.80555422396022
1.2716689473886778 103.83126346386972 48.80555422395998
1.2716733737796853 103.83126848389573 48.805554223959795
1.2716764972395187 103.83127202625101 48.80555422396022
1.2716813313758313 103.83127750870615 48.805554223959795
1.271686822410466 103.83128373615799 48.805554223959795
1.2716919570192222 103.83128955938277 48.805554223959795
1.2716969633564856 103.83129523713323 48.805554223959795
1.2717016208805094 103.83130051929021 48.805554223959554
1.271704961623374 103.83130430806897 48.805554223959795
1.2717091218019705 103.83130902618022 48.805554223959795
1.2717129717602016 103.83131339246663 48.80555422396022
1.2717162510608173 103.831317111563 48.805554223959554
1.2717192765340999 103.83132054279059 48.805554223959795
1.271723262968516 103.8313250638564 48.805554223959795
1.2717263077038212 103.8313285169293 48.80555422396022
1.271730576023506 103.83133335768478 48.805554223959795
1.2717353963486644 103.83133882447669 48.80555422395998
1.271739614230274 103.83134360802971 48.80555422396022
1.2717450526384628 103.83134977579745 48.80555422396022
1.2717509532058724 103.83135646770585 48.80555422396022
1.2717548101835567 103.8313608419532 48.805554223959795
1.2717584862545268 103.83136501103196 48.80555422396022
1.2717629381237683 103.8313700599534 48.805554223959554
1.2717665385443147 103.83137414323609 48.805554223959554
1.2717701968013095 103.83137829211182 48.805554223959554
1.271775666390696 103.83138449524265 48.805554223959554
1.271781620193106 103.83139124752564 48.80555422396022
1.2717849207666572 103.83139499074808 48.80555422395998
1.2717889418421013 103.83139955110087 48.805554223959554
1.2717921813086677 103.83140322502112 48.805554223959795
