33913321#0
1.2748355046753548 103.82962102077938 134.5483873387923
1.274830347358031 103.82962623101255 134.54838733879242
1.274824430980375 103.82963220809418 134.5483873387915
1.2748199881334739 103.8296366965261 134.54838733879242
1.2748148542100517 103.82964188312518 134.54838733879242
1.2748088423225126 103.82964795669648 134.54838733879242
1.2748027414437573 103.829654120172 134.54838733879137
1.2747985414003087 103.82965836330906 134.54838733879242
1.2747925302608556 103.82966443612443 134.5483873387915
1.27478801464189 103.82966899807481 134.54838733879242
1.2747821178283125 103.82967502648648 134.4846500232419
1.2747773520369725 103.82968097613673 133.46627183889342
1.2747723095414147 103.82968727122656 132.3874557856769
1.274768492789875 103.82969203608819 131.57044256229398
1.2747634494703188 103.82969833220658 130.49090886534336
1.2747589813435867 103.82970391024985 129.5350967708001
1.2747561697154148 103.82970742030771 128.93417867449517
1.2747505914411088 103.8297143842675 128.5408383609492
1.274745292309323 103.82972099974359 128.5408383609492
1.2747424547374329 103.82972454218971 128.54083836094912
1.2747392716650143 103.82972851596125 128.5408383609492
1.2747356459408425 103.82973304234253 128.5408383609492
1.27473024804286 103.82973978111887 128.54083836094912
1.274724638828244 103.8297467837044 128.5408383609492
1.2747208776055048 103.82975147924294 128.54083836094912
1.2747180030476408 103.82975506786245 128.5408383609492
1.2747138515749437 103.8297602505919 128.54083836094912
1.2747093159455531 103.8297659129054 128.54083836094912
1.2747061080420572 103.82976991767596 128.54083836094912
1.2747011633078666 103.82977609071885 128.54083836094912
1.2746972723854841 103.82978094817518 128.54083836094912
1.2746941607569833 103.82978483275522 128.54083836094912
1.2746901587924215 103.82978982883736 128.54083836094912
1.2746858424810223 103.82979521735238 128.54083836094912
1.2746818070310868 103.82980025523783 128.5408383609481
1.274677143623368 103.82980607707033 128.5408383609492
1.274672093911973 103.82981238116714 128.5408383609492
1.2746680729389948 103.8298174009793 128.5408383609482
1.2746651608689463 103.82982103642887 128.5408383609492
1.2746614818466435 103.82982562934723 128.5408383609482
1.2746584484803856 103.82982941622383 128.54083836094912
1.2746532650357159 103.82983588727397 128.54083836094912
1.2746491434521083 103.82984103268896 128.5408383609481
1.2746437766670242 103.82984773262248 128.5408383609492
1.2746396309248778 103.82985290819708 128.54083836094912
1.2746358423703255 103.82985763785605 128.5408383609492
1.274632660598954 103.82986161000245 128.5408383609492
1.2746271092717791 103.82986854031942 128.5408383609492
1.2746238167989172 103.8298726506663 128.5408383609492
1.2746188307865378 103.82987887524006 128.5408383609492
1.2746155805830663 103.82988293281747 128.5408383609492
1.2746109400458467 103.82988872609745 128.5408383609492
1.2746063519278312 103.8298944539369 128.540838360949
1.2746030991836734 103.829898514686 128.540838360949
1.2745987769876566 103.8299039105464 128.5408383609492
1.2745946188326007 103.82990910161686 128.5408383609492
1.274590675686772 103.82991402426823 128.540838360949
1.2745858193509099 103.82992008695247 128.5408383609492
1.2745815943530523 103.82992536146982 128.5408383609482
1.274578521926687 103.82992919710871 128.5408383609492
1.27457412091071 103.82993469136824 128.540838360949
1.274569133475519 103.82994091771761 128.5408383609492
1.2745660658986466 103.82994474730224 128.5408383609482
1.2745612445895604 103.8299507662585 128.5408383609492
1.2745581162445525 103.82995467170643 128.5408383609492
1.2745532020057535 103.82996080667671 128.5408383609492
1.2745493652460322 103.82996559651448 128.540838360949
1.274545011243198 103.82997103208211 128.5408383609492
1.2745414819213026 103.82997543811227 128.5408383609492
1.274537744078424 103.82998010446144 128.5408383609492
1.274534099092492 103.82998465488731 128.5408383609492
1.27452921321913 103.82999075444566 128.5408383609482
1.2745247806966267 103.82999628803758 128.5408383609482
1.274520487264114 103.83000164798855 128.540838360949
1.2745165248763621 103.83000659466087 128.5408383609492
1.274511919197364 103.83001234442241 128.5408383609492
1.2745076979515417 103.83001761425488 128.5408383609492
1.2745047640686362 103.83002127693453 128.5408383609492
1.274501890500508 103.83002486431678 128.5408383609492
1.2744989152910209 103.8300285785888 128.540838360949
1.2744944778647074 103.83003411830232 128.5408383609492
1.274491510434271 103.83003782286285 128.5408383609492
1.27448669516118 103.83004383428279 128.5408383609492
1.2744833529892485 103.83004800667308 128.540838360949
1.2744801246109438 103.83005203700263 128.5408383609492
1.2744761691272708 103.83005697505544 128.5408383609492
1.274471472071544 103.83006283889182 128.5408383609482
1.2744676563526944 103.83006760246118 128.5408383609482
1.2744639011791061 103.83007229044541 128.5408383609492
1.2744591159805767 103.83007826431971 128.540838360949
1.274454250241948 103.83008433874075 128.540838360949
1.2744491780061316 103.8300906709542 128.5408383609492
1.2744437128161652 103.83009749373421 128.5408383609492
1.274438209205695 103.83010436447854 128.5408383609492
1.2744332292544382 103.83011058148313 128.5408383609492
1.274429559779654 103.83011516248004 128.540838360949
1.2744247323084 103.83012118912745 128.540838360949
1.2744215506865015 103.83012516108548 128.540838360949
1.2744178764272114 103.8301297480553 128.5408383609492
1.2744130334510089 103.83013579405905 128.5408383609492
1.27440863947044 103.83014127953359 128.5408383609492
1.2744054842351693 103.83014521855024 128.540838360949
1.2744015583588593 103.83015011964025 128.540838360949
1.274397078133027 103.83015571278382 128.540838360949
1.274394154758748 103.83015936234361 128.540838360949
1.2743885831735284 103.83016631794733 128.540838360949
1.2743843073405943 103.83017165592531 128.5408383609487
1.2743799648814165 103.83017707707988 128.54083836094972
1.2743763250046778 103.83018162112589 128.5408383609492
1.274371136762451 103.83018809816146 128.5408383609487
1.274367311172467 103.83019287405301 128.5408383609492
1.274362542334548 103.83019882750139 128.5408383609492
1.2743595491068858 103.8302025642663 128.5408383609485
1.2743566088413643 103.83020623491292 128.540838360949
1.2743531578585996 103.83021054314224 128.5408383609492
1.2743483559998865 103.8302165378138 128.540838360949
1.274344707584004 103.83022109251984 128.5408383609492
1.2743408755293417 103.83022587648166 128.5408383609492
1.2743355576632316 103.83023251534003 128.5408383609492
1.2743301961521312 103.83023920868504 128.5408383609492
1.2743265341320273 103.83024378037446 128.5408383609492
1.2743209501879174 103.83025075140613 128.540838360949
1.2743180942510093 103.83025431677605 128.5408383609487
1.274313549639767 103.83025999029779 128.5408383609487
1.2743106020826709 103.83026367004692 128.5408383609487
1.2743058330129067 103.830269623784 128.5408383609492
1.274301982380884 103.83027443093754 128.540838360949
1.274297647802024 103.83027984225333 128.540838360949
1.2742935577460546 103.83028494830512 128.5408383609487
1.274289947857581 103.83028945491277 128.5408383609492
1.2742864274950905 103.83029383234361 128.55470057083673
1.2742819127052434 103.83029921834257 128.7539743615889
1.2742775593373217 103.83030441177033 128.94613307817883
1.2742735055037178 103.83030924786324 129.12507505394558
1.2742702165095714 103.83031317152728 129.2702568472016
1.2742652639522989 103.83031907976849 129.48886831378505
1.2742605823023527 103.83032466482594 129.69551340654672
1.2742558139139144 103.83033035335956 129.81499571611658
1.2742526740601512 103.8303340991038 129.8149957161173
1.2742471815437888 103.83034065149855 129.81499571611658
1.2742430187217242 103.83034561761086 129.8149957161171
1.2742382063076896 103.8303513586654 129.8149957161173
1.2742351306920952 103.83035502777544 129.81499571611658
1.2742295636434002 103.83036166908461 129.8149957161173
1.2742254303615521 103.83036659995624 129.8149957161171
1.2742225158447746 103.8303700768805 129.81499571611658
1.274216752763137 103.83037695205047 129.81499571611658
1.2742120498613363 103.83038256246013 129.8149957161173
1.2742074980203437 103.83038799265908 129.81499571611658
1.2742043528203049 103.83039174478088 129.8149957161168
1.2741988264772117 103.83039833752918 129.8149957161171
1.2741950398726907 103.83040285482568 129.8149957161168
1.2741914694591416 103.83040711421332 129.8149957161173
1.2741864062045338 103.8304131545119 129.8149957161173
1.2741808382284756 103.83041979692673 129.81499571611658
1.2741757710082364 103.83042584195606 129.8149957161168
1.2741725964311053 103.83042962912351 129.81499571611658
1.2741684176593826 103.8304346142625 129.8149957161171
1.274164169202754 103.83043968253327 129.81499571611658
1.2741609076673333 103.83044357343908 129.8149957161168
1.2741566733199223 103.83044862487793 129.8149957161171
1.2741534974941249 103.83045241353487 129.8149957161173
1.2741494200501111 103.83045727779299 129.8149957161168
1.2741447885694492 103.83046280299878 129.8149957161171
1.274139753363994 103.83046880983505 129.81499571611658
1.2741342039917467 103.83047543005551 129.8149957161171
1.2741294616517813 103.83048108751265 129.8149957161171
1.2741254179535138 103.83048591151297 129.8149957161171
1.2741217090828485 103.83049033607482 129.8149957161173
1.2741179169178498 103.83049486000408 129.8149957161168
1.2741134669834653 103.8305001686307 129.8149957161168
1.2741091222676368 103.83050535173498 129.81499571611658
1.274103490626994 103.83051207009852 129.8149957161171
1.2740981943689351 103.83051838836154 129.8149957161171
1.274093545625525 103.83052393416064 129.8149957161168
1.274088446220886 103.8305300175838 129.8149957161168
1.2740843530524077 103.83053490060003 129.81499571611658
1.2740811991782548 103.83053866306882 129.8149957161168
1.2740775968877684 103.83054296048361 129.8149957161168
1.2740723020566975 103.83054927704391 129.8149957161169
1.2740690902988387 103.83055310856598 129.8149957161171
1.2740634317570116 103.83055985902119 129.8149957161171
1.2740580321019472 103.83056630063292 129.8149957161171
1.2740524728663722 103.83057293261889 129.8149957161168
1.274049440383283 103.83057655027186 129.8149957161168
1.2740445666500286 103.8305823644759 129.8149957161168
1.2740415159222147 103.83058600389418 129.8149957161171
1.2740365972731769 103.83059187168118 129.8149957161168
1.2740333845413618 103.83059570436487 129.8149957161168
1.2740301504664717 103.8305995625101 129.8149957161171
1.274027040498701 103.83060327259959 129.81499571611658
1.274024020885667 103.83060687489882 129.81499571611658
1.2740198094433268 103.83061189901126 129.8149957161168
1.274016742350503 103.83061555795227 129.8149957161168
1.2740128869322696 103.83062015733957 129.8149957161173
1.2740072186724771 103.83062691938723 129.8149957161168
1.2740038230820117 103.83063097021501 129.8149957161171
1.27399894122525 103.8306367941096 129.8149957161168
1.273995012877575 103.83064148049915 129.8149957161168
1.2739893623780512 103.83064822135913 129.8149957161168
1.2739837836099133 103.83065487664588 129.8149957161168
1.2739785337905627 103.83066113950746 129.8149957161171
1.2739734041704973 103.8306672589752 129.8149957161173
1.2739682684002622 103.8306733857798 129.8149957161171
1.2739627553866366 103.8306799626233 129.8149957161173
1.2739570650075251 103.83068675105788 129.8149957161168
1.2739517766874582 103.83069305984918 129.81499571611658
1.2739465725125172 103.83069926825812 129.8149957161168
1.273941805980321 103.83070495457359 129.8149957161168
1.273937020856085 103.83071066306871 129.81499571611658
1.2739328171390245 103.83071567796425 129.8149957161168
1.273929066204193 103.83072015270551 129.8149957161168
1.273923763626822 103.83072647850499 129.8149957161168
1.2739201179508994 103.83073082767575 129.8149957161171
1.2739161982209897 103.83073550378383 129.81499571611658
1.2739125287132846 103.83073988138507 129.8149957161168
1.2739089221684157 103.8307441838737 129.8149957161171
1.2739035522353361 103.83075059002603 129.8149957161169
1.2738999595006428 103.83075487603949 129.8149957161173
1.2738952909206411 103.83076044550073 129.8149957161168
1.2738896789878258 103.83076714035052 129.81499571611658
1.2738850171998715 103.83077270170894 129.8149957161168
1.2738803383456805 103.83077828342678 129.81499571611658
1.273874970265457 103.83078468736834 129.8149957161173
1.2738697857773167 103.83079087229055 129.8149957161173
1.2738647098591462 103.83079692769233 129.8149957161171
1.27385969668129 103.83080290824692 129.8149957161171
1.2738552406179735 103.83080822418238 129.81499571611658
1.2738517520903707 103.83081238587981 129.8149957161171
1.2738477740890182 103.83081713150312 129.81499571611658
1.2738444501773887 103.83082109681914 129.8149957161168
1.2738415095115103 103.83082460493567 129.81499571611658
1.2738364875785835 103.83083059593453 129.81499571611658
1.2738331867645254 103.83083453369579 129.8149957161173
1.2738279167224167 103.8308408206805 129.8149957161168
1.2738233821539415 103.83084623026963 129.81499571611658
1.2738183416236806 103.83085224345425 129.81499571611658
1.2738144464369263 103.83085689028218 129.8149957161168
1.2738111233682912 103.83086085459226 129.8149957161171
1.2738060543458622 103.83086690176691 129.8149957161171
1.2738003672983877 103.83087368622476 129.81499571611658
1.2737968254351244 103.83087791154942 129.8149957161168
1.2737938106578017 103.83088150807808 129.8149957161171
1.273790764729912 103.83088514176833 129.8149957161171
1.2737861080556403 103.83089069702518 129.8149957161171
1.27378236954277 103.8308951569461 129.8149957161173
1.273779388147267 103.83089871365128 129.8149957161168
1.273774630797818 103.8309043890101 129.81499571611658
1.2737700566288728 103.83090984584067 129.8149957161168
1.273765981774832 103.83091470700519 129.8149957161173
1.2737617188339398 103.83091979255101 129.8149957161171
1.2737586363950266 103.83092346979745 129.81499571611658
1.2737541055806358 103.8309288749073 129.8149957161171
1.2737508279144694 103.83093278505325 129.8149957161173
1.2737456751745735 103.8309389320993 129.8149957161168
1.2737420288181605 103.83094328208028 129.8149957161171
1.2737388521491586 103.8309470717399 129.8149957161168
1.273735151084199 103.83095148698628 129.8149957161173
1.2737321467141185 103.83095507109903 129.8149957161173
1.2737285287042968 103.83095938726335 129.8149957161168
1.2737231130651168 103.83096584793914 129.8149957161168
1.2737183216777372 103.83097156390342 129.81499571611658
1.2737142368200294 103.83097643700148 129.8149957161171
1.2737093751907695 103.83098223676186 129.81499571611704
1.273704426156784 103.83098814079308 129.8149957161171
1.2737008910775907 103.8309923580237 129.8149957161173
1.2736967426429837 103.83099730696671 129.81499571611755
1.2736915478079194 103.83100350423017 129.8149957161173
1.273687387538102 103.83100846729208 129.8149957161171
1.2736823835237607 103.83101443691274 129.81499571611658
1.273677795302851 103.83101991050577 129.81499571611658
1.2736730088032417 103.83102562063857 129.8149957161171
1.2736677193539596 103.83103193077334 129.8149957161171
1.2736633046614132 103.83103719735273 129.81499571611755
1.2736592301598564 103.8310420580957 129.81499571611658
1.2736543226833181 103.83104791254968 129.81499571611658
1.2736500980751218 103.83105295236471 129.8149957161171
1.2736452917722398 103.8310586861218 129.81499571611658
1.2736414832194407 103.83106322959672 129.81499571611658
1.2736362994707866 103.83106941363377 129.8149957161171
1.2736317075872559 103.83107489159569 129.81499571611704
1.2736275863736657 103.83107980806422 129.81499571611755
1.273623424371126 103.83108477319253 129.81499571611755
1.273618163791675 103.83109104888592 129.81499571611658
1.2736131344141175 103.8310970487632 129.8149957161171
1.2736092721548073 103.83110165630782 129.8149957161171
1.273605707845714 103.83110590840793 129.81499571611658
1.273600516473715 103.83111210153892 129.8149957161171
1.273596866268862 103.83111645610968 129.8149957161171
1.2735934911553797 103.83112048250571 129.81499571611658
1.2735889692899554 103.83112587693792 129.8149957161171
1.2735843324167877 103.8311314085704 129.81499571611658
1.273579687613731 103.8311369496629 129.81499571611755
1.273575093131903 103.83114243072386 129.8149957161171
1.273570469270932 103.83114794683307 129.8149957161171
1.2735650071135907 103.83115446300135 129.81499571611658
1.2735610877548693 103.8311591386632 129.8149957161171
1.273557438717999 103.83116349184023 129.81499571611658
1.2735521028156034 103.83116985739046 129.81499571611658
1.273548859808105 103.83117372618817 129.81499571611704
1.2735433095659574 103.83118034743833 129.81499571611658
1.273539185087954 103.83118526780031 129.81499571611658
1.2735339355925366 103.8311915302697 129.81499571611704
1.273530365416466 103.83119578936825 129.8149957161171
1.2735268961222044 103.83119992811818 129.8149957161171
1.2735218603172032 103.83120593566206 129.81499571611658
1.27351876707644 103.83120962579292 129.81499571611658
1.2735158593853102 103.83121309456936 129.8149957161171
1.2735119451349377 103.83121776413667 129.81499571611658
1.2735075987687785 103.83122294920331 129.81499571611658
1.2735035418715104 103.8312277889434 129.8149957161171
1.2734997089006235 103.83123236154692 129.8149957161171
1.2734961680173287 103.83123658569987 129.8149957161171
1.2734906475689665 103.83124317140633 129.8149957161171
1.2734858122508943 103.8312489397757 129.81499571611704
1.2734820908473539 103.831253379283 129.81499571611658
1.2734771829938447 103.83125923418456 129.8149957161171
1.2734737522506012 103.83126332694401 129.81499571611658
1.2734687284919628 103.83126932011633 129.81499571611658
1.2734633031570113 103.83127579235538 129.81499571611755
1.273457777808255 103.8312823839074 129.81499571611658
1.2734536892686068 103.83128726139527 129.8149957161171
1.2734507331050997 103.83129078799715 129.81499571611658
1.2734471447976508 103.83129506872507 129.8149957161171
1.2734434941822874 103.83129942378416 129.8149957161171
1.2734398897518362 103.8313037237462 129.81499571611658
1.2734363284867865 103.83130797221337 129.8149957161171
1.2734319742907476 103.83131316661999 129.81499571611704
1.2734278125256857 103.83131813146301 129.81499571611704
1.2734223002844876 103.8313247073777 129.81499571611658
1.2734182962741412 103.83132948402466 129.8149957161171
1.273415398329824 103.83133294117279 129.8149957161171
1.2734100240675081 103.83133935248323 129.81499571611755
1.2734048786568302 103.83134549078146 129.81499571611658
1.273401281500567 103.83134978206529 129.8149957161171
1.2733958629889421 103.83135624616347 129.81499571611658
1.2733927124979696 103.83136000459089 129.81499571611755
1.2733884226389198 103.83136512224523 129.8149957161161
1.2733827270091695 103.8313719169356 129.81499571611704
1.2733771581097637 103.83137856044097 129.8149957161167
1.2733724205890593 103.83138421214008 129.81499571611658
1.2733669551205515 103.83139073225583 129.8149957161171
1.273362602994295 103.83139592419252 129.8149957161171
1.2733571447913765 103.83140243564051 129.8149957161171
1.2733531033951262 103.83140725688692 129.8149957161171
1.2733495001284956 103.83141155545977 129.8149957161171
1.2733459618083118 103.83141577655371 129.81499571611658
1.2733407276543358 103.83142202071882 129.81499571611704
1.2733351811728066 103.83142863747986 129.8149957161171
1.2733313414045226 103.83143321819085 129.81499571611658
1.2733257904442794 103.83143984029469 129.81499571611704
1.2733213480464294 103.83144513992187 129.8149957161171
1.2733168739929575 103.83145047731303 129.81499571611658
1.273313753341736 103.83145420014206 129.81499571611658
1.273308938604313 103.83145994395733 129.8149957161171
1.2733045836752264 103.83146513923708 129.81499571611704
1.2733000166695416 103.83147058751685 129.8149957161161
1.2732970767410359 103.83147409474981 129.81499571611658
1.273292806934444 103.83147918848124 129.81499571611658
1.2732888571236558 103.83148390046874 129.8149957161171
1.2732848908941885 103.8314886320431 129.8149957161171
1.2732805772129097 103.83149377811542 129.8149957161171
1.273276693013219 103.831498411831 129.8149957161171
1.2732724402808675 103.83150348519327 129.81499571611704
1.2732667323589848 103.83151029454612 129.8149957161171
1.273261712847016 103.83151628264974 129.81499571611658
1.2732563792773792 103.8315226454132 129.81499571611704
1.273251525894131 103.83152843533091 129.8149957161171
1.2732472751057085 103.83153350637386 129.8149957161167
1.273241919975155 103.83153989485855 129.8149957161171
1.2732380234935958 103.83154454322563 129.81499571611704
1.2732322696233451 103.83155140739282 129.8149957161167
1.2732268824560058 103.83155783409609 129.81499571611704
1.2732213423820256 103.83156444321159 129.81499571611658
1.2732171127699679 103.83156948899156 129.81499571611704
1.2732122290990622 103.83157531504091 129.8149957161171
1.273207881568027 103.83158050149403 129.8149957161171
1.2732029351614889 103.8315864023847 129.8149957161171
1.2731997825617054 103.83159016332637 129.8149957161171
1.273195948791031 103.83159473688114 129.81499571611704
1.2731924666366958 103.83159889096987 129.81499571611658
1.2731871075565806 103.83160528416553 129.8149957161167
1.2731835959671707 103.83160947336918 129.8149957161171
1.273179959414302 103.83161381164986 129.8149957161171
1.2731752357937667 103.83161944676425 129.8149957161171
1.273170998317299 103.83162450192572 129.81499571611704
1.2731669969052999 103.83162927547046 129.8149957161171
1.2731634137171282 103.83163355008877 129.81499571611744
1.2731588461135015 103.83163899908027 129.8149957161171
1.2731544288395336 103.8316442687337 129.8149957161171
1.2731492053532825 103.83165050017013 129.81499571611704
1.2731456888542187 103.8316546952305 129.81499571611755
1.2731405291332227 103.83166085059709 129.81499571611658
1.2731352150738586 103.8316671900839 129.8149957161171
1.2731301836183901 103.83167319243408 129.8149957161167
1.27312720504527 103.8316767457675 129.8149957161171
1.2731224757087385 103.83168238770025 129.8149957161171
1.273118437164315 103.83168720554221 129.81499571611704
1.273114949390055 103.83169136633464 129.81499571611704
1.2731106201651492 103.83169653094814 129.8149957161162
1.27310632093735 103.8317016597761 129.8149957161165
1.2731023039162421 103.83170645194133 129.81499571611704
1.2730985872671667 103.83171088577323 129.8149957161171
1.2730956957145796 103.83171433529398 129.8149957161171
1.2730911672566452 103.83171973758527 129.8149957161162
1.2730872502399966 103.83172441044854 129.8149957161171
1.2730833413453992 103.83172907362247 129.81499571611658
1.2730791712339617 103.83173404841885 129.81499571611658
1.2730756873872031 103.83173820452558 129.8149957161171
1.2730726271136723 103.83174185532431 129.81499571611658
1.2730694800090314 103.83174587193439 129.60039706337653
1.2730657961285674 103.8317516707487 128.44978595329607
1.2730622689399147 103.8317572229136 127.3462856061108
1.2730574998865 103.83176472990382 125.85288376567154
1.2730535639993568 103.83177092540289 124.6204961634477
1.2730494601707238 103.8317773852594 123.33694805493984
1.2730466516778047 103.83178180612168 122.46003012563037
1.273041988441843 103.83178914654384 122.28553673137627
1.2730389399416793 103.83179394520258 122.28553673137648
1.2730362626828369 103.83179815948854 122.28553673137648
1.2730335238623618 103.83180247067891 122.28553673137716
1.2730299235776597 103.83180813790422 122.28553673137681
1.273027331870767 103.83181221752234 122.28553673137681
1.2730243231970133 103.83181695348996 122.28553673137716
1.2730199596611111 103.83182382215243 122.28553673137716
1.273015801723786 103.83183036718114 122.28553673137701
1.2730128226817072 103.83183505650526 122.28553673137681
1.2730098737708628 103.83183969839963 122.28553673137661
1.273007278016994 103.83184378438791 122.28553673137681
1.273002966959591 103.83185057044344 122.28553673137648
1.2729994847024475 103.83185605188058 122.28553673137681
1.272996316906233 103.83186103832325 122.28553673137681
1.272993313330073 103.83186576626635 122.28553673137681
1.2729898277801752 103.83187125288647 122.28553673137627
1.2729856878046562 103.83187776964093 122.28553673137648
1.2729828285571168 103.83188227039555 122.28553673137681
1.2729785751069065 103.83188896577093 122.28553673137701
1.2729745183416985 103.83189535154348 122.28553673137681
1.272971726635443 103.83189974598093 122.28553673137661
1.27296841104816 103.83190496506185 122.28553673137716
1.2729658543192348 103.83190898962036 122.28553673137716
1.2729611190633625 103.83191644340789 122.28553673137648
1.2729579317755642 103.83192159810986 122.19164437143722
1.2729547379493718 103.83192842350977 120.96300120651371
1.2729514074232013 103.83193554104571 119.67949053119347
1.2729489043360553 103.83194089029435 118.71408768160266
1.2729460056151554 103.83194708503618 117.5960663411706
1.2729430884243618 103.83195331924921 116.47171203969546
1.2729394057588457 103.83196118932793 115.05479621603403
1.2729372834178432 103.83196572489882 114.96043368630787
1.272934913059033 103.83197079049873 114.96043368630787
1.2729324021300448 103.83197615650555 114.96043368630757
1.2729298911168339 103.83198152269232 114.96043368630757
1.2729267259344792 103.83198828687792 114.96043368630757
1.2729230280658281 103.8319961894462 114.960433686307
1.272921073421127 103.83200036663973 114.96043368630725
1.272917658591331 103.83200766433677 114.96043368630757
1.2729156988527597 103.83201185241616 114.96043368630725
1.2729134168837142 103.8320167291214 114.96043368630757
1.2729102831473085 103.83202342610477 114.96043368630787
1.2729067144363113 103.83203105265491 114.960433686307
1.2729040070887014 103.8320368384196 114.96043368630757
1.2729015035193985 103.83204218869774 114.96043368630787
1.2728991129752132 103.83204729743436 114.96043368630787
1.272896208656451 103.83205350413809 114.96043368630757
1.2728929540627183 103.8320604594004 114.96043368630757
1.2728900250742563 103.83206671882462 114.960433686307
1.2728867368198717 103.83207374602162 114.96043368630757
1.2728835509638263 103.83208196244972 114.20108706781853
1.2728813969038888 103.83208797530244 113.44029333887812
1.272879024320492 103.83209459814248 112.60185970494945
1.272877399887377 103.83209913259238 112.0277116448373
1.2728756141747952 103.83210411723847 111.39662516630837
1.272873764692368 103.83210927989194 110.74323207527948
1.2728709663848023 103.83211709110003 109.75545317937524
1.2728679449543363 103.83212552513426 109.61828995985667
1.2728662409541456 103.83213028168778 109.61828995985707
1.2728645914390049 103.83213488615148 109.61828995985667
1.272862116016898 103.83214179605538 109.61828995985707
1.2728593381908124 103.83214955009093 109.61828995985707
1.2728575536327231 103.83215453151392 109.61828995985624
1.2728553127591267 103.83216078669788 109.61828995985685
1.2728531094290751 103.83216693708256 109.6182899598573
1.2728506424278947 103.83217382347985 109.61828995985707
1.27284867478504 103.8321793159662 109.61828995985667
1.2728464963285473 103.83218539691853 109.61828995985707
1.272844646229876 103.83219213465361 108.94347076164166
1.2728433619685107 103.83219699960766 108.39407704222371
1.272841937497358 103.83220239569512 107.78444398185307
1.2728401075006044 103.83220932796777 107.00107267155501
1.2728387390356346 103.8322145118962 106.41529571538135
1.272837397812975 103.83221959262704 105.84133229100229
1.2728355940043579 103.83222642569527 105.06985092568405
1.2728334285956555 103.83223462855288 104.72248788173998
1.2728312972619331 103.83224270232976 104.72248788174015
1.2728291407900165 103.83225087133333 104.72248788173951
1.2728275377840612 103.83225694373387 104.72248788174015
1.272825402654491 103.83226502801995 104.72374298004654
1.2728235927319864 103.83227188028923 104.72502693628545
1.272821889944162 103.83227832695226 104.72623489133117
1.2728204911786958 103.83228362260296 104.72722717337349
1.272818457670349 103.8322913213559 104.72866974100596
1.2728172690489914 103.8322958214122 104.729512947121
1.2728158828002774 103.83230106967495 104.73049634975754
1.2728147265820744 103.83230544705457 104.7306102472229
1.2728130051430724 103.8323119643295 104.73061024722323
1.2728116877581348 103.83231695187756 104.73061024722307
1.2728104221870946 103.83232174326096 104.7306102472229
1.2728082180321296 103.83233008807213 104.7306102472229
1.2728070335726558 103.8323345723714 104.73061024722323
1.2728058354765301 103.83233963962319 104.55817133920141
1.2728042276274871 103.83234702481369 104.13684855448473
1.2728024033747558 103.83235540399187 103.6587356610457
1.2728005355916514 103.8323639831141 103.1691889442762
1.2727993731288416 103.83236932255119 102.86452541630139
1.2727975071632913 103.83237789332473 102.375564858614
1.2727960076753282 103.83238478078925 102.2315009212298
1.272794347398782 103.83239240678955 102.23150092123029
1.2727933045444235 103.83239719683945 102.2315009212298
1.2727914647372043 103.83240564746168 102.2315009212298
1.2727904893394244 103.83241012766918 102.23150092123029
1.2727888354872487 103.8324177241605 102.23150092123029
1.2727872559890214 103.83242497912839 102.23150092122994
1.272785384787592 103.8324335739503 102.23150092123029
1.27278368292946 103.83244139094268 102.23150092123029
1.2727822427832924 103.83244800583684 102.2315009212298
1.2727809862004236 103.83245377758611 102.23150092122967
1.2727798909504109 103.83245880829958 102.23150092123029
1.2727788554913377 103.83246356438062 102.23150092123029
1.2727773621270875 103.83247042371626 102.23150092123042
1.2727759532088883 103.83247689517337 102.23150092123056
1.272774162505939 103.83248512024784 102.23150092123029
1.2727731407848766 103.83248981322706 102.23150092123029
1.2727714515935995 103.83249757203689 102.23150092122994
1.272770335228077 103.83250269973777 102.23150092123029
1.27276954099277 103.83250840389651 101.67552404228941
1.2727685303622913 103.83251665397654 100.69899885864197
1.2727676272264825 103.83252402654513 99.82578237493202
1.272766541857366 103.8325328867386 98.77626602875564
1.272765740404692 103.83253942923685 98.00160215277994
1.2727649757849686 103.83254567105655 97.26307992767383
1.2727643411506493 103.83255085176637 96.96526625867938
1.2727633268137015 103.83255913210216 96.96526625868002
1.2727625320925275 103.83256561964855 96.96526625867945
1.272761981071138 103.83257011780069 96.96526625867952
1.2727612019282464 103.83257647817663 96.96526625867952
1.2727603371644338 103.83258353750155 96.96526625867945
1.2727593134074182 103.83259189473519 96.96526625868002
1.272758250543498 103.83260057120985 96.96526625867938
1.2727572611309839 103.83260864807856 96.96526625867938
1.2727565345963916 103.83261457899646 96.96526625867938
1.2727558153702538 103.8326204502531 96.96526625867945
1.2727548202059753 103.8326285740746 96.96526625867945
1.2727540384680005 103.83263495563364 96.96526625867952
1.2727531225832012 103.83264243227282 96.96526625867945
1.2727523202506141 103.83264898195145 96.96526625867945
1.272751742982758 103.8326536943599 96.9652662586801
1.2727513870197167 103.83265906427177 96.5845784747815
1.272750947289972 103.83266689365028 95.92927154915266
1.2727506349280142 103.83267245524785 95.46363131273831
1.272750302027949 103.8326783825257 94.96732231437038
1.2727499942883203 103.83268386182236 94.50853919155118
1.2727495552128587 103.83269167954995 93.85410266573393
1.272749157018814 103.83269876938455 93.26087415818738
1.2727487861209361 103.83270537321127 93.21984113257275
1.2727482884946821 103.83271423343282 93.2198411325734
1.2727479155371793 103.83272087393036 93.21984113257275
1.2727475634674688 103.83272714252107 93.2198411325734
1.2727472975748138 103.83273187673167 93.21984113257336
1.2727469633436108 103.8327378277078 93.2198411325734
1.2727465121037653 103.83274586201875 93.21984113257336
1.2727462904897413 103.8327507926779 93.14969027364637
1.2727460076244248 103.83275771155354 93.01559631841737
1.2727456929462675 103.83276540856957 92.86641841943664
1.2727453846486827 103.83277294951647 92.72026426635516
1.2727451553072493 103.83277855919863 92.61154118825584
1.2727448051658579 103.83278712364226 92.44555360298969
1.2727444818029134 103.83279503308553 92.35198328502918
1.2727442829791997 103.83279989630446 92.35198328502918
1.2727440752170154 103.83280497815771 92.35198328502918
1.272743815961571 103.83281131953332 92.35198328502983
1.2727435614475786 103.83281754493284 92.35198328502914
1.2727432498215112 103.83282516729035 92.35198328502914
1.2727429711292615 103.83283198408789 92.35198328502983
1.272742654864708 103.83283971990139 92.35198328502983
1.2727423239049882 103.83284781515724 92.3519832850292
