481052182
1.3292200953767883 103.8405114795053 155.22768703712362
1.329215218167912 103.84051371853568 155.2276870371227
1.3292107840876468 103.84051575413443 155.22768703712242
1.3292043275155982 103.84051871821924 155.22768703712242
1.3291993801500253 103.8405209894571 155.22768703712362
1.3291939265776767 103.8405234930845 155.22768703712362
1.3291884232367235 103.84052601955965 155.22768703712242
1.3291811494187669 103.84052935882578 155.2276870371239
1.3291740228186615 103.84053263050707 155.2276870371239
1.3291672761998896 103.84053572774637 155.22768703712242
1.3291611843006472 103.84053852441687 155.22768703712242
1.3291538843534425 103.84054187567827 155.2276870371227
1.3291461500182102 103.84054542635855 155.2276870371227
1.3291383520014846 103.8405490062737 155.2276870371227
1.329131263259867 103.84055226057464 155.2276870371227
1.3291255876811428 103.84055486612047 155.22768703712362
1.3291186005783409 103.84055807376096 155.2276870371227
1.3291138000476532 103.84056027758949 155.2276870371227
1.3291090167106894 103.8405624735247 155.22768703712242
1.3291028344419855 103.84056531168173 155.2276870371239
1.3290986545890877 103.84056723056933 155.22768703712242
1.329093258744257 103.84056970769471 155.22768703712362
1.3290850694156289 103.84057346725304 155.22768703712362
1.3290796207251836 103.84057596863872 155.2276870371227
1.3290715983175618 103.84057965156686 155.2276870371227
1.3290652836613814 103.84058255050014 155.22768703712242
1.3290586440722123 103.8405855986037 155.2276870371227
1.3290526588242018 103.84058834631217 155.22768703712362
1.3290481904616969 103.84059039764861 155.2276870371227
1.3290440258129284 103.84059230955611 155.2276870371239
1.3290375859564911 103.8405952659662 155.2276870371227
1.3290322725508146 103.84059770524513 155.2276870371227
1.3290280228932052 103.84059965617843 155.22768703712242
1.3290236075935553 103.84060168315469 155.22768703712242
1.3290166741486322 103.84060486616134 155.22768703712362
1.3290122577134276 103.84060689365884 155.2276870371239
1.3290065311531443 103.84060952260873 155.22768703712242
1.3290024105107123 103.84061141431364 155.2276870371239
1.328994282136409 103.84061514588844 155.2276870371227
1.3289901116125549 103.84061706049287 155.2276870371239
1.328984921844118 103.84061944301219 155.22768703712242
1.3289786285154375 103.84062233215398 155.22768703712362
1.3289718497353238 103.84062544415684 155.2276870371227
1.3289642424332906 103.84062893651753 155.22768703712362
1.3289572670300438 103.84063213878606 155.2276870371227
1.3289522698033502 103.84063443291316 155.22768703712242
1.3289449034653558 103.84063781465197 155.22768703712362
1.3289385920383956 103.84064071210211 155.2276870371227
1.3289337227964801 103.84064294747387 155.22768703712362
1.3289293890131897 103.84064493702724 155.2276870371227
1.3289225899410195 103.8406480583455 155.22768703712242
1.3289158593839456 103.84065114820979 155.22768703712242
1.3289077930340734 103.84065485130982 155.22768703712362
1.328901764811693 103.8406576187462 155.22768703712362
1.3288954774679234 103.84066050514002 155.2276870371227
1.3288894299940563 103.84066328141434 155.2276870371227
1.3288837927848982 103.8406658693443 155.2276870371239
1.3288759674401147 103.8406694618035 155.2276870371227
1.3288684250805187 103.8406729243498 155.22768703712362
1.3288604766689969 103.8406765733064 155.22768703712242
1.32885443745413 103.84067934578898 155.22768703712242
1.3288481203842475 103.84068224582921 155.2276870371227
1.3288416237816272 103.84068522828927 155.2276870371227
1.3288340005726087 103.84068872795174 155.2276870371239
1.32882801809942 103.84069147438521 155.2276870371239
1.328820713922417 103.84069482758639 155.2276870371227
1.3288141182607336 103.84069785552234 155.2276870371227
1.3288077595328482 103.8407007746867 155.2276870371227
1.3288016743343538 103.84070356827918 155.22768703712362
1.3287972837195066 103.84070558392231 155.2276870371227
1.3287896756307556 103.84070907664308 155.22768703712242
1.3287850199249305 103.8407112139841 155.22768703712362
1.3287770031960024 103.84071489430326 155.22768703712242
1.3287720277385395 103.84071717843578 155.2276870371239
1.3287648371430267 103.84072047949361 155.22768703712362
1.3287598712877118 103.84072275921794 155.2276870371227
1.3287523857580383 103.84072619567405 155.22768703712242
1.3287478233400318 103.84072829018837 155.2276870371239
1.3287403174578125 103.84073173598786 155.22768703712362
1.3287326006621012 103.84073527861342 155.2276870371239
1.3287279967310444 103.84073739218547 155.22768703712242
1.328720179297343 103.84074098101183 155.2276870371239
1.32871508791635 103.84074331836226 155.2276870371227
1.3287077387553212 103.84074669221401 155.22768703712242
1.3287003746459243 103.8407500729282 155.2276870371227
1.3286952344934018 103.84075243266858 155.2276870371239
1.328687410166246 103.84075602465937 155.22768703712242
1.328681853813364 103.84075857546888 155.22768703712242
1.3286771574563623 103.8407608554223 155.0843726996401
1.3286710869034188 103.8407638392433 154.85663683058215
1.3286646243143374 103.84076701575931 154.61418040671285
1.328658545154695 103.84077000381063 154.38610408813767
1.3286542605302587 103.84077210980526 154.22535577401797
1.3286478304438056 103.84077527034536 153.9841230452659
1.32864131179464 103.84077847441611 153.73958527049325
1.3286360825632397 103.8407810447074 153.70520992941636
1.3286307221979627 103.84078367945408 153.70520992941516
1.328625398915859 103.84078629597347 153.70520992941647
