159654440
1.328328652727266 103.83918856118217 58.41314596290702
1.3283321521655287 103.83919420985596 58.41314596290765
1.3283352927578014 103.83919927929281 58.41314596290765
1.3283389443262867 103.83920517353008 58.41314596290765
1.3283433968510925 103.8392123606437 58.4131459629073
1.3283474082145164 103.8392188356497 58.4131459629073
1.328350840701253 103.83922437625274 58.413145962907386
1.3283549743056648 103.83923104857602 58.4131459629073
1.328358414812254 103.83923660212449 58.41314596290765
1.3283630200490886 103.83924403574083 58.41314596290765
1.3283661854497009 103.83924914522264 58.41314596290702
1.3283693951833913 103.8392543262654 58.413145962907386
1.3283732105716892 103.83926048493522 58.41314596290765
1.3283762797910654 103.8392654391646 58.41314596290765
1.3283793998259372 103.83927047541864 58.4131459629073
1.3283833028399463 103.83927677553098 58.41314596290702
1.3283858388235028 103.8392808690293 58.41314596290765
1.3283882577650985 103.8392847736025 58.4131459629073
1.3283908207806925 103.83928891073504 58.413145962907386
1.328393298362911 103.83929290996396 58.41314596290702
1.3283963626009931 103.83929785615281 58.413145962907386
1.3283989245319892 103.83930199153467 58.4131459629073
1.3284032176592673 103.8393089213547 58.413145962907386
1.328405902274666 103.83931325476959 58.413145962907386
1.3284097959969203 103.83931953988365 58.413145962907386
1.3284126015292956 103.83932406847863 58.41314596290765
1.3284159589887343 103.83932948797556 58.413145962907386
1.3284205725061515 103.8393369349586 58.4131459629073
1.3284251294398246 103.8393442906061 58.413145962907386
1.3284294836752084 103.83935131906497 58.41314596290765
1.3284337172095402 103.83935815269231 58.413145962907386
1.328437926169869 103.83936494665319 58.41314596290765
1.3284408647188688 103.83936968995923 58.413145962907386
1.328445586852503 103.83937731226709 58.41314596290702
1.3284501038684187 103.8393846034809 58.41314596290765
1.328454437922285 103.83939159936364 58.413145962907386
1.3284578037823624 103.83939703242082 58.41314596290702
1.328461384926608 103.83940281298243 58.41314596290765
1.3284640325462904 103.83940708668035 58.413145962907386
1.3284676477554636 103.83941292222845 58.4131459629073
1.3284701066145623 103.83941689123546 58.41314596290702
1.3284736284217522 103.83942257601727 58.413145962907386
1.3284770662377514 103.83942812522336 58.4131459629073
1.3284797845978522 103.83943251310816 58.413145962906974
1.3284836401003928 103.83943873652977 58.413145962906974
1.3284883035622947 103.83944626413204 58.41314596290765
1.3284915613454005 103.83945152273523 58.41314596290765
1.3284958014708892 103.83945836700227 58.41314596290765
1.3284982231928741 103.83946227606393 58.413145962907386
1.3285012426814464 103.83946715002021 58.413145962907386
1.3285041214074298 103.83947179676228 58.4131459629067
1.3285070171911348 103.83947647103838 58.413145962907386
1.3285113481016997 103.83948346184773 58.413145962907386
1.328513877072166 103.83948754402633 58.413145962907386
1.3285173705038613 103.83949318300566 58.413145962907386
1.3285198603678783 103.83949720205997 58.41314596290765
1.3285240547158172 103.83950397243464 58.4131459629067
1.3285269624010698 103.83950866592191 58.413145962907386
1.328530672727805 103.83951465500597 58.413145962907386
1.3285331762150225 103.83951869605045 58.413145962907386
1.3285371820977285 103.839525162211 58.413145962907386
1.328540445078989 103.83953042920517 58.413145962907386
1.328544843067067 103.83953752828901 58.4131459629067
1.3285480184119738 103.83954265382357 58.41314596290765
1.3285511755779436 103.83954775001432 58.413145962906974
1.3285545134085506 103.83955313782783 58.41314596290765
1.328558179204089 103.83955905503132 58.413145962907386
1.3285628986537652 103.83956667300777 58.4131459629067
1.3285659079841374 103.83957153056735 58.41314596290765
1.328568352814285 103.83957547692974 58.413145962907386
1.3285712480947236 103.8395801503938 58.4131459629067
1.32857446662079 103.83958534563008 58.413145962906974
1.3285788675652925 103.83959244948635 58.41314596290765
1.3285826947760806 103.83959862724103 58.413145962907386
1.3285874312354427 103.83960627267416 58.41314596290765
1.3285911135530817 103.83961221654727 58.41314596290765
1.3285945455353974 103.83961775633755 58.41314596290765
1.3285982700404753 103.83962376830821 58.4131459629067
1.3286021666334678 103.83963005805745 58.413145962907386
1.3286058960434617 103.83963607794556 58.413145962907386
1.3286092053153133 103.83964141966081 58.41314596290765
1.3286119043339648 103.83964577632591 58.413145962907386
1.3286152771959796 103.83965122068629 58.413145962907386
1.3286178184865634 103.83965532275208 58.413145962907386
1.3286220924476506 103.83966222163633 58.413145962907386
1.3286246274282423 103.83966631351676 58.413145962906974
1.328628028796649 103.83967180389129 58.4131459629067
1.3286304542557765 103.8396757189859 58.41314596290765
1.328633413649827 103.83968049594033 58.41314596290765
1.3286369132621045 103.83968614489686 58.413145962907386
1.3286403427791211 103.839691680708 58.413145962906974
1.328643931688392 103.83969747380479 58.413145962907386
1.3286470049747388 103.8397024346004 58.41314596290765
1.3286508563749124 103.83970865140122 58.413145962907386
1.3286539488584288 103.8397136431843 58.413145962907386
1.3286577661246202 103.83971980488725 58.4131459629067
1.328661437890874 103.8397257317291 58.4131459629071
1.328663874842008 103.83972966537385 58.413145962907386
1.328668118505675 103.83973651535338 58.41314596290765
1.3286728355146527 103.83974412939104 58.413145962907926
1.3286757963994185 103.83974890875193 58.413145962907386
1.3286798562695368 103.83975546205816 58.4131459629067
1.3286832073847417 103.83976087131599 58.413145962907926
1.3286865683407036 103.83976629645845 58.413145962907926
1.328689182442368 103.83977051605375 58.41314596290726
1.3286928191803153 103.83977638635429 58.413145962907926
1.328696963525779 103.83978307601792 58.413145962907386
1.3287010141856141 103.83978961445736 58.413145962907386
1.3287040734499205 103.83979455261937 58.413145962907386
1.3287075201679628 103.83980011619624 58.413145962907386
1.32871029551973 103.83980459607616 58.413145962907386
1.3287128779673103 103.8398087645766 58.413145962907386
1.328715342829443 103.83981274327458 58.413145962907386
1.3287197081297637 103.83981978959629 58.413145962907386
1.3287222660287772 103.8398239184713 58.413145962907386
1.3287261431716024 103.83983017682556 58.413145962907386
1.3287304922559582 103.83983719697211 58.413145962907386
1.3287351113384962 103.8398446529407 58.413145962907386
1.3287392053662166 103.8398512613834 58.4131459629067
1.3287435837299053 103.83985832879176 58.41314596290726
1.3287462604012947 103.83986264938528 58.413145962907386
1.328748922162926 103.83986694591198 58.413145962907926
1.328753357440677 103.83987410518918 58.413145962907926
1.328756684297198 103.83987947528988 58.413145962907386
1.3287607435679312 103.83988602762919 58.413145962907926
1.3287635506061812 103.83989055865662 58.413145962907386
1.3287661280535314 103.8398947190861 58.413145962907386
1.3287703719875887 103.83990156950284 58.413145962907386
1.328773408697429 103.83990647125854 58.4131459629067
1.328776480573192 103.83991142977793 58.413145962907386
1.3287793773885836 103.83991598472208 58.33227084393925
1.3287826906119709 103.8399208536321 58.01194358178284
1.3287874297558604 103.8399278179875 57.55367174028936
1.328790076278884 103.83993170715554 57.29773075442911
1.3287946678907423 103.83993845470697 56.85367894325378
1.3287996530894464 103.83994578064953 56.371610855658616
1.3288037280020863 103.8399517688915 55.977650115767695
1.3288067205437348 103.83995616654738 55.963710854675035
1.328810182418407 103.83996125390632 55.963710854675575
1.328814638842889 103.83996780279479 55.963710854675035
1.3288192926787656 103.83997464178698 55.963710854675035
1.328822374230001 103.83997917024595 55.963710854675575
1.3288261364882594 103.83998469903032 55.963710854674844
1.3288298492328996 103.8399901550525 55.963710854675035
1.3288342768914894 103.8399966616685 55.963710854674304
1.3288379196883437 103.84000201489974 55.963710854674304
1.3288409085631019 103.84000640716711 55.963710854674304
1.328845319547233 103.84001288927942 55.963710854675035
1.3288485762994549 103.84001767520316 55.963710854675035
1.3288529494125751 103.84002410166255 55.963710854675035
1.328856728684359 103.84002965544911 55.963710854674304
1.3288605010364176 103.84003519906688 55.963710854675035
1.3288639180814246 103.84004022054715 55.963710854675035
1.3288679589562788 103.84004615876964 55.963710854675035
1.3288724540589527 103.84005276449754 55.963710854675035
1.3288762791361028 103.84005838559695 55.963710854675575
1.3288804025669974 103.84006444513881 55.963710854675035
1.3288845392475521 103.84007052415157 55.963710854675035
1.328888709432971 103.84007665240105 55.963710854674304
1.3288935600279395 103.84008378053885 55.963710854674304
1.3288985453424251 103.84009110665222 55.963710854674304
1.3289012057364784 103.84009501620469 55.963710854674304
1.3289040326526798 103.84009917046795 55.963710854674304
1.3289089729549102 103.84010643043413 55.963710854674304
1.3289118020690922 103.84011058792743 55.963710854675035
1.3289160162778082 103.84011678087101 55.963710854675035
1.3289205105414703 103.84012338536628 55.963710854675575
1.3289231911323027 103.84012732459878 55.963710854675035
1.3289263536764255 103.8401319720804 55.963710854675035
1.3289311668782824 103.8401390452678 55.963710854675575
1.3289355087519956 103.84014542582018 55.963710854675035
1.3289389925896509 103.84015054545522 55.963710854675575
1.3289419819848105 103.84015493848776 55.963710854674304
1.3289445413881749 103.84015869963062 55.963710854674304
1.3289473051900875 103.84016276114514 55.963710854675035
1.3289522093229804 103.84016996795938 55.963710854675035
1.328956125491783 103.84017572292196 55.963710854675035
1.3289591202672573 103.84018012386113 55.963710854675035
1.3289620468152012 103.84018442453736 55.963710854675035
1.328964898608753 103.84018861535905 55.963710854675035
1.3289697328704295 103.84019571949493 55.963710854674304
1.3289737077056227 103.84020156067015 55.963710854675035
1.3289765854091617 103.84020578956765 55.963710854675035
1.328979738844938 103.84021042366443 55.963710854675035
1.3289828130265187 103.8402149412941 55.963710854675575
1.328987786587159 103.84022225013534 55.963710854675035
1.328991946650782 103.84022836351106 55.963710854675035
1.3289953066712956 103.84023330119223 55.963710854674844
1.3289989892551424 103.84023871289283 55.963710854674304
1.3290034987889001 103.8402453398286 55.963710854675575
1.3290060471975802 103.84024908481456 55.963710854675035
1.3290094220873934 103.84025404434682 55.963710854674844
1.3290124084111976 103.84025843286616 55.963710854675575
1.3290164310835633 103.8402643443402 55.963710854675575
1.329020644528639 103.8402705361622 55.963710854675575
1.3290253087390678 103.8402773904015 55.963710854675035
1.3290283639729679 103.840281880187 55.963710854675035
1.329031033354833 103.84028580294789 55.963710854674304
1.329035541923853 103.84029242846613 55.963710854675575
1.3290405650388573 103.8402998101298 55.963710854675035
1.3290451154341958 103.84030609217005 55.67448782851201
1.329049993623477 103.8403127415933 55.30355986406347
1.3290547797436163 103.84031926551782 54.939603735563544
1.3290593076255557 103.84032543743983 54.595285448016135
1.3290640888154197 103.84033195464396 54.23173299324241
1.3290682002993615 103.840337558977 53.938090284230704
1.3290715040352923 103.84034206227479 53.938090284230704
