174555658
1.326872987360798 103.8357102292661 72.37360729031563
1.3268743787824449 103.83571457336308 72.37360729031563
1.3268770164273274 103.83572280823947 72.37360729031563
1.3268794080925326 103.83573027515348 72.37360729031563
1.3268812969792807 103.83573617236476 72.37360729031563
1.3268836588483301 103.83574354625358 72.37360729031563
1.3268863883582522 103.83575206793809 72.37360729031563
1.3268888341242098 103.83575970375797 72.37360729031563
1.326891039341259 103.83576658857056 72.37360729031563
1.326892740633904 103.83577190010267 72.37360729031555
1.3268942090107867 103.83577648445858 72.37360729031563
1.3268961114437237 103.83578242396213 72.37360729031558
1.3268980797711647 103.83578856919209 72.37360729031563
1.326899566560416 103.83579321103255 72.37360729031555
1.3269020457047067 103.83580095106183 72.37360729031563
1.3269039188836644 103.83580679923297 72.37360729031555
1.3269063366773015 103.83581434772212 72.37360729031563
1.3269079919606006 103.83581951561071 72.37360729031563
1.3269104581265199 103.83582721512101 72.3736072903155
1.3269131436956827 103.83583559962076 72.37360729031563
1.3269157263959217 103.83584366295798 72.3736072903155
1.326917734065438 103.83584993101661 72.37360729031566
1.3269196992824714 103.83585606653618 72.3736072903157
1.326922050085647 103.83586340587772 72.37360729031555
1.3269237335102229 103.83586866162527 72.37360729031563
1.3269258901010723 103.83587539462495 72.37360729031555
1.32692842910353 103.83588332153558 72.37360729031555
1.3269300378927857 103.8358883442675 72.3736072903157
1.32693214647458 103.83589492738031 72.3736072903157
1.3269344748748164 103.83590219677895 72.37360729031555
1.3269363041232076 103.83590790779702 72.37360729031555
1.3269378570314807 103.83591275606545 72.3736072903155
1.326940026761058 103.83591953008535 72.3736072903157
1.3269418376696156 103.83592518384552 72.3736072903157
1.3269438483099945 103.8359314611799 72.37360729031555
1.326946137702069 103.8359386087931 72.37360729031555
1.326948635867464 103.83594640820864 72.37360729031555
1.326951290043224 103.83595469469753 72.3736072903156
1.3269533699876843 103.83596118840346 72.37360729031566
1.3269560311708894 103.83596949677015 72.37360729031555
1.3269586533268083 103.8359776832915 72.37360729031555
1.3269602942754364 103.83598280642738 72.3736072903156
1.3269620907345534 103.83598841507597 72.37360729031555
1.326964523788804 103.83599601121122 72.37360729031555
1.3269664745063514 103.83600210146359 72.37360729031566
1.3269688963572175 103.83600966262134 72.37360729031555
1.326971379959894 103.83601741657185 72.37360729031545
1.3269738810996277 103.83602522527413 72.37360729031555
1.3269756757117228 103.83603082815648 72.3736072903156
1.326978409909924 103.83603936448087 72.37360729031555
1.3269811174108528 103.8360478174549 72.3736072903157
1.326982607102944 103.83605246835955 72.3736072903157
1.3269842611393678 103.83605763235673 72.3736072903157
1.3269861437394115 103.83606350994273 72.37360729031555
