-655238560
1.326747270955759 103.83699161485964 69.34905773094322
1.3267497975522486 103.8369988498633 69.65249453298657
1.3267526649434251 103.83700706074536 69.99688254761239
1.3267553329415813 103.83701470065812 70.31732326504071
1.3267579404327703 103.83702216730694 70.63047781733704
1.3267605997755807 103.8370297824349 70.8914426075141
1.3267626693493138 103.83703570873702 70.89144260751421
1.3267642194403027 103.8370401474808 70.8914426075141
1.326766206973313 103.83704583885627 70.89144260751412
1.3267677742446617 103.83705032679673 70.89144260751421
1.3267702094847162 103.83705730019823 70.89144260751421
1.3267727677901282 103.83706462600209 70.8914426075141
1.3267752102672417 103.83707162012729 70.8914426075141
1.3267775637875372 103.83707835952133 70.8914426075141
1.3267795513616307 103.83708405101471 70.8914426075141
1.32678158270369 103.8370898678393 70.8914426075141
1.326783438601627 103.83709518227309 70.8914426075141
1.3267863594025269 103.83710354609674 70.89144260751421
1.3267888383179327 103.83711064456465 70.89144260751421
1.326790490192509 103.83711537476994 70.89144260751421
1.326793417431831 103.83712375703044 70.891442607514
1.3267956150053406 103.83713004986534 70.89144260751402
1.326797947555878 103.83713672921212 70.89144260751421
1.3268004158420232 103.83714379724299 70.89144260751421
1.326801931687086 103.83714813792277 70.89144260751421
1.326804253395138 103.8371547862218 70.89144260751421
1.32680613860887 103.83716018460282 70.89144260751421
1.3268077868595358 103.83716490443115 70.891442607514
1.3268101806173016 103.8371717590474 70.89144260751421
1.326812128647907 103.83717733730703 70.89144260751412
1.3268150284256823 103.83718564093088 70.891442607514
1.326817921192038 103.83719392447735 70.89144260751412
1.3268194792328616 103.83719838598654 70.89144260751412
1.3268218523001583 103.83720518135507 70.89144260751412
1.3268233854257345 103.83720957151854 70.89144260751421
1.3268261880793666 103.837217597024 70.89144260751421
1.3268289859984006 103.8372256089718 70.89144260751421
1.3268319215921558 103.83723401515653 70.89144260751421
1.326834867552641 103.83724245102682 70.891442607514
1.3268374696208842 103.83724990214864 70.891442607514
1.3268402069797247 103.8372577406803 70.89144260751421
1.3268422938594024 103.83726371654006 70.89144260751421
1.326844915419128 103.83727122347665 70.89144260751421
1.3268477354879562 103.8372792988517 70.89144260751421
1.3268493199103617 103.83728383590595 70.89144260751412
1.3268518754557794 103.83729115380818 70.89144260751391
1.3268534608330034 103.83729569359664 70.89144260751421
1.3268562175259897 103.83730358749276 70.89144260751412
1.3268584825432403 103.83731007345658 70.89144260751391
1.3268606569789607 103.83731630003678 70.89144260751412
1.3268631519769245 103.83732344455929 70.89144260751412
1.3268657381568902 103.83733085018504 70.89144260751421
1.3268686392928377 103.83733915769942 70.89144260751421
1.3268704866825254 103.83734444777089 70.891442607514
1.3268731157904412 103.83735197632264 70.89144260751391
1.3268756471015335 103.83735922482947 70.89144260751421
1.326877455428007 103.83736440304202 70.89144260751412
1.3268803073650823 103.83737256967383 70.89144260751421
1.326882134627579 103.83737780211051 70.89144260751412
1.326884035962507 103.83738324665646 70.891442607514
1.3268862587117267 103.83738961158471 70.89144260751391
1.3268889807226683 103.8373974061682 70.89144260751391
1.3268907157165293 103.83740237439021 70.891442607514
1.3268932662517325 103.83740966716357 70.88693559440296
1.3268960292164407 103.83741750945381 70.85785827902893
1.3268977850701549 103.8374224931999 70.83937974106571
1.3269000888338445 103.83742903211211 70.81513501143559
1.326901981584571 103.83743440442134 70.79521576699801
1.3269043183618436 103.83744103703812 70.77062360857191
1.3269061146532808 103.83744613556117 70.75171951332933
1.326908518572914 103.83745295875224 70.73419254451505
1.3269101869152302 103.83745769410959 70.73419254451505
1.3269120609167908 103.83746301320208 70.73419254451505
1.3269150457367767 103.83747148519808 70.73419254451505
1.3269175382581562 103.83747855987306 70.73419254451514
1.3269203740272868 103.83748660880909 70.73419254451505
1.3269231957143417 103.83749461777515 70.73419254451498
1.3269256974699768 103.83750171866045 70.73419254451498
1.3269276849162508 103.83750735975022 70.73419254451505
1.326929787741048 103.83751332832595 70.73419254451505
1.3269318285460732 103.83751912086719 70.73419254451505
1.3269341903917329 103.83752582463767 70.73419254451505
1.3269368679572222 103.83753342453504 70.73419254451505
1.3269397770338553 103.83754168154466 70.73419254451505
1.326941489712526 103.83754654274503 70.73419254451505
1.326944164409611 103.83755413450098 70.73419254451505
1.326946960443554 103.83756207065484 70.73419254451484
1.326949489123823 103.83756924796248 70.73419254451505
1.3269514925631734 103.83757493444678 70.73419254451505
1.3269530069783944 103.83757923290403 70.73419254451505
1.3269552492895047 103.83758559739273 70.73419254451505
1.3269573396342496 103.83759153054602 70.73419254451505
1.3269596784051707 103.83759816882257 70.73419254451505
1.3269622890582693 103.83760557879896 70.73419254451505
1.32696480272493 103.8376127134929 70.73419254451505
1.3269665935843558 103.83761779659885 70.73419254451505
1.3269691209332974 103.83762497012812 70.73419254451505
1.326970887467728 103.837629984191 70.73419254451505
1.326973353523609 103.83763698374851 70.73419254451505
1.3269754593656955 103.83764296088917 70.73419254451491
1.3269784012027914 103.83765131088578 70.73419254451505
1.326981337404918 103.83765964488838 70.73419254451505
1.3269829645857818 103.83766426341566 70.73419254451505
1.326984954590537 103.8376699117683 70.73419254451505
1.3269873777921253 103.83767678969014 70.73419254451484
1.3269890534937772 103.83768154593703 70.73419254451505
1.3269906788407317 103.8376861592591 70.73419254451505
1.326992538790991 103.83769143847022 70.73419254451505
1.3269944701757859 103.83769692043838 70.73419254451505
1.3269959903879474 103.83770123534998 70.73419254451484
1.3269982442866162 103.83770763272915 70.73419254451527
1.3270006804848107 103.83771454754033 70.73419254451505
1.3270034554704364 103.83772242395275 70.73419254451505
1.327005674417117 103.83772872212569 70.73419254451505
1.3270083526430387 103.8377363238992 70.73419254451505
1.3270105400618835 103.83774253258483 70.73419254451505
1.3270122024363733 103.83774725100474 70.73419254451505
1.3270142510413345 103.83775306568644 70.73419254451491
1.3270158763323512 103.8377576788501 70.73419254451491
1.327017967159601 103.837763613374 70.73419254451505
1.3270208456070296 103.83777178344883 70.73419254451505
1.32702308797062 103.83777814808776 70.73419254451505
1.32702479071813 103.83778298110109 70.73419254451505
1.3270267614549471 103.83778857476503 70.73419254451505
1.3270288344246142 103.83779445860283 70.73419254451491
1.3270304667601969 103.83779909176172 70.73419254451491
1.3270333771737712 103.83780735256835 70.73419254451505
1.3270354633859356 103.83781327399325 70.73419254451505
1.3270372436347873 103.83781832698361 70.73419254451505
1.3270393600695092 103.83782433419115 70.73419254451491
1.3270418843872978 103.83783149911844 70.73419254451505
1.3270448367577625 103.8378398790142 70.73419254451505
1.3270473010021016 103.83784687343143 70.73419254451505
1.3270502841585297 103.83785534070903 70.73419254451505
1.3270531752149906 103.83786354657364 70.73419254451491
1.3270560351612486 103.83787166413633 70.73419254451527
1.327057539805613 103.83787593486171 70.73419254451505
1.3270605147968504 103.83788437896378 70.73419254451505
1.3270623849712029 103.83788968719564 70.73419254451505
1.3270648191381793 103.83789659624279 70.7341925445147
1.3270672418822727 103.83790350668478 70.7484391686823
1.3270689685212709 103.83790846352758 70.77203795680019
1.3270708833863631 103.8379139607307 70.79820934438133
1.327072983795185 103.83791999059363 70.82691666533874
1.3270753826671517 103.83792687728591 70.85970323335489
1.3270780661236086 103.83793458096467 70.89637933831341
1.327080994190986 103.83794298687363 70.93635363933033
1.3270831724860408 103.83794924033286 70.93635363933033
1.3270856961108792 103.83795648516647 70.93635363933033
1.3270879230658932 103.83796287831905 70.93635363933033
1.3270903159476415 103.83796974781488 70.93635363933049
1.3270928557016077 103.83797703895223 70.93635363933033
1.327095304073943 103.83798406775081 70.93635363933033
1.3270968803318115 103.83798859287919 70.93635363933033
1.3270991857783916 103.83799521136592 70.93635363933014
1.327100919825831 103.8380001894774 70.93635363933029
1.327102448506524 103.83800457802107 70.93635363933049
1.32710520583006 103.83801249375843 70.93635363933029
1.3271067413460365 103.83801690192492 70.93635363933014
1.327108681485373 103.83802247168609 70.93635363933033
1.327111474766578 103.83803049065104 70.93635363933033
1.3271140153157568 103.83803778407173 70.93635363933019
1.3271160813316811 103.83804371520013 70.93635363933033
1.3271189556075946 103.83805196668527 70.93635363933033
1.3271212707777187 103.83805861308684 70.93635363933049
1.3271238876402582 103.83806612558853 70.93635363933033
1.3271261159563745 103.8380725226493 70.93635363933033
1.32712762059869 103.83807684218381 70.93635363933029
1.327129560018974 103.83808240988108 70.93635363933033
1.3271320965205755 103.83808969168237 70.93635363933033
1.3271339607102126 103.83809504340721 70.93635363933033
1.3271356121187512 103.83809978427902 70.93635363933033
1.3271381656109877 103.83810711485727 70.93635363933033
1.3271402820610052 103.83811319077255 70.93635363933049
1.3271430711624228 103.83812119773889 70.93635363933033
1.3271446138722396 103.83812562655801 70.93635363933029
1.327146419794879 103.83813070049816 70.89026619511989
1.3271491694852322 103.83813842367594 70.81909965672648
1.3271519692673401 103.83814628754874 70.74663641486286
1.3271539342034213 103.83815180655232 70.69578041923248
1.3271563977434877 103.83815872600718 70.63201978754769
1.3271590555898582 103.83816619121889 70.56323048389869
1.3271608615272397 103.83817126363584 70.54600080955747
1.3271634769740952 103.83817860975823 70.54600080955733
1.3271660247264456 103.83818576574411 70.54600080955733
1.3271677383640073 103.83819057891452 70.54600080955754
1.3271700289738821 103.83819701265291 70.54600080955754
1.3271715395021062 103.83820125534109 70.54600080955733
1.3271733762359483 103.83820641425763 70.5460008095577
1.327175489135353 103.83821234885278 70.54600080955754
1.3271784863312357 103.83822076721107 70.54600080955747
1.3271805315923466 103.83822651182757 70.54600080955733
1.327183328742975 103.83823436830994 70.54600080955754
1.3271851217608364 103.8382394044396 70.54600080955754
1.3271874932299637 103.83824606529132 70.54600080955733
1.3271902397952302 103.83825377969245 70.54600080955754
1.3271919265800005 103.83825851744056 70.54600080955754
1.3271935662987524 103.83826312299227 70.54600080955754
1.32719604046321 103.83827007228915 70.54600080955733
1.327198394815826 103.83827668506514 70.5460008095577
1.3272002864161214 103.83828199808795 70.5460008095577
1.3272031140691312 103.83828994024417 70.54600080955733
1.3272059866792458 103.83829800867348 70.54600080955747
1.3272089108635383 103.83830622196157 70.5460008095577
1.3272113087465378 103.83831295700358 70.54600080955747
1.3272137571511102 103.83831982228276 70.54104038931283
1.3272154806485712 103.83832461970718 70.52256789928434
1.3272178250305684 103.83833114538871 70.49744073416593
1.3272203516649752 103.83833817837717 70.47036016761375
1.327222221413834 103.83834338289834 70.45032012370102
1.327224799560793 103.83835055927418 70.42268744692412
1.3272272180812539 103.83835729132326 70.39676567037715
1.3272294728352736 103.8383635675219 70.3830501221263
1.3272311832081245 103.83836832841367 70.38305012212615
1.3272327307270542 103.83837263599499 70.38305012212615
1.327234357754639 103.83837716489188 70.38305012212615
1.3272360750494023 103.83838194505113 70.3830501221263
1.3272389711486936 103.8383900064604 70.38305012212615
1.327241816550737 103.8383979267519 70.38305012212615
1.327243565468789 103.83840279493593 70.3830501221263
1.3272460654618448 103.83840975376764 70.3830501221263
