479370607
1.3291186029611906 103.8647776426655 294.0639904789762
1.3291221774681976 103.86476967985006 294.0639904789762
1.329124485107328 103.86476453919578 294.0639904789762
1.3291266813894003 103.86475964660804 294.0639904789762
1.3291302628160078 103.86475166837778 294.0639904789762
1.329132546624057 103.86474658081109 294.0639904789762
1.3291352093407807 103.8647406491615 294.0639904789763
1.3291378552750863 103.86473475489755 294.0639904789762
1.3291414569204076 103.86472673162636 294.0639904789762
1.3291448033032098 103.86471927699529 294.0639904789763
1.329147283443707 103.86471375206472 294.0639904789762
1.3291503633813424 103.86470689098499 294.0639904789763
1.3291528431997164 103.86470136677191 294.0639904789762
1.3291554794287754 103.8646954941276 294.0639904789762
1.3291577189886443 103.86469050513071 294.0639904789763
1.3291606198057133 103.86468404307193 294.0639904789763
1.3291630872064097 103.8646785465211 294.0639904789763
1.329165212931843 103.86467381110947 294.0639904789762
1.3291685187970592 103.86466644673749 294.0639904789762
1.3291721875413662 103.86465827399105 294.0639904789762
1.3291748033986708 103.86465244672786 294.0639904789763
1.3291772146151744 103.86464707533649 294.0639904789762
1.32917925636271 103.86464252699952 294.0639904789763
1.3291826021907074 103.86463507360332 294.0639904789762
1.3291850417604965 103.86462963905007 294.0639904789762
1.3291880199654882 103.864623004596 294.0639904789762
1.3291911362724214 103.86461606249644 294.0639904789762
1.3291941700887098 103.86460930415866 294.0639904789763
1.3291970163172127 103.86460296370424 294.0639904789763
1.3292001135516534 103.86459606409164 294.0639904789763
1.3292026195525501 103.86459048155155 294.0639904789762
1.3292057942208 103.86458340944193 294.0639904789763
1.3292080096455912 103.86457847420904 294.0639904789762
1.3292112201713504 103.86457132222063 294.0639904789763
