139715173#0
1.3271235784975446 103.86923899453825 287.7810306552984
1.3271255852536226 103.86923276751958 287.7810306552984
1.3271280676759307 103.86922506449554 287.7810306552984
1.3271294738649417 103.86922070105268 287.7810306552988
1.3271309494482493 103.86921612227741 287.7810306552984
1.3271335897870298 103.869207929234 287.7810306552988
1.3271362849846309 103.86919956596203 287.7810306552984
1.3271385080278548 103.86919266779795 287.7810306552984
1.3271402031573152 103.86918740776468 287.7810306552984
1.3271417248170878 103.86918268601256 287.7810306552984
1.3271440527772747 103.86917546228803 287.7810306552984
1.3271466617731167 103.86916736650197 287.7810306552984
1.3271483530113564 103.86916211854302 287.7810306552984
1.3271508406468855 103.8691559022137 288.3657627152482
1.3271538595398182 103.86914939662405 289.48092603593693
1.3271572103530451 103.86914217575979 290.72026106474095
1.327159712864466 103.86913678295086 291.6462480274367
1.3271617818510315 103.86913232437009 292.4116974365478
1.327163869716463 103.86912782510609 293.1837211719811
1.3271663194597896 103.8691225460101 294.08865403596747
1.327169880625395 103.8691148718448 294.77896105155725
1.3271723286150676 103.86910959652774 294.7789610515573
1.3271759094194036 103.8691018800416 294.7789610515567
1.3271791426036956 103.86909491266229 294.7789610515567
1.3271823614099385 103.869087976267 294.7789610515567
1.3271846633807782 103.8690830156143 294.7789610515567
1.3271871821605024 103.86907758774731 294.77896105155725
1.3271908677428554 103.86906983753491 294.8815079775518
1.3271944990478106 103.8690623713783 295.0732733780387
1.3271981956472856 103.8690547709726 295.26849207285693
1.3272005469402797 103.86904993658871 295.3926653178922
1.3272035945711433 103.86904367049695 295.553611112899
1.327205722872684 103.86903929459532 295.66600476802785
1.327207864121238 103.86903489207393 295.7790792880831
1.3272106903062568 103.8690290812865 295.81808203262244
1.327213441447665 103.8690234247927 295.818082032623
1.3272161743154425 103.86901780587041 295.8180820326219
1.3272200419677933 103.86900985377027 295.81808203262244
1.3272231980913245 103.86900336461136 295.818082032623
1.3272257415159296 103.8689981351942 295.818082032623
1.3272291591703655 103.86899110831362 295.8180820326219
1.3272324340099206 103.868984375068 295.818082032623
1.3272362837528782 103.86897645979009 295.818082032623
1.3272389869162273 103.86897090194127 295.81808203262244
1.3272427258140516 103.86896321456672 295.81808203262244
1.327244914154658 103.86895871522097 295.8180820326219
1.3272471811276911 103.86895405420269 295.81808203262244
1.3272503508752589 103.86894753703143 295.81808203262244
1.3272540686909238 103.86893989300265 295.818082032623
1.3272566952458726 103.86893428790044 295.7044627187291
1.3272596334881648 103.86892596315201 294.4358993635404
1.3272623709703448 103.86891820720524 293.2523512507906
1.3272640389587091 103.86891348139216 292.5308538492379
1.3272659314327546 103.86890811955696 291.71228702964333
1.3272680415456877 103.86890214109826 290.80001791877174
1.3272710279470834 103.868893679903 289.51055541576625
1.3272727540695815 103.86888878938166 289.35121734784747
1.3272750377474178 103.86888231917153 289.3512173478481
1.327277636907855 103.868874955123 289.35121734784747
1.3272790443592706 103.86887046445774 289.1388789457833
1.3272798333304174 103.86886488401495 287.7232611033429
1.3272808971027201 103.86885735988601 285.8070553574257
1.3272819839448897 103.86884967258224 283.844414212624
1.327283010287791 103.86884241319348 281.9906058305763
1.3272841216339872 103.8688345525708 279.9873787285511
1.327285146243626 103.86882730544112 278.14837115142126
1.3272863792227747 103.86881858450035 278.0224036473273
1.327287538562063 103.86881038441878 278.0224036473273
1.3272883250002754 103.86880270577866 277.6468273857824
1.3272881237474083 103.86879783506687 276.52738738196035
1.327287853561785 103.8687912960483 275.0202391142556
1.3272874884081445 103.86878245861935 272.97894443628456
1.3272872689117423 103.86877714637946 271.7514173987573
1.3272870092849747 103.86877086290703 270.3008503695352
1.3272867033100013 103.86876345771839 268.59565588441683
1.327286380155697 103.86875563675714 267.6753314055961
1.3272861417422084 103.86874986668846 267.67533140559675
1.3272858685008448 103.86874325371807 267.67533140559675
1.3272848356789864 103.86873569810976 266.76092593120046
1.3272817979131468 103.86872736438592 263.3110618524596
1.327278923324733 103.86871947831862 260.016318495433
1.3272768153960712 103.86871369548477 257.5943405509897
1.3272740006948156 103.86870597371039 254.36902309808343
1.327272418337346 103.86870163271425 252.56706813153616
1.3272698839058854 103.86869467982442 250.11718355511346
1.3272678174361348 103.86868901072798 250.11718355511346
1.3272659775176663 103.86868396314613 250.11718355511238
1.327263867496272 103.86867817457136 250.117183555113
1.3272619154531253 103.86867281938979 250.11718355511346
1.327258903492912 103.86866455646093 250.11718355511346
1.3272558715722433 103.86865623877317 250.11718355511346
1.3272518352535974 103.86865097631078 247.57608214224052
1.3272478333596966 103.86864620824231 244.8275251413725
1.327243168666316 103.86864065047943 241.59726055330938
1.3272392431300981 103.86863597338758 238.8709124687827
1.3272346740995526 103.8686305296025 235.70581455012987
1.3272297828001678 103.86862470184928 232.3478478799793
1.3272244640706368 103.86861836483317 230.20082638197326
1.3272210892291219 103.86861434386823 230.2008263819728
1.327216293064186 103.86860862946327 230.2008263819724
1.3272132347682246 103.86860498564748 230.2008263819724
1.3272083479767864 103.86859916326534 230.20082638197292
1.3272049473860246 103.86859511162143 230.2008263819724
1.3272019563134103 103.86859154789913 230.20082638197331
1.3271979224084747 103.86858674169117 230.2008263819728
1.327192372046423 103.86858012869595 230.2008263819728
1.3271877760900972 103.86857528442818 229.68447420693116
1.3271816730195551 103.86857082040468 227.3777503655064
1.3271754207500044 103.86856624725124 225.00087254294684
1.3271694930359055 103.8685619114903 222.74180730424
1.3271641862795729 103.86855802992207 220.72063545897095
1.3271569702791806 103.86855275185839 217.9834871086492
1.327152359028856 103.86854937901035 216.38553129953252
1.3271468498567485 103.86854534938735 216.38553129953252
1.327140707373845 103.8685408565362 216.38553129953215
1.3271363652624397 103.86853768054685 216.3855312995316
1.3271292969761948 103.86853251052709 216.38553129953252
1.3271225548580927 103.86852757907943 216.385531299532
1.3271186990867154 103.86852475881813 216.38553129953252
1.3271132608850762 103.86852078110573 216.385531299532
1.3271071439546318 103.86851630694468 216.38553129953252
1.3271022379738 103.86851271851931 216.385531299532
1.3270955201661165 103.86850780485328 216.38553129953252
1.327091239923517 103.86850467411725 216.38553129953252
1.3270869905593712 103.8685015659669 216.38553129953215
1.327080790992931 103.8684970313627 216.38553129953215
1.3270737896368583 103.86849191029836 216.38553129953252
1.3270673193471993 103.8684871776767 216.385531299532
1.3270630921293574 103.86848408572504 216.385531299532
1.3270578561969921 103.86848025596034 216.38553129953252
1.3270538595942878 103.86847733268957 216.385531299532
1.327048178399353 103.86847317724252 216.385531299532
1.32704119369846 103.86846806836047 216.38553129953215
