139715164
1.3280848201835087 103.86919909485916 254.61229625869274
1.3280835402070257 103.86919448216153 254.61229625869274
1.3280819856319872 103.8691888798832 254.61229625869274
1.3280803952219686 103.8691831484651 254.6122962586915
1.3280786531201867 103.86917687038992 254.61229625869115
1.3280773378175732 103.86917213038639 254.61229625869274
1.3280754001561965 103.86916514756618 254.61229625869274
1.328073085657938 103.86915680672534 254.61229625869274
1.3280715160519674 103.86915115027978 254.61229625869274
1.328070298255174 103.86914676166163 254.6122962586915
1.3280680530261486 103.86913867044905 254.61229625869115
1.328066019318721 103.86913134150451 254.6122962586915
1.3280642679351695 103.86912502998075 254.6122962586915
1.328062461105993 103.86911851864562 254.6122962586915
1.3280607502773845 103.86911235327126 254.6122962586915
1.3280594114993465 103.8691075286689 254.6122962586915
1.3280574101552074 103.86910031635342 254.61229625869274
1.3280552599361304 103.86909256753208 254.61229625869115
1.3280532281156225 103.86908524538795 254.6122962586915
1.3280514392595122 103.86907879882335 254.61229625869274
1.328049209759868 103.86907076429601 254.61229625869274
1.3280474261103143 103.86906433649462 254.6122962586915
1.328045912527048 103.86905888194075 254.61229625869274
1.3280445013254036 103.8690537963432 254.61229625869274
1.3280428296737294 103.86904777215268 254.61229625869115
1.3280412233693086 103.8690419834564 254.6122962586915
1.3280391769478892 103.86903460869495 254.6122962586915
1.3280369970168835 103.86902675280034 254.61229625869274
1.328035124754441 103.86902000566191 254.6122962586924
1.3280337972147784 103.86901522156026 254.61229625869274
1.328031480267952 103.8690068718971 254.6122962586915
1.328029626690663 103.86900019209519 254.6122962586915
1.3280277820309931 103.86899354443007 254.6122962586915
1.3280254802880644 103.86898524955797 254.6122962586915
1.3280234883524067 103.86897807114931 254.6122962586915
1.3280222783732984 103.86897371070505 254.61229625869274
1.328021060798115 103.86896932288657 254.61229625869274
1.3280188543323488 103.8689613713684 254.6122962586915
1.328016662001758 103.86895347078972 254.61229625869274
1.3280143842347072 103.86894526232076 254.6122962586915
1.328012179814346 103.86893731817393 254.61229625869274
1.3280101164170073 103.86892988223678 254.61229625869274
1.3280084519310582 103.86892388387062 254.61229625869115
1.3280067648139795 103.8689178039479 254.6122962586915
1.3280050738236848 103.8689117100672 254.61229625869274
1.3280028044953578 103.86890353200963 254.61229625869274
1.3280012337151326 103.86889799807457 254.56934148851005
1.3279995805605056 103.86889328799249 254.14645261700736
1.3279979794518122 103.86888872619697 253.7367273946459
1.3279958058245112 103.86888253321129 253.18033347554038
1.3279943062639472 103.86887826074148 252.79642528697534
1.3279927669044047 103.86887387487852 252.40231995101595
1.32799101245467 103.8688688761918 251.95318467140007
1.3279891739746073 103.86886363809028 251.48263810753517
1.3279872958066572 103.86885828691213 251.00210463696655
1.3279850716721124 103.86885195002407 250.8011527161475
1.3279824121594632 103.86884437267946 250.8011527161475
1.3279800086671192 103.8688375247746 250.8011527161475
1.3279774009888323 103.86883009511388 250.8011527161475
1.327974951603438 103.86882311645304 250.8011527161487
1.3279731776926254 103.86881806231912 250.80115271614793
1.327971281757162 103.86881266051897 250.80115271614793
1.32796877405941 103.86880551571774 250.8011527161475
1.3279665360676631 103.8687991393488 250.80115271614793
1.3279639092146984 103.86879165505688 250.8011527161475
1.3279611811888101 103.86878388250845 250.80115271614793
1.3279582725300147 103.86877559531024 250.8011527161487
1.327955333427541 103.86876722137362 250.80115271614793
1.3279536635571774 103.86876246366656 250.8011527161475
1.3279514568562727 103.86875617645013 250.8011527161475
1.327948720891007 103.86874838128153 250.8011527161487
1.3279469423912449 103.86874331407338 250.8011527161475
1.32794419686827 103.86873549167359 250.80115271614915
1.327941707866427 103.86872840014033 250.80115271614793
1.3279388286593932 103.86872019685504 250.80115271614793
1.3279367963882043 103.86871440661487 250.80115271614793
1.327934060993151 103.86870661307123 250.80115271614793
1.327931830710601 103.86870025866759 250.8011527161487
1.3279293580287392 103.86869321363264 250.8011527161487
1.3279269584010622 103.86868637673987 250.8011527161487
1.32792438255197 103.86867903776641 250.80115271614793
1.3279215940542861 103.86867109292584 250.8011527161475
1.327919961286326 103.86866644092947 250.8011527161475
1.327917604015799 103.86865972471867 250.8011527161475
1.3279154665766677 103.86865494245723 250.25164703579486
1.327912784946657 103.86865033008047 248.97591786133583
1.3279099265666559 103.86864541369549 247.6122225751883
1.3279059222213838 103.86863852626179 245.6979394112899
1.3279018380359027 103.86863150150374 243.7448486143413
1.3278973174291953 103.86862372610561 241.58773889611172
1.3278945071133537 103.86861889239061 240.25178989111194
1.327891945352353 103.86861448618747 240.01274867972054
1.3278879365764478 103.86860759113326 240.0127486797198
1.3278843341457887 103.8686013949888 240.0127486797187
1.3278818345934096 103.86859709578391 240.01274867971907
1.3278777968280955 103.86859015086829 240.01274867972018
1.3278735212982693 103.86858279700016 240.01274867972018
1.3278709004355207 103.86857828914269 240.0127486797198
1.3278675450876962 103.86857251797835 240.01274867972018
1.3278638076338567 103.86856608959556 240.01274867971907
1.3278609615433128 103.86856119434863 240.01274867972018
1.3278572352127136 103.86855478509776 240.01274867971907
1.327854240078281 103.8685496334969 240.01274867972018
1.3278507665287318 103.86854365902691 240.01274867972018
1.3278481078682274 103.86853908615782 240.01274867972018
1.3278445738482865 103.8685330076794 240.01274867971907
1.327841952997976 103.86852849984352 240.01274867971907
1.3278381401684194 103.86852287171914 239.41903574376315
1.3278339225395188 103.86851816945979 237.7842071686831
1.3278298182947033 103.86851359361305 236.18762320784677
1.3278257852208537 103.86850909711522 234.61564672760858
1.327821411210795 103.86850422050561 232.91009349779432
1.327817589477957 103.86849995963317 231.4216051203439
1.3278119981880765 103.86849372587116 229.25112103548057
1.3278070129902881 103.86848816784482 228.31960405567096
1.327802257724331 103.86848286617084 228.31960405567096
1.3277965910191034 103.86847654832788 228.3196040556705
1.327793482123962 103.86847308220241 228.3196040556719
1.3277899899319572 103.86846918873707 228.31960405567096
1.3277848945438357 103.86846350785895 228.31960405567145
1.3277794194306674 103.86845740362315 228.31960405567096
1.3277753595848125 103.8684528772772 228.3196040556719
1.3277700166725313 103.86844692043302 228.3196040556705
1.3277663773522592 103.86844286293355 228.3196040556705
1.3277630626607013 103.86843916736451 228.3196040556719
1.3277578063238424 103.8684333070438 228.31960405567096
1.3277530298948446 103.8684279817752 228.31960405567096
1.3277498354417447 103.86842442026077 228.31960405567096
1.3277457729330233 103.86841989094607 228.3196040556705
1.3277404922021796 103.86841400342843 228.31960405567096
1.3277370168648295 103.86841012875455 228.31960405567096
1.3277314131462294 103.868403881136 228.31960405567145
1.3277277634333045 103.86839981204979 228.31960405567096
1.3277228517578135 103.86839474959194 227.96835275744905
1.3277160252208338 103.86839110443117 224.56667496533387
1.3277087173911635 103.86838720227492 220.87605062790303
1.3277027059342024 103.86838399234182 217.82264843445782
1.3276970929948966 103.8683809952049 214.97376485586148
1.3276908138524668 103.86837764233599 211.80677302247528
1.3276843515706735 103.86837419167631 208.58864471939714
1.3276779609148548 103.86837077926269 208.2807711907747
1.3276725636022275 103.86836789726377 208.28077119077437
1.3276681999713562 103.86836556721913 208.2807711907747
1.3276611068755535 103.86836177972417 208.2807711907747
1.3276536455061796 103.86835779558245 208.28077119077494
1.3276478346735474 103.8683546927766 208.28077119077437
1.3276417202697888 103.86835142787308 208.2807711907747
1.327636916706041 103.86834886291783 208.28077119077437
1.3276304852916962 103.86834542874043 208.2807711907747
1.3276236121314946 103.86834175868432 208.2807711907747
1.3276180317157984 103.86833877891402 208.28077119077525
