1.3253161881678095 103.87132143453579 323.9668233353142 23.5532 1.0
1.325455048538738 103.87122097648597 323.9668233353144 19.0532 2.0
1.3255603843713124 103.87114330871543 322.4530813749166 14.5532 3.0
1.3256304560904522 103.8710861958426 320.66293659220526 10.0532 4.0
1.325669162398185 103.87105464775625 320.6629365922067 5.5532 5.0
1.3257040128506576 103.87102624243371 320.66293659220526 5.0 6.0
1.3257388633021074 103.87099783711022 320.6629365922057 5.0 7.0
1.3257737137525343 103.8709694317858 320.66293659220526 5.0 8.0
1.3258085642019384 103.87094102646047 320.6629365922067 5.0 9.0
1.3258434146503189 103.8709126211342 320.66293659220526 5.0 10.0
1.3258782650976766 103.870884215807 320.6629365922057 5.0 11.0
1.3259131155440114 103.87085581047886 320.66293659220526 5.0 12.0
1.3259479659893234 103.8708274051498 320.6629365922067 5.0 13.0
1.325982816433612 103.8707989998198 320.66293659220526 5.0 14.0
1.326017666876878 103.87077059448887 320.6629365922057 5.0 15.0
1.3260525173191204 103.87074218915703 320.66293659220526 5.0 16.0
1.3260854171520347 103.87071160570785 316.9316243390076 5.0 17.0
1.3261178632764223 103.87068051563249 316.0643090895171 5.0 18.0
1.3261503093997105 103.87064942555632 316.0643090895171 5.0 19.0
1.3261827555218986 103.87061833547929 316.0643090895171 5.0 20.0
1.326215064072754 103.87058739726017 316.0828453422505 5.0 21.0
1.3262471486985603 103.87055670622163 316.1133820542179 5.0 22.0
1.326279483608398 103.87052568447308 316.02900488642155 5.0 23.0
1.3263113994798348 103.87049405004808 315.09524945734324 5.0 24.0
1.326343235246031 103.87046233477307 314.9501342340763 5.0 25.0
1.3263750710111102 103.87043061949723 314.9501342340763 5.0 26.0
1.3264068901970012 103.87039888780684 314.9203900399339 5.0 27.0
1.3264386984078014 103.87036714525046 314.90070065485696 5.0 28.0
1.326470506617484 103.87033540269324 314.90070065485554 5.0 29.0
1.3265023148260489 103.87030366013524 314.90070065485696 5.0 30.0
1.3265329694755692 103.87027078404729 312.83939797254976 5.0 31.0
1.3265625093990054 103.87023681258823 310.85201703729314 5.0 32.0
1.3265920493212702 103.8702028411285 310.85201703729365 5.0 33.0
1.3266215892423632 103.87016886966803 310.8520170372923 5.0 34.0
1.3266511291622847 103.87013489820687 310.85201703729365 5.0 35.0
1.3266806690810347 103.870100926745 310.85201703729314 5.0 36.0
1.3267102089986127 103.87006695528243 310.8520170372928 5.0 37.0
1.3267397489150192 103.87003298381914 310.85201703729314 5.0 38.0
1.3267692888302542 103.86999901235517 310.85201703729314 5.0 39.0
1.3267988287443173 103.86996504089046 310.8520170372928 5.0 40.0
1.3268283635145117 103.86993106784358 310.8457626428472 5.0 41.0
1.3268577700575395 103.86989705536327 310.6896250883848 5.0 42.0
1.326887176599397 103.86986304288227 310.6896250883848 5.0 43.0
1.3269165831400838 103.86982903040058 310.6896250883856 5.0 44.0
1.3269448194519686 103.86979406104395 308.76524716668973 5.0 45.0
1.3269727541713259 103.86975884508085 308.26938309090076 5.0 46.0
1.327000688889491 103.8697236291171 308.26938309090076 5.0 47.0
1.327028623606463 103.86968841315276 308.26938309090076 5.0 48.0
1.3270565583222431 103.86965319718779 308.26938309090156 5.0 49.0
1.32708449303683 103.86961798122216 308.26938309090076 5.0 50.0
1.3271124277502246 103.86958276525593 308.26938309090076 5.0 51.0
1.3271402913110844 103.86954749400958 308.1547102916823 5.0 52.0
1.3271679536189755 103.86951206640447 307.83035643433186 5.0 53.0
1.3271956159256701 103.86947663879874 307.83035643433135 5.0 54.0
1.3272232782311693 103.86944121119241 307.83035643433186 5.0 55.0
1.3272509405354718 103.86940578358546 307.83035643433055 5.0 56.0
1.3272786028385772 103.86937035597789 307.83035643433186 5.0 57.0
1.3273062651404877 103.86933492836971 307.83035643433135 5.0 58.0
1.3273339274412013 103.86929950076092 307.83035643433107 5.0 59.0
1.327361589740718 103.8692640731515 307.83035643433135 5.0 60.0
1.3273892520390387 103.8692286455415 307.83035643433186 5.0 61.0
1.3274169143361634 103.86919321793086 307.83035643433055 5.0 62.0
1.327444576632091 103.86915779031959 307.83035643433186 5.0 63.0
1.3274722389268223 103.86912236270773 307.83035643433135 5.0 64.0
1.327499901220357 103.86908693509524 307.83035643433107 5.0 65.0
1.327527563512695 103.86905150748215 307.83035643433186 5.0 66.0
1.327552868967146 103.86901440639289 304.15114959296136 5.0 67.0
1.3275776445238092 103.86897692904928 303.32447920324717 5.0 68.0
1.3276024200792518 103.86893945170517 303.3244792032465 5.0 69.0
1.327627195633473 103.86890197436063 303.3244792032466 5.0 70.0
1.327651971186474 103.8688644970156 303.3244792032465 5.0 71.0
1.327676746738254 103.86882701967009 303.3244792032465 5.0 72.0
1.3277015222888133 103.86878954232414 303.3244792032466 5.0 73.0
1.327726297838152 103.8687520649777 303.3244792032465 5.0 74.0
1.3277510733862699 103.86871458763079 303.3244792032466 5.0 75.0
1.3277758489331668 103.86867711028341 303.324479203247 5.0 76.0
1.3278006244788432 103.86863963293557 303.3244792032466 5.0 77.0
1.3278254000232985 103.86860215558724 303.324479203247 5.0 78.0
1.327850175566533 103.86856467823846 303.32447920324626 5.0 79.0
1.3278749511085466 103.86852720088922 303.32447920324626 5.0 80.0
1.3278997266493386 103.86848972353948 303.32447920324734 5.0 81.0
1.3279227284992283 103.8684511876369 300.6966927590559 5.0 82.0
1.327944390294217 103.86841185197903 298.71165284751277 5.0 83.0
1.3279660520879806 103.86837251632086 298.7116528475139 5.0 84.0
1.327987713880519 103.86833318066239 298.71165284751424 5.0 85.0
1.3280093756718327 103.8682938450036 298.71165284751277 5.0 86.0
1.3280310374619215 103.8682545093445 298.71165284751424 5.0 87.0
1.3280526992507846 103.86821517368509 298.7116528475139 5.0 88.0
1.328074361038422 103.86817583802538 298.71165284751277 5.0 89.0
1.3280960228248353 103.86813650236535 298.7116528475139 5.0 90.0
1.3281176846100227 103.86809716670501 298.71165284751424 5.0 91.0
1.3281393463939852 103.86805783104438 298.7116528475131 5.0 92.0
1.3281610081767223 103.86801849538342 298.7116528475139 5.0 93.0
1.3281826699582342 103.86797915972218 298.7116528475139 5.0 94.0
1.3282023213455334 103.86793885023171 295.8709073661731 5.0 95.0
1.3282201687252817 103.86789766688534 293.32199597358317 5.0 96.0
1.328238016103826 103.86785648353884 293.32199597358175 5.0 97.0
1.3282558634811672 103.86781530019225 293.32199597358203 5.0 98.0
1.3282737108573046 103.86777411684554 293.32199597358317 5.0 99.0
1.3282915582322388 103.86773293349871 293.32199597358203 5.0 100.0
1.3283094056059686 103.86769175015178 293.32199597358203 5.0 101.0
1.3283272529784944 103.86765056680473 293.32199597358317 5.0 102.0
1.328345100349817 103.86760938345758 293.32199597358203 5.0 103.0
1.328362947719936 103.86756820011031 293.32199597358175 5.0 104.0
1.3283807950888509 103.8675270167629 293.3219959735835 5.0 105.0
1.3283986424565621 103.86748583341543 293.32199597358175 5.0 106.0
1.3284164898230695 103.86744465006782 293.32199597358203 5.0 107.0
1.328434337188373 103.8674034667201 293.32199597358317 5.0 108.0
1.3284518020479874 103.86736213832789 292.8024741092764 5.0 109.0
1.3284661087390084 103.86731961236939 288.50905772993667 5.0 110.0
1.328480415428868 103.86727708641094 288.5090577299354 5.0 111.0
1.328494722117567 103.86723456045256 288.50905772993565 5.0 112.0
1.328509028805105 103.86719203449427 288.5090577299354 5.0 113.0
1.3285233354914816 103.86714950853603 288.50905772993565 5.0 114.0
1.3285376421766975 103.86710698257787 288.50905772993565 5.0 115.0
1.3285519488607527 103.86706445661977 288.5090577299354 5.0 116.0
1.328566255543646 103.86702193066176 288.50905772993565 5.0 117.0
1.3285805622253788 103.8669794047038 288.50905772993667 5.0 118.0
1.3285948689059506 103.8669368787459 288.50905772993565 5.0 119.0
1.3286091755853606 103.86689435278808 288.5090577299354 5.0 120.0
1.3286234822636105 103.86685182683033 288.50905772993565 5.0 121.0
1.3286377889406982 103.86680930087263 288.5090577299354 5.0 122.0
1.3286520956166252 103.86676677491502 288.5090577299354 5.0 123.0
1.3286664022913905 103.86672424895747 288.50905772993565 5.0 124.0
1.328679506088645 103.86668134367189 286.9067196931007 5.0 125.0
1.3286925007104318 103.86663840395822 286.7613086034861 5.0 126.0
1.3287054953310782 103.86659546424468 286.7613086034861 5.0 127.0
1.3287184899505844 103.86655252453129 286.76130860348593 5.0 128.0
1.3287314845689508 103.86650958481802 286.7613086034861 5.0 129.0
1.328744479186176 103.8664666451049 286.76130860348593 5.0 130.0
1.328757473802261 103.8664237053919 286.7613086034861 5.0 131.0
1.3287704684172053 103.86638076567903 286.76130860348593 5.0 132.0
1.328783463031009 103.8663378259663 286.7613086034861 5.0 133.0
1.3287964576436722 103.8662948862537 286.7613086034861 5.0 134.0
1.3288094522551952 103.86625194654124 286.7613086034858 5.0 135.0
1.3288224468655774 103.86620900682891 286.7613086034861 5.0 136.0
1.3288354414748185 103.86616606711672 286.76130860348593 5.0 137.0
1.3288484360829194 103.86612312740465 286.7613086034861 5.0 138.0
1.3288614306898798 103.86608018769275 286.7613086034872 5.0 139.0
1.3288744252956992 103.86603724798094 286.76130860348485 5.0 140.0
1.328887419900378 103.86599430826928 286.7613086034861 5.0 141.0
1.3289004145039163 103.86595136855776 286.7613086034872 5.0 142.0
1.3289134091063137 103.86590842884638 286.7613086034861 5.0 143.0
1.3289262583521733 103.86586544605137 286.56872708394604 5.0 144.0
1.328939065530119 103.86582245078779 286.51299286399023 5.0 145.0
1.328951872706927 103.86577945552436 286.51299286399023 5.0 146.0
1.3289650147530583 103.86573656022505 286.9569233622795 5.0 147.0
1.3289781779099377 103.86569367122803 286.98491065893603 5.0 148.0
1.3289912355191305 103.8656507506401 286.8449594379557 5.0 149.0
1.3290041061190907 103.865607774079 286.59699237333626 5.0 150.0
1.329016976717912 103.86556479751803 286.5969923733375 5.0 151.0
1.3290298473155953 103.86552182095723 286.5969923733371 5.0 152.0
1.3290427179121396 103.86547884439653 286.59699237333626 5.0 153.0
1.3290555885075443 103.865435867836 286.59699237333626 5.0 154.0
1.329068459101811 103.86539289127559 286.5969923733375 5.0 155.0
1.3290813296949378 103.86534991471534 286.59699237333626 5.0 156.0
1.3290942002869268 103.86530693815524 286.59699237333723 5.0 157.0
1.3291070708777761 103.86526396159526 286.59699237333626 5.0 158.0
1.3291199414674866 103.86522098503542 286.59699237333746 5.0 159.0
1.3291328120560584 103.86517800847572 286.5969923733364 5.0 160.0
1.3291456826434904 103.86513503191617 286.5969923733375 5.0 161.0
1.3291625865745251 103.86509345981295 292.02529665788063 5.0 162.0
1.3291795334162615 103.86505190265207 292.08296357399826 5.0 163.0
1.3291964802568008 103.86501034549113 292.08296357399826 5.0 164.0
1.3292134270961442 103.8649687883301 292.0829635739983 5.0 165.0
1.3292303739342908 103.86492723116902 292.08296357399826 5.0 166.0
1.3292473207712414 103.8648856740079 292.08296357399786 5.0 167.0
1.3292642676069955 103.86484411684668 292.08296357399826 5.0 168.0
1.329281214441553 103.86480255968542 292.0829635739984 5.0 169.0
1.3292981612749142 103.86476100252408 292.08296357399826 5.0 170.0
1.329315108107079 103.86471944536268 292.08296357399786 5.0 171.0
1.3293320549380472 103.86467788820121 292.0829635739995 5.0 172.0
1.3293490017678187 103.86463633103969 292.0829635739971 5.0 173.0
1.3293659485963936 103.86459477387811 292.0829635739995 5.0 174.0
1.3293828954237719 103.86455321671643 292.08296357399826 5.0 175.0
1.3293998422499536 103.86451165955472 292.08296357399786 5.0 176.0
1.3294167890749384 103.86447010239291 292.0829635739983 5.0 177.0
1.3294337358987267 103.86442854523108 292.08296357399826 5.0 178.0
1.3294506827213184 103.86438698806916 292.0829635739983 5.0 179.0
1.3294676295427128 103.86434543090719 292.08296357399826 5.0 180.0
1.3294845763629113 103.86430387374514 292.0829635739979 5.0 181.0
1.329501523181913 103.86426231658302 292.0829635739982 5.0 182.0
1.3295184699997171 103.86422075942086 292.0829635739983 5.0 183.0
