1.328898751104269 103.86860504917979 190.55150399876442 17.6702 1.0
1.3287816891848079 103.86858343935387 190.55150399876416 13.170200000000001 2.0
1.3287046250366819 103.86856921318189 190.55150399876416 8.670200000000001 3.0
1.3286601830701594 103.86856100911918 190.55150399876482 5.0 4.0
1.3286157411038468 103.86855280505614 190.55150399876442 5.0 5.0
1.328571299137744 103.86854460099273 190.55150399876482 5.0 6.0
1.3285268571718507 103.86853639692897 190.55150399876416 5.0 7.0
1.3284824152061674 103.86852819286487 190.55150399876507 5.0 8.0
1.328437973240694 103.86851998880039 190.55150399876416 5.0 9.0
1.3283935312754298 103.86851178473553 190.55150399876482 5.0 10.0
1.328349089310376 103.86850358067034 190.55150399876442 5.0 11.0
1.3283046473455318 103.86849537660478 190.55150399876482 5.0 12.0
1.3282602053808972 103.86848717253886 190.55150399876416 5.0 13.0
1.3282157634164722 103.86847896847259 190.55150399876482 5.0 14.0
1.328171321452257 103.86847076440593 190.55150399876507 5.0 15.0
1.328127432475863 103.8684605105597 193.25849172389255 5.0 16.0
1.32808481877651 103.86844552959874 199.51131497169135 5.0 17.0
1.328042205077494 103.86843054863773 199.51131497169135 5.0 18.0
1.3279995913788147 103.86841556767672 199.51131497169135 5.0 19.0
1.327956977680473 103.86840058671567 199.51131497169246 5.0 20.0
1.327914363982468 103.86838560575457 199.51131497169135 5.0 21.0
1.3278717502848 103.86837062479347 199.51131497169135 5.0 22.0
1.327829136587469 103.86835564383232 199.5113149716918 5.0 23.0
1.3277865228904755 103.86834066287113 199.51131497169135 5.0 24.0
1.3277439091938188 103.86832568190992 199.51131497169135 5.0 25.0
1.327700424076242 103.86831428834786 194.79908290194942 5.0 26.0
1.3276556241577226 103.86830830745647 187.678963807369 5.0 27.0
1.3276109829194416 103.86830151349857 188.7347716981006 5.0 28.0
1.327566838487415 103.86829217393954 192.04703049120562 5.0 29.0
1.3275237684248058 103.86827884046413 197.3321095547652 5.0 30.0
1.3274804954648571 103.86826611985802 196.50774126168676 5.0 31.0
1.3274367420436513 103.86825537653132 193.9076034619216 5.0 32.0
1.3273921542283493 103.86824842032833 188.94994291851967 5.0 33.0
1.327347374643129 103.86824263840116 187.43057263044525 5.0 34.0
1.327302345042986 103.86823838740425 185.45387804725507 5.0 35.0
1.3272573154429521 103.8682341364068 185.4538780472552 5.0 36.0
1.327212285843028 103.86822988540882 185.45387804725507 5.0 37.0
1.3271672562432129 103.86822563441032 185.45387804725576 5.0 38.0
1.3271222266435074 103.86822138341127 185.4538780472552 5.0 39.0
1.3270771970439112 103.86821713241169 185.45387804725507 5.0 40.0
1.3270321674444243 103.86821288141157 185.45387804725507 5.0 41.0
1.3269871378450468 103.8682086304109 185.4538780472552 5.0 42.0
1.3269421082457789 103.86820437940973 185.45387804725507 5.0 43.0
1.3268970786466197 103.868200128408 185.45387804725507 5.0 44.0
1.32685204904757 103.86819587740577 185.4538780472552 5.0 45.0
1.3268070194486299 103.86819162640298 185.45387804725507 5.0 46.0
1.326761989849799 103.86818737539964 185.45387804725507 5.0 47.0
1.3267170424619898 103.86818307735588 185.52354907738132 5.0 48.0
1.3266720238920586 103.86817872734208 185.58086356919515 5.0 49.0
1.3266270053222398 103.86817437732779 185.58086356919515 5.0 50.0
1.3265819867525324 103.86817002731293 185.58086356919583 5.0 51.0
1.3265369681829373 103.86816567729757 185.58086356919512 5.0 52.0
1.326491949613454 103.86816132728165 185.58086356919515 5.0 53.0
1.3264469310440834 103.86815697726523 185.58086356919515 5.0 54.0
1.3264019124748243 103.86815262724826 185.58086356919515 5.0 55.0
1.3263568939056776 103.86814827723076 185.5808635691957 5.0 56.0
1.3263118753366432 103.86814392721273 185.58086356919515 5.0 57.0
1.3262668567677203 103.86813957719417 185.58086356919515 5.0 58.0
1.3262218381989093 103.8681352271751 185.58086356919515 5.0 59.0
1.3261768196302113 103.86813087715548 185.58086356919583 5.0 60.0
1.326131801061625 103.86812652713532 185.58086356919515 5.0 61.0
1.3260867824931508 103.86812217711464 185.58086356919512 5.0 62.0
1.326041770917202 103.8681177566565 185.67110147617555 5.0 63.0
1.325996764504686 103.86811328418601 185.73773467005645 5.0 64.0
1.325948496520835 103.86813737379119 185.7241318375109 5.0 65.0
1.3259034615534482 103.86813290921071 185.72413183751033 5.0 66.0
1.3258584675959948 103.8681280770084 186.19540891867672 5.0 67.0
1.3258135417111423 103.86812263458852 186.97770033060445 5.0 68.0
1.325768615826431 103.86811719216816 186.97770033060507 5.0 69.0
1.3257236899418612 103.86811174974734 186.97770033060445 5.0 70.0
