649784399
1.34508556770566 103.73667600933047 27.348225460941716
1.3450896014673195 103.73667807959508 27.348225460941716
1.3450947270356202 103.73668071021224 27.348225460941716
1.3451008131760567 103.73668383382793 27.348225460941716
1.345106707764879 103.73668685913275 27.348225460941716
1.3451143388684272 103.7366907756764 27.34822546094179
1.345119111576117 103.73669322519339 27.348225460941716
1.345125990292995 103.73669675558645 27.34822546094179
1.3451309996942389 103.7366993265827 27.348225460941716
1.3451380712707188 103.7367029559579 27.348225460941716
1.3451455377780237 103.73670678802512 27.348225460941144
1.3451535221977 103.7367108859027 27.348225460941144
1.3451599846509152 103.73671420265497 27.348225460941716
1.3451655300536307 103.73671704874552 27.34822546094179
1.345169848362394 103.73671926504946 27.348225460941716
1.3451774323547612 103.73672315741402 27.34822546094179
1.3451844835983504 103.73672677635368 27.348225460941716
1.345191857780745 103.73673056103661 27.34822546094179
1.3451970821893426 103.73673324238197 27.34822546094179
1.3452030045075045 103.73673628191845 27.348225460941716
1.3452092587751603 103.73673949182276 27.34822546094179
1.3452137961171458 103.73674182054204 27.348225460941222
