632697487
1.3452179747710764 103.73807289942462 289.58812294070765
1.3452195367924962 103.73806853089557 289.58812294070765
1.3452219345135783 103.73806182515251 289.58812294070765
1.345223793085599 103.73805662725577 289.58812294070765
1.3452259595273681 103.73805056833496 289.58812294070765
1.3452289079151116 103.73804232253377 289.58812294070765
1.345230955681905 103.73803659551292 289.58812294070765
1.3452330191112567 103.7380308246883 289.58812294070765
1.3452352005626123 103.73802472378964 289.58812294070765
1.345238056776668 103.73801673577164 289.58812294070765
1.3452403353261497 103.73801036331697 289.58812294070765
1.3452427663774458 103.73800356435805 289.58812294070765
1.3452450645854344 103.73799713692398 289.58812294070765
1.345246707660092 103.73799254171145 289.5881229407074
1.3452482650364639 103.73798818617264 289.5881229407074
1.3452509599134088 103.73798064936811 289.5881229407078
1.3452535282463973 103.73797346647092 289.58812294070765
