44818748
1.3462059306867524 103.73776960614578 166.0057466740872
1.3462000520101098 103.7377716767755 165.0943454348772
1.3461939812244508 103.73777381507122 164.15240426144194
1.3461863906315503 103.73777648868432 162.97433693691374
1.3461808011465315 103.7377784574528 162.10715901655627
1.3461751325788172 103.73778045407637 161.22844072612835
1.3461697239074197 103.73778354063282 159.01629957919522
1.3461629591448114 103.73778830883673 155.97532548384604
1.3461593995437307 103.73779081785362 154.36638120954143
1.3461536539463264 103.73779486768967 151.7645542839612
1.3461487952738869 103.73779829236865 149.56659554014755
1.346143199500658 103.73780299128994 146.04905421728714
1.3461377737410565 103.73780767977335 142.91005925508207
1.346132708446805 103.73781205677302 142.02840283380547
1.3461264537158095 103.73781746158342 140.93964155282129
1.3461223463362078 103.73782101083404 140.2249771332052
1.3461171468135125 103.73782550382245 139.32103659795328
1.346113852238924 103.73782835071555 139.01630390949154
1.3461078296994944 103.73783355488541 139.01630390949177
1.346104443356791 103.73783648107673 139.01630390949177
1.3461009611226045 103.73783949012933 139.01630390949228
1.3460949059539788 103.73784472249449 139.01630390949228
1.3460893067071262 103.7378495608905 139.01630390949205
1.3460834453340353 103.7378546257938 139.01630390949205
1.3460777254237002 103.73785956845687 139.01630390949177
1.3460714136621772 103.73786502254768 139.01630390949154
1.3460673363136701 103.73786854584758 139.01630390949228
1.3460610397617696 103.73787398679539 139.01630390949205
1.3460550228745922 103.7378796953203 138.50229326626288
1.3460503213391743 103.73788497757427 137.26931700328083
1.3460454060389362 103.73789049999654 135.97831309171136
1.3460397511770394 103.73789685332866 134.49225080318098
1.3460347316923587 103.73790249280377 133.17397157817828
1.3460298642304527 103.73790796147868 131.89771848011594
1.3460252280211513 103.73791317033738 131.517630230343
1.346020647460367 103.73791831667398 131.517630230343
1.3460167203906264 103.73792272880243 131.517630230343
1.3460126236315049 103.73792733157971 131.517630230343
1.3460073739863299 103.73793399613184 130.83838337713848
