173767618
1.3470995505390413 103.73809554513616 204.52858064163698
1.3470938868469404 103.73809298073287 204.52858064163698
1.347087645396711 103.73809015473259 204.5285806416364
1.3470821869409593 103.73808768325608 204.52858064163698
1.3470761955661075 103.73808497048479 204.52858064163698
1.3470692929530228 103.73808184512356 204.5285806416364
1.3470615496047538 103.7380783390947 204.52858064163698
1.3470565420660765 103.73807607178419 204.52858064163698
1.3470483694194404 103.73807237137788 204.5285806416364
1.347041386111508 103.73806920947966 204.52858064163698
1.347037105390454 103.73806727125722 204.5285806416364
1.34703124268706 103.73806461674567 204.5285806416364
1.3470240439855827 103.7380613573217 204.52858064163698
1.3470161760474955 103.73805779488113 204.5285806416364
1.3470092643705087 103.73805466541593 204.52858064163698
1.347002172953449 103.73805145456812 204.52858064163698
1.3469959401318763 103.73804863247467 204.5285806416364
1.3469899680076758 103.73804592841964 204.5285806416364
1.3469857179762807 103.73804400409281 204.5285806416367
1.346980154287314 103.73804148496886 204.52858064163698
1.3469751233849578 103.73803920707972 204.5285806416364
1.346970417760495 103.73803707646974 204.5285806416364
1.346963024079394 103.73803372876296 204.5285806416364
1.3469558006485705 103.73803045814199 204.5285806416364
1.3469501886841593 103.7380279171599 204.52858064163698
1.3469451747935066 103.73802564912461 204.52608417928357
1.3469371834874317 103.7380220373223 204.51854505712197
1.3469312938509728 103.73801937540414 204.512988682458
1.3469233593849812 103.73801578929162 204.5055031836918
1.3469170482660875 103.73801293687755 204.4995491759213
1.3469107495876533 103.73801009008615 204.49360690487114
1.346904239799657 103.73800714788028 204.48974912256637
1.346898824984564 103.73800470056545 204.48974912256637
1.3468931705928784 103.73800214497005 204.48974912256605
1.346886754186983 103.73799924496977 204.48974912256605
1.3468787001762919 103.73799560482705 204.48974912256605
1.346872197657394 103.73799266590656 204.48974912256637
1.3468671083902268 103.73799036572848 204.48974912256605
1.3468613056720247 103.73798774309445 204.48974912256605
1.3468536552179717 103.73798428534576 204.48974912256637
1.3468493422626313 103.73798233603459 204.48974912256605
1.34684198598324 103.737979011243 204.48974912256605
