1.3473619084150505 103.73819848171846 204.5382181380588 20.6064 1.0
1.3472293518936558 103.73813843609805 204.5382181380588 16.1064 2.0
1.3471294831461298 103.73810909800494 197.38480116676575 11.6064 3.0
1.3470471874052128 103.73807183618614 204.52858064163698 10.0 4.0
1.3469648916660415 103.73803457436777 204.5285806416364 10.0 5.0
1.3468825757990053 103.73799735647853 204.48974912256605 10.0 6.0
1.3467993012750872 103.73795810418444 206.29513744171933 10.0 7.0
1.3467180061172772 103.73791572492088 208.3964351367853 10.0 8.0
1.3466384191219676 103.73787302775578 208.39643513678558 10.0 9.0
1.3465588321284836 103.73783033059173 208.39643513678485 10.0 10.0
1.346479245136826 103.73778763342877 208.39643513678558 10.0 11.0
1.3463996581469933 103.73774493626685 208.39643513678558 10.0 12.0
1.3463152225675434 103.73771659568887 191.39124807212633 10.0 13.0
1.3462256810843343 103.73773479982505 166.79867727998908 10.0 14.0
1.346138911976315 103.73776993754878 152.07689174716018 10.0 15.0
1.346066805718838 103.73783083151885 138.9950289774165 10.0 16.0
1.3460063554954718 103.73789090204673 131.8115278581848 9.048733333333333 17.0
1.3459790487710974 103.7379239227235 129.6268524820828 4.548733333333335 18.0
1.345934127985423 103.7379734616196 132.62742106944646 7.148733333333334 19.0
1.3458733824225366 103.73804056205256 127.10903608842287 9.748733333333334 20.0
1.3458383091972632 103.73812517226884 109.17299194783266 10.0 21.0
1.3458087892816073 103.73821012970771 109.07623738006363 10.0 22.0
1.3457792693610244 103.73829508714702 109.07623738006363 10.0 23.0
1.3457497494355155 103.73838004458675 109.07623738006363 10.0 24.0
1.345720229505081 103.73846500202689 109.07623738006363 10.0 25.0
1.345690709569721 103.73854995946745 109.07623738006363 10.0 26.0
1.3456611896294344 103.73863491690841 109.07623738006363 10.0 27.0
1.3456316696842223 103.7387198743498 109.07623738006363 10.0 28.0
1.3456021497340853 103.73880483179158 109.07623738006363 10.0 29.0
1.345572629779024 103.73888978923381 109.07623738006393 10.0 30.0
1.3455699767365201 103.73897652906639 79.3270275637877 10.0 31.0
1.345543371734789 103.73906205779386 109.07875716214285 10.0 32.0
1.3455138829698927 103.73914691333655 109.07875716214272 10.0 33.0
1.3454843942000836 103.73923176887968 109.07875716214313 10.0 34.0
1.3454549054253615 103.73931662442321 109.07875716214313 10.0 35.0
1.3454254166457271 103.73940147996716 109.07875716214313 10.0 36.0
1.349219770374079 103.73384606537586 320.9430344292341 10.0 37.0
1.3453689639297577 103.7395719344744 105.73728923685772 10.0 38.0
1.3453471606170397 103.73965905292995 103.99388582691483 10.0 39.0
1.3453253572997188 103.7397461713867 103.99388582691483 10.0 40.0
1.345303553977795 103.73983328984467 103.99388582691483 10.0 41.0
1.345281750651268 103.73992040830385 103.99388582691483 10.0 42.0
1.3452599473201385 103.7400075267642 103.99388582691483 10.0 43.0
