1.3473117794287834 103.73614825599576 131.86813619753065 14.723400000000002 1.0
1.3472501085142221 103.73621669620644 131.86813619753087 10.223400000000002 2.0
1.3471897852169428 103.73628364087028 131.86813619753045 10.0 3.0
1.3471294619146537 103.73635058553116 131.86813619753087 10.0 4.0
1.3470691386073552 103.7364175301891 131.86813619753045 10.0 5.0
1.3470173661572304 103.73649208663083 124.23671486200624 10.0 6.0
1.3469522181568752 103.73655441882349 136.11081404359552 10.0 7.0
1.3468870701517353 103.73661675101272 136.11081404359507 10.0 8.0
1.3468219221418107 103.73667908319854 136.11081404359552 10.0 9.0
1.3467567741271018 103.7367414153809 136.11081404359598 10.0 10.0
1.3466917058698282 103.73680382047543 135.9737195229409 10.0 11.0
1.3466535051385309 103.7368842047605 107.67389840093601 10.0 12.0
1.3466292516215632 103.73697043075853 103.60129457403863 10.0 13.0
1.3466237054595644 103.73706012852581 93.54523006619408 10.0 14.0
1.3466181592938575 103.73714982629579 93.54523006619414 10.0 15.0
1.3466139172754572 103.73723959391045 92.6845806447571 10.0 16.0
1.3466402420035972 103.7373246061974 69.53642866306818 10.0 17.0
1.3466752624842122 103.73740741494301 65.81845854188397 10.0 18.0
1.346704464711782 103.73747194213487 65.81845854188337 7.872799999999998 19.0
1.3467447895924618 103.73754937753101 59.93327987121344 10.0 20.0
1.3468102776128994 103.7376045999757 33.9832927507648 10.0 21.0
1.3468887101941642 103.73764874929053 29.278843975965422 10.0 22.0
1.3469676388300018 103.73769132520884 28.142714052575954 10.0 23.0
1.3470472125849728 103.73773325728664 27.85351838827326 10.0 24.0
1.3471272124229272 103.73777520806591 27.85351838827326 10.0 25.0
1.3472070844571455 103.73781739839319 28.062589753399152 10.0 26.0
1.3472869297002676 103.73785963893965 28.062589753399152 10.0 27.0
1.3473667749452112 103.73790187948714 28.062589753399152 10.0 28.0
