1.3009863099036383 103.82329378157094 342.3891362652403 14.723400000000002 1.0
1.3010747863107188 103.82326583232114 342.3891362652403 10.223400000000002 2.0
1.3011634006637267 103.82324906738366 355.63615765511975 10.0 3.0
1.3012539460747918 103.82324216002185 355.6361576551196 10.0 4.0
1.301344491485323 103.82323525265666 355.6361576551196 10.0 5.0
1.3014348944274694 103.82324037855103 5.765219267800565 10.0 6.0
1.301525251245707 103.82324940023797 5.76521926780073 10.0 7.0
1.3016156080644372 103.82325842192269 5.765219267800565 10.0 8.0
1.3017058528440895 103.82326844562243 6.966759720499686 10.0 9.0
1.3017959993927304 103.82327934784672 6.966759720499686 10.0 10.0
1.3018861458686868 103.82329025066704 6.967524975783126 10.0 11.0
1.301976506614747 103.82329870456714 3.8437960101559057 10.0 12.0
1.3020671943100914 103.82330342219949 3.023870574426101 10.0 13.0
1.3021578820056714 103.82330813982925 3.0238705744260885 10.0 14.0
1.3022485695673274 103.82331315211768 3.3974637394884657 10.0 15.0
1.3023390717028163 103.82331986001647 4.304189231774308 10.0 16.0
1.3024300354143346 103.82332621727343 3.792298915645405 10.0 17.0
1.3025198810125298 103.82334091352087 10.398152077423322 10.0 18.0
1.3026086122977005 103.8233570484928 10.398152077423426 10.0 19.0
1.302697358151761 103.82337310058801 10.290588373200732 10.0 20.0
1.3027863410806335 103.82338780400528 9.469118860367796 10.0 21.0
1.3028754246654297 103.82340211840187 8.812769276974718 10.0 22.0
1.3029659261157427 103.82340978975492 4.90307547634059 10.0 23.0
1.3030563074045096 103.82341785466143 5.4148353310070085 10.0 24.0
1.3031450759172563 103.82343120175025 8.632152537043243 10.0 25.0
1.3032338444307245 103.82344454883727 8.632152537043194 10.0 26.0
1.3033226129449147 103.82345789592245 8.632152537043243 10.0 27.0
1.3034115695648167 103.82346970506386 6.641551829401088 10.0 28.0
1.3035009718499786 103.82347787045875 5.278898520004771 10.0 29.0
1.3035903741355779 103.8234860358514 5.2788985200048355 10.0 30.0
1.3036799858572559 103.82348366686392 357.0379052362172 10.0 31.0
1.3037696429504615 103.82347901572125 357.0379052362169 10.0 32.0
